MOON OSCAR-0
1 00000U 00000    25005.79844963  .00000000  00000-0  10000-3 0 99995
2 00000 028.5851 000.6503 0506000 021.1150 340.6410 00.03660099000007
SUN95 SUN PSEUDO KEPS
1 00001U 00000    95080.09236111  .00000000  00000-0  10000-3 0 99999
2 00001 023.3400 000.0000 0000001 282.8700 075.2803 00.00273791000018
LCS 1
1 01361U 65034C   25123.50451780  .00000004  00000-0 -50699-3 0  9999
2 01361  32.1421  69.7451 0011907 111.6321 248.5445  9.89308446169314
OSCAR 6
1 06236U 72082B   25123.57060535 -.00000029  00000-0  10776-3 0  9996
2 06236 102.0169 137.5270 0004152 206.2108 272.8450 12.53201585403652
1 07530U 74089B   25122.44455878 -.00000044  00000-0  12126-4 0  9995
2 07530 101.9943 126.3015 0012139 193.1984 328.0322 12.53688731309043
UO-11
OSCAR 10
1 14129U 83058B   25122.00504460 -.00000045  00000-0  00000+0 0  9991
2 14129  26.8506 288.6929 6055176   1.8222 359.5220  2.05869928287018
1 14781U 84021B   25122.43963056  .00003020  00000-0  32445-3 0  9990
2 14781  97.7517  89.5735 0009467 100.4921 259.7363 14.89262576195964
AO-27
COSMOS 1861
1 18129U 87054A   25123.65397128  .00000107  00000-0  98918-4 0  9996
2 18129  82.9239 266.0081 0011946  18.9140 352.3853 13.73223494897330
OSCAR 16 (PACSAT)
1 20439U 90005D   25123.56375388  .00000274  00000-0  11552-3 0  9990
2 20439  98.8909 143.6778 0010497 359.4704 117.2152 14.33755864843237
OSCAR 17 (DOVE)
1 20440U 90005E   25123.60839691  .00000339  00000-0  13738-3 0  9999
2 20440  98.8912 137.8608 0010032 332.8750 141.0811 14.34288093843627
OSCAR 19 (LUSAT)
1 20442U 90005G   25123.47455228  .00000312  00000-0  12873-3 0  9996
2 20442  98.8992 128.6130 0011021 332.5492  27.5108 14.33939269843673
COSMOS 2123
1 21089U 91007A   25123.56522514  .00000083  00000-0  71397-4 0  9992
2 21089  82.9202 281.4935 0029287  11.4343  59.2583 13.74852105717633
ARASENE
1 22654U 93031B   25122.53937541 -.00000138  00000-0  00000-0 0  9997
2 22654   4.5913  59.2173 2827809 308.4688 231.0614  1.42203390161585
1 22825U 93061C   25122.87455135  .00000225  00000-0  10322-3 0  9998
2 22825  98.7392 184.2370 0007717 217.0219 143.0431 14.30785526648597
FO-29
ITAMSAT
1 22826U 93061D   25123.88298496  .00000236  00000-0  10646-3 0  9997
2 22826  98.7339 185.1314 0008584 197.6388 162.4498 14.31197746649018
RADIO ROSTO
1 23439U 94085A   25123.54926463 -.00000032  00000-0  28716-3 0  9992
2 23439  64.8163 245.6877 0145660  81.6230 280.1176 11.27581446249719
1 24278U 96046B   25122.45456529  .00000046  00000-0  79835-4 0  9996
1 24278U 96046B   25123.56359269  .00000042  00000-0  75724-4 0  9991
2 24278  98.5796  22.3220 0350943  78.5299 285.5029 13.53246036417763
1 25338U 98030A   25122.66697952  .00000347  00000-0  16024-3 0  9993
2 25338  98.5382 148.7059 0011488 108.9623 251.2803 14.26956678402992
GO-32
1 25397U 98043D   25122.47648552  .00000197  00000-0  10549-3 0  9992
1 25397U 98043D   25123.53022237  .00000189  00000-0  10184-3 0  9992
2 25397  98.9683 101.8811 0000978  12.1688 347.9514 14.24304917393015
1 25544U 98067A   25122.80241190  .00013988  00000-0  25885-3 0  9997
2 25544  51.6344 171.8584 0002186  73.9391 286.1838 15.49304274508129
NO-44
TERRA
1 25994U 99068A   25123.84972553  .00000815  00000-0  17666-3 0  9990
2 25994  98.0010 183.3132 0003696  86.5190   2.5413 14.60662133349961
AMSAT OSCAR 40
1 26609U 00072B   25123.64102422 -.00000108  00000-0  00000+0 0  9995
2 26609   9.4058  48.3697 7973410  54.6810 355.3474  1.25590185112509
1 26931U 01043C   25122.43421320  .00000397  00000-0  17970-3 0  9996
2 26931  67.0513 226.4633 0005700 272.5248  87.5202 14.31714807231649
SO-50
AQUA
1 27424U 02022A   25123.82957947  .00001912  00000-0  39777-3 0  9998
2 27424  98.3747  81.6334 0001607 109.3307 279.2857 14.61213542223513
METEOSAT 8 (MSG 1)
1 27509U 02040B   25123.09267296 -.00000172  00000-0  00000-0 0  9994
2 27509  10.4493  44.4004 0014531  62.9825 115.9638  0.97904837 82929
1 27607U 02058C   25122.61810509  .00002167  00000-0  28782-3 0  9995
1 27607U 02058C   25122.95561422  .00002217  00000-0  29396-3 0  9997
2 27607  64.5543 316.6637 0051844 342.8462  17.0889 14.81519193203655
1 27844U 03031E   25122.52565260  .00000618  00000-0  28820-3 0  9993
2 27844  98.6773 131.2891 0008513 302.1790  57.8563 14.23964108133224
CO-57
1 27848U 03031J   25122.52664416  .00000524  00000-0  25077-3 0  9997
2 27848  98.6802 131.3242 0008687 321.2874  38.7681 14.23303207132954
RS-22
1 27939U 03042A   25122.73847532  .00002285  00000-0  36992-3 0  9999
2 27939  98.3257 291.2844 0012528 126.9431 243.9351 14.72248465155269
NOAA-18
AMSAT ECHO
1 28375U 04025K   25123.61419866  .00000528  00000-0  16395-3 0  9992
2 28375  98.6067  76.7812 0079280 267.2789  91.9324 14.43542378 96487
INMARSAT 4-F1
1 28628U 05009A   25123.63400689  .00000023  00000-0  00000+0 0  9993
2 28628   4.6457  42.1171 0003232  12.3134 213.6755  1.00272784 73565
HAMSAT
1 28650U 05017B   25123.58303204  .00008146  00000-0  57871-3 0  9992
2 28650  98.0047 125.4064 0020529 345.9056  14.1594 15.04813798 85062
1 28654U 05018A   25122.82509151  .00000319  00000-0  19268-3 0  9994
1 28654U 05018A   25123.81603115  .00000311  00000-0  18848-3 0  9994
2 28654  98.8422 203.7052 0013426 230.3739 129.6249 14.13590514 28558
1 28895U 05043F   25122.83300676  .00003354  00000-0  55564-3 0  9992
2 28895  98.2447 266.7259 0015659  69.5067 290.7818 14.70877430 41623
CO-65
MOZ.5/SAFIR/RUBIN 5/SL-8
1 28898U 05043G   25123.38002694  .00001432  00000-0  28411-3 0  9991
2 28898  98.2951 258.5695 0018738 178.7039 181.4215 14.63653887663292
METEOSAT 9 (MSG 2)
1 28912U 05049B   25123.01655688  .00000116  00000-0  00000-0 0  9990
2 28912   8.4276  58.0578 0000836 355.3953 219.4234  1.00277204  2891
GOES-13
1 29155U 06018A   25123.42128155  .00000040  00000-0  00000-0 0  9992
2 29155   3.4674  81.4037 0064205 264.8825 103.0126  0.98816062 39200
METOP-A
1 29499U 06044A   25123.57879391  .00002500  00000-0  30378-3 0  9990
2 29499  98.3286 213.3055 0178379 293.6069 191.8254 14.73863320965074
1 32785U 08021C   25122.42248096  .00009415  00000-0  68474-3 0  9994
2 32785  97.7826  93.3227 0009486 353.7484   6.3621 15.04007991923348
AAUSAT2
1 32788U 08021F   25122.56562679  .00635019  00000-0  26236-2 0  9992
1 32788U 08021F   25123.51271678  .00640849  00000-0  25022-2 0  9993
2 32788  97.5953 120.9436 0009272 139.3737 220.8227 15.85441253927544
1 32791U 08021J   25122.60941222  .00022063  00000-0  10945-2 0  9995
1 32791U 08021J   25123.59833974  .00019611  00000-0  97238-3 0  9994
2 32791  97.7270 102.8463 0001775 332.7714  27.3425 15.17773956924882
1 32953U 08025A   25122.81826223  .00000054  00000-0  31908-3 0  9994
2 32953  82.5019 250.6585 0020454 127.5357 232.7586 12.43163464768845
NOAA-19
INMARSAT 4-F3
1 33278U 08039A   25123.58285970 -.00000150  00000-0  00000+0 0  9996
2 33278   3.9559  29.6748 0002816  19.6552 284.2349  1.00271862 61159
STARS (KUKAI)
1 33498U 09002G   25123.76063609  .00006967  00000-0  70013-3 0  9990
2 33498  98.1236  51.8026 0010962  80.8489 279.3968 14.91538367877783
KKS-1
1 33499U 09002H   25123.85080055  .00002663  00000-0  34649-3 0  9999
2 33499  98.1214  35.4180 0008335 165.3218 194.8238 14.81501319875986
1 33591U 09005A   25122.89621542  .00000297  00000-0  18226-3 0  9994
2 33591  98.9994 187.3857 0014863 109.6607 250.6170 14.13354106836782
SRMSAT
TATIANA 2
1 35868U 09049D   25123.46739588  .00000404  00000-0  19498-3 0  9997
2 35868  98.6630  85.2790 0004722  35.5999 324.5495 14.23994211811378
SWISSCUBE
1 35932U 09051B   25123.58663553  .00002237  00000-0  46353-3 0  9999
2 35932  98.4336  19.1240 0008130  52.9610 307.2333 14.61240469829310
ITUPSAT 1
1 35935U 09051E   25123.60140001  .00001652  00000-0  35839-3 0  9990
2 35935  98.4365  19.1297 0008942  70.8145 289.4021 14.59472358828977
AMAZONAS 2
1 35942U 09054A   25123.44377407 -.00000292  00000-0  00000-0 0  9994
2 35942   0.7546  88.9324 0003366 305.8321 285.7928  1.00271339 57077
XIWANG-1 (HOPE-1)
1 36122U 09072B   25123.45421497  .00000011  00000-0  14322-3 0  9998
2 36122 100.3463  80.0188 0008164  89.9551 270.2498 13.16423734739098
GOES-15
1 36411U 10008A   25123.51919992  .00000025  00000-0  00000-0 0  9999
2 36411   0.2143  85.9738 0001790 182.2340 201.8978  1.00275713 55533
ASTRA 3B
1 36581U 10021A   25122.99736028  .00000127  00000-0  00000-0 0  9993
2 36581   0.4072  89.3511 0003974 322.0645 192.2884  1.00273600 54754
JUGNU
1 37839U 11058B   25123.76082766  .00000611  00000-0  17986-3 0  9992
2 37839  19.9611 275.4701 0018535 235.3884 152.3188 14.13589577701130
1 37841U 11058D   25122.91959898  .00000550  00000-0  15508-3 0  9990
1 37841U 11058D   25123.42843135  .00000559  00000-0  16040-3 0  9994
2 37841  19.9733  19.3643 0011704  16.7284 139.0589 14.11423114699858
METEOSAT 1(MSG 3)
1 38552U 12035B   25123.17034657 -.00000015  00000-0  00000-0 0  9997
2 38552   3.7048  62.0596 0000529 324.9683 255.8264  1.00267221 46740
YUBELEINY 2
1 38735U 12041C   25123.54414632  .00000039  00000-0  21278-3 0  9991
2 38735  82.4759 330.1260 0016589 239.9962 119.9472 12.42630778578965
METOP-B
1 38771U 12049A   25123.86568649  .00000217  00000-0  11882-3 0  9990
2 38771  98.5799 179.1097 0002058 100.8778 259.2631 14.21489448655105
STRAND 1
1 39090U 13009E   25123.48806267  .00000625  00000-0  22608-3 0  9992
2 39090  98.3829 309.1585 0009122  23.4463 336.7137 14.36788424638227
CUBEBUG 1
1 39153U 13018D   25123.85598647  .00006376  00000-0  61105-3 0  9997
2 39153  98.1136 263.1437 0013534  64.2427 296.0187 14.93447242649976
ESTCUBE 1
1 39161U 13021C   25123.62481561  .00003270  00000-0  44305-3 0  9994
2 39161  97.7821 186.3030 0006950 268.2188  91.8228 14.79583300644466
1 39417U 13066B   25122.87394593  .00008131  00000-0  71044-3 0  9992
2 39417  97.7768  80.1064 0044592 175.9096 184.2498 14.96271330619277
DELF3
TRITON 1
1 39427U 13066M   25123.80105631  .00004188  00000-0  53340-3 0  9997
2 39427  97.8377  38.5113 0096209 125.2052 235.8214 14.78818523613712
1 39428U 13066N   25122.77159355  .00011975  00000-0  12274-2 0  9997
2 39428  97.8352  40.8625 0087222 124.2767 236.6748 14.87778322613631
GOMX-1
1 39430U 13066Q   25122.57702987  .00003142  00000-0  49469-3 0  9997
2 39430  97.6878 343.5675 0131761 314.5957  44.4556 14.67493249609835
LO-74
HUMSAT D
1 39433U 13066T   25123.51816595  .00045279  00000-0  14144-2 0  9994
2 39433  97.5039 118.7859 0008631 237.3136 122.7274 15.33004910623393
FIRST-MOVE
1 39439U 13066Z   25123.88464610  .00041489  00000-0  15904-2 0  9991
2 39439  97.7429  96.8243 0030196 114.5808 245.8581 15.25958472620409
1 39440U 13066AA  25122.59535940  .00008676  00000-0  88206-3 0  9992
2 39440  97.8475  67.4322 0060848 306.6365  52.9266 14.89643238615786
AO-73
1 39444U 13066AE  25122.57504445  .00013025  00000-0  98592-3 0  9993
2 39444  97.7780  84.3645 0041920 153.4039 206.9348 15.01729534617884
DTUSAT-2
UWE-3
1 39446U 13066AG  25123.33394311  .00007573  00000-0  72222-3 0  9992
2 39446  97.8210  74.4800 0051780 241.7197 117.8791 14.92607406616354
MCUBED-2
1 39469U 13072H   25123.17570256  .00013549  00000-0  69538-3 0  9996
2 39469 120.4915 224.4104 0167666 294.3135  64.0506 15.05593303 55837
UNISAT 6
1 40012U 14033C   25123.42274839  .00005160  00000-0  59945-3 0  9997
2 40012  97.7386 280.6650 0047246 338.3608  21.5609 14.84984298585288
BUGSAT 1
1 40014U 14033E   25123.58400345  .00008845  00000-0  53448-3 0  9994
2 40014  98.0759 188.1381 0032523 132.9885 227.4077 15.10494010593900
DUCHIFAT 1
1 40021U 14033M   25123.58547551  .00033072  00000-0  12472-2 0  9994
2 40021  98.0979 134.7538 0011336  89.9173 270.3363 15.26929589592672
NANOSAT C BR1
1 40024U 14033Q   25123.55719888  .00018902  00000-0  94732-3 0  9993
2 40024  98.0913 118.9405 0006245 142.2582 217.9089 15.17398785591590
1 40030U 14033W   25122.60185600  .00013296  00000-0  87382-3 0  9998
2 40030  98.0530  92.6075 0009195 177.2589 182.8689 15.07706892590670
EO-80
1 40032U 14033Y   25122.55774946  .00011881  00000-0  77972-3 0  9993
2 40032  98.0419  92.2693 0010530 121.7708 238.4546 15.07775627590641
LILACSAT-2
POLYITAN 1
1 40042U 14033AJ  25123.52240063  .00021802  00000-0  10854-2 0  9999
2 40042  98.1031 111.2143 0012090 121.2056 239.0362 15.17554208591161
TIGRISAT
1 40043U 14033AK  25123.42128643  .00003679  00000-0  45134-3 0  9990
2 40043  97.7317 279.9102 0050880 339.1426  20.7711 14.82785318584851
METEOR M2
1 40069U 14037A   25123.87238221  .00000247  00000-0  13252-3 0  9999
2 40069  98.4666 110.3157 0006498 137.0436 223.1250 14.21283939561176
DX 1
1 40071U 14037C   25123.84559048  .00003065  00000-0  34029-3 0  9998
2 40071  98.3425  57.7343 0008006 152.6437 207.5201 14.88014576585274
UKUBE 1
1 40074U 14037F   25123.86960942  .00012109  00000-0  86132-3 0  9993
2 40074  98.3920  82.9949 0004135  94.0499 266.1198 15.04821431586828
ARSAT-1
1 40272U 14062B   25123.44166455 -.00000270  00000-0  00000-0 0  9996
2 40272   0.0411  71.9060 0001760 320.0963 276.7898  1.00271356 38501
METEOSAT 11 (MSG 4)
1 40732U 15034A   25123.17217106  .00000052  00000-0  00000-0 0  9994
2 40732   2.1771  72.2875 0001453 287.8234 292.5735  1.00266311  3101
XW-2C
1 40906U 15049H   25047.62605869  .06460715  25777-5  82494-3 0  9990
2 40906  97.4284  83.7622 0006300 238.5188 121.5494 16.35922890522636
XW-2D
1 40907U 15049J   24320.92351917  .16701952  27880-5  21132-3 0  9990
2 40907  97.4221 349.6759 0008313 198.6926 161.4075 16.49393757508467
1 40908U 15049K   25122.88537372  .00019269  00000-0  51662-3 0  9995
2 40908  97.5091 142.3420 0007391 300.3571  59.6942 15.38001124532436
IO-86
1 40931U 15052B   25038.81889873  .00001817  00000-0  15548-3 0  9993
1 40931U 15052B   25038.81889873  .00001817  00000-0  15548-3 0  9993
2 40931   6.0001 108.1159 0012838 187.7041 172.2889 14.78568669506492
ARSAT-2
1 40941U 15054B   25123.43984006 -.00000235  00000-0  00000-0 0  9991
2 40941   0.0405  73.1513 0001665 312.2734 273.5043  1.00271658 35203
AO-85 FOX-1A
1 40967U 15058D   24191.52241874  .00002900  00000-0  27853-3 0  9994
2 40967  64.7789 307.0127 0190998 297.1877  60.9874 14.82391991  8308
1 41340U 16012D   25122.91993035  .00037725  00000-0  10641-2 0  9991
1 41340U 16012D   25123.04996401  .00036429  00000-0  10273-2 0  9997
2 41340  30.9977  24.0129 0007608  16.7286 343.3609 15.35166419507010
1 41603U 16040E   25122.75696921  .00007044  00000-0  24769-3 0  9998
2 41603  97.1385 128.8554 0012514  51.7333 308.5032 15.29576550492008
CAS-2T
ALSAT 1N
1 41789U 16059G   25123.82717724  .00001810  00000-0  32015-3 0  9995
2 41789  97.8070 140.6655 0027718  58.3554 302.0350 14.68283807459912
1 41847U 16066G   25122.62466969  .00001266  00000-0  19069-3 0  9996
2 41847  98.4210 197.4143 0345323 293.4182  63.1050 14.43381890445546
CAS-4B
GOES-16
1 41866U 16071A   25123.43862374 -.00000188  00000-0  00000-0 0  9998
2 41866   0.0534 272.4014 0000777 204.0963 176.0984  1.00127620 30999
1 42759U 17034B   25122.45970531  .00090643  00000-0  11355-2 0  9997
2 42759  43.0070 188.2804 0018814  20.8014 339.3612 15.58559111436642
CAS-4A
1 42761U 17034D   25122.19983852  .00091487  00000-0  11049-2 0  9998
2 42761  43.0103 187.3380 0020151  23.7228 336.4560 15.59484542436610
TechnoSat
DSAT
1 42794U 17036AF  25123.46006767  .00010955  00000-0  61483-3 0  9997
2 42794  97.5138 102.0689 0096142 134.3682 226.5474 15.09579300428896
1 42829U 17042E   25122.52746618  .00005932  00000-0  46200-3 0  9994
2 42829  97.3937 293.0564 0015407  53.1372 307.1263 15.01480555425010
AO-91
NOAA-20
1 43013U 17073A   25123.83446466  .00000144  00000-0  89085-4 0  9996
2 43013  98.7397  62.8872 0002037  61.1875 298.9506 14.19533650386394
1 43017U 17073E   25122.61424959  .00012538  00000-0  65190-3 0  9998
2 43017  97.5297 354.3526 0172778 296.2016  62.1534 15.04124153403501
S-Net D
1 43186U 18014G   25122.63515131  .00008716  00000-0  51889-3 0  9999
2 43186  97.5650  25.9333 0009256   8.1447 351.9932 15.11422614396644
S-Net B
1 43187U 18014H   25122.44144633  .00009153  00000-0  54494-3 0  9995
2 43187  97.5659  25.7116 0009820   3.6339 356.4961 15.11402194396618
S-Net A
1 43188U 18014J   25122.63566293  .00008603  00000-0  51211-3 0  9990
2 43188  97.5663  26.0489 0009710   3.4651 356.6644 15.11427956396640
S-Net C
1 43189U 18014K   25122.44375668  .00009226  00000-0  54917-3 0  9992
2 43189  97.5682  25.8668 0010996 355.5359   4.5771 15.11399936395164
Ten-Koh
GOES-17
1 43226U 18022A   25123.57874853 -.00000103  00000-0  00000-0 0  9995
2 43226   0.0070 306.2159 0002229 146.7960 232.6675  1.00270553 26316
1 43677U 18084G   25122.45136152  .00004811  00000-0  38783-3 0  9993
2 43677  98.0913 293.1926 0007736  53.9480 306.2458 15.00386113354528
PO-101
1 43678U 18084H   25122.45395977  .00003627  00000-0  31111-3 0  9998
2 43678  98.1032 297.1332 0009592  57.0472 303.1670 14.98151148354677
QO-100
METOP-C
1 43689U 18087A   25123.83105894  .00000219  00000-0  12018-3 0  9992
2 43689  98.7180 184.6209 0000088 137.1240 222.9944 14.21472597336678
1 43700U 18090A   25122.24716295  .00000135  00000-0  00000-0 0  9999
2 43700   0.0141 261.9874 0001506 168.8426 264.3552  1.00269171 23555
MinXSS-2
1 43758U 18099A   25122.86632668  .00027865  00000-0  11320-2 0  9998
2 43758  97.5034 188.8097 0010445 287.1131  72.8962 15.24486837351220
AO-95
STPSAT-5
1 43762U 18099E   25123.61462577  .00007478  00000-0  47374-3 0  9994
2 43762  97.4643 179.3988 0002008 333.4588  26.6538 15.09232809351004
AISTECHSAT-2
1 43768U 18099L   25123.09090593  .00010307  00000-0  63812-3 0  9997
2 43768  97.4854 175.2351 0003711 272.4126  87.6679 15.09974870350288
1 43770U 18099N   25122.58611581  .00016297  00000-0  83767-3 0  9994
2 43770  97.4938 181.1055 0009998 352.4371   7.6710 15.16506020350795
RANGE-A
1 43773U 18099R   25122.60222159  .00008255  00000-0  52927-3 0  9998
2 43773  97.4518 172.1077 0010166 329.7057  30.3583 15.08717853350490
MOVE-II
<!DOCTYPE html PUBLIC "-//W3C//DTD XHTML 1.0 Strict//EN" "http://www.w3.org/TR/xhtml1/DTD/xhtml1-strict.dtd">
1 43775U 18099T   25123.57286558  .00005984  00000-0  40819-3 0  9993
2 43775  97.4748 175.0868 0004527 296.1510  63.9251 15.06574680350572
1 43780U 18099Y   25122.44846478  .00217392  00000-0  24225-2 0  9997
2 43780  97.4676 195.5868 0004971 231.5326 128.5486 15.62101612351826
SNUSat 2
1 43782U 18099AA  25122.61153880  .00013778  00000-0  76081-3 0  9996
2 43782  97.4624 178.1875 0010387 285.5359  74.4725 15.13998112350750
SnugLite
1 43784U 18099AC  25122.88832637  .00017335  00000-0  88352-3 0  9998
2 43784  97.4439 177.9467 0001806 287.0118  73.0917 15.16829457350921
ITASat 1
1 43786U 18099AE  25122.57608389  .00011758  00000-0  67845-3 0  9998
2 43786  97.4590 177.7714 0013606 343.4145  16.6639 15.12423047350714
EAGLET 1
KAZSCISAT-1
1 43787U 18099AF  25123.73657594  .00187528  00000-0  22606-2 0  9994
2 43787  97.4495 192.5251 0005562 225.8616 134.2184 15.60140607351969
1 43790U 18099AJ  25122.61781150  .00007381  00000-0  47369-3 0  9992
2 43790  97.4794 177.8893 0010900 326.1783  33.8749 15.08714373350346
ESEO
1 43792U 18099AL  25122.17562806  .00002448  00000-0  18874-3 0  9998
2 43792  97.4497 171.2339 0010494 300.8490  59.1703 15.02455943350051
CSIM
1 43793U 18099AM  25122.54811322  .00185502  00000-0  20838-2 0  9995
2 43793  97.4844 197.9006 0007160 235.1083 124.9502 15.61982499351682
JO-97
1 43803U 18099AX  25122.60942582  .00019466  00000-0  90724-3 0  9994
2 43803  97.4684 182.0444 0005931 273.8834  86.1723 15.19911307351007
Suomi 100
1 43804U 18099AY  25122.56438084  .00015510  00000-0  77256-3 0  9998
2 43804  97.4753 181.4002 0010858 279.1871  80.8134 15.17610795350935
ISAT
<!DOCTYPE html PUBLIC "-//W3C//DTD XHTML 1.0 Strict//EN" "http://www.w3.org/TR/xhtml1/DTD/xhtml1-strict.dtd">
1 43806U 18099BA  25123.42041216  .00010305  00000-0  62938-3 0  9991
2 43806  97.4560 176.2817 0006697 311.6539  48.4117 15.10457748350478
1 43879U 18111D   25122.86889099  .00034758  00000-0  12543-2 0  9996
2 43879  97.5973  36.4680 0007948 348.2313  11.8739 15.28398254345910
UWE-4
1 43880U 18111E   25122.49181627  .00026967  00000-0  10879-2 0  9992
2 43880  97.5918  34.8177 0011811 356.1010   4.0133 15.24714560347822
Sparrow
1 43881U 18111F   25122.55287936  .00035811  00000-0  12492-2 0  9991
2 43881  97.6115  38.8808 0008108  32.2969 327.8766 15.29501424347970
Prox-1
1 44339U 19036A   25121.90548525  .00017997  00000-0  23376-2 0  9997
2 44339  23.9980 315.6827 0007669 353.8318   6.2084 14.79107972312370
SONATE
METEOR M2-2
1 44387U 19038A   25123.89530039  .00000186  00000-0  10051-3 0  9992
2 44387  98.8724 101.2205 0002306 103.3681 256.7754 14.24197323303031
1 44400U 19038Q   25122.78004083  .00218454  00000-0  12308-2 0  9995
2 44400  97.6957 145.0829 0005314  63.9047 296.2765 15.78565814323586
Taurus 1
1 44530U 19059C   25122.63098024  .00012740  00000-0  23645-2 0  9990
2 44530  98.6029 260.2463 0010817 151.8253 208.3536 14.65321481298389
Duchifat 3
1 44854U 19089C   25122.68967028  .00068807  00000-0  14912-2 0  9998
2 44854  36.9437 235.5367 0001474 320.1119  39.9528 15.43328663297086
TO-108
1 44881U 19093C   25122.77325682  .00001707  00000-0  20355-3 0  9992
2 44881  97.7933 199.2134 0013707   1.9973 358.1295 14.85517937290465
FloripaSat 1
1 44885U 19093G   25122.74739415  .00009249  00000-0  78624-3 0  9997
1 44885U 19093G   25123.81611082  .00007367  00000-0  62721-3 0  9995
2 44885  97.8148 211.3560 0009935 333.8398  26.2321 14.98057533291248
1 44909U 19096E   25122.63697987  .00000023  00000-0  47094-4 0  9991
2 44909  82.5205 252.4853 0217753  24.5832 336.5464 12.79740280249835
UPMSat 2
ONEWEB-0028
1 45140U 20008K   25123.47872641  .00000351  00000-0  95389-3 0  9992
2 45140  87.8801 102.7576 0002202  74.4913 285.6458 13.11417109254928
1 46276U 20061E   25122.54390674  .00087332  00000-0  92889-3 0  9996
2 46276  97.2460 195.7855 0001301 146.0525 214.0818 15.63742595259516
SALSAT
DIDO 3
1 46284U 20061N   25081.48766028  .07487664  24492-5  76787-3 0  9996
2 46284  97.2679 159.5651 0011148 273.5907  86.4116 16.37766130252652
AMICALSAT
1 46287U 20061R   25010.85863821  .11283921  24654-5  56408-3 0  9994
2 46287  97.2840  89.8720 0009935 281.1985  78.8199 16.41970930241877
NORBI
1 46494U 20068J   25123.56521187  .00019283  00000-0  64849-3 0  9998
2 46494  97.8549 105.0053 0007887 281.8445  78.1910 15.30829470253226
1 46495U 20068K   25122.56164931  .00012910  00000-0  56471-3 0  9990
2 46495  97.8590  98.8567 0009688 299.3911  60.6356 15.22169189252746
CubeSX-Sirius-HSE
UVSQ-SAT
1 47438U 21006AB  24298.11681880  .03670113  23594-5  18855-2 0  9991
2 47438  97.2775   3.3666 0006581 273.2868  86.7668 16.20433421208899
IDEASSAT
1 47458U 21006AX  24344.77491743  .11308816  24541-5  59030-3 0  9995
2 47458  97.2702  49.5935 0010118 282.6552  77.3617 16.41754873215974
UNISAT 7
1 47945U 21022P   25123.26709200  .00018716  00000-0  67362-3 0  9995
2 47945  97.4244  21.9955 0013719  96.6993 263.5808 15.28553102227011
1 47951U 21022V   25122.71662980  .00321083  00000-0  17604-2 0  9991
2 47951  97.4163  33.8916 0009714  99.7393 260.4972 15.78868523227845
CubeSX-HSE
1 47952U 21022W   25122.73318154  .00325298  00000-0  17430-2 0  9994
2 47952  97.4179  34.1600 0009065  97.6831 262.5466 15.79377916227865
GRBAlpha
<!DOCTYPE html PUBLIC "-//W3C//DTD XHTML 1.0 Strict//EN" "http://www.w3.org/TR/xhtml1/DTD/xhtml1-strict.dtd">
1 47954U 21022Y   25080.91203790  .15245865  27065-5  42405-3 0  9991
2 47954  97.3968 355.6048 0009090 202.7483 157.3418 16.44870059221398
1 47959U 21022AD  25122.71308746  .00301963  00000-0  16894-2 0  9991
2 47959  97.4167  34.2417 0009274  98.7552 261.4765 15.78470258226681
TUBIN
<!DOCTYPE html PUBLIC "-//W3C//DTD XHTML 1.0 Strict//EN" "http://www.w3.org/TR/xhtml1/DTD/xhtml1-strict.dtd">
1 47960U 21022AE  25102.18991407  .08920267  26050-5  10403-2 0  9994
2 47960  97.4008  17.2508 0008002 203.8387 156.2541 16.36719701224430
CSS (TIANHE-1)
1 48274U 21035A   25123.53444466  .00048523  00000-0  55871-3 0  9996
2 48274  41.4679 292.1862 0005341 199.4901 272.4308 15.61133057229173
1 48900U 21059X   25122.40148720  .00067396  00000-0  92670-3 0  9994
2 48900  97.6742 288.6310 0002527  23.0713 337.0654 15.57065723214093
LEDSAT
1 49069U 21073D   25122.86804092  .00090975  00000-0  13032-2 0  9991
1 49069U 21073D   25123.76845339  .00084369  00000-0  12027-2 0  9993
2 49069  97.3902 203.9020 0011755 206.0134 154.0531 15.55947727205706
1 49263U 21088D   25122.62899008  .00020923  00000-0  43707-3 0  9997
2 49263  97.4517 197.8222 0008271  30.7864 329.3868 15.45502102198569
TeikyoSat 4
1 49396U 21102B   25122.58496207  .00004102  00000-0  27414-3 0  9998
2 49396  97.4137 162.3818 0010972 262.4409  97.5573 15.07468806190820
Z-Sat
1 49399U 21102E   25122.88606073  .00007130  00000-0  39415-3 0  9996
2 49399  97.3832 165.5398 0016972 230.8630 129.1094 15.14064880191275
KOSEN 1
1 49402U 21102H   25122.75236108  .00012093  00000-0  56676-3 0  9997
2 49402  97.3739 168.5453 0015533 205.4291 154.6181 15.19731235191544
HO-113
1 50466U 21131B   25122.77366417  .00000981  00000-0  32056-3 0  9999
1 50466U 21131B   25123.88482706  .00000986  00000-0  32210-3 0  9999
2 50466  98.5086 213.4219 0003198 234.1242 125.9650 14.40766389176167
1 51044U 22002BN  25122.85551182  .00346661  00000-0  14946-2 0  9999
1 51044U 22002BN  25123.73974206  .00314274  00000-0  13243-2 0  9997
2 51044  97.3232 202.3585 0005298 242.1296 117.9438 15.84648226184032
VZLUSAT-2
1 51085U 22002DF  25123.86880058  .00050911  00000-0  79273-3 0  9998
2 51085  97.3345 195.8071 0004235 336.9883  23.1180 15.53729573183573
ORESAT0
1 52017U 22026K   24273.45232859  .15962284  26361-5  29990-3 0  9995
2 52017  97.4545 295.1270 0013084 250.0501 109.9393 16.46521474142074
PLANETUM1
1 52738U 22057G   24334.51223436  .16479580  26697-5  24945-3 0  9995
2 52738  97.5508 111.5244 0009582 276.9617  83.0596 16.48177112140342
1 52766U 22057AL  25122.40765642  .00245624  00000-0  13455-2 0  9991
2 52766  97.6053 270.1241 0001141 297.1996  62.9154 15.79136356163840
SNUGLITE 2
RANDEV
1 52898U 22065E   25123.84458668  .00001928  00000-0  38873-3 0  9991
2 52898  98.1645 265.9326 0007235 221.2634 138.8022 14.62595365151396
1 52899U 22065F   25122.33087499  .00002476  00000-0  49102-3 0  9991
2 52899  98.1632 264.6908 0006759 225.7813 134.2834 14.63110163150898
IO-117
1 53106U 22080B   25051.21822557 -.00000003  00000-0  00000 0 0  9995
2 53106  70.1434 106.3440 0008542  48.0089 312.1297  6.42557744 61200
UmKA 1 (RS40S)
AVUM R/B
1 53109U 22080E   25122.30427927 -.00000003  00000-0  00000-0 0  9990
2 53109  70.1300  81.1294 0008618  15.7626 344.3301  6.42584329 65660
NOAA-21
1 54234U 22150A   25123.58874837  .00000171  00000-0  10190-3 0  9994
2 54234  98.7253  63.0016 0000558 314.7367  45.3764 14.19528059128430
<!DOCTYPE html PUBLIC "-//W3C//DTD XHTML 1.0 Strict//EN" "http://www.w3.org/TR/xhtml1/DTD/xhtml1-strict.dtd">
1 54684U 22167C   25064.68183564  .08547514  26414-5  93170-3 0  9992
2 54684  97.5856 230.7463 0011725 277.2083  82.7881 16.37185507124845
BRO-8
1 55011U 23001C   25123.83849712  .00020514  00000-0  73909-3 0  9996
2 55011  97.3793 183.6783 0010372 147.0790 213.1098 15.28538724129314
BDSAT-2
1 55098U 23001CT  25043.17195676  .04841583  24403-5  13946-2 0  9995
2 55098  97.3601 120.6613 0008975 287.7661  72.2652 16.27416800118122
SHARJAHSAT-1
1 55104U 23001CZ  25123.82063829  .00015221  00000-0  46663-3 0  9991
2 55104  97.3733 185.4580 0009652 134.9186 225.2841 15.33825125129465
EOS-7
1 55562U 23019A   24363.45300977  .04873498  38898-5  83598-3 0  9991
2 55562  37.1672  46.7039 0002842 101.5126 258.5981 16.31915089106730
KILICSAT
1 56181U 23054D   25030.22200029  .12678910  26668-5  31275-3 0  9990
2 56181  97.3110 300.8595 0005727 223.4023 136.6830 16.45875275101482
BRO-9
1 56185U 23054H   25123.80061839  .00021637  00000-0  43533-3 0  9997
2 56185  97.3269  24.9752 0007648  96.6036 263.6084 15.46597553115250
CIRBE
1 56188U 23054L   24278.18657892  .15167412  25747-5  32054-3 0  9995
2 56188  97.3167 183.5106 0004698 260.0967  99.9806 16.46793547 83389
IRIS-C
1 56221U 23054AV  24292.66240337  .10137280  25872-5  12701-2 0  9994
2 56221  97.3146 196.9710 0006386 176.8934 183.2405 16.36100452 85534
SPEI SATELLES
1 56991U 23084BT  25093.89040148  .09884965  26180-5  77059-3 0  9992
2 56991  97.5226 233.3404 0013114 278.3259  81.6553 16.39623223101252
URESAT-1
1 56992U 23084BU  25042.76759540  .17342116  26494-5  33638-3 0  9995
2 56992  97.5047 178.6720 0014759 276.3055  83.6566 16.46134597 93271
MRC-100
1 56993U 23084BV  25004.25947094  .12600048  25824-5  83387-3 0  9999
2 56993  97.5134 139.2748 0011223 298.8771  61.1402 16.40581581 87376
METEOR M2-3
1 57166U 23091A   25123.88411737  .00000042  00000-0  37266-4 0  9996
2 57166  98.6640 180.9049 0002789 282.6434  77.4433 14.23996015 96267
1 57172U 23091G   25122.89670616  .00011423  00000-0  61476-3 0  9990
2 57172  97.5607 178.4809 0016228 104.8627 255.4403 15.14895121101778
CubeBel-2 (EU11S)
1 57175U 23091K   25122.88894529  .00017528  00000-0  84883-3 0  9992
2 57175  97.5607 179.4003 0014136 113.0836 247.1890 15.18532501101837
VERONIKA
<!DOCTYPE html PUBLIC "-//W3C//DTD XHTML 1.0 Strict//EN" "http://www.w3.org/TR/xhtml1/DTD/xhtml1-strict.dtd">
1 57180U 23091Q   25123.85158926  .00012498  00000-0  60792-3 0  9994
2 57180  97.5630 180.8410 0016010  94.6799 265.6264 15.18433179101990
<!DOCTYPE html PUBLIC "-//W3C//DTD XHTML 1.0 Strict//EN" "http://www.w3.org/TR/xhtml1/DTD/xhtml1-strict.dtd">
1 57182U 23091S   25123.84912430  .00012662  00000-0  61500-3 0  9994
2 57182  97.5624 180.7964 0016046  95.1748 265.1318 15.18478238101997
<!DOCTYPE html PUBLIC "-//W3C//DTD XHTML 1.0 Strict//EN" "http://www.w3.org/TR/xhtml1/DTD/xhtml1-strict.dtd">
1 57189U 23091Z   25123.87232717  .00016216  00000-0  69750-3 0  9991
2 57189  97.5622 183.2123 0011243  82.5335 277.7178 15.22662783102150
<!DOCTYPE html PUBLIC "-//W3C//DTD XHTML 1.0 Strict//EN" "http://www.w3.org/TR/xhtml1/DTD/xhtml1-strict.dtd">
1 57190U 23091AA  25123.87792521  .00032853  00000-0  10049-2 0  9998
2 57190  97.5576 186.4872 0007954  83.2873 276.9274 15.33753291102385
<!DOCTYPE html PUBLIC "-//W3C//DTD XHTML 1.0 Strict//EN" "http://www.w3.org/TR/xhtml1/DTD/xhtml1-strict.dtd">
1 57203U 23091AP  25123.87232059  .00013530  00000-0  61128-3 0  9994
2 57203  97.5623 182.5942 0011826  83.6392 276.6189 15.21019441102113
STARLINK-30221
1 57418U 23102Q   25123.46150637 -.00001095  00000-0 -65973-4 0  9999
2 57418  43.0033 134.2543 0001120 269.8692  90.2022 15.02545814 99578
1 58261U 23174F   25122.74600817  .00147342  00000-0  17240-2 0  9991
1 58261U 23174F   25123.83562653  .00124098  00000-0  14387-2 0  9999
2 58261  97.4138 208.0684 0007389 186.6890 173.4270 15.61362004 82933
<!DOCTYPE html PUBLIC "-//W3C//DTD XHTML 1.0 Strict//EN" "http://www.w3.org/TR/xhtml1/DTD/xhtml1-strict.dtd">
1 58317U 23174BP  25091.62106398  .07821529  24928-5  14590-2 0  9998
2 58317  97.3838 180.0067 0013270 269.4347  90.5427 16.31943736 78302
1 58470U 23185J   25122.70609644  .00071607  00000-0  11914-2 0  9990
2 58470  97.3752 196.7235 0008355 208.6244 151.4551 15.51765150 79159
EIRSAT-1
1 58472U 23185L   25122.76211954  .00118494  00000-0  14411-2 0  9992
2 58472  97.3720 198.1236 0007595 208.4151 151.6693 15.60124534 79258
SONATE-2
HADES-D
1 58567U 23174CY  24309.97818561  .05857091  24053-5  40431-2 0  9999
2 58567  97.4081  29.7179 0009578 300.1764  59.8573 16.16392543 55554
MDQUBESAT-2
1 58665U 23185P   25123.83230460  .00030443  00000-0  11898-2 0  9991
2 58665  97.5808 196.7881 0010718 264.6998  95.3017 15.25762571 74681
<!DOCTYPE html PUBLIC "-//W3C//DTD XHTML 1.0 Strict//EN" "http://www.w3.org/TR/xhtml1/DTD/xhtml1-strict.dtd">
1 59065U 24039Q   25123.83570301  .00012291  00000-0  35356-3 0  9993
2 59065  97.4375  91.4660 0013032 141.0970 219.1214 15.35851382 65629
1 59112U 24043Q   25122.62313681  .00027371  00000-0  82005-3 0  9991
2 59112  97.5085 253.0889 0010677 245.4473 114.5657 15.34423114 64512
MO-122
EXO-0
1 59175U 23174DK  25123.66568859  .00012595  00000-0  48821-3 0  9998
2 59175  97.4177 200.2129 0011135 175.6984 184.4352 15.26220948 82412
1 60209U 24125G   25122.51469000  .00028496  00000-0  84309-3 0  9994
2 60209  97.2840 334.5874 0017603 273.5873  86.3357 15.34710277 46116
GRBBeta
1 60237U 24128C   25122.73413135  .00006797  00000-0  51445-3 0  9995
1 60237U 24128C   25123.59941224  .00006241  00000-0  47351-3 0  9990
2 60237  61.9913 208.4619 0048771  49.1679 311.3624 15.02303986 44647
1 60242U 24128H   25122.43102180  .00012460  00000-0  87542-3 0  9994
2 60242  61.9812 211.3570 0048549  44.3502 316.1462 15.04516510 44492
ROBUSTA-3A
1 60243U 24128J   25122.62187037  .00012172  00000-0  86663-3 0  9993
1 60243U 24128J   25123.61906935  .00011132  00000-0  79348-3 0  9996
2 60243  61.9880 207.9096 0047151  42.4469 318.0254 15.04120426 44667
1 60246U 24125J   25122.36486702  .00016103  00000-0  54973-3 0  9992
2 60246  97.2627 334.0730 0042112 228.6107 131.1510 15.29529446 44141
HYPERVIEW-1G (RS66S)
<!DOCTYPE html PUBLIC "-//W3C//DTD XHTML 1.0 Strict//EN" "http://www.w3.org/TR/xhtml1/DTD/xhtml1-strict.dtd">
1 60455U 24147B   24306.95056519  .14569292  41128-5  32600-2 0  9995
2 60455  37.3538 162.9853 0013229 282.3917  77.5393 16.28877097 11746
BINAR-4
1 60952U 98067WS  24309.27445772  .07980878  12042-4  24966-2 0  9997
2 60952  51.6099 332.5936 0004199  58.1619 301.9809 16.25742416 10490
<!DOCTYPE html PUBLIC "-//W3C//DTD XHTML 1.0 Strict//EN" "http://www.w3.org/TR/xhtml1/DTD/xhtml1-strict.dtd">
1 60953U 98067WT  24343.67168105  .13878711  12527-4  44135-3 0  9990
2 60953  51.5977 155.7050 0005998 270.7882  89.2459 16.44564326 15911
<!DOCTYPE html PUBLIC "-//W3C//DTD XHTML 1.0 Strict//EN" "http://www.w3.org/TR/xhtml1/DTD/xhtml1-strict.dtd">
1 60954U 98067WU  24334.01561250  .09108413  12187-4  11947-2 0  9993
2 60954  51.6047 205.2539 0008835 243.5267 116.4851 16.34683424 14392
BINAR-2
1 60956U 98067WW  24314.24347963  .06491887  11953-4  23644-2 0  9995
2 60956  51.6000 307.2284 0003913  97.6580 262.4884 16.23962606 11262
BINAR-3
1 60957U 98067WX  24310.06998193  .09654898  12176-4  19638-2 0  9991
2 60957  51.6018 328.1298 0004329  55.5404 304.6027 16.30458602 12600
1 61772U 24199AP  25122.92513322  .00036918  00000-0  11205-2 0  9995
2 61772  97.3586 351.8927 0012787 334.4424  25.6185 15.33923785 71187
AO-123
1 61781U 24199AY  25122.86199364  .00011834  00000-0  43659-3 0  9993
2 61781  97.3597 351.0877 0015150 337.7431  22.3149 15.27825517 71121
ZIMSAT 2
1 61783U 24199BA  25122.89511712  .00057855  00000-0  15380-2 0  9995
2 61783  97.3571 352.2222 0012620 332.5446  27.5131 15.37966333 74359
HADES-R (SO-124)
1 62690U 25009CK  25122.29530878  .00061175  00000-0  23377-2 0  9997
2 62690  97.4096 203.3278 0003913 199.2225 160.8866 15.26379122 16304
HYDRA-T
1 62692U 25009CM  25122.35189068  .00060649  00000-0  23035-2 0  9993
2 62692  97.4097 203.4035 0003865 194.3120 165.8010 15.26584895 16317
JINJUSat 1B
1 63210U 25052A   25122.55015661  .00019528  00000-0  91474-3 0  9990
2 63210  97.4454  17.1712 0006624  94.2060 265.9932 15.19731278  7473
NUSHSAT 1
1 63211U 25052B   25122.41783871  .00021984  00000-0  10255-2 0  9997
2 63211  97.4446  17.0369 0006674  98.2799 261.9193 15.19850475  7454
TEVEL2-4
1 63213U 25052D   25122.55619980  .00020962  00000-0  98528-3 0  9998
2 63213  97.4362  17.1078 0005647 108.4558 251.7291 15.19602838  7473
TEVEL2-5
1 63214U 25052E   25122.62225402  .00020195  00000-0  94973-3 0  9997
2 63214  97.4359  17.1728 0005603 108.6081 251.5763 15.19593095  7484
TEVEL2-6
1 63215U 25052F   25122.68924695  .00020842  00000-0  98096-3 0  9993
2 63215  97.4351  17.2367 0005692 108.6650 251.5203 15.19557302  7498
TEVEL2-1
1 63217U 25052H   25122.43170246  .00021796  00000-0  10318-2 0  9992
2 63217  97.4340  16.9544 0005608 118.5098 241.6702 15.19348693  7455
TEVEL2-2
1 63218U 25052J   25122.69538569  .00020566  00000-0  97370-3 0  9995
2 63218  97.4340  17.2140 0005689 118.7923 241.3884 15.19354812  7492
TEVEL2-3
1 63219U 25052K   25122.69540690  .00020274  00000-0  96007-3 0  9996
2 63219  97.4339  17.2139 0005616 118.8396 241.3403 15.19351555  7492
TEVEL2-8
1 63237U 25052AD  25122.53357020  .00020384  00000-0  99766-3 0  9999
2 63237  97.4399  17.0106 0009748 137.3596 222.8396 15.18175181  7468
TEVEL2-9
1 63238U 25052AE  25122.20502912  .00020497  00000-0  10048-2 0  9996
2 63238  97.4401  16.6863 0009754 138.5441 221.6534 15.18117258  7414
TEVEL2-7
1 63239U 25052AF  25122.66749919  .00019915  00000-0  97696-3 0  9995
2 63239  97.4400  17.1378 0009780 137.5276 222.6716 15.18099016  7486
HYDRA-W
1 63490U 25052BL  25122.87910633  .00045585  00000-0  20327-2 0  9998
2 63490  97.4350  17.4364 0014271 136.3435 223.8932 15.21165787  7523
HADES-ICM
