iss                  60803.35668965 60803.36061705 3
iss                  60803.42396403 60803.42984100 9
iss                  60803.49075979 60803.49825408 52
iss                  60803.55832841 60803.56449514 11
iss                  60804.11875452 60804.12481761 11
iss                  60804.18489508 60804.19244052 55
iss                  60804.25325206 60804.25924038 9
iss                  60804.32249887 60804.32646076 3
iss                  60804.39020571 60804.39544780 6
iss                  60804.45698933 60804.46425412 29
iss                  60804.52420883 60804.53118484 22
iss                  60805.08586561 60805.09034767 5
iss                  60805.15104176 60805.15860264 74
iss                  60805.21892069 60805.22549250 14
iss                  60805.28814658 60805.29244561 4
iss                  60805.35637270 60805.36100478 4
iss                  60805.42322564 60805.43010296 18
iss                  60805.49022040 60805.49761890 43
iss                  60806.11733288 60806.12467099 35
iss                  60806.18467049 60806.19172361 20
iss                  60806.25369239 60806.25853739 5
iss                  60806.32242124 60806.32657292 3
iss                  60806.38945256 60806.39581537 12
iss                  60806.45630696 60806.46384852 88
iss                  60806.52431797 60806.52937141 6
iss                  60807.08379901 60807.09060804 19
iss                  60807.15051992 60807.15791646 33
iss                  60807.21920699 60807.22468888 7
iss                  60807.28830409 60807.29222484 3
iss                  60807.35565194 60807.36141140 8
iss                  60807.42243637 60807.42989924 45
iss                  60807.48992004 60807.49627849 13
iss                  60808.05050868 60808.05634198 10
iss                  60808.11648336 60808.12405482 63
iss                  60808.18474536 60808.19086227 10
iss                  60808.25399858 60808.25801421 3
iss                  60808.32180045 60808.32692165 6
iss                  60808.38858706 60808.39578727 26
iss                  60808.45574965 60808.46283354 25
iss                  60809.01758149 60809.02167570 3
iss                  60809.08257642 60809.09011909 64
iss                  60809.15034518 60809.15703068 15
iss                  60809.21953636 60809.22394235 4
iss                  60809.28786531 60809.29239272 4
iss                  60809.35474142 60809.36152563 17
iss                  60809.42169740 60809.42914432 50
iss                  60810.04881909 60810.05608283 31
iss                  60810.11603139 60810.12317441 22
iss                  60810.18498684 60810.18996852 5
iss                  60810.25380090 60810.25788968 3
iss                  60810.32088290 60810.32713010 11
iss                  60810.38771319 60810.39525554 79
iss                  60810.45558419 60810.46097485 7
iss                  60811.01524900 60811.02190341 16
iss                  60811.08182151 60811.08927633 38
iss                  60811.15041913 60811.15604603 7
iss                  60811.21956166 60811.22348516 3
iss                  60811.28699240 60811.29262276 8
iss                  60811.35376736 60811.36119029 40
iss                  60811.42116594 60811.42771513 15
iss                  60811.98194917 60811.98749488 8
iss                  60812.04772984 60812.05531971 73
iss                  60812.11588495 60812.12213933 11
iss                  60812.18513517 60812.18922414 3
iss                  60812.25304469 60812.25803766 5
iss                  60812.31983900 60812.32696399 23
iss                  60812.38694453 60812.39413386 28
iss                  60812.94910680 60812.95258381 2
iss                  60813.01377301 60813.02128360 54
iss                  60813.08141927 60813.08822309 16
iss                  60813.15056451 60813.15509601 4
iss                  60813.21900350 60813.22342573 4
iss                  60813.28591098 60813.29258996 15
iss                  60813.35282873 60813.36031895 59
iss                  60813.42134166 60813.42512550 3
iss                  60813.97997356 60813.98713888 27
iss                  60814.04704533 60814.05427829 25
iss                  60814.11592261 60814.12105591 6
iss                  60814.18482129 60814.18885655 3
iss                  60814.25196614 60814.25808530 10
iss                  60814.31877400 60814.32630923 67
iss                  60814.38651057 60814.39222596 9
iss                  60814.94637600 60814.95283574 14
iss                  60815.01277977 60815.02028778 43
iss                  60815.08127597 60815.08705876 8
iss                  60815.15045620 60815.15440049 3
iss                  60815.21798408 60815.22347454 7
iss                  60815.28475286 60815.29212554 35
iss                  60815.35206764 60815.35880251 17
iss                  60815.91308570 60815.91826797 7
iss                  60815.97863698 60815.98623409 86
iss                  60816.04667278 60816.05307111 12
iss                  60816.11590835 60816.12009126 3
iss                  60816.18393714 60816.18879570 5
iss                  60816.25074541 60816.25778269 21
iss                  60816.31779459 60816.32508338 33
iss                  60816.94463508 60816.95209457 45
iss                  60817.01214507 60817.01906920 18
iss                  60817.08123184 60817.08590691 4
AO-07                60803.50078515 60803.51245960 13
AO-07                60803.57781969 60803.59325904 83
AO-07                60803.65676724 60803.66950962 20
AO-07                60803.95639304 60803.96859212 16
AO-07                60804.03216197 60804.04768493 83
AO-07                60804.11234617 60804.12506349 17
AO-07                60804.53647596 60804.55101021 34
AO-07                60804.61463922 60804.62950898 47
AO-07                60804.69433961 60804.70349815 7
AO-07                60804.91847569 60804.92568209 4
AO-07                60804.99134315 60805.00580808 36
AO-07                60805.06909994 60805.08424976 46
AO-07                60805.15300894 60805.15912641 2
AO-07                60805.49609490 60805.50709902 11
AO-07                60805.57288406 60805.58830557 76
AO-07                60805.65174311 60805.66483582 22
AO-07                60805.95178569 60805.96354531 15
AO-07                60806.02725829 60806.04273145 76
AO-07                60806.10710722 60806.12028308 19
AO-07                60806.53161578 60806.54589657 30
AO-07                60806.60966219 60806.62467823 52
AO-07                60806.68923337 60806.69902104 9
AO-07                60806.91419348 60806.92044919 3
AO-07                60806.98658301 60807.00081028 32
AO-07                60807.06406856 60807.07934797 52
AO-07                60807.14716304 60807.15485849 4
AO-07                60807.49144870 60807.50167882 9
AO-07                60807.56795529 60807.58333492 68
AO-07                60807.64672566 60807.66014098 25
AO-07                60807.94720471 60807.95848855 13
AO-07                60808.02237175 60808.03777219 69
AO-07                60808.10190213 60808.11548011 22
AO-07                60808.52676948 60808.54075870 27
AO-07                60808.60469037 60808.61983043 58
AO-07                60808.68414485 60808.69450937 10
AO-07                60808.98184211 60808.99580683 29
AO-07                60809.05905645 60809.07443733 58
AO-07                60809.14150747 60809.15041490 6
AO-07                60809.48686471 60809.49618320 7
AO-07                60809.56303383 60809.57834677 61
AO-07                60809.64171445 60809.65542563 27
AO-07                60809.94265129 60809.95342035 11
AO-07                60810.01750236 60810.03280734 62
AO-07                60810.09672747 60810.11065756 25
AO-07                60810.52193905 60810.53559466 23
AO-07                60810.59972384 60810.61496577 65
AO-07                60810.67907097 60810.68996692 12
AO-07                60810.97712100 60810.99079754 26
AO-07                60811.05406299 60811.06951851 65
AO-07                60811.13597133 60811.14586727 8
AO-07                60811.48236750 60811.49058631 5
AO-07                60811.55812010 60811.57334068 55
AO-07                60811.63670911 60811.65069070 30
AO-07                60811.71726653 60811.72283598 2
AO-07                60811.93812757 60811.94833876 10
AO-07                60812.01265022 60812.02783704 56
AO-07                60812.09158053 60812.10581810 28
AO-07                60812.51713277 60812.53040187 21
AO-07                60812.59476273 60812.61008440 72
AO-07                60812.67400905 60812.68539607 13
AO-07                60812.97242032 60812.98578187 24
AO-07                60813.04908768 60813.06459210 72
AO-07                60813.13052110 60813.14124770 10
AO-07                60813.47800485 60813.48483847 3
AO-07                60813.55321508 60813.56831612 49
AO-07                60813.63170940 60813.64593677 34
AO-07                60813.71198951 60813.71860026 3
AO-07                60813.93363669 60813.94324104 8
AO-07                60814.00781547 60814.02286137 50
AO-07                60814.08645913 60814.10096372 32
AO-07                60814.51234151 60814.52517749 18
AO-07                60814.58980719 60814.60518639 79
AO-07                60814.66895790 60814.68079891 15
AO-07                60814.96773399 60814.98075986 21
AO-07                60815.04413012 60815.05965858 79
AO-07                60815.12513728 60815.13657494 12
AO-07                60815.54831712 60815.56327249 44
AO-07                60815.62671511 60815.64116436 37
AO-07                60815.70677913 60815.71428172 5
AO-07                60815.92924208 60815.93812575 7
AO-07                60816.00300135 60816.01788040 45
AO-07                60816.08136150 60816.09609604 36
AO-07                60816.50757484 60816.51991747 15
AO-07                60816.58485734 60816.60027174 87
AO-07                60816.66391598 60816.67617704 17
AO-07                60816.96307629 60816.97573063 19
AO-07                60817.03919001 60817.05471837 87
AO-07                60817.11980746 60817.13186065 14
AO-07                60817.54343057 60817.55820862 39
AO-07                60817.62172611 60817.63637383 42
AO-07                60817.70161241 60817.70990286 6
AO-07                60817.92483198 60817.93298288 5
AO-07                60817.99820192 60818.01289405 41
AO-07                60818.07628619 60818.09121655 40
AO-07                60818.50283766 60818.51461680 13
AO-07                60818.57991384 60818.59534040 85
AO-07                60818.65888229 60818.67153182 19
AO-07                60818.95844152 60818.97069361 17
AO-07                60819.03426714 60819.04977185 85
LO-19                60803.52312466 60803.53124102 11
LO-19                60803.59113942 60803.60155118 67
LO-19                60803.66138511 60803.66775325 6
LO-19                60803.99071566 60803.99888631 13
LO-19                60804.05810056 60804.06846405 66
LO-19                60804.12998381 60804.13540697 4
LO-19                60804.50181921 60804.50631485 2
LO-19                60804.56834081 60804.57872613 56
LO-19                60804.63777661 60804.64638593 15
LO-19                60804.96953196 60804.97517729 5
LO-19                60805.03535429 60805.04562474 57
LO-19                60805.10536399 60805.11381680 14
LO-19                60805.54576713 60805.55547624 26
LO-19                60805.61456298 60805.62440382 31
LO-19                60806.01301193 60806.02259017 27
LO-19                60806.08168441 60806.09151622 30
LO-19                60806.52355189 60806.53167122 11
LO-19                60806.59156867 60806.60197773 67
LO-19                60806.66181655 60806.66817600 6
LO-19                60806.99113294 60806.99931931 13
LO-19                60807.05852157 60807.06889430 66
LO-19                60807.13040747 60807.13583562 4
LO-19                60807.50224213 60807.50674758 2
LO-19                60807.56876861 60807.57915203 56
LO-19                60807.63820574 60807.64680899 15
LO-19                60807.96994417 60807.97561274 5
LO-19                60808.03577321 60808.04605437 57
LO-19                60808.10578552 60808.11424492 14
LO-19                60808.54619338 60808.55590158 26
LO-19                60808.61499048 60808.62482642 31
LO-19                60809.01342860 60809.02301936 27
LO-19                60809.08210371 60809.09194366 30
LO-19                60809.52397629 60809.53209635 11
LO-19                60809.59199469 60809.60239966 67
LO-19                60809.66224493 60809.66859413 6
LO-19                60809.99154686 60809.99974858 13
LO-19                60810.05893890 60810.06932098 66
LO-19                60810.13082703 60810.13626107 4
LO-19                60810.50266298 60810.50717430 2
LO-19                60810.56919319 60810.57957322 56
LO-19                60810.63863167 60810.64722749 15
LO-19                60810.97035327 60810.97604420 5
LO-19                60811.03618857 60811.04648036 57
LO-19                60811.10620303 60811.11466958 14
LO-19                60811.54661646 60811.55632210 26
LO-19                60811.61541470 60811.62524445 31
LO-19                60812.01384186 60812.02344481 27
LO-19                60812.08251933 60812.09236751 30
LO-19                60812.52439765 60812.53251643 11
LO-19                60812.59241742 60812.60281697 67
LO-19                60812.66267020 60812.66900766 6
LO-19                60812.99195755 60813.00017397 13
LO-19                60813.05935268 60813.06974400 66
LO-19                60813.13124270 60813.13668314 4
LO-19                60813.50308161 60813.50759506 2
LO-19                60813.56961447 60813.57998973 56
LO-19                60813.63905430 60813.64764145 15
LO-19                60813.97075948 60813.97647148 5
LO-19                60814.03660049 60814.04690259 57
LO-19                60814.10661686 60814.11509065 14
LO-19                60814.54703627 60814.55673781 26
LO-19                60814.61583557 60814.62565792 31
LO-19                60815.01425181 60815.02386640 27
LO-19                60815.08293139 60815.09278765 30
LO-19                60815.52481589 60815.53293150 11
LO-19                60815.59283675 60815.60322968 67
LO-19                60815.66309223 60815.66941659 6
LO-19                60815.99236511 60816.00059535 13
LO-19                60816.05976300 60816.07016322 66
LO-19                60816.13165465 60816.13710162 4
LO-19                60816.50349785 60816.50800997 2
LO-19                60816.57003235 60816.58040157 56
LO-19                60816.63947355 60816.64805089 15
LO-19                60816.97116293 60816.97689440 5
LO-19                60817.03700907 60817.04732094 57
LO-19                60817.10702715 60817.11550797 14
LO-19                60817.54745271 60817.55714877 26
LO-19                60817.61625297 60817.62606687 31
LO-19                60818.01465855 60818.02428400 27
LO-19                60818.08334000 60818.09320397 30
LO-19                60818.52523088 60818.53334162 11
LO-19                60818.59325258 60818.60363783 67
LO-19                60818.66351092 60818.66982098 6
LO-19                60818.99276966 60819.00101258 13
LO-19                60819.06016996 60819.07057853 66
LO-19                60819.13206306 60819.13751632 4
LO-19                60819.50391153 60819.50841916 2
LO-19                60819.57044671 60819.58080880 56
LO-19                60819.63988930 60819.64845586 15
LO-19                60819.97156376 60819.97731281 5
LO-19                60820.03741440 60820.04773528 58
LO-19                60820.10743402 60820.11592141 14
LO-19                60820.54786566 60820.55755503 26
LO-19                60820.61666682 60820.62647133 31
LO-19                60821.01506217 60821.02469749 27
LO-19                60821.08374525 60821.09361633 30
LO-19                60821.52564249 60821.53374687 11
LO-19                60821.59366481 60821.60404148 67
LO-19                60821.66392613 60821.67022089 6
FO-29                60803.67064338 60803.67645170 5
FO-29                60803.74030096 60803.75107134 63
FO-29                60803.81480562 60803.82319219 12
FO-29                60804.20759065 60804.21613546 9
FO-29                60804.27920072 60804.29153135 74
FO-29                60804.35308543 60804.36235673 13
FO-29                60804.70295308 60804.71224511 19
FO-29                60804.77505051 60804.78561559 41
FO-29                60805.24109675 60805.25269320 28
FO-29                60805.31398380 60805.32573667 38
FO-29                60805.66728217 60805.67247744 4
FO-29                60805.73665333 60805.74728636 57
FO-29                60805.81091853 60805.81952738 13
FO-29                60806.20394652 60806.21229271 8
FO-29                60806.27541481 60806.28792258 70
FO-29                60806.34919710 60806.35894288 15
FO-29                60806.69939610 60806.70841444 17
FO-29                60806.77131804 60806.78187275 45
FO-29                60807.23735747 60807.24899555 26
FO-29                60807.31016238 60807.32220815 42
FO-29                60807.38538031 60807.39051967 3
FO-29                60807.66395245 60807.66847388 3
FO-29                60807.73300326 60807.74350404 51
FO-29                60807.80706701 60807.81585792 14
FO-29                60808.20031815 60808.20843536 7
FO-29                60808.27163446 60808.28431032 66
FO-29                60808.34532067 60808.35551902 17
FO-29                60808.69583896 60808.70458544 16
FO-29                60808.76758339 60808.77813229 50
FO-29                60809.23362560 60809.24529254 25
FO-29                60809.30634757 60809.31867505 46
FO-29                60809.38129093 60809.38736304 4
FO-29                60809.72935029 60809.73972519 46
FO-29                60809.80321785 60809.81218698 16
FO-29                60810.19670834 60810.20456050 6
FO-29                60810.26786035 60810.28069404 62
FO-29                60810.34145571 60810.35208561 19
FO-29                60810.69228165 60810.70075845 14
FO-29                60810.76384650 60810.77439488 55
FO-29                60811.22990183 60811.24158308 23
FO-29                60811.30253986 60811.31513666 51
FO-29                60811.37726403 60811.38414695 5
FO-29                60811.72569474 60811.73595034 42
FO-29                60811.79937068 60811.80851572 17
FO-29                60812.19312031 60812.20066433 5
FO-29                60812.26409323 60812.27707244 58
FO-29                60812.33760198 60812.34864274 21
FO-29                60812.68872451 60812.69693400 13
FO-29                60812.76010733 60812.77066112 62
FO-29                60812.83689869 60812.84115192 2
FO-29                60813.22618709 60813.23786604 22
FO-29                60813.29873975 60813.31159252 55
FO-29                60813.37328109 60813.38088924 7
FO-29                60813.72203669 60813.73218005 38
FO-29                60813.79552521 60813.80484472 19
FO-29                60814.18955886 60814.19674218 5
FO-29                60814.26033357 60814.27344484 55
FO-29                60814.33375934 60814.34519027 23
FO-29                60814.68516801 60814.69311252 11
FO-29                60814.75636624 60814.76693158 69
FO-29                60814.83272949 60814.83775408 3
FO-29                60815.22248232 60815.23414020 20
FO-29                60815.29494769 60815.30804157 60
FO-29                60815.36933200 60815.37759947 8
FO-29                60815.71837647 60815.72841490 34
FO-29                60815.79168102 60815.80117495 21
FO-29                60816.18602953 60816.19278781 4
FO-29                60816.25658215 60816.26981034 51
FO-29                60816.32992773 60816.34172800 26
FO-29                60816.68161255 60816.68929443 10
FO-29                60816.75262303 60816.76320675 76
FO-29                60816.82861792 60816.83430266 4
FO-29                60817.21878847 60817.23040430 19
FO-29                60817.29116413 60817.30448326 65
FO-29                60817.36541063 60817.37428340 9
FO-29                60817.71471435 60817.72465535 31
FO-29                60817.78783847 60817.79750711 24
FO-29                60818.18254054 60818.18879243 3
FO-29                60818.25283953 60818.26616802 48
FO-29                60818.32610715 60818.33825560 28
FO-29                60818.67805889 60818.68547993 9
FO-29                60818.74887818 60818.75948729 83
FO-29                60818.82454551 60818.83081683 5
FO-29                60819.21510658 60819.22665701 18
FO-29                60819.28738950 60819.30091682 70
FO-29                60819.36151302 60819.37094439 11
FO-29                60819.71105065 60819.72090179 28
FO-29                60819.78399728 60819.79384178 26
FO-29                60820.17910509 60820.18474246 3
FO-29                60820.24910630 60820.26251697 45
FO-29                60820.32229765 60820.33477267 31
FO-29                60820.67450768 60820.68166924 8
FO-29                60820.74513202 60820.75577314 84
FO-29                60820.82050231 60820.82730703 7
FO-29                60821.21143786 60821.22289692 17
FO-29                60821.28362419 60821.29734151 74
FO-29                60821.35763643 60821.36758506 12
FO-29                60821.70738614 60821.71715457 26
FO-29                60821.78015766 60821.79017946 29
SO-50                60803.56037769 60803.56946905 47
SO-50                60803.63045369 60803.63862216 16
SO-50                60803.91626198 60803.92481448 17
SO-50                60803.98537687 60803.99500105 51
SO-50                60804.50575124 60804.51233277 9
SO-50                60804.57341409 60804.58270919 69
SO-50                60804.64471498 60804.65138798 8
SO-50                60804.86102159 60804.86601800 3
SO-50                60804.92919637 60804.93863931 35
SO-50                60804.99881682 60805.00764148 22
SO-50                60805.51779263 60805.52617672 22
SO-50                60805.58684992 60805.59577686 30
SO-50                60805.65965804 60805.66378832 2
SO-50                60805.87353637 60805.88084577 9
SO-50                60805.94227387 60805.95205297 78
SO-50                60806.01265174 60806.01967474 9
SO-50                60806.53044433 60806.53960920 54
SO-50                60806.60069782 60806.60869078 15
SO-50                60806.88632912 60806.89505491 19
SO-50                60806.95551264 60806.96506404 45
SO-50                60807.47563054 60807.48258486 10
SO-50                60807.54353306 60807.55281162 61
SO-50                60807.61503132 60807.62141326 7
SO-50                60807.83099539 60807.83642748 4
SO-50                60807.89927629 60807.90880614 39
SO-50                60807.96898742 60807.97762015 20
SO-50                60808.48777852 60808.49633508 25
SO-50                60808.55701973 60808.56584739 27
SO-50                60808.84356156 60808.85113204 11
SO-50                60808.91236723 60808.92215090 87
SO-50                60808.98295938 60808.98951759 7
SO-50                60809.43433513 60809.43827262 2
SO-50                60809.50049337 60809.50971715 62
SO-50                60809.57092456 60809.57872875 13
SO-50                60809.85637110 60809.86525701 21
SO-50                60809.92562625 60809.93509025 39
SO-50                60810.44550770 60810.45279037 12
SO-50                60810.51363360 60810.52288344 53
SO-50                60810.58533409 60810.59140433 6
SO-50                60810.80095788 60810.80678475 5
SO-50                60810.86933250 60810.87893634 43
SO-50                60810.93913970 60810.94755867 17
SO-50                60811.45775024 60811.46645822 29
SO-50                60811.52717111 60811.53588800 24
SO-50                60811.81356522 60811.82137720 12
SO-50                60811.88243729 60811.89221275 82
SO-50                60811.95321736 60811.95930485 6
SO-50                60812.40395425 60812.40866381 4
SO-50                60812.47052477 60812.47979330 71
SO-50                60812.54113408 60812.54873603 12
SO-50                60812.82639152 60812.83542152 23
SO-50                60812.89571819 60812.90507956 35
SO-50                60813.41537919 60813.42295259 14
SO-50                60813.48371559 60813.49292484 47
SO-50                60813.55562440 60813.56135995 5
SO-50                60813.77090574 60813.77709351 6
SO-50                60813.83936503 60813.84903019 49
SO-50                60813.90927454 60813.91745632 15
SO-50                60814.42770693 60814.43654697 33
SO-50                60814.49730402 60814.50589853 22
SO-50                60814.78354694 60814.79158232 13
SO-50                60814.85248421 60814.86223861 73
SO-50                60814.92348094 60814.92902846 5
SO-50                60815.37362630 60815.37895872 5
SO-50                60815.44053842 60815.44983801 81
SO-50                60815.51132655 60815.51871213 11
SO-50                60815.79638833 60815.80554849 26
SO-50                60815.86578865 60815.87503183 31
SO-50                60816.38524236 60816.39307379 16
SO-50                60816.45377867 60816.46293598 41
SO-50                60816.52590364 60816.53127861 4
SO-50                60816.74083668 60816.74735608 7
SO-50                60816.80937361 60816.81908792 55
SO-50                60816.87939304 60816.88731207 13
SO-50                60817.39764779 60817.40660229 37
SO-50                60817.46741842 60817.47587896 20
SO-50                60817.75350622 60817.76174803 15
SO-50                60817.82250793 60817.83222857 64
SO-50                60817.89376170 60817.89867710 4
SO-50                60818.34332497 60818.34918048 6
SO-50                60818.41053385 60818.41985158 85
SO-50                60818.48150201 60818.48865693 10
SO-50                60818.69839986 60818.70257390 2
SO-50                60818.76636152 60818.77563849 29
SO-50                60818.83583799 60818.84494685 27
SO-50                60819.35509513 60819.36315615 18
SO-50                60819.42382306 60819.43291700 37
SO-50                60819.49617408 60819.50115796 3
SO-50                60819.71074909 60819.71757494 8
SO-50                60819.77935875 60819.78910977 63
SO-50                60819.84949654 60819.85712472 12
SO-50                60820.36757215 60820.37662440 42
SO-50                60820.43751432 60820.44582932 18
SO-50                60820.72344268 60820.73187499 16
SO-50                60820.79250874 60820.80218269 56
SO-50                60820.86408085 60820.86822953 2
SO-50                60821.31303646 60821.31934174 7
SO-50                60821.38051077 60821.38983429 76
SO-50                60821.45166111 60821.45857010 8
HO-68                60803.41859480 60803.43187170 44
HO-68                60803.49357013 60803.50609062 31
HO-68                60803.85286751 60803.86475194 23
HO-68                60803.92646411 60803.93997699 60
HO-68                60804.00495044 60804.01262489 5
HO-68                60804.40691602 60804.41978108 33
HO-68                60804.48162975 60804.49463485 41
HO-68                60804.55830571 60804.56488577 4
HO-68                60804.84163685 60804.85272488 17
HO-68                60804.91458318 60804.92820153 79
HO-68                60804.99195976 60805.00159059 10
HO-68                60805.39531279 60805.40756513 24
HO-68                60805.46972639 60805.48307780 54
HO-68                60805.54592589 60805.55427916 7
HO-68                60805.83054244 60805.84063778 13
HO-68                60805.90279912 60805.91638494 79
HO-68                60805.97930864 60805.99028372 15
HO-68                60806.38380352 60806.39519878 17
HO-68                60806.45785901 60806.47142399 72
HO-68                60806.53371415 60806.54341953 11
HO-68                60806.81960485 60806.82846672 9
HO-68                60806.89111034 60806.90453082 60
HO-68                60806.96687641 60806.97881885 21
HO-68                60807.37243505 60807.38263866 12
HO-68                60807.44602831 60807.45967514 87
HO-68                60807.52160000 60807.53238041 16
HO-68                60807.80895430 60807.81616267 5
HO-68                60807.87951993 60807.89264078 45
HO-68                60807.95460781 60807.96724777 29
HO-68                60808.36127694 60808.36979755 7
HO-68                60808.43423723 60808.44783046 66
HO-68                60808.50955275 60808.52119681 21
HO-68                60808.79861643 60808.80357605 2
HO-68                60808.86802589 60808.88071435 34
HO-68                60808.94247256 60808.95559869 40
HO-68                60809.35056585 60809.35643415 3
HO-68                60809.42249125 60809.43588626 49
HO-68                60809.49755659 60809.50988882 28
HO-68                60809.85663756 60809.86874906 26
HO-68                60809.93045262 60809.94388862 54
HO-68                60810.00944266 60810.01617617 4
HO-68                60810.41079510 60810.42383520 36
HO-68                60810.48560289 60810.49846908 37
HO-68                60810.56249853 60810.56833186 3
HO-68                60810.84536412 60810.85673932 19
HO-68                60810.91853709 60810.93212860 72
HO-68                60810.99625785 60811.00529780 8
HO-68                60811.39916538 60811.41166451 27
HO-68                60811.47368709 60811.48694634 49
HO-68                60811.55002688 60811.55784658 6
HO-68                60811.83422008 60811.84467479 14
HO-68                60811.90671978 60811.92032568 87
HO-68                60811.98350913 60811.99406620 13
HO-68                60812.38762026 60812.39935363 19
HO-68                60812.46180743 60812.47532544 65
HO-68                60812.53776982 60812.54706125 10
HO-68                60812.82322155 60812.83253637 10
HO-68                60812.89499798 60812.90848423 66
HO-68                60812.97100952 60812.98264817 19
HO-68                60813.37619889 60813.38686710 13
HO-68                60813.44996384 60813.46360919 86
HO-68                60813.52562729 60813.53607831 14
HO-68                60813.81248471 60813.82028756 6
HO-68                60813.88337401 60813.89660653 50
HO-68                60813.95868866 60813.97110973 26
HO-68                60814.36495161 60814.37413797 8
HO-68                60814.43815877 60814.45179769 73
HO-68                60814.51355967 60814.52494133 19
HO-68                60814.80198887 60814.80782786 3
HO-68                60814.87184520 60814.88469275 37
HO-68                60814.94650977 60814.95948525 36
HO-68                60815.35403646 60815.36100673 4
HO-68                60815.42639650 60815.43988830 54
HO-68                60815.50154744 60815.51367417 26
HO-68                60815.86041915 60815.87274146 28
HO-68                60815.93445140 60815.94779469 49
HO-68                60816.01402754 60816.01962493 3
HO-68                60816.41468149 60816.42787506 40
HO-68                60816.48958001 60816.50229163 34
HO-68                60816.56675059 60816.57170878 2
HO-68                60816.84910448 60816.86074797 21
HO-68                60816.92250058 60816.93605098 65
HO-68                60817.00060031 60817.00896710 7
HO-68                60817.40302771 60817.41574734 30
HO-68                60817.47765165 60817.49080343 45
HO-68                60817.55414990 60817.56138154 5
HO-68                60817.83791352 60817.84870394 16
HO-68                60817.91064965 60817.92426229 86
HO-68                60817.98773593 60817.99782796 11
HO-68                60818.39145048 60818.40348777 22
HO-68                60818.46575963 60818.47921567 59
HO-68                60818.54183762 60818.55068083 9
HO-68                60818.82685870 60818.83659413 11
HO-68                60818.89889466 60818.91243384 73
HO-68                60818.97516123 60818.98646404 17
HO-68                60819.37997722 60819.39106716 15
HO-68                60819.45390372 60819.46753194 78
HO-68                60819.52966260 60819.53975861 13
HO-68                60819.81598825 60819.82438855 7
AO-73                60803.39674709 60803.40113394 3
AO-73                60803.46098955 60803.46932087 86
AO-73                60803.52824792 60803.53292991 4
AO-73                60803.90724017 60803.91544746 31
AO-73                60803.97362536 60803.98100229 15
AO-73                60804.39610615 60804.40042929 3
AO-73                60804.46035127 60804.46868907 87
AO-73                60804.52757208 60804.53235384 5
AO-73                60804.90662376 60804.91479200 31
AO-73                60804.97297168 60804.98037763 16
AO-73                60805.39551272 60805.39970493 3
AO-73                60805.45969778 60805.46804024 86
AO-73                60805.52687886 60805.53176121 5
AO-73                60805.90599097 60805.91411877 30
AO-73                60805.97229519 60805.97972907 16
AO-73                60806.39490600 60806.39895905 3
AO-73                60806.45902703 60806.46737436 84
AO-73                60806.52616831 60806.53115196 5
AO-73                60806.90534180 60806.91342775 29
AO-73                60806.97160139 60806.97906323 16
AO-73                60807.39428655 60807.39819093 3
AO-73                60807.45833905 60807.46669138 81
AO-73                60807.52544046 60807.53052605 5
AO-73                60807.90467626 60807.91271896 28
AO-73                60807.97089030 60807.97837993 17
AO-73                60808.39365504 60808.39740010 2
AO-73                60808.45763385 60808.46599128 79
AO-73                60808.52469562 60808.52988324 6
AO-73                60808.90399456 60808.91199240 27
AO-73                60808.97016192 60808.97767954 17
AO-73                60809.39301223 60809.39658553 2
AO-73                60809.45691161 60809.46527403 76
AO-73                60809.52393348 60809.52922378 6
AO-73                60809.90329634 60809.91124806 26
AO-73                60809.96941628 60809.97696188 18
AO-73                60810.45617214 60810.46453957 73
AO-73                60810.52315427 60810.52854744 6
AO-73                60810.90258182 60810.91048595 25
AO-73                60810.96865338 60810.97622696 18
AO-73                60811.45541562 60811.46378787 70
AO-73                60811.52235803 60811.52785420 6
AO-73                60811.90185100 60811.90970608 24
AO-73                60811.96787323 60811.97547479 19
AO-73                60812.45464213 60812.46301888 68
AO-73                60812.52154483 60812.52714400 7
AO-73                60812.90110392 60812.90890844 24
AO-73                60812.96707586 60812.97470536 19
AO-73                60813.45384939 60813.46223256 65
AO-73                60813.52071471 60813.52641679 7
AO-73                60813.90034060 60813.90809302 23
AO-73                60813.96626127 60813.97391869 20
AO-73                60814.45304187 60814.46142887 62
AO-73                60814.51986772 60814.52567251 8
AO-73                60814.89956107 60814.90725983 22
AO-73                60814.96542949 60814.97311482 21
AO-73                60815.45221746 60815.46060774 60
AO-73                60815.51900391 60815.52491111 8
AO-73                60815.89876537 60815.90640881 21
AO-73                60815.96458054 60815.97229367 21
AO-73                60816.45137634 60816.45976912 57
AO-73                60816.51812333 60816.52413271 8
AO-73                60816.89795353 60816.90554006 20
AO-73                60816.96371444 60816.97145530 22
AO-73                60817.45051829 60817.45891296 55
AO-73                60817.51722602 60817.52333690 9
AO-73                60817.89712559 60817.90465369 20
AO-73                60817.96283122 60817.97059969 23
AO-73                60818.44964359 60818.45803920 53
AO-73                60818.51631204 60818.52252385 9
AO-73                60818.89628160 60818.90374933 19
AO-73                60818.96193089 60818.96972686 24
AO-73                60819.44875221 60819.45714777 51
AO-73                60819.51538141 60819.52169351 10
AO-73                60819.89542161 60819.90282715 18
AO-73                60819.96101349 60819.96883681 25
AO-73                60820.44784421 60820.45623861 48
AO-73                60820.51443419 60820.52084579 10
AO-73                60820.89454568 60820.90188714 17
AO-73                60820.96007905 60820.96792954 26
AO-73                60821.44691966 60821.45531166 46
AO-73                60821.51347048 60821.51998065 11
AO-73                60821.89365386 60821.90092927 17
AO-73                60821.95912759 60821.96700505 27
AO-73                60822.44597862 60822.45436684 44
AO-73                60822.51249022 60822.51909803 11
AO-73                60822.89274620 60822.89995352 16
AO-73                60822.95815915 60822.96606335 28
AO-73                60823.44502114 60823.45340408 42
AO-73                60823.51149331 60823.51819788 12
AO-73                60823.89182278 60823.89895986 15
AO-73                60823.95717376 60823.96510443 29
AO-73                60824.44404729 60824.45242332 41
AO-73                60824.51048014 60824.51728015 12
AO-73                60824.89088368 60824.89794828 15
AO-73                60824.95617146 60824.96412829 30
AO-73                60825.44305712 60825.45142446 39
AO-73                60825.50945057 60825.51634478 13
AO-73                60825.88992896 60825.89691873 14
AO-73                60825.95515228 60825.96313493 31
TITA                 60803.70817120 60803.71523698 15
TITA                 60803.77344190 60803.78108375 27
TITA                 60804.15346258 60804.15827378 5
TITA                 60804.21674597 60804.22505528 88
TITA                 60804.28458172 60804.28894037 3
TITA                 60804.70203671 60804.70863635 11
TITA                 60804.76700074 60804.77489789 36
TITA                 60805.14783217 60805.15150281 2
TITA                 60805.21045403 60805.21871198 66
TITA                 60805.27768064 60805.28304968 6
TITA                 60805.69594836 60805.70195065 8
TITA                 60805.76061218 60805.76866648 48
TITA                 60806.20418587 60806.21233711 48
TITA                 60806.27090746 60806.27702429 9
TITA                 60806.68993113 60806.69515409 5
TITA                 60806.75423278 60806.76238749 66
TITA                 60806.82150113 60806.82504449 2
TITA                 60807.19794286 60807.20593021 36
TITA                 60807.26421566 60807.27091014 12
TITA                 60807.68403879 60807.68819085 3
TITA                 60807.74786218 60807.75606136 88
TITA                 60807.81468889 60807.81933754 4
TITA                 60808.19172647 60808.19949014 27
TITA                 60808.25758291 60808.26472952 16
TITA                 60808.74149861 60808.74968784 65
TITA                 60808.80799643 60808.81346779 7
TITA                 60809.18553926 60809.19301498 21
TITA                 60809.25099626 60809.25849482 20
TITA                 60809.73514690 60809.74326597 47
TITA                 60809.80136762 60809.80749202 9
TITA                 60810.17938505 60810.18650126 16
TITA                 60810.24444800 60810.25221430 27
TITA                 60810.72880714 60810.73679400 35
TITA                 60810.79477873 60810.80143461 13
TITA                 60811.17326943 60811.17994420 12
TITA                 60811.23793251 60811.24589296 35
TITA                 60811.72248220 60811.73026918 26
TITA                 60811.78821684 60811.79530880 16
TITA                 60812.16720130 60812.17333570 9
TITA                 60812.23144630 60812.23953442 48
TITA                 60812.71617587 60812.72368753 20
TITA                 60812.78168054 60812.78912914 21
TITA                 60813.16119441 60813.16666200 7
TITA                 60813.22494361 60813.23313816 67
TITA                 60813.70989381 60813.71704275 15
TITA                 60813.77515387 60813.78288727 28
TITA                 60814.15527613 60814.15989666 4
TITA                 60814.21851027 60814.22671173 88
TITA                 60814.28635144 60814.29057104 3
TITA                 60814.70364496 60814.71032593 11
TITA                 60814.76859639 60814.77659010 37
TITA                 60815.14956810 60815.15297509 2
TITA                 60815.21210250 60815.22025286 64
TITA                 60815.27931402 60815.28458296 6
TITA                 60815.69744355 60815.70352224 8
TITA                 60815.76209227 60815.77024624 50
TITA                 60816.20571997 60816.21376172 46
TITA                 60816.27241401 60816.27845140 8
TITA                 60816.69131492 60816.69660535 5
TITA                 60816.75559795 60816.76385358 69
TITA                 60816.82277564 60816.82659587 3
TITA                 60817.19936393 60817.20723777 34
TITA                 60817.26559976 60817.27222719 12
TITA                 60817.68531468 60817.68951805 3
TITA                 60817.74911322 60817.75741254 87
TITA                 60817.81587173 60817.82075459 5
TITA                 60818.19303613 60818.20067977 26
TITA                 60818.25884728 60818.26593446 16
TITA                 60818.74263634 60818.75092281 63
TITA                 60818.80907599 60818.81476148 7
TITA                 60819.18673939 60819.19408556 20
TITA                 60819.25214281 60819.25958636 21
TITA                 60819.73617220 60819.74438336 46
TITA                 60819.80233995 60819.80866573 10
TITA                 60820.18047788 60820.18745133 15
TITA                 60820.24547804 60820.25319154 27
TITA                 60820.72972102 60820.73779228 34
TITA                 60820.79564200 60820.80248949 13
TITA                 60821.17425792 60821.18077160 12
TITA                 60821.23884755 60821.24675520 37
TITA                 60821.72328589 60821.73114660 25
TITA                 60821.78897060 60821.79624505 18
TITA                 60822.16808970 60822.17403711 8
TITA                 60822.23220460 60822.24027808 51
TITA                 60822.71687094 60822.72444185 19
TITA                 60822.78232453 60822.78994643 23
TITA                 60823.16198964 60823.16723133 6
TITA                 60823.22563265 60823.23376879 71
TITA                 60823.71048229 60823.71767170 15
TITA                 60823.77568793 60823.78358503 30
TITA                 60824.15599137 60824.16032138 4
TITA                 60824.21908792 60824.22722572 83
TITA                 60824.28679232 60824.29117221 4
TITA                 60824.70412975 60824.71082581 11
TITA                 60824.76902040 60824.77716756 40
TITA                 60825.21257003 60825.22064965 59
TITA                 60825.27965822 60825.28505145 6
TITA                 60825.69782918 60825.70388787 8
TITA                 60825.76240696 60825.77070254 54
NOAA-15              60803.58150611 60803.58991268 13
NOAA-15              60803.64997139 60803.66045243 63
NOAA-15              60803.72069511 60803.72680971 5
NOAA-15              60804.05128875 60804.05984527 15
NOAA-15              60804.11919753 60804.12969747 60
NOAA-15              60804.19181624 60804.19673946 3
NOAA-15              60804.56432251 60804.57043769 5
NOAA-15              60804.63184519 60804.64240603 72
NOAA-15              60804.70186361 60804.70999006 12
NOAA-15              60805.03430588 60805.04115684 7
NOAA-15              60805.10107473 60805.11160829 75
NOAA-15              60805.17203110 60805.17983052 10
NOAA-15              60805.61384537 60805.62410642 39
NOAA-15              60805.68334722 60805.69272297 22
NOAA-15              60806.08319933 60806.09339898 41
NOAA-15              60806.15296569 60806.16230264 20
NOAA-15              60806.59601095 60806.60551911 21
NOAA-15              60806.66499478 60806.67514301 38
NOAA-15              60807.06558158 60807.07506494 23
NOAA-15              60807.13433211 60807.14449705 36
NOAA-15              60807.57842924 60807.58655207 11
NOAA-15              60807.64676837 60807.65729981 70
NOAA-15              60807.71731898 60807.72389667 7
NOAA-15              60808.04826634 60808.05657381 13
NOAA-15              60808.11599387 60808.12651770 67
NOAA-15              60808.18825132 60808.19383661 4
NOAA-15              60808.56138316 60808.56691776 4
NOAA-15              60808.62866075 60808.63920912 65
NOAA-15              60808.69858404 60808.70697774 14
NOAA-15              60809.03136786 60809.03782469 6
NOAA-15              60809.09791093 60809.10840542 68
NOAA-15              60809.16865055 60809.17676257 11
NOAA-15              60809.61068309 60809.62086197 35
NOAA-15              60809.68009891 60809.68964903 24
NOAA-15              60810.08007574 60810.09017347 37
NOAA-15              60810.14966315 60810.15917354 22
NOAA-15              60810.59288095 60810.60221683 19
NOAA-15              60810.66176770 60810.67201954 42
NOAA-15              60810.73322584 60810.73724763 2
NOAA-15              60811.06250343 60811.07181385 21
NOAA-15              60811.13108237 60811.14133162 40
NOAA-15              60811.57535704 60811.58316528 10
NOAA-15              60811.64355954 60811.65413151 77
NOAA-15              60811.71398226 60811.72095185 8
NOAA-15              60812.04524575 60812.05328661 12
NOAA-15              60812.11278709 60812.12332566 74
NOAA-15              60812.18472665 60812.19087851 5
NOAA-15              60812.55847815 60812.56333324 3
NOAA-15              60812.62547114 60812.63599631 58
NOAA-15              60812.69530210 60812.70394582 15
NOAA-15              60813.02844191 60813.03446698 5
NOAA-15              60813.09474389 60813.10519042 61
NOAA-15              60813.16524365 60813.17367583 13
NOAA-15              60813.60751680 60813.61760015 32
NOAA-15              60813.67684585 60813.68655820 26
NOAA-15              60814.07694965 60814.08693592 34
NOAA-15              60814.14636035 60814.15602934 24
NOAA-15              60814.58974983 60814.59889429 17
NOAA-15              60814.65853529 60814.66888024 47
NOAA-15              60814.72974432 60814.73446138 3
NOAA-15              60815.05942393 60815.06854959 19
NOAA-15              60815.12783019 60815.13815336 44
NOAA-15              60815.57229194 60815.57974940 8
NOAA-15              60815.64034526 60815.65094747 85
NOAA-15              60815.71064978 60815.71798051 9
NOAA-15              60816.04222779 60816.04998316 10
NOAA-15              60816.10957702 60816.12012164 82
NOAA-15              60816.18122968 60816.18787788 6
NOAA-15              60816.62227656 60816.63276716 52
NOAA-15              60816.69201752 60816.70089464 17
NOAA-15              60817.02553237 60817.03107959 4
NOAA-15              60817.09157369 60817.10196389 55
NOAA-15              60817.16187277 60817.17056716 14
NOAA-15              60817.60434711 60817.61432053 29
NOAA-15              60817.67358814 60817.68345043 29
NOAA-15              60818.07382096 60818.08368632 30
NOAA-15              60818.14305678 60818.15287068 27
NOAA-15              60818.58661869 60818.59555012 16
NOAA-15              60818.65529746 60818.66572472 52
NOAA-15              60818.72630266 60818.73161267 4
NOAA-15              60819.05634376 60819.06527186 17
NOAA-15              60819.12457540 60819.13496248 49
NOAA-15              60819.56923729 60819.57630110 7
NOAA-15              60819.63712582 60819.64774732 86
NOAA-15              60819.70732005 60819.71498441 10
NOAA-15              60820.03921362 60820.04666240 9
NOAA-15              60820.10636395 60820.11690587 89
NOAA-15              60820.17775258 60820.18484256 8
NOAA-15              60820.61907555 60820.62952100 47
NOAA-15              60820.68873007 60820.69782460 18
NOAA-15              60821.02264585 60821.02765632 3
NOAA-15              60821.08840039 60821.09872575 49
NOAA-15              60821.15850506 60821.16744032 16
NOAA-15              60821.60117471 60821.61102229 26
NOAA-15              60821.67032589 60821.68032561 32
NOAA-15              60822.07069007 60822.08042468 28
NOAA-15              60822.13975209 60822.14969812 30
NOAA-15              60822.58348905 60822.59218322 14
NOAA-15              60822.65205467 60822.66255299 58
NOAA-18              60803.72495267 60803.73311063 10
NOAA-18              60803.79378790 60803.80470298 78
NOAA-18              60803.86477896 60803.87217138 8
NOAA-18              60804.19883399 60804.20782867 15
NOAA-18              60804.26731277 60804.27830022 63
NOAA-18              60804.34035349 60804.34615670 4
NOAA-18              60804.71646839 60804.72347316 7
NOAA-18              60804.78484014 60804.79577226 79
NOAA-18              60804.85553735 60804.86381047 12
NOAA-18              60805.19038400 60805.19864528 11
NOAA-18              60805.25833490 60805.26937558 83
NOAA-18              60805.33052328 60805.33784101 7
NOAA-18              60805.70822491 60805.71356402 3
NOAA-18              60805.77592157 60805.78678112 60
NOAA-18              60805.84636031 60805.85534341 16
NOAA-18              60806.18204206 60806.18939398 8
NOAA-18              60806.24941642 60806.26042150 75
NOAA-18              60806.32089747 60806.32932624 11
NOAA-18              60806.76703255 60806.77772724 44
NOAA-18              60806.83723120 60806.84678869 21
NOAA-18              60807.17384492 60807.18004001 5
NOAA-18              60807.24055679 60807.25143929 56
NOAA-18              60807.31145145 60807.32068973 16
NOAA-18              60807.75818091 60807.76860644 33
NOAA-18              60807.82814051 60807.83815736 27
NOAA-18              60808.16593687 60808.17049757 3
NOAA-18              60808.23175791 60808.24242916 42
NOAA-18              60808.30211858 60808.31197129 21
NOAA-18              60808.74937171 60808.75941222 25
NOAA-18              60808.81908252 60808.82945681 35
NOAA-18              60809.22301912 60809.23339018 32
NOAA-18              60809.29287718 60809.30319161 28
NOAA-18              60809.74061478 60809.75013424 19
NOAA-18              60809.81005390 60809.82069182 47
NOAA-18              60809.88183719 60809.88687131 3
NOAA-18              60810.21434568 60810.22432011 25
NOAA-18              60810.28371398 60810.29436342 37
NOAA-18              60810.73192582 60810.74075623 14
NOAA-18              60810.80105294 60810.81186537 62
NOAA-18              60810.87233241 60810.87881812 6
NOAA-18              60811.20574266 60811.21521492 19
NOAA-18              60811.27462046 60811.28549475 50
NOAA-18              60811.72333042 60811.73125068 9
NOAA-18              60811.79207904 60811.80297901 82
NOAA-18              60811.86301096 60811.87056397 9
NOAA-18              60812.19721846 60812.20606779 14
NOAA-18              60812.26559118 60812.27659112 67
NOAA-18              60812.33843985 60812.34459053 5
NOAA-18              60812.71487995 60812.72156450 6
NOAA-18              60812.78313291 60812.79403295 75
NOAA-18              60812.85377876 60812.86217781 12
NOAA-18              60813.18878665 60813.19686744 11
NOAA-18              60813.25662282 60813.26765614 88
NOAA-18              60813.32866496 60813.33621943 8
NOAA-18              60813.70671339 60813.71156224 3
NOAA-18              60813.77421664 60813.78502607 56
NOAA-18              60813.84460741 60813.85368953 17
NOAA-18              60814.18046884 60814.18759359 7
NOAA-18              60814.24771359 60814.25869203 71
NOAA-18              60814.31907046 60814.32767228 12
NOAA-18              60814.76533039 60814.77595570 42
NOAA-18              60814.83548195 60814.84511610 22
NOAA-18              60815.17230828 60815.17820489 5
NOAA-18              60815.23886349 60815.24969985 53
NOAA-18              60815.30964654 60815.31901303 17
NOAA-18              60815.75648292 60815.76681726 31
NOAA-18              60815.82639369 60815.83646760 28
NOAA-18              60816.16447616 60816.16858970 2
NOAA-18              60816.23007445 60816.24067959 40
NOAA-18              60816.30033055 60816.31027689 22
NOAA-18              60816.74767968 60816.75760341 23
NOAA-18              60816.81733743 60816.82775088 37
NOAA-18              60817.22134594 60817.23162998 31
NOAA-18              60817.29110292 60817.30148253 30
NOAA-18              60817.73893144 60817.74830300 17
NOAA-18              60817.80831017 60817.81897039 49
NOAA-18              60817.87998966 60817.88531634 4
NOAA-18              60818.21268413 60818.22254861 24
NOAA-18              60818.28195151 60818.29264142 39
NOAA-18              60818.73025566 60818.73889782 13
NOAA-18              60818.79931044 60818.81012878 66
NOAA-18              60818.87051661 60818.87721424 6
NOAA-18              60819.20409428 60819.21343080 18
NOAA-18              60819.27286855 60819.28376113 53
NOAA-18              60819.34660009 60819.35107540 2
NOAA-18              60819.72168143 60819.72935669 9
NOAA-18              60819.79033795 60819.80122735 86
NOAA-18              60819.86121090 60819.86892852 10
NOAA-18              60820.19558563 60820.20426890 14
NOAA-18              60820.26384905 60820.27484669 71
NOAA-18              60820.33651818 60820.34297600 5
NOAA-18              60820.71327727 60820.71961661 5
NOAA-18              60820.78139363 60820.79226604 71
NOAA-18              60820.85198751 60820.86051783 13
NOAA-18              60821.18717336 60821.19505025 10
NOAA-18              60821.25489005 60821.26590140 88
NOAA-18              60821.32679110 60821.33455690 9
NOAA-18              60821.70520115 60821.70949931 2
NOAA-18              60821.77247959 60821.78324344 53
NOAA-19              60803.72466639 60803.73535334 44
NOAA-19              60803.79486208 60803.80441902 21
NOAA-19              60804.13161613 60804.13771816 5
NOAA-19              60804.19834790 60804.20911871 57
NOAA-19              60804.26927998 60804.27834467 15
NOAA-19              60804.71597292 60804.72640025 33
NOAA-19              60804.78593236 60804.79594927 27
NOAA-19              60805.12385836 60805.12833898 3
NOAA-19              60805.18970640 60805.20027052 43
NOAA-19              60805.26010593 60805.26979064 20
NOAA-19              60805.70732067 60805.71737557 25
NOAA-19              60805.77703452 60805.78741194 35
NOAA-19              60806.18112316 60806.19139385 33
NOAA-19              60806.25102269 60806.26117478 27
NOAA-19              60806.69871899 60806.70826948 19
NOAA-19              60806.76816530 60806.77881166 46
NOAA-19              60806.83995196 60806.84497577 3
NOAA-19              60807.17260315 60807.18248695 25
NOAA-19              60807.24201674 60807.25251005 36
NOAA-19              60807.69018270 60807.69906660 14
NOAA-19              60807.75932304 60807.77015133 62
NOAA-19              60807.83060992 60807.83708152 6
NOAA-19              60808.16415108 60808.17354576 19
NOAA-19              60808.23307939 60808.24380492 48
NOAA-19              60808.68173564 60808.68974129 10
NOAA-19              60808.75050714 60808.76143248 82
NOAA-19              60808.82144890 60808.82898896 9
NOAA-19              60809.15577498 60809.16456391 15
NOAA-19              60809.22420506 60809.23506485 64
NOAA-19              60809.29720211 60809.30294130 4
NOAA-19              60809.67342469 60809.68024509 6
NOAA-19              60809.74171801 60809.75265538 76
NOAA-19              60809.81237626 60809.82076627 12
NOAA-19              60810.14748759 60810.15553080 11
NOAA-19              60810.21539026 60810.22629359 85
NOAA-19              60810.28754688 60810.29477123 7
NOAA-19              60810.66537177 60810.67045998 3
NOAA-19              60810.73295772 60810.74381905 57
NOAA-19              60810.80336383 60810.81244298 16
NOAA-19              60811.13930906 60811.14642760 8
NOAA-19              60811.20663324 60811.21749348 73
NOAA-19              60811.27809055 60811.28640660 11
NOAA-19              60811.72422640 60811.73492106 43
NOAA-19              60811.79439670 60811.80403588 22
NOAA-19              60812.13127902 60812.13721640 5
NOAA-19              60812.19793330 60812.20866572 55
NOAA-19              60812.26881012 60812.27792242 16
NOAA-19              60812.71553213 60812.72595718 32
NOAA-19              60812.78546622 60812.79555493 28
NOAA-19              60813.12355469 60813.12779918 2
NOAA-19              60813.18929260 60813.19981034 41
NOAA-19              60813.25964026 60813.26935761 21
NOAA-19              60813.70687980 60813.71692092 24
NOAA-19              60813.77656719 60813.78700692 36
NOAA-19              60814.18071027 60814.19092672 32
NOAA-19              60814.25055976 60814.26073256 28
NOAA-19              60814.69827916 60814.70780204 18
NOAA-19              60814.76769653 60814.77839632 48
NOAA-19              60814.83941406 60814.84465807 4
NOAA-19              60815.17219186 60815.18201219 24
NOAA-19              60815.24155564 60815.25205952 37
NOAA-19              60815.68974567 60815.69858449 13
NOAA-19              60815.75885272 60815.76972582 64
NOAA-19              60815.83009230 60815.83673058 6
NOAA-19              60816.16374214 60816.17306296 19
NOAA-19              60816.23261955 60816.24334672 49
NOAA-19              60816.68130441 60816.68924129 9
NOAA-19              60816.75003520 60816.76099685 84
NOAA-19              60816.82094029 60816.82861674 9
NOAA-19              60817.15536949 60817.16407214 14
NOAA-19              60817.22374610 60817.23459937 66
NOAA-19              60817.29664508 60817.30254710 4
NOAA-19              60817.67300545 60817.67972071 6
NOAA-19              60817.74124476 60817.75220954 74
NOAA-19              60817.81187186 60817.82037744 13
NOAA-19              60818.14708734 60818.15502854 10
NOAA-19              60818.21493199 60818.22582112 87
NOAA-19              60818.28701322 60818.29434797 8
NOAA-19              60818.66498269 60818.66989253 3
NOAA-19              60818.73248334 60818.74336276 56
NOAA-19              60818.80286128 60818.81204019 17
NOAA-19              60819.13891714 60819.14591199 7
NOAA-19              60819.20617559 60819.21701418 71
NOAA-19              60819.27756860 60819.28596550 12
NOAA-19              60819.72375115 60819.73445395 42
NOAA-19              60819.79389470 60819.80362022 22
NOAA-19              60820.13090203 60820.13668098 4
NOAA-19              60820.19747638 60820.20817963 53
NOAA-19              60820.26829537 60820.27746816 16
NOAA-19              60820.71505658 60820.72547867 31
NOAA-19              60820.78496400 60820.79512744 29
NOAA-19              60821.18883651 60821.19931748 40
NOAA-19              60821.25913015 60821.26889266 22
NOAA-19              60821.70640481 60821.71643012 24
NOAA-19              60821.77606426 60821.78656813 38
NOAA-19              60822.18025576 60822.19042681 31
NOAA-19              60822.25005278 60822.26025839 29
NOAA-19              60822.69780590 60822.70729766 18
NOAA-19              60822.76719264 60822.77794664 50
METOA                60803.74028635 60803.74509045 3
METOA                60803.80528910 60803.81525775 60
METOA                60803.87297076 60803.88104350 13
METOA                60804.25980491 60804.26924364 35
METOA                60804.32726786 60804.33603683 20
METOA                60804.75728737 60804.76475872 10
METOA                60804.82340581 60804.83335486 68
METOA                60804.89175526 60804.89800425 6
METOA                60805.21304897 60805.21913600 6
METOA                60805.27764118 60805.28749092 67
METOA                60805.34623683 60805.35361969 10
METOA                60805.77486656 60805.78370808 20
METOA                60805.84164500 60805.85120173 36
METOA                60806.22997765 60806.23790297 13
METOA                60806.29572263 60806.30560855 61
METOA                60806.36587186 60806.37062393 3
METOA                60806.79270731 60806.80226907 37
METOA                60806.86001571 60806.86878108 20
METOA                60807.24732292 60807.25639737 23
METOA                60807.31405751 60807.32358303 32
METOA                60807.74537407 60807.75083829 4
METOA                60807.81071718 60807.82053903 69
METOA                60807.87856325 60807.88603666 11
METOA                60808.20156437 60808.20564325 2
METOA                60808.26496521 60808.27472602 43
METOA                60808.33269054 60808.34136958 17
METOA                60808.76255518 60808.77025663 12
METOA                60808.82885648 60808.83855296 57
METOA                60808.89747469 60808.90280043 4
METOA                60809.21791649 60809.22479110 8
METOA                60809.28285925 60809.29292247 78
METOA                60809.35177179 60809.35884866 8
METOA                60809.78019793 60809.78907873 23
METOA                60809.84712023 60809.85631346 30
METOA                60810.23498170 60810.24343542 16
METOA                60810.30099672 60810.31098997 52
METOA                60810.79807302 60810.80754408 42
METOA                60810.86552660 60810.87379329 17
METOA                60811.25240904 60811.26185832 28
METOA                60811.31939387 60811.32890821 28
METOA                60811.75049012 60811.75642171 6
METOA                60811.81610651 60811.82572975 76
METOA                60811.88418041 60811.89091117 8
METOA                60812.20615280 60812.21142012 4
METOA                60812.27011334 60812.28013212 51
METOA                60812.33810757 60812.34662121 15
METOA                60812.76779830 60812.77564610 13
METOA                60812.83426752 60812.84366125 47
METOA                60812.90326082 60812.90740023 3
METOA                60813.22281574 60813.23032809 10
METOA                60813.28806402 60813.29827877 82
METOA                60813.35732232 60813.36397577 7
METOA                60813.78549207 60813.79435493 26
METOA                60813.85259767 60813.86133070 25
METOA                60814.23998871 60814.24887685 19
METOA                60814.30625820 60814.31629495 45
METOA                60814.80339614 60814.81273056 50
METOA                60814.87104618 60814.87870310 13
METOA                60815.25748830 60815.26723679 33
METOA                60815.32472100 60815.33415310 24
METOA                60815.75560169 60815.76187375 7
METOA                60815.82145134 60815.83083442 72
METOA                60815.88975422 60815.89566246 6
METOA                60816.21089904 60816.21700634 6
METOA                60816.27525110 60816.28545862 61
METOA                60816.34355739 60816.35178058 13
METOA                60816.77300549 60816.78093813 15
METOA                60816.83968029 60816.84868703 38
METOA                60817.22773179 60817.23575822 12
METOA                60817.29325670 60817.30355573 72
METOA                60817.36290547 60817.36898144 5
METOA                60817.79074125 60817.79954385 29
METOA                60817.85799367 60817.86626057 20
METOA                60818.24499454 60818.25422831 22
METOA                60818.31150901 60818.32151861 38
METOA                60818.80867287 60818.81783426 58
METOA                60818.87649563 60818.88351454 11
METOA                60819.26255936 60819.27253091 39
METOA                60819.33004238 60819.33931161 21
METOA                60819.76068812 60819.76721558 8
METOA                60819.82674591 60819.83585795 62
METOA                60819.89534114 60819.90026840 4
METOA                60820.21569510 60820.22245047 7
METOA                60820.28037795 60820.29070259 73
METOA                60820.34898152 60820.35684311 11
METOA                60820.77816724 60820.78614225 17
METOA                60820.84499716 60820.85362694 31
METOA                60821.23265537 60821.24108759 15
METOA                60821.29843809 60821.30874968 61
METOA                60821.36854935 60821.37383471 4
METOA                60821.79593836 60821.80465257 34
METOA                60821.86334493 60821.87110322 17
METOA                60822.24999531 60822.25948980 26
METOA                60822.31675063 60822.32665654 33
METOA                60822.74878401 60822.75293442 3
METOA                60822.81389221 60822.82286116 68
METOA                60822.88191616 60822.88822237 8
METOA                60823.20402916 60823.20880592 3
METOA                60823.26761959 60823.27773918 46
METOB                60803.67610454 60803.68573121 21
METOB                60803.74532289 60803.75566377 40
METOB                60804.14738319 60804.15710774 25
METOB                60804.21644848 60804.22676793 35
METOB                60804.66212225 60804.67069808 13
METOB                60804.73084796 60804.74150528 64
METOB                60804.80176024 60804.80815119 6
METOB                60805.13358629 60805.14245674 16
METOB                60805.20185420 60805.21250973 57
METOB                60805.27492479 60805.27967729 3
METOB                60805.64840548 60805.65531372 7
METOB                60805.71644575 60805.72719222 81
METOB                60805.78682438 60805.79481618 11
METOB                60806.12001669 60806.12767656 10
METOB                60806.18742295 60806.19816528 89
METOB                60806.25904992 60806.26638870 8
METOB                60806.70212095 60806.71272340 50
METOB                60806.77207916 60806.78118632 18
METOB                60807.10677601 60807.11267286 5
METOB                60807.17314610 60807.18374521 57
METOB                60807.24373534 60807.25259615 15
METOB                60807.68788239 60807.69808747 31
METOB                60807.75745115 60807.76734158 27
METOB                60808.15902551 60808.16925175 36
METOB                60808.22876308 60808.23856991 24
METOB                60808.67376142 60808.68325771 20
METOB                60808.74291074 60808.75331834 43
METOB                60808.81456897 60808.81884477 2
METOB                60809.14506955 60809.15467935 23
METOB                60809.21401287 60809.22439994 38
METOB                60809.65980907 60809.66817906 12
METOB                60809.72844564 60809.73913428 68
METOB                60809.79926117 60809.80594727 7
METOB                60810.13130262 60810.14001002 15
METOB                60810.19944331 60810.21012591 61
METOB                60810.27223183 60810.27751426 3
METOB                60810.64615153 60810.65271849 6
METOB                60810.71405359 60810.72479604 76
METOB                60810.78436215 60810.79255607 12
METOB                60811.11777363 60811.12520241 9
METOB                60811.18503467 60811.19576790 84
METOB                60811.25648895 60811.26410482 9
METOB                60811.69973796 60811.71030098 47
METOB                60811.76963688 60811.77888790 19
METOB                60812.10460187 60812.11014365 4
METOB                60812.17078017 60812.18133514 53
METOB                60812.24123045 60812.25026535 16
METOB                60812.68551565 60812.69563578 29
METOB                60812.75502243 60812.76501236 29
METOB                60813.15668275 60813.16682868 33
METOB                60813.22629525 60813.23621168 25
METOB                60813.67141488 60813.68077082 18
METOB                60813.74049282 60813.75096190 46
METOB                60813.81198154 60813.81673346 3
METOB                60814.14275277 60814.15224128 22
METOB                60814.21157349 60814.22202224 41
METOB                60814.65749508 60814.66564364 11
METOB                60814.72603770 60814.73675236 74
METOB                60814.79676221 60814.80372599 7
METOB                60815.12901724 60815.13755267 14
METOB                60815.19702831 60815.20773286 66
METOB                60815.26956370 60815.27531325 4
METOB                60815.64390632 60815.65009715 5
METOB                60815.71165575 60815.72238876 70
METOB                60815.78189625 60815.79028260 13
METOB                60816.11553117 60816.12271522 8
METOB                60816.18264241 60816.19336146 78
METOB                60816.25393078 60816.26180464 10
METOB                60816.69735165 60816.70786711 43
METOB                60816.76718963 60816.77657755 20
METOB                60817.10243811 60817.10759208 3
METOB                60817.16841019 60817.17891605 49
METOB                60817.23872426 60817.24792290 17
METOB                60817.68314448 60817.69317187 27
METOB                60817.75258821 60817.76267182 31
METOB                60818.15433632 60818.16439627 31
METOB                60818.22382433 60818.23384315 27
METOB                60818.66906533 60818.67827009 17
METOB                60818.73806916 60818.74859458 49
METOB                60818.80941023 60818.81458869 4
METOB                60819.14043294 60819.14979351 20
METOB                60819.20913029 60819.21963500 44
METOB                60819.65518157 60819.66309085 10
METOB                60819.72362394 60819.73435938 79
METOB                60819.79426280 60819.80148818 8
METOB                60820.12673022 60820.13508451 13
METOB                60820.19460916 60820.20533066 71
METOB                60820.26691303 60820.27308167 5
METOB                60820.64168133 60820.64744570 4
METOB                60820.70925251 60820.71997024 65
METOB                60820.77942651 60820.78799593 14
METOB                60821.11329029 60821.12021435 7
METOB                60821.18024579 60821.19094604 73
METOB                60821.25137443 60821.25948960 11
METOB                60821.69496044 60821.70542132 40
METOB                60821.76473740 60821.77425526 22
METOB                60822.10034402 60822.10501469 3
METOB                60822.16603708 60822.17648775 45
METOB                60822.23621625 60822.24556876 18
