iss                  60803.24745400 60803.25495774 63
iss                  60803.31552261 60803.32154112 10
iss                  60803.58884266 60803.59593890 22
iss                  60803.65599022 60803.66292799 20
iss                  60804.21386205 60804.22101434 28
iss                  60804.28116898 60804.28798259 17
iss                  60804.55521698 60804.56166353 13
iss                  60804.62197479 60804.62941947 42
iss                  60805.18050184 60805.18686894 13
iss                  60805.24699905 60805.25431250 30
iss                  60805.31661827 60805.32011261 2
iss                  60805.52169035 60805.52714432 7
iss                  60805.58808149 60805.59567026 83
iss                  60805.65644262 60805.66089030 4
iss                  60806.14744122 60806.15238173 6
iss                  60806.21300061 60806.22053251 66
iss                  60806.28170449 60806.28680467 6
iss                  60806.48830234 60806.49231310 3
iss                  60806.55427460 60806.56170389 37
iss                  60806.62184013 60806.62800911 11
iss                  60807.17917538 60807.18662880 53
iss                  60807.24709256 60807.25327588 11
iss                  60807.52053826 60807.52752444 20
iss                  60807.58759200 60807.59466104 23
iss                  60808.14554364 60808.15257014 24
iss                  60808.21269266 60808.21961548 19
iss                  60808.48684635 60808.49311966 11
iss                  60808.55352338 60808.56102145 50
iss                  60809.11216224 60809.11829015 12
iss                  60809.17847466 60809.18584408 35
iss                  60809.24788642 60809.25174888 3
iss                  60809.45326204 60809.45846031 6
iss                  60809.51956897 60809.52714621 70
iss                  60809.58771977 60809.59262365 5
iss                  60810.07913310 60810.08360808 4
iss                  60810.14442932 60810.15196026 78
iss                  60810.21296157 60810.21830398 6
iss                  60810.41984616 60810.42345661 2
iss                  60810.48569746 60810.49305408 32
iss                  60810.55313511 60810.55953900 13
iss                  60811.11056129 60811.11794689 44
iss                  60811.17831328 60811.18466605 12
iss                  60811.45187541 60811.45874523 17
iss                  60811.51885140 60811.52604262 27
iss                  60812.07689681 60812.08376713 20
iss                  60812.14387026 60812.15090246 21
iss                  60812.41814058 60812.42420600 10
iss                  60812.48473054 60812.49226926 60
iss                  60813.04350735 60813.04934038 10
iss                  60813.10960785 60813.11702788 41
iss                  60813.17880715 60813.18303429 3
iss                  60813.38450484 60813.38939727 5
iss                  60813.45071614 60813.45826455 58
iss                  60813.51866827 60813.52399271 7
iss                  60814.01055504 60814.01441800 3
iss                  60814.07551986 60814.08303748 86
iss                  60814.14386891 60814.14945817 7
iss                  60814.41678155 60814.42404283 28
iss                  60814.48409045 60814.49071579 15
iss                  60815.04161449 60815.04891025 36
iss                  60815.10918652 60815.11571101 14
iss                  60815.38289511 60815.38960025 15
iss                  60815.44977033 60815.45707033 32
iss                  60816.00792563 60816.01460209 17
iss                  60816.07470385 60816.08184288 24
iss                  60816.34910163 60816.35491912 9
iss                  60816.41559755 60816.42316082 74
iss                  60816.48438429 60816.48781438 2
iss                  60816.97454649 60816.98001209 8
iss                  60817.04040077 60817.04786293 49
iss                  60817.10938164 60817.11396951 4
iss                  60817.31542322 60817.31994926 4
iss                  60817.38152429 60817.38902318 48
iss                  60817.44928776 60817.45499806 8
iss                  60818.00627462 60818.01376274 70
iss                  60818.07442864 60818.08026671 9
iss                  60818.34752809 60818.35466745 24
iss                  60818.41470784 60818.42153729 18
iss                  60818.97233839 60818.97951672 30
iss                  60819.03971471 60819.04641006 16
iss                  60819.31357969 60819.32008585 13
iss                  60819.38035006 60819.38774233 38
iss                  60819.93863546 60819.94507062 14
iss                  60820.00519571 60820.01243582 28
iss                  60820.27973220 60820.28525504 7
iss                  60820.34612577 60820.35369388 89
iss                  60820.41456347 60820.41876544 4
iss                  60820.90522871 60820.91029138 6
iss                  60820.97085626 60820.97834801 61
iss                  60821.03961178 60821.04455498 5
iss                  60821.24602407 60821.25010790 3
iss                  60821.31199448 60821.31941976 39
iss                  60821.37957837 60821.38563971 10
iss                  60821.93669668 60821.94413417 56
iss                  60822.00464319 60822.01072908 10
iss                  60822.27793838 60822.28492548 20
iss                  60822.34498872 60822.35200139 22
iss                  60822.90273666 60822.90976283 24
iss                  60822.96990031 60822.97676233 18
AO-07                60803.03959100 60803.04809914 6
AO-07                60803.11333975 60803.12840503 55
AO-07                60803.19241060 60803.20609745 24
AO-07                60803.62083104 60803.63507537 29
AO-07                60803.69875112 60803.71374210 48
AO-07                60803.77940572 60803.78690116 4
AO-07                60804.07324290 60804.08615714 21
AO-07                60804.14979073 60804.16513487 68
AO-07                60804.23182262 60804.24077027 6
AO-07                60804.58124666 60804.59064244 7
AO-07                60804.65701992 60804.67250168 70
AO-07                60804.73602952 60804.74896421 20
AO-07                60805.03528789 60805.04282551 5
AO-07                60805.10851092 60805.12342120 49
AO-07                60805.18725946 60805.20129492 28
AO-07                60805.61602210 60805.62993599 25
AO-07                60805.69376469 60805.70891684 54
AO-07                60805.77411593 60805.78260812 6
AO-07                60806.06859834 60806.08108929 18
AO-07                60806.14482202 60806.16021570 76
AO-07                60806.22630279 60806.23627994 8
AO-07                60806.57683543 60806.58504642 5
AO-07                60806.65210823 60806.66752268 62
AO-07                60806.73097141 60806.74430204 23
AO-07                60807.03108044 60807.03746535 3
AO-07                60807.10369663 60807.11842899 43
AO-07                60807.18213578 60807.19647284 32
AO-07                60807.61123488 60807.62476751 22
AO-07                60807.68878710 60807.70407206 60
AO-07                60807.76888573 60807.77823746 8
AO-07                60808.06398362 60808.07600696 16
AO-07                60808.13987203 60808.15528694 84
AO-07                60808.22087256 60808.23170892 10
AO-07                60808.57257891 60808.57927726 3
AO-07                60808.64720783 60808.66252436 55
AO-07                60808.72592579 60808.73961366 26
AO-07                60809.09890274 60809.11342838 39
AO-07                60809.17703742 60809.19163347 36
AO-07                60809.60647279 60809.61956646 19
AO-07                60809.68381832 60809.69920827 67
AO-07                60809.76369846 60809.77380604 9
AO-07                60810.05940179 60810.07090797 14
AO-07                60810.13494057 60810.15034906 87
AO-07                60810.21551063 60810.22707816 13
AO-07                60810.64231775 60810.65750614 49
AO-07                60810.72089160 60810.73490024 29
AO-07                60811.09412372 60811.10841897 34
AO-07                60811.17196266 60811.18677842 41
AO-07                60811.60174657 60811.61432895 16
AO-07                60811.67885842 60811.69432576 75
AO-07                60811.75854407 60811.76932429 11
AO-07                60812.05485632 60812.06578940 12
AO-07                60812.13002757 60812.14540240 78
AO-07                60812.21020361 60812.22240069 15
AO-07                60812.63744152 60812.65246726 43
AO-07                60812.71586804 60812.73016329 33
AO-07                60813.08937281 60813.10340040 31
AO-07                60813.16691015 60813.18190930 46
AO-07                60813.59704860 60813.60904942 14
AO-07                60813.67390743 60813.68942473 83
AO-07                60813.75341561 60813.76479943 13
AO-07                60814.05035155 60814.06064733 10
AO-07                60814.12513308 60814.14044723 70
AO-07                60814.20494240 60814.21768546 18
AO-07                60814.63257953 60814.64740675 38
AO-07                60814.71085447 60814.72540391 37
AO-07                60815.08464498 60815.09837215 27
AO-07                60815.16187882 60815.17702742 52
AO-07                60815.24561588 60815.25122533 2
AO-07                60815.59239240 60815.60372032 12
AO-07                60815.66896597 60815.68450526 88
AO-07                60815.74830904 60815.76023654 15
AO-07                60816.04589386 60816.05547608 8
AO-07                60816.12025721 60816.13548372 63
AO-07                60816.19972052 60816.21293878 21
AO-07                60816.62773267 60816.64232341 34
AO-07                60816.70585043 60816.72062300 42
AO-07                60816.78697165 60816.79303127 3
AO-07                60817.07994140 60817.09333328 24
AO-07                60817.15686781 60817.17213365 59
AO-07                60817.23970276 60817.24711228 4
AO-07                60817.58778821 60817.59833085 9
AO-07                60817.66403383 60817.67956734 79
AO-07                60817.74322082 60817.75563948 17
AO-07                60818.04155338 60818.05026917 6
AO-07                60818.11540314 60818.13051198 56
AO-07                60818.19453316 60818.20816561 24
AO-07                60818.62290276 60818.63721570 30
AO-07                60818.70085557 60818.71582148 47
AO-07                60818.78157208 60818.78887180 4
AO-07                60819.07526319 60819.08828334 21
AO-07                60819.15187646 60819.16722888 66
AO-07                60819.23402428 60819.24277061 6
AO-07                60819.58325197 60819.59286464 7
AO-07                60819.65911167 60819.67461081 71
AO-07                60819.73814852 60819.75101128 20
AO-07                60820.03722443 60820.04500924 5
AO-07                60820.11056564 60820.12553214 50
AO-07                60820.18937665 60820.20336934 27
LO-19                60803.11557568 60803.12525749 29
LO-19                60803.18449983 60803.19396850 23
LO-19                60803.62886728 60803.63788260 18
LO-19                60803.69734334 60803.70717705 35
LO-19                60804.09373257 60804.10188880 13
LO-19                60804.16120539 60804.17150154 53
LO-19                60804.60711948 60804.61367036 6
LO-19                60804.67436634 60804.68468433 81
LO-19                60804.74488185 60804.75082788 5
LO-19                60805.07284746 60805.07786095 3
LO-19                60805.13838361 60805.14872507 66
LO-19                60805.20892027 60805.21635023 9
LO-19                60805.65165792 60805.66174720 42
LO-19                60805.72104764 60805.72959434 16
LO-19                60806.11600630 60806.12568095 29
LO-19                60806.18493425 60806.19438968 23
LO-19                60806.62928843 60806.63831163 18
LO-19                60806.69776710 60806.70760196 35
LO-19                60807.09416096 60807.10231112 13
LO-19                60807.16163688 60807.17192244 53
LO-19                60807.60753625 60807.61410164 6
LO-19                60807.67478794 60807.68510947 81
LO-19                60807.74530632 60807.75124798 5
LO-19                60808.07327374 60808.07828184 3
LO-19                60808.13881266 60808.14914520 66
LO-19                60808.20935512 60808.21676585 9
LO-19                60808.65207732 60808.66217254 43
LO-19                60808.72146907 60808.73001587 16
LO-19                60809.11643309 60809.12610006 29
LO-19                60809.18536464 60809.19480662 23
LO-19                60809.62970521 60809.63873770 18
LO-19                60809.69818634 60809.70802390 35
LO-19                60810.09458556 60810.10272906 13
LO-19                60810.16206437 60810.17233911 53
LO-19                60810.60794865 60810.61452979 6
LO-19                60810.67520513 60810.68553155 81
LO-19                60810.74572576 60810.75166568 5
LO-19                60811.07369638 60811.07869821 3
LO-19                60811.13923773 60811.14956110 66
LO-19                60811.20978574 60811.21717739 9
LO-19                60811.65249238 60811.66259475 43
LO-19                60811.72188589 60811.73043458 16
LO-19                60812.11685592 60812.12651494 29
LO-19                60812.18579087 60812.19521944 23
LO-19                60812.63011772 60812.63916039 18
LO-19                60812.69860114 60812.70844286 35
LO-19                60813.09500622 60813.10314276 13
LO-19                60813.16248773 60813.17275164 53
LO-19                60813.60835681 60813.61495473 6
LO-19                60813.67561800 60813.68595054 81
LO-19                60813.74614026 60813.75208095 5
LO-19                60814.07411519 60814.07911027 3
LO-19                60814.13965869 60814.14997287 66
LO-19                60814.21021195 60814.21758500 9
LO-19                60814.65290320 60814.66301379 43
LO-19                60814.72229820 60814.73085043 16
LO-19                60815.11727467 60815.12692572 29
LO-19                60815.18621280 60815.19562827 23
LO-19                60815.63052606 60815.63957985 19
LO-19                60815.69901161 60815.70885878 35
LO-19                60816.09542282 60816.10355237 13
LO-19                60816.16290705 60816.17316017 53
LO-19                60816.60876087 60816.61537640 6
LO-19                60816.67602666 60816.68636638 81
LO-19                60816.74654998 60816.75249373 5
LO-19                60817.07453001 60817.07951821 3
LO-19                60817.14007544 60817.15038064 66
LO-19                60817.21063361 60817.21798884 9
LO-19                60817.65330990 60817.66342961 43
LO-19                60817.72270612 60817.73126338 16
LO-19                60818.11768922 60818.12733251 29
LO-19                60818.18663032 60818.19603323 23
LO-19                60818.63093036 60818.63999600 19
LO-19                60818.69941786 60818.70927162 35
LO-19                60819.09583524 60819.10395801 13
LO-19                60819.16332182 60819.17356481 53
LO-19                60819.60916097 60819.61579468 6
LO-19                60819.67643121 60819.68677902 81
LO-19                60819.74695506 60819.75290393 5
LO-19                60820.07494065 60820.07992223 3
LO-19                60820.14048787 60820.15078453 66
LO-19                60820.21105059 60820.21838905 9
LO-19                60820.65371259 60820.66384212 43
LO-19                60820.72310978 60820.73167335 16
LO-19                60821.11809948 60821.12773544 29
LO-19                60821.18704332 60821.19643445 23
LO-19                60821.63133074 60821.64040877 19
LO-19                60821.69982001 60821.70968130 34
LO-19                60822.09624338 60822.10435984 13
LO-19                60822.16373214 60822.17396568 53
LO-19                60822.60955729 60822.61620946 6
LO-19                60822.67683178 60822.68718838 81
LO-19                60822.74735565 60822.75331145 5
LO-19                60823.07534697 60823.08032254 3
LO-19                60823.14089590 60823.15118467 66
LO-19                60823.21146274 60823.21878578 9
LO-19                60823.65411138 60823.66425127 43
LO-19                60823.72350931 60823.73208026 16
LO-19                60824.11850535 60824.12813464 29
FO-29                60803.28754352 60803.29296845 3
FO-29                60803.35739387 60803.36995402 57
FO-29                60803.43095673 60803.44151368 17
FO-29                60803.77672479 60803.78746798 13
FO-29                60803.84731118 60803.86145955 81
FO-29                60803.92239797 60803.93285027 12
FO-29                60804.31984203 60804.33056746 18
FO-29                60804.39206694 60804.40441587 48
FO-29                60804.46735240 60804.47315420 3
FO-29                60804.80961614 60804.82293759 35
FO-29                60804.88229658 60804.89582811 37
FO-29                60805.35381746 60805.36613518 52
FO-29                60805.42728648 60805.43788155 18
FO-29                60805.77323103 60805.78374429 12
FO-29                60805.84360048 60805.85784307 80
FO-29                60805.91844491 60805.92940687 13
FO-29                60806.31635595 60806.32661736 16
FO-29                60806.38844358 60806.40067897 52
FO-29                60806.46355096 60806.46971737 4
FO-29                60806.80600369 60806.81927301 32
FO-29                60806.87850355 60806.89225989 41
FO-29                60807.35023992 60807.36230491 47
FO-29                60807.42361702 60807.43423653 19
FO-29                60807.76976163 60807.78000471 11
FO-29                60807.83990497 60807.85421699 76
FO-29                60807.91452142 60807.92593927 15
FO-29                60808.31288109 60808.32264617 14
FO-29                60808.38481974 60808.39693209 56
FO-29                60808.45976539 60808.46625031 5
FO-29                60808.80240836 60808.81559789 30
FO-29                60808.87472732 60808.88867977 44
FO-29                60809.34666570 60809.35846364 43
FO-29                60809.41994725 60809.43057979 21
FO-29                60809.76631786 60809.77624712 10
FO-29                60809.83622485 60809.85058089 72
FO-29                60809.91062478 60809.92244943 17
FO-29                60810.30941931 60810.31865176 12
FO-29                60810.38119471 60810.39317599 60
FO-29                60810.45599096 60810.46275794 5
FO-29                60810.79883066 60810.81191139 28
FO-29                60810.87096765 60810.88508763 48
FO-29                60811.34309238 60811.35461173 38
FO-29                60811.41627646 60811.42691246 22
FO-29                60811.76290244 60811.77246904 9
FO-29                60811.83256052 60811.84693398 67
FO-29                60811.90675286 60811.91893907 19
FO-29                60812.30597331 60812.31463168 10
FO-29                60812.37756794 60812.38941140 65
FO-29                60812.45222411 60812.45924403 6
FO-29                60812.79527105 60812.80821247 26
FO-29                60812.86722430 60812.88148321 52
FO-29                60812.94469630 60812.95104634 3
FO-29                60813.33951972 60813.35074942 34
FO-29                60813.41260335 60813.42323563 24
FO-29                60813.75951769 60813.76866719 8
FO-29                60813.82891165 60813.84327624 63
FO-29                60813.90290394 60813.91540947 20
FO-29                60814.30254697 60814.31058159 8
FO-29                60814.37393856 60814.38563909 69
FO-29                60814.44846207 60814.45571161 6
FO-29                60814.79173002 60814.80450073 24
FO-29                60814.86349703 60814.87786663 57
FO-29                60814.94049180 60814.94782488 4
FO-29                60815.33594763 60815.34687694 31
FO-29                60815.40892736 60815.41955035 25
FO-29                60815.75616700 60815.76483797 7
FO-29                60815.82527854 60815.83960680 58
FO-29                60815.89907661 60815.91186154 22
FO-29                60816.29914622 60816.30649567 7
FO-29                60816.37030638 60816.38185975 73
FO-29                60816.44470264 60816.45216321 7
FO-29                60816.78820804 60816.80077497 23
FO-29                60816.85978559 60816.87423736 61
FO-29                60816.93639111 60816.94451788 5
FO-29                60817.33237633 60817.34299447 27
FO-29                60817.40524780 60817.41585763 27
FO-29                60817.75291791 60817.76097822 6
FO-29                60817.82166406 60817.83592547 54
FO-29                60817.89526962 60817.90829626 24
FO-29                60818.29578823 60818.30236437 5
FO-29                60818.36667085 60818.37807409 74
FO-29                60818.44094407 60818.44860103 8
FO-29                60818.78470562 60818.79703439 21
FO-29                60818.85608972 60818.87059545 66
FO-29                60818.93235409 60818.94115075 7
FO-29                60819.32880583 60819.33910208 24
FO-29                60819.40156406 60819.41215845 29
FO-29                60819.74965346 60819.75707627 5
FO-29                60819.81806251 60819.83223198 50
FO-29                60819.89148190 60819.90471399 27
FO-29                60820.29247355 60820.29817125 4
FO-29                60820.36303173 60820.37428278 72
FO-29                60820.43718494 60820.44502701 9
FO-29                60820.78122328 60820.79327805 19
FO-29                60820.85240911 60820.86694103 71
FO-29                60820.92836687 60820.93773632 8
FO-29                60821.32523620 60821.33519950 21
FO-29                60821.39787566 60821.40845374 32
FO-29                60821.74644548 60821.75312313 4
SO-50                60803.00785206 60803.01197745 2
SO-50                60803.07537930 60803.08444232 54
SO-50                60803.14577333 60803.15222250 8
SO-50                60803.59300096 60803.59920541 7
SO-50                60803.66028486 60803.66994819 75
SO-50                60803.73198440 60803.73802301 5
SO-50                60804.01988620 60804.02698535 10
SO-50                60804.08855211 60804.09756875 53
SO-50                60804.60480284 60804.61331997 19
SO-50                60804.67373608 60804.68294606 30
SO-50                60805.03253491 60805.04106210 25
SO-50                60805.10203862 60805.11019092 20
SO-50                60805.61735901 60805.62684650 48
SO-50                60805.68769815 60805.69567502 13
SO-50                60805.97770968 60805.98247369 3
SO-50                60806.04548089 60806.05458382 64
SO-50                60806.11608654 60806.12207397 6
SO-50                60806.56283587 60806.56952569 8
SO-50                60806.63041432 60806.64005079 65
SO-50                60806.70240623 60806.70794865 4
SO-50                60806.98989429 60806.99727502 12
SO-50                60807.05868710 60807.06763018 45
SO-50                60807.57478110 60807.58350545 22
SO-50                60807.64392774 60807.65300234 26
SO-50                60808.00258698 60808.01124791 28
SO-50                60808.07222500 60808.08015652 17
SO-50                60808.58741166 60808.59696532 56
SO-50                60808.65797059 60808.66567331 12
SO-50                60808.94759499 60808.95289501 4
SO-50                60809.01556246 60809.02468762 74
SO-50                60809.08647258 60809.09185828 5
SO-50                60809.53267944 60809.53978816 10
SO-50                60809.60052684 60809.61012078 56
SO-50                60809.67283809 60809.67781600 3
SO-50                60809.95988615 60809.96751951 14
SO-50                60810.02880199 60810.03765360 39
SO-50                60810.54474767 60810.55365261 25
SO-50                60810.61410342 60810.62302577 23
SO-50                60810.97261830 60810.98139445 32
SO-50                60811.04239645 60811.05007935 15
SO-50                60811.55744892 60811.56705026 65
SO-50                60811.62823179 60811.63563499 10
SO-50                60811.91748478 60811.92324858 6
SO-50                60811.98562269 60811.99475397 85
SO-50                60812.05682202 60812.06156487 4
SO-50                60812.50252514 60812.50999896 11
SO-50                60812.57062231 60812.58015832 49
SO-50                60812.64338973 60812.64761097 2
SO-50                60812.92986044 60812.93772028 15
SO-50                60812.99889701 60813.00763871 33
SO-50                60813.51470128 60813.52376237 29
SO-50                60813.58426330 60813.59301603 21
SO-50                60813.94262850 60813.95150254 36
SO-50                60814.01255440 60814.01995826 13
SO-50                60814.46118501 60814.46558094 3
SO-50                60814.52746874 60814.53710178 75
SO-50                60814.59848303 60814.60555845 9
SO-50                60814.88737114 60814.89354283 7
SO-50                60814.95566143 60814.96478309 81
SO-50                60815.02721771 60815.03116806 2
SO-50                60815.47236838 60815.48016219 13
SO-50                60815.54070062 60815.55016353 43
SO-50                60815.89981615 60815.90787893 17
SO-50                60815.96897264 60815.97758563 29
SO-50                60816.48464091 60816.49383587 33
SO-50                60816.55440766 60816.56297320 18
SO-50                60816.91261737 60816.92157233 42
SO-50                60816.98270051 60816.98979108 11
SO-50                60817.43077439 60817.43593202 4
SO-50                60817.49747175 60817.50712024 85
SO-50                60817.56872595 60817.57544217 7
SO-50                60817.85724904 60817.86378308 8
SO-50                60817.92567900 60817.93477514 70
SO-50                60818.44220583 60818.45028120 15
SO-50                60818.51076155 60818.52013651 37
SO-50                60818.86975247 60818.87799646 20
SO-50                60818.93902919 60818.94749379 25
SO-50                60819.45456569 60819.46387394 38
SO-50                60819.52453686 60819.53289675 16
SO-50                60819.88258478 60819.89160445 49
SO-50                60819.95283752 60819.95957560 9
SO-50                60820.40041208 60820.40618954 5
SO-50                60820.46745748 60820.47710595 83
SO-50                60820.53896281 60820.54528379 6
SO-50                60820.82711504 60820.83397318 9
SO-50                60820.89567530 60820.90473020 60
SO-50                60821.41203493 60821.42035832 17
SO-50                60821.48080541 60821.49007728 33
SO-50                60821.83966727 60821.84807381 22
SO-50                60821.90906735 60821.91736283 22
SO-50                60822.42447489 60822.43387727 43
SO-50                60822.49465133 60822.50278633 14
SO-50                60822.78494556 60822.78921669 3
SO-50                60822.85253049 60822.86159927 56
SO-50                60822.92296845 60822.92930842 8
SO-50                60823.37007490 60823.37637418 7
SO-50                60823.43742574 60823.44705918 73
SO-50                60823.50919675 60823.51508012 5
SO-50                60823.79696436 60823.80411838 11
HO-68                60802.98143611 60802.98893907 36
HO-68                60803.05087123 60803.06348789 29
HO-68                60803.46077301 60803.47005677 9
HO-68                60803.53374730 60803.54739734 85
HO-68                60803.60963467 60803.61981702 13
HO-68                60803.96450821 60803.97695725 29
HO-68                60804.03873783 60804.05189612 40
HO-68                60804.45000162 60804.45693136 4
HO-68                60804.52198186 60804.53554550 63
HO-68                60804.59746214 60804.60874717 18
HO-68                60804.95320994 60804.96491111 21
HO-68                60805.02672873 60805.04022358 55
HO-68                60805.10614839 60805.11153176 2
HO-68                60805.51027741 60805.52358575 46
HO-68                60805.58538221 60805.59751127 25
HO-68                60805.94205674 60805.95278370 15
HO-68                60806.01483090 60806.02848412 76
HO-68                60806.09266875 60806.10108711 7
HO-68                60806.49864792 60806.51150876 33
HO-68                60806.57337358 60806.58613691 35
HO-68                60806.93109956 60806.94054395 10
HO-68                60807.00303847 60807.01668602 81
HO-68                60807.07982243 60807.09006596 12
HO-68                60807.48711017 60807.49929790 24
HO-68                60807.56142504 60807.57464109 47
HO-68                60807.63879841 60807.64456615 3
HO-68                60807.92046781 60807.92812603 6
HO-68                60807.99135215 60808.00483368 60
HO-68                60808.06728342 60808.07878207 18
HO-68                60808.47569483 60808.48692286 16
HO-68                60808.54953126 60808.56303400 64
HO-68                60808.62610734 60808.63421075 7
HO-68                60808.91026033 60808.91531906 2
HO-68                60808.97976968 60808.99292826 44
HO-68                60809.05494874 60809.06733616 26
HO-68                60809.46446411 60809.47432718 11
HO-68                60809.53769059 60809.55132146 86
HO-68                60809.61373352 60809.62345073 11
HO-68                60809.96830051 60809.98096742 32
HO-68                60810.04276989 60810.05577631 36
HO-68                60810.45352835 60810.46138384 6
HO-68                60810.52590519 60810.53950519 70
HO-68                60810.60152046 60810.61244738 16
HO-68                60810.95695588 60810.96894481 24
HO-68                60811.03072050 60811.04412920 50
HO-68                60811.51417828 60811.52758283 51
HO-68                60811.58941145 60811.60126456 23
HO-68                60811.94574759 60811.95684761 17
HO-68                60812.01878571 60812.03241124 68
HO-68                60812.09707001 60812.10466308 5
HO-68                60812.50252181 60812.51554724 37
HO-68                60812.57737964 60812.58993523 31
HO-68                60812.93471985 60812.94465133 12
HO-68                60813.00695759 60813.02063228 89
HO-68                60813.08407054 60813.09377843 10
HO-68                60813.49094990 60813.50338432 27
HO-68                60813.56541102 60813.57847944 42
HO-68                60813.92392392 60813.93230532 7
HO-68                60813.99523365 60814.00879797 67
HO-68                60814.07144315 60814.08256791 16
HO-68                60814.47948792 60814.49106959 19
HO-68                60814.55349836 60814.56690938 58
HO-68                60814.63030638 60814.63770350 5
HO-68                60814.91356394 60814.91967891 3
HO-68                60814.98361693 60814.99691053 49
HO-68                60815.05904596 60815.07117000 23
HO-68                60815.46818058 60815.47855792 12
HO-68                60815.54163931 60815.55523238 78
HO-68                60815.61785020 60815.62705480 10
HO-68                60815.97210809 60815.98496880 36
HO-68                60816.04681775 60816.05964489 32
HO-68                60816.45712687 60816.46575568 7
HO-68                60816.52983426 60816.54345148 78
HO-68                60816.60559008 60816.61612558 14
HO-68                60816.96071935 60816.97296825 26
HO-68                60817.03472637 60817.04802521 44
HO-68                60817.44657523 60817.45239107 3
HO-68                60817.51808752 60817.53156578 57
HO-68                60817.59344877 60817.60499959 20
HO-68                60817.94945960 60817.96089832 19
HO-68                60818.02275373 60818.03632982 61
HO-68                60818.10157696 60818.10815069 4
HO-68                60818.50640430 60818.51956988 41
HO-68                60818.58139205 60818.59371767 28
HO-68                60818.93836809 60818.94873958 13
HO-68                60819.01088985 60819.02457061 83
HO-68                60819.08836123 60819.09745321 8
HO-68                60819.49480100 60819.50745238 30
HO-68                60819.56940243 60819.58230352 38
HO-68                60819.92748346 60819.93645321 9
HO-68                60819.99913056 60820.01275451 74
HO-68                60820.07563019 60820.08633076 14
HO-68                60820.48329742 60820.49519303 21
HO-68                60820.55747074 60820.57077139 52
HO-68                60820.63455207 60820.64113716 4
HO-68                60820.91696709 60820.92394959 5
HO-68                60820.98747774 60821.00088488 54
HO-68                60821.06316361 60821.07498764 20
HO-68                60821.47193047 60821.48275530 14
AO-73                60803.00632642 60803.01437230 30
AO-73                60803.07286622 60803.07969023 12
AO-73                60803.49730888 60803.50351355 8
AO-73                60803.56209094 60803.57076709 50
AO-73                60804.00568682 60804.01374548 29
AO-73                60804.07219897 60804.07909807 12
AO-73                60804.49672123 60804.50283086 7
AO-73                60804.56145787 60804.57014121 52
AO-73                60805.00505414 60805.01310128 29
AO-73                60805.07151475 60805.07848887 13
AO-73                60805.49611930 60805.50212770 7
AO-73                60805.56080820 60805.56949752 53
AO-73                60806.00440493 60806.01243963 28
AO-73                60806.07081361 60806.07786260 13
AO-73                60806.49550325 60806.50140390 7
AO-73                60806.56014194 60806.56883598 55
AO-73                60807.00373997 60807.01176048 27
AO-73                60807.07009564 60807.07721918 14
AO-73                60807.49487330 60807.50065899 6
AO-73                60807.55945909 60807.56815656 57
AO-73                60808.00305899 60808.01106377 26
AO-73                60808.06936088 60808.07655856 14
AO-73                60808.49422967 60808.49989304 6
AO-73                60808.55875964 60808.56745923 59
AO-73                60809.00236206 60809.01034946 25
AO-73                60809.06860942 60809.07588069 15
AO-73                60809.49357292 60809.49910559 6
AO-73                60809.55804361 60809.56674399 61
AO-73                60810.00164924 60810.00961748 25
AO-73                60810.06784134 60810.07518551 15
AO-73                60810.49290285 60810.49829627 5
AO-73                60810.55731099 60810.56601078 64
AO-73                60811.00092062 60811.00886778 24
AO-73                60811.06705687 60811.07447297 16
AO-73                60811.49222009 60811.49746469 5
AO-73                60811.55656179 60811.56525960 66
AO-73                60812.00017667 60812.00810029 23
AO-73                60812.06625572 60812.07374284 17
AO-73                60812.49152506 60812.49661033 4
AO-73                60812.55579599 60812.56449042 69
AO-73                60812.99941668 60813.00731496 23
AO-73                60813.06543812 60813.07299542 17
AO-73                60813.49081839 60813.49573277 4
AO-73                60813.55501362 60813.56370322 71
AO-73                60813.99864112 60814.00651170 22
AO-73                60814.06460414 60814.07223050 18
AO-73                60814.49010070 60814.49483106 4
AO-73                60814.55421466 60814.56289796 74
AO-73                60814.62217610 60814.62570602 2
AO-73                60814.99785007 60815.00569047 21
AO-73                60815.06375383 60815.07144807 19
AO-73                60815.48937260 60815.49390446 3
AO-73                60815.55339912 60815.56207464 77
AO-73                60815.62127462 60815.62498992 2
AO-73                60815.99704363 60816.00485117 20
AO-73                60816.06288724 60816.07064798 19
AO-73                60816.48863554 60816.49295186 3
AO-73                60816.55256701 60816.56123322 80
AO-73                60816.62036023 60816.62425230 3
AO-73                60816.99622188 60817.00399374 20
AO-73                60817.06200444 60817.06983024 20
AO-73                60817.48789067 60817.49197179 3
AO-73                60817.55171833 60817.56037368 82
AO-73                60817.61943241 60817.62349381 3
AO-73                60817.99538490 60818.00311811 19
AO-73                60818.06110546 60818.06899480 21
AO-73                60818.48713986 60818.49096225 2
AO-73                60818.55085307 60818.55949600 84
AO-73                60818.61849070 60818.62271459 3
AO-73                60818.99453280 60819.00222419 18
AO-73                60819.06019037 60819.06814162 22
AO-73                60819.54997122 60819.55860016 83
AO-73                60819.61753476 60819.62191519 3
AO-73                60819.99366566 60820.00131184 18
AO-73                60820.05925922 60820.06727066 23
AO-73                60820.54907291 60820.55768613 81
AO-73                60820.61656429 60820.62109582 4
AO-73                60820.99278360 60821.00038108 17
AO-73                60821.05831205 60821.06638187 24
AO-73                60821.54815790 60821.55675388 78
AO-73                60821.61557904 60821.62025671 4
AO-73                60821.99188670 60821.99943194 17
AO-73                60822.05734890 60822.06547521 25
AO-73                60822.54722654 60822.55580339 75
AO-73                60822.61457878 60822.61939804 4
AO-73                60822.99097509 60822.99846398 16
AO-73                60823.05636983 60823.06455063 26
AO-73                60823.54627616 60823.55483462 72
AO-73                60823.61356336 60823.61851999 5
AO-73                60823.99004887 60823.99747726 15
AO-73                60824.05537488 60824.06360810 27
AO-73                60824.54531153 60824.55384756 68
AO-73                60824.61253256 60824.61762251 5
AO-73                60824.98910817 60824.99647169 15
AO-73                60825.05436410 60825.06264758 29
AO-73                60825.54433037 60825.55284218 65
AO-73                60825.61148644 60825.61670612 5
AO-73                60825.98815310 60825.99544713 14
AO-73                60826.05333752 60826.06166903 30
TITA                 60803.25741566 60803.26241384 5
TITA                 60803.32089412 60803.32918990 65
TITA                 60803.80859116 60803.81646291 23
TITA                 60803.87426802 60803.88155216 16
TITA                 60804.25174480 60804.25561990 3
TITA                 60804.31456398 60804.32289773 87
TITA                 60804.80243094 60804.80993863 17
TITA                 60804.86781399 60804.87546939 21
TITA                 60805.30826178 60805.31656800 65
TITA                 60805.37576688 60805.38044713 4
TITA                 60805.79630789 60805.80334171 13
TITA                 60805.86137607 60805.86931899 28
TITA                 60806.30198796 60806.31020089 46
TITA                 60806.36887350 60806.37457391 7
TITA                 60806.79023643 60806.79665784 9
TITA                 60806.85491294 60806.86310904 37
TITA                 60807.29574380 60807.30379570 34
TITA                 60807.36210702 60807.36856318 10
TITA                 60807.78424156 60807.78986102 6
TITA                 60807.84850918 60807.85684883 51
TITA                 60808.28953171 60808.29735071 25
TITA                 60808.35542249 60808.36245978 14
TITA                 60808.77837761 60808.78289603 4
TITA                 60808.84212047 60808.85053662 71
TITA                 60809.28335583 60809.29086299 19
TITA                 60809.34879782 60809.35628563 19
TITA                 60809.83574681 60809.84417298 81
TITA                 60809.90285379 60809.90722415 4
TITA                 60810.27722100 60810.28432738 15
TITA                 60810.34222075 60810.35005365 25
TITA                 60810.82938579 60810.83775756 58
TITA                 60810.89604625 60810.90141611 6
TITA                 60811.27113634 60811.27773623 11
TITA                 60811.33568316 60811.34377152 34
TITA                 60811.82304390 60811.83128899 42
TITA                 60811.88933935 60811.89546475 9
TITA                 60812.26511609 60812.27107615 8
TITA                 60812.32913761 60812.33744129 47
TITA                 60812.81672181 60812.82476470 30
TITA                 60812.88269255 60812.88941169 12
TITA                 60813.25918569 60813.26432208 5
TITA                 60813.32266588 60813.33107284 66
TITA                 60813.81042401 60813.81818060 23
TITA                 60813.87608605 60813.88327733 16
TITA                 60814.25340204 60814.25741762 3
TITA                 60814.31622433 60814.32466494 87
TITA                 60814.80415636 60814.81153036 17
TITA                 60814.86951509 60814.87707986 21
TITA                 60815.30981209 60815.31821864 64
TITA                 60815.37723402 60815.38214475 4
TITA                 60815.79792909 60815.80480377 12
TITA                 60815.86296174 60815.87081306 28
TITA                 60816.30342959 60816.31173406 46
TITA                 60816.37024265 60816.37614087 7
TITA                 60816.79175871 60816.79798437 9
TITA                 60816.85638398 60816.86448532 38
TITA                 60817.29707825 60817.30521041 33
TITA                 60817.36337233 60817.37000574 11
TITA                 60817.78567496 60817.79104133 6
TITA                 60817.84986650 60817.85810581 52
TITA                 60818.29076067 60818.29864578 25
TITA                 60818.35658714 60818.36378708 15
TITA                 60818.77974688 60818.78390399 3
TITA                 60818.84336507 60818.85167290 74
TITA                 60819.28448134 60819.29203683 19
TITA                 60819.34985655 60819.35749144 20
TITA                 60819.83687974 60819.84518708 77
TITA                 60819.90394678 60819.90829066 4
TITA                 60820.27824561 60820.28537841 14
TITA                 60820.34317328 60820.35113828 27
TITA                 60820.83040800 60820.83864784 55
TITA                 60820.89702315 60820.90236563 6
TITA                 60821.27206346 60821.27866155 11
TITA                 60821.33653012 60821.34473493 36
TITA                 60821.82395707 60821.83205351 39
TITA                 60821.89020139 60821.89629558 9
TITA                 60822.26595076 60822.27187142 8
TITA                 60822.32987928 60822.33828318 50
TITA                 60822.81752793 60822.82540110 28
TITA                 60822.88344044 60822.89012261 12
TITA                 60823.25993671 60823.26497906 5
TITA                 60823.32330360 60823.33179277 71
TITA                 60823.81112574 60823.81868568 21
TITA                 60823.87672607 60823.88387429 16
TITA                 60824.25409031 60824.25791585 2
TITA                 60824.31675920 60824.32526227 83
TITA                 60824.38475012 60824.38870441 3
TITA                 60824.80475759 60824.81189991 15
TITA                 60824.87003649 60824.87754808 22
TITA                 60825.31024541 60825.31869253 59
TITA                 60825.37749220 60825.38274962 5
TITA                 60825.79843576 60825.80503134 11
TITA                 60825.86337064 60825.87115858 29
TITA                 60826.30376294 60826.31208343 42
TITA                 60826.37042468 60826.37659439 8
TITA                 60826.79218115 60826.79805907 8
TITA                 60826.85668124 60826.86470730 40
TITA                 60827.29731400 60827.30543386 31
TITA                 60827.36346597 60827.37032036 12
NOAA-15              60803.17206303 60803.18188908 28
NOAA-15              60803.24127458 60803.25100617 25
NOAA-15              60803.68770836 60803.69717260 21
NOAA-15              60803.75664816 60803.76666825 33
NOAA-15              60804.15469025 60804.16337756 15
NOAA-15              60804.22277003 60804.23319187 47
NOAA-15              60804.67028167 60804.67815770 10
NOAA-15              60804.73837711 60804.74889333 62
NOAA-15              60804.80975092 60804.81465755 3
NOAA-15              60805.13778289 60805.14454800 7
NOAA-15              60805.20456223 60805.21518006 89
NOAA-15              60805.27623907 60805.28257917 6
NOAA-15              60805.65361280 60805.65827621 3
NOAA-15              60805.72026843 60805.73084264 69
NOAA-15              60805.79052655 60805.79821076 10
NOAA-15              60806.18662734 60806.19700276 47
NOAA-15              60806.25680836 60806.26548456 14
NOAA-15              60806.70233039 60806.71251417 35
NOAA-15              60806.77185281 60806.78107854 20
NOAA-15              60807.16897554 60807.17865798 25
NOAA-15              60807.23799462 60807.24789522 27
NOAA-15              60807.68461799 60807.69386169 19
NOAA-15              60807.75342927 60807.76355527 36
NOAA-15              60808.15166665 60808.16010253 13
NOAA-15              60808.21954307 60808.23004042 53
NOAA-15              60808.66727081 60808.67474529 9
NOAA-15              60808.73518424 60808.74572939 70
NOAA-15              60808.80631775 60808.81182863 4
NOAA-15              60809.13486701 60809.14118854 6
NOAA-15              60809.20138080 60809.21199676 81
NOAA-15              60809.27275901 60809.27962935 7
NOAA-15              60809.71710157 60809.72762985 61
NOAA-15              60809.78722278 60809.79521705 11
NOAA-15              60810.18349082 60810.19378953 42
NOAA-15              60810.25346065 60810.26241387 16
NOAA-15              60810.69919452 60810.70924792 32
NOAA-15              60810.76859858 60810.77800516 22
NOAA-15              60811.16589026 60811.17541102 23
NOAA-15              60811.23471689 60811.24476711 31
NOAA-15              60811.68152884 60811.69052709 16
NOAA-15              60811.75020613 60811.76042375 40
NOAA-15              60812.14864979 60812.15680767 12
NOAA-15              60812.21631644 60812.22687399 59
NOAA-15              60812.66427442 60812.67129577 7
NOAA-15              60812.73198656 60812.74254773 78
NOAA-15              60812.80291226 60812.80894744 5
NOAA-15              60813.13197504 60813.13779272 5
NOAA-15              60813.19819930 60813.20879888 73
NOAA-15              60813.26930443 60813.27663920 8
NOAA-15              60813.71392831 60813.72439880 55
NOAA-15              60813.78392053 60813.79219816 13
NOAA-15              60814.18035505 60814.19056144 38
NOAA-15              60814.25011970 60814.25932176 18
NOAA-15              60814.69605618 60814.70596193 28
NOAA-15              60814.76534104 60814.77491187 24
NOAA-15              60815.16280784 60815.17214748 21
NOAA-15              60815.23144104 60815.24162207 34
NOAA-15              60815.67844212 60815.68716809 15
NOAA-15              60815.74697803 60815.75727440 45
NOAA-15              60816.14564130 60816.15349141 11
NOAA-15              60816.21309010 60816.22369214 66
NOAA-15              60816.28583659 60816.29020268 2
NOAA-15              60816.66129781 60816.66780351 6
NOAA-15              60816.72878400 60816.73934857 86
NOAA-15              60816.79952473 60816.80602377 6
NOAA-15              60817.12917110 60817.13435195 4
NOAA-15              60817.19501915 60817.20558618 65
NOAA-15              60817.26586920 60817.27361463 10
NOAA-15              60817.71075257 60817.72114988 48
NOAA-15              60817.78061823 60817.78915561 14
NOAA-15              60818.17722038 60818.18731779 34
NOAA-15              60818.24678413 60818.25620887 20
NOAA-15              60818.69291566 60818.70265582 25
NOAA-15              60818.76207957 60818.77179933 27
NOAA-15              60819.15972903 60819.16886661 19
NOAA-15              60819.22816678 60819.23846028 38
NOAA-15              60819.67535900 60819.68378309 13
NOAA-15              60819.74374485 60819.75410729 51
NOAA-15              60820.14264317 60820.15015146 9
NOAA-15              60820.20986431 60820.22049501 74
NOAA-15              60820.28216766 60820.28738353 3
NOAA-15              60820.65834962 60820.66425992 5
NOAA-15              60820.72557617 60820.73613210 84
NOAA-15              60820.79611587 60820.80306674 8
NOAA-15              60821.12636267 60821.13084928 3
NOAA-15              60821.19183814 60821.20235846 58
NOAA-15              60821.26241789 60821.27056180 11
NOAA-15              60821.70757252 60821.71788287 43
NOAA-15              60821.77731465 60821.78609075 16
NOAA-15              60822.17408719 60822.18405843 31
NOAA-15              60822.24345308 60822.25307618 23
NOAA-15              60822.68977340 60822.69932919 23
NOAA-15              60822.75881364 60822.76866816 30
NOAA-15              60823.15665463 60823.16556736 17
NOAA-15              60823.22489380 60823.23528195 43
NOAA-15              60823.67228109 60823.68037044 11
NOAA-15              60823.74050636 60823.75092285 57
NOAA-15              60823.81214389 60823.81634750 2
NOAA-15              60824.13965794 60824.14678550 8
NOAA-18              60803.31184088 60803.32139951 21
NOAA-18              60803.38108576 60803.39149795 35
NOAA-18              60803.83201311 60803.84148947 18
NOAA-18              60803.90135751 60803.91194207 41
NOAA-18              60804.30330524 60804.31222502 16
NOAA-18              60804.37198579 60804.38266349 48
NOAA-18              60804.82339645 60804.83209758 13
NOAA-18              60804.89233306 60804.90315616 56
NOAA-18              60804.96457707 60804.96912438 3
NOAA-18              60805.29487692 60805.30297916 11
NOAA-18              60805.36295639 60805.37378224 66
NOAA-18              60805.43635855 60805.44090349 2
NOAA-18              60805.81490384 60805.82255557 8
NOAA-18              60805.88334663 60805.89430300 76
NOAA-18              60805.95487308 60805.96124144 6
NOAA-18              60806.28658771 60806.29363252 7
NOAA-18              60806.35399364 60806.36485894 90
NOAA-18              60806.42630787 60806.43288034 6
NOAA-18              60806.80661483 60806.81278274 5
NOAA-18              60806.87439827 60806.88538416 80
NOAA-18              60806.94544275 60806.95306341 9
NOAA-18              60807.27855989 60807.28412037 4
NOAA-18              60807.34509722 60807.35589620 67
NOAA-18              60807.41662292 60807.42451515 10
NOAA-18              60807.86548928 60807.87639937 59
NOAA-18              60807.93614224 60807.94471428 13
NOAA-18              60808.33626462 60808.34689485 49
NOAA-18              60808.40710207 60808.41597931 14
NOAA-18              60808.85662015 60808.86734624 43
NOAA-18              60808.92692664 60808.93624129 18
NOAA-18              60809.32749978 60809.33785396 36
NOAA-18              60809.39774591 60809.40732946 20
NOAA-18              60809.84780073 60809.85821988 31
NOAA-18              60809.91777385 60809.92766875 24
NOAA-18              60810.31880739 60810.32877057 27
NOAA-18              60810.38849392 60810.39859857 27
NOAA-18              60810.83903798 60810.84901203 23
NOAA-18              60810.90867162 60810.91901127 32
NOAA-18              60811.31019511 60811.31963902 20
NOAA-18              60811.37932852 60811.38980419 37
NOAA-18              60811.83034587 60811.83970899 17
NOAA-18              60811.89961289 60811.91027798 43
NOAA-18              60812.30167512 60812.31044929 15
NOAA-18              60812.37023909 60812.38095731 51
NOAA-18              60812.82174743 60812.83028762 12
NOAA-18              60812.89059377 60812.90147456 59
NOAA-18              60812.96265849 60812.96767929 3
NOAA-18              60813.29326733 60813.30118386 10
NOAA-18              60813.36121927 60813.37206474 71
NOAA-18              60813.43435492 60813.43941295 3
NOAA-18              60813.81328362 60813.82070528 8
NOAA-18              60813.88161250 60813.89260431 80
NOAA-18              60813.95302395 60813.95971027 6
NOAA-18              60814.28500794 60814.29180896 7
NOAA-18              60814.35226564 60814.36313079 85
NOAA-18              60814.42440249 60814.43128976 7
NOAA-18              60814.80504970 60814.81086510 4
NOAA-18              60814.87266934 60814.88366846 76
NOAA-18              60814.94362510 60814.95148621 10
NOAA-18              60815.27703398 60815.28224591 4
NOAA-18              60815.34337826 60815.35415772 63
NOAA-18              60815.41473150 60815.42288138 11
NOAA-18              60815.86376629 60815.87466632 55
NOAA-18              60815.93434296 60815.94310439 14
NOAA-18              60816.33455511 60816.34514602 46
NOAA-18              60816.40526739 60816.41431412 15
NOAA-18              60816.85490355 60816.86559505 40
NOAA-18              60816.92513963 60816.93460525 19
NOAA-18              60817.32580046 60817.33609435 34
NOAA-18              60817.39593050 60817.40564334 21
NOAA-18              60817.84609224 60817.85644917 30
NOAA-18              60817.91599582 60817.92601029 26
NOAA-18              60818.31711956 60818.32699940 25
NOAA-18              60818.38669345 60818.39689578 29
NOAA-18              60818.83733990 60818.84721949 22
NOAA-18              60818.90690068 60818.91733264 34
NOAA-18              60819.30852081 60819.31785476 19
NOAA-18              60819.37754040 60819.38808730 40
NOAA-18              60819.82866218 60819.83789092 16
NOAA-18              60819.89784794 60819.90858059 46
NOAA-18              60820.30001749 60820.30864926 14
NOAA-18              60820.36846177 60820.37922812 55
NOAA-18              60820.82008399 60820.82843739 11
NOAA-18              60820.88883426 60820.89975925 63
NOAA-18              60820.96074160 60820.96617922 4
NOAA-18              60821.29163179 60821.29936331 10
NOAA-18              60821.35945183 60821.37032426 75
NOAA-18              60821.43234194 60821.43787750 4
NOAA-18              60821.81165371 60821.81880973 7
NOAA-18              60821.87985833 60821.89087147 85
NOAA-18              60821.95116247 60821.95813811 7
NOAA-18              60822.28339735 60822.28995774 6
NOAA-18              60822.35050776 60822.36137964 80
NOAA-18              60822.42247241 60822.42967033 7
NOAA-18              60822.80348794 60822.80888835 3
NOAA-18              60822.87092073 60822.88191808 71
NOAA-18              60822.94179113 60822.94987155 11
NOAA-18              60823.27549371 60823.28033585 3
NOAA-18              60823.34162988 60823.35239616 59
NOAA-19              60803.24404908 60803.25130642 8
NOAA-19              60803.31150303 60803.32248531 88
NOAA-19              60803.38381203 60803.39050647 6
NOAA-19              60803.76431947 60803.77046784 5
NOAA-19              60803.83209233 60803.84307238 80
NOAA-19              60803.90312170 60803.91076903 9
NOAA-19              60804.23607933 60804.24199594 5
NOAA-19              60804.30276377 60804.31369048 68
NOAA-19              60804.37427261 60804.38229931 10
NOAA-19              60804.82334926 60804.83424676 59
NOAA-19              60804.89399537 60804.90256722 13
NOAA-19              60805.29408916 60805.30485820 50
NOAA-19              60805.36494913 60805.37392206 14
NOAA-19              60805.81464475 60805.82535447 43
NOAA-19              60805.88495030 60805.89424572 18
NOAA-19              60806.28547845 60806.29598769 37
NOAA-19              60806.35575713 60806.36543605 20
NOAA-19              60806.80598847 60806.81639076 32
NOAA-19              60806.87596568 60806.88582747 24
NOAA-19              60807.27693735 60807.28707664 28
NOAA-19              60807.34666681 60807.35687048 27
NOAA-19              60807.79738708 60807.80734766 23
NOAA-19              60807.86702990 60807.87732637 32
NOAA-19              60808.26847271 60808.27811985 21
NOAA-19              60808.33766107 60808.34824255 37
NOAA-19              60808.78885400 60808.79821209 17
NOAA-19              60808.85813618 60808.86875134 42
NOAA-19              60809.26009530 60809.26910872 16
NOAA-19              60809.32872951 60809.33956269 50
NOAA-19              60809.78041113 60809.78896203 12
NOAA-19              60809.84928079 60809.86010771 58
NOAA-19              60809.92139271 60809.92624929 3
NOAA-19              60810.25182231 60810.26002851 11
NOAA-19              60810.31986582 60810.33083801 68
NOAA-19              60810.39308548 60810.39811308 3
NOAA-19              60810.77209702 60810.77955737 8
NOAA-19              60810.84046199 60810.85139879 78
NOAA-19              60810.91191139 60810.91844871 6
NOAA-19              60811.24368386 60811.25085139 7
NOAA-19              60811.31106657 60811.32207273 88
NOAA-19              60811.38328156 60811.39016798 6
NOAA-19              60811.76399956 60811.76990880 4
NOAA-19              60811.83167999 60811.84262584 78
NOAA-19              60811.90267077 60811.91038789 9
NOAA-19              60812.23579660 60812.24151800 4
NOAA-19              60812.30233160 60812.31326924 66
NOAA-19              60812.37376377 60812.38193235 10
NOAA-19              60812.82293662 60812.83378830 57
NOAA-19              60812.89354811 60812.90216854 13
NOAA-19              60813.29365852 60813.30442827 49
NOAA-19              60813.36445306 60813.37353600 15
NOAA-19              60813.81423206 60813.82488360 42
NOAA-19              60813.88450441 60813.89383205 18
NOAA-19              60814.28505120 60814.29554888 36
NOAA-19              60814.35526949 60814.36503527 21
NOAA-19              60814.80557673 60814.81590667 31
NOAA-19              60814.87551993 60814.88540029 24
NOAA-19              60815.27651413 60815.28662850 27
NOAA-19              60815.34618523 60815.35645736 28
NOAA-19              60815.79697758 60815.80684902 23
NOAA-19              60815.86658357 60815.87688660 33
NOAA-19              60816.26805451 60816.27766167 20
NOAA-19              60816.33718417 60816.34781831 38
NOAA-19              60816.78844908 60816.79769681 16
NOAA-19              60816.85768890 60816.86829953 44
NOAA-19              60817.25968360 60817.26863928 15
NOAA-19              60817.32825645 60817.33912840 52
NOAA-19              60817.78001394 60817.78842637 12
NOAA-19              60817.84883238 60817.85964419 60
NOAA-19              60817.92087505 60817.92588660 3
NOAA-19              60818.25141954 60818.25954560 11
NOAA-19              60818.31939616 60818.33039416 71
NOAA-19              60818.39248075 60818.39778424 3
NOAA-19              60818.77171492 60818.77899403 7
NOAA-19              60818.84001250 60818.85092369 81
NOAA-19              60818.91141388 60818.91805067 6
NOAA-19              60819.24329450 60819.25035084 7
NOAA-19              60819.31060009 60819.32161962 86
NOAA-19              60819.38272276 60819.38978695 7
NOAA-19              60819.76365107 60819.76929862 4
NOAA-19              60819.83122960 60819.84213910 75
NOAA-19              60819.90218111 60819.90996780 10
NOAA-19              60820.23543174 60820.24098954 4
NOAA-19              60820.30186833 60820.31280699 64
NOAA-19              60820.37322527 60820.38152407 11
NOAA-19              60820.82248566 60820.83328965 55
NOAA-19              60820.89306171 60820.90173119 14
NOAA-19              60821.29319870 60821.30395681 47
NOAA-19              60821.36392690 60821.37310911 16
NOAA-19              60821.81378103 60821.82437249 40
NOAA-19              60821.88401909 60821.89337990 19
NOAA-19              60822.28459527 60822.29506797 35
NOAA-19              60822.35475166 60822.36459339 21
NOAA-19              60822.80512664 60822.81538216 29
NOAA-19              60822.87503450 60822.88493478 25
NOAA-19              60823.27606281 60823.28613759 26
NOAA-19              60823.34567351 60823.35600277 29
NOAA-19              60823.79652986 60823.80630983 22
NOAA-19              60823.86609738 60823.87640864 33
METOA                60803.34335032 60803.35092918 16
METOA                60803.40985523 60803.41831144 27
METOA                60803.84368874 60803.84796818 3
METOA                60803.90881284 60803.91752214 78
METOA                60803.97802713 60803.98147448 2
METOA                60804.36088511 60804.36936495 32
METOA                60804.42861260 60804.43591012 13
METOA                60804.86058911 60804.86754840 11
METOA                60804.92705376 60804.93542413 35
METOA                60805.37874784 60805.38758542 70
METOA                60805.44801266 60805.45296690 4
METOA                60805.87813524 60805.88637383 24
METOA                60805.94545436 60805.95298646 17
METOA                60806.33138858 60806.33759119 8
METOA                60806.39690411 60806.40561191 47
METOA                60806.89597868 60806.90479735 54
METOA                60806.96416535 60806.97011102 7
METOA                60807.34858400 60807.35625090 18
METOA                60807.41541874 60807.42341932 22
METOA                60807.84840832 60807.85396022 5
METOA                60807.91402996 60807.92290656 64
METOA                60808.36619318 60808.37461821 38
METOA                60808.43430436 60808.44088490 10
METOA                60808.86558367 60808.87321190 15
METOA                60808.93230525 60808.94071830 29
METOA                60809.31985641 60809.32382469 3
METOA                60809.38411840 60809.39277676 80
METOA                60809.88322341 60809.89189287 31
METOA                60809.95074818 60809.95817780 14
METOA                60810.33647340 60810.34294234 10
METOA                60810.40238399 60810.41073866 37
METOA                60810.90112013 60810.91021372 68
METOA                60810.96954075 60810.97515535 6
METOA                60811.35376946 60811.36151026 21
METOA                60811.42094056 60811.42845221 17
METOA                60811.85321633 60811.85976363 8
METOA                60811.91920533 60811.92823284 52
METOA                60812.37144803 60812.37981189 47
METOA                60812.43998423 60812.44575403 7
METOA                60812.87056811 60812.87878700 19
METOA                60812.93750941 60812.94594716 25
METOA                60813.32469702 60813.32930138 4
METOA                60813.38943501 60813.39790876 70
METOA                60813.88828276 60813.89734216 39
METOA                60813.95600297 60813.96330716 12
METOA                60814.34151485 60814.34822915 12
METOA                60814.40776743 60814.41579991 29
METOA                60814.84123510 60814.84582331 3
METOA                60814.90622380 60814.91556619 80
METOA                60814.97489263 60814.98012116 5
METOA                60815.35890176 60815.36671342 25
METOA                60815.42641938 60815.43341277 13
METOA                60815.85806122 60815.86543119 11
METOA                60815.92434354 60815.93349709 44
METOA                60816.37664636 60816.38495161 58
METOA                60816.44567456 60816.45050831 4
METOA                60816.87553924 60816.88427720 23
METOA                60816.94268233 60816.95111978 22
METOA                60817.32952913 60817.33468177 5
METOA                60817.39469422 60817.40298645 55
METOA                60817.89331590 60817.90271928 48
METOA                60817.96122552 60817.96836834 11
METOA                60818.34650741 60818.35345920 14
METOA                60818.41309592 60818.42080332 23
METOA                60818.84581895 60818.85170722 5
METOA                60818.91129655 60818.92085107 76
METOA                60818.98023650 60818.98499394 4
METOA                60819.36397740 60819.37186605 30
METOA                60819.43185601 60819.43830226 10
METOA                60819.86292199 60819.87098404 14
METOA                60819.92949081 60819.93869885 37
METOA                60820.38178517 60820.39004245 74
METOA                60820.45141116 60820.45509097 2
METOA                60820.88049576 60820.88968305 29
METOA                60820.94782400 60820.95622383 19
METOA                60821.33433548 60821.33998607 7
METOA                60821.39989370 60821.40801459 43
METOA                60821.89832695 60821.90802133 60
METOA                60821.96642323 60821.97335390 9
METOA                60822.35144769 60822.35863839 17
METOA                60822.41836834 60822.42575309 19
METOA                60822.85050812 60822.85738443 8
METOA                60822.91634161 60822.92606408 65
METOA                60822.98559569 60822.98975006 3
METOA                60823.36899440 60823.37697283 37
METOA                60823.43725326 60823.44312066 8
METOA                60823.86778771 60823.87643178 18
METOA                60823.93456294 60823.94381803 32
METOA                60824.32268329 60824.32606010 2
METOA                60824.38686302 60824.39508871 87
METOA                60824.88543746 60824.89500348 36
METOA                60824.95290488 60824.96125577 17
METOA                60825.33910721 60825.34522627 9
METOA                60825.40507326 60825.41300018 34
METOA                60825.83852327 60825.84324723 3
METOA                60825.90331345 60825.91324485 73
METOA                60825.97160451 60825.97825487 8
METOA                60826.35633418 60826.36377120 20
METOA                60826.42358422 60826.43065235 15
METOB                60803.26521824 60803.27564323 44
METOB                60803.33549523 60803.34449810 16
METOB                60803.78281636 60803.79312092 35
METOB                60803.85257819 60803.86197330 20
METOB                60804.25120840 60804.26107374 27
METOB                60804.32057091 60804.33051805 26
METOB                60804.76873086 60804.77833677 21
METOB                60804.83793950 60804.84807857 33
METOB                60805.23740720 60805.24637838 17
METOB                60805.30587622 60805.31636926 44
METOB                60805.75484453 60805.76329195 12
METOB                60805.82341507 60805.83398957 54
METOB                60805.89540705 60805.89951263 2
METOB                60806.22387608 60806.23150483 9
METOB                60806.29136993 60806.30209461 74
METOB                60806.36396748 60806.36922286 3
METOB                60806.74130389 60806.74783589 6
METOB                60806.80899193 60806.81972606 88
METOB                60806.87988796 60806.88674984 7
METOB                60807.21083187 60807.21630083 4
METOB                60807.27703648 60807.28771362 68
METOB                60807.34822291 60807.35595067 9
METOB                60807.79466931 60807.80529273 54
METOB                60807.86490315 60807.87336892 13
METOB                60808.26287193 60808.27323217 40
METOB                60808.33300159 60808.34218506 17
METOB                60808.78046226 60808.79067994 32
METOB                60808.85014003 60808.85966991 22
METOB                60809.24889069 60809.25864362 25
METOB                60809.31811578 60809.32817297 29
METOB                60809.76640109 60809.77585898 20
METOB                60809.83551906 60809.84574168 35
METOB                60810.23512469 60810.24392391 15
METOB                60810.30345079 60810.31400129 47
METOB                60810.75255361 60810.76076263 11
METOB                60810.82100919 60810.83162326 59
METOB                60810.89277657 60810.89744149 3
METOB                60811.22164390 60811.22901231 9
METOB                60811.28897035 60811.29970768 80
METOB                60811.36129726 60811.36705995 4
METOB                60811.73909528 60811.74521055 5
METOB                60811.80660026 60811.81733200 84
METOB                60811.87737966 60811.88453497 8
METOB                60812.20870208 60812.21372104 3
METOB                60812.27466170 60812.28530955 62
METOB                60812.34567420 60812.35367302 10
METOB                60812.79229265 60812.80287035 50
METOB                60812.86243675 60812.87109357 14
METOB                60813.26052307 60813.27081076 37
METOB                60813.33050763 60813.33985873 19
METOB                60813.77810414 60813.78822629 30
METOB                60813.84769745 60813.85735368 24
METOB                60814.24657122 60814.25620254 23
METOB                60814.31565854 60814.32581655 31
METOB                60814.76406891 60814.77336673 18
METOB                60814.83309355 60814.84339261 38
METOB                60815.23284215 60815.24145697 14
METOB                60815.30102252 60815.31162258 51
METOB                60815.75026415 60815.75821482 10
METOB                60815.81859827 60815.82924525 64
METOB                60815.89017273 60815.89532575 4
METOB                60816.21941599 60816.22650339 8
METOB                60816.28656774 60816.29731052 86
METOB                60816.35864930 60816.36486133 5
METOB                60816.73690391 60816.74255066 4
METOB                60816.80420335 60816.81492620 78
METOB                60816.87487219 60816.88230151 9
METOB                60817.20659755 60817.21110443 3
METOB                60817.27228431 60817.28289528 57
METOB                60817.34309759 60817.35138084 12
METOB                60817.78991112 60817.80043593 46
METOB                60817.85996712 60817.86880401 16
METOB                60818.25817173 60818.26837896 35
METOB                60818.32801301 60818.33751957 20
METOB                60818.77574212 60818.78575960 28
METOB                60818.84525022 60818.85502484 25
METOB                60819.24425023 60819.25375025 21
METOB                60819.31319909 60819.32344896 33
METOB                60819.76173486 60819.77085968 17
METOB                60819.83066277 60819.84103174 41
METOB                60820.23056005 60820.23897712 13
METOB                60820.29859141 60820.30923335 56
METOB                60820.74797715 60820.75564750 9
METOB                60820.81618181 60820.82685560 69
METOB                60820.88758597 60820.89317496 4
METOB                60821.21719360 60821.22397672 7
METOB                60821.28416213 60821.29490308 88
METOB                60821.35601768 60821.36263279 6
METOB                60821.73473645 60821.73984896 3
METOB                60821.80180125 60821.81250871 72
METOB                60821.87236466 60821.88005063 10
METOB                60822.26990371 60822.28047072 53
METOB                60822.34055426 60822.34907014 13
METOB                60822.78752482 60822.79798920 43
METOB                60822.85749387 60822.86650057 17
METOB                60823.25581808 60823.26593638 32
METOB                60823.32551746 60823.33516782 22
METOB                60823.77337633 60823.78327981 26
METOB                60823.84279814 60823.85268361 27
