iss                  60833.00730957 60833.01226353 6
iss                  60833.56681036 60833.57343776 16
iss                  60833.63330222 60833.64080110 41
iss                  60833.70171604 60833.70763438 9
iss                  60833.77056311 60833.77517147 4
iss                  60833.83799882 60833.84406248 10
iss                  60833.90483473 60833.91236191 50
iss                  60833.97230700 60833.97864289 13
iss                  60834.53305156 60834.53852621 8
iss                  60834.59874159 60834.60634214 80
iss                  60834.66673740 60834.67320338 12
iss                  60834.73569273 60834.74040111 4
iss                  60834.80353307 60834.80904639 7
iss                  60834.87039620 60834.87769472 28
iss                  60834.93755205 60834.94464731 24
iss                  60835.49979812 60835.50306886 2
iss                  60835.56431984 60835.57180404 49
iss                  60835.63181979 60835.63877111 18
iss                  60835.70069488 60835.70574378 5
iss                  60835.76897530 60835.77400085 5
iss                  60835.83595741 60835.84287828 18
iss                  60835.90291981 60835.91039675 49
iss                  60836.53006337 60836.53715416 24
iss                  60836.59699048 60836.60431572 28
iss                  60836.66562682 60836.67117132 7
iss                  60836.73428845 60836.73898533 4
iss                  60836.80149887 60836.80793187 12
iss                  60836.86835605 60836.87594029 80
iss                  60836.93614814 60836.94166126 8
iss                  60837.49602416 60837.50233584 13
iss                  60837.56226951 60837.56981797 50
iss                  60837.63054806 60837.63664750 10
iss                  60837.69944477 60837.70405713 4
iss                  60837.76699852 60837.77288265 9
iss                  60837.83382858 60837.84130378 41
iss                  60837.90117264 60837.90781812 16
iss                  60838.46233017 60838.46722160 6
iss                  60838.52767462 60838.53525709 80
iss                  60838.59550663 60838.60214017 14
iss                  60838.66444790 60838.66924576 5
iss                  60838.73242843 60838.73776976 6
iss                  60838.79931435 60838.80650562 24
iss                  60838.86638833 60838.87365253 30
iss                  60839.49322793 60839.50060700 38
iss                  60839.56053709 60839.56762422 21
iss                  60839.62934021 60839.63454147 6
iss                  60839.69775361 60839.70264626 5
iss                  60839.76479359 60839.77156278 16
iss                  60839.83170553 60839.83925103 63
iss                  60839.89998521 60839.90424839 4
iss                  60840.45896172 60840.46582887 20
iss                  60840.52566412 60840.53307843 34
iss                  60840.59418283 60840.59991086 8
iss                  60840.66293733 60840.66757411 4
iss                  60840.73024628 60840.73649737 11
iss                  60840.79707941 60840.80465242 63
iss                  60840.86468269 60840.87066897 10
iss                  60841.42494505 60841.43084977 10
iss                  60841.49090668 60841.49848336 64
iss                  60841.55903288 60841.56531776 11
iss                  60841.62796015 60841.63260464 4
iss                  60841.69564819 60841.70134033 8
iss                  60841.76248148 60841.76987914 33
iss                  60841.82971031 60841.83662245 20
iss                  60842.39129962 60842.39547306 4
iss                  60842.45628392 60842.46381653 62
iss                  60842.52393417 60842.53073213 16
iss                  60842.59283943 60842.59775405 5
iss                  60842.66096867 60842.66613605 6
iss                  60842.72789002 60842.73494888 21
iss                  60842.79489037 60842.80229093 39
iss                  60843.42181940 60843.42904826 30
iss                  60843.48891773 60843.49613031 24
iss                  60843.55762794 60843.56300145 6
iss                  60843.62617047 60843.63094286 5
iss                  60843.69328539 60843.69987987 14
iss                  60843.76015406 60843.76773866 82
iss                  60843.82812884 60843.83315395 6
iss                  60844.38755610 60844.39413066 15
iss                  60844.45400598 60844.46149155 42
iss                  60844.52238810 60844.52831009 9
iss                  60844.59121972 60844.59582263 4
iss                  60844.65864621 60844.66469723 10
iss                  60844.72546367 60844.73299693 49
iss                  60844.79290300 60844.79929217 13
iss                  60845.35359091 60845.35896450 7
iss                  60845.41921734 60845.42679574 82
iss                  60845.48717339 60845.49364528 13
iss                  60845.55610815 60845.56081697 4
iss                  60845.62394597 60845.62943655 7
iss                  60845.69079355 60845.69808589 28
iss                  60845.75791951 60845.76505481 25
iss                  60846.38457268 60846.39201809 47
iss                  60846.45202302 60846.45897896 18
iss                  60846.52086841 60846.52592749 5
iss                  60846.58915088 60846.59414843 5
iss                  60846.65612307 60846.66302306 18
iss                  60846.72305853 60846.73056024 51
iss                  60846.79163356 60846.79513963 2
AO-07                60832.99888248 60833.01375667 40
AO-07                60833.42490076 60833.43665702 13
AO-07                60833.50200729 60833.51743968 83
AO-07                60833.58091586 60833.59374982 20
AO-07                60833.88088945 60833.89329137 18
AO-07                60833.95682721 60833.97230636 86
AO-07                60834.03712175 60834.04968122 16
AO-07                60834.46064362 60834.47519046 34
AO-07                60834.53882214 60834.55370596 48
AO-07                60834.61839522 60834.62785261 8
AO-07                60834.84269955 60834.85057647 5
AO-07                60834.91593992 60834.93045476 38
AO-07                60834.99381501 60835.00886459 45
AO-07                60835.07791080 60835.08370371 2
AO-07                60835.42019260 60835.43130842 11
AO-07                60835.49707033 60835.51248900 75
AO-07                60835.57589776 60835.58907131 23
AO-07                60835.87626455 60835.88825660 16
AO-07                60835.95191825 60835.96735488 79
AO-07                60836.03187636 60836.04490011 19
AO-07                60836.45577823 60836.47008174 30
AO-07                60836.53384647 60836.54887599 53
AO-07                60836.61330852 60836.62335482 9
AO-07                60836.83834234 60836.84540803 4
AO-07                60836.91117062 60836.92546224 34
AO-07                60836.98877899 60837.00396318 50
AO-07                60837.07203053 60837.07945920 4
AO-07                60837.41552818 60837.42590313 9
AO-07                60837.49213988 60837.50752144 68
AO-07                60837.57088559 60837.58437286 25
AO-07                60837.87166291 60837.88321385 14
AO-07                60837.94702599 60837.96239805 71
AO-07                60838.02666511 60838.04009660 21
AO-07                60838.45092600 60838.46494931 27
AO-07                60838.52887567 60838.54402943 59
AO-07                60838.60823620 60838.61882660 11
AO-07                60838.83404858 60838.84019306 3
AO-07                60838.90641958 60838.92046483 31
AO-07                60838.98376208 60838.99905325 56
AO-07                60839.06635389 60839.07502507 6
AO-07                60839.41092073 60839.42042740 7
AO-07                60839.48721638 60839.50253668 61
AO-07                60839.56587899 60839.57965488 28
AO-07                60839.64641241 60839.65162939 2
AO-07                60839.86708615 60839.87816198 12
AO-07                60839.94215038 60839.95743608 65
AO-07                60840.02148449 60840.03527366 24
AO-07                60840.44608880 60840.45979130 24
AO-07                60840.52390983 60840.53916642 66
AO-07                60840.60317592 60840.61427061 12
AO-07                60840.90168725 60840.91546238 28
AO-07                60840.97876362 60840.99413549 62
AO-07                60841.06080258 60841.07048183 7
AO-07                60841.40639148 60841.41485871 5
AO-07                60841.48230031 60841.49753426 55
AO-07                60841.56087770 60841.57491816 31
AO-07                60841.64113368 60841.64740843 3
AO-07                60841.86253575 60841.87309984 11
AO-07                60841.93729148 60841.95246912 58
AO-07                60842.01633172 60842.03043407 27
AO-07                60842.44127476 60842.45460525 21
AO-07                60842.51894911 60842.53428705 72
AO-07                60842.59812563 60842.60968880 14
AO-07                60842.89697411 60842.91045473 25
AO-07                60842.97378306 60842.98921049 69
AO-07                60843.05534012 60843.06586479 9
AO-07                60843.40198005 60843.40915619 4
AO-07                60843.47739245 60843.49251365 49
AO-07                60843.55588154 60843.57016316 35
AO-07                60843.63592497 60843.64310235 4
AO-07                60843.85801383 60843.86802548 9
AO-07                60843.93244938 60843.94749733 53
AO-07                60844.01120456 60844.02557984 31
AO-07                60844.43647464 60844.44938861 18
AO-07                60844.51399368 60844.52939136 80
AO-07                60844.59308456 60844.60508269 16
AO-07                60844.89228076 60844.90544139 22
AO-07                60844.96881999 60844.98427876 76
AO-07                60845.04994582 60845.06119341 11
AO-07                60845.47249142 60845.48747407 44
AO-07                60845.55089036 60845.56539032 38
AO-07                60845.63076105 60845.63873562 5
AO-07                60845.85358084 60845.86293872 8
AO-07                60845.92762732 60845.94252079 47
AO-07                60846.00610118 60846.02071273 35
AO-07                60846.43169783 60846.44413743 16
AO-07                60846.50904365 60846.52447933 87
AO-07                60846.58805145 60846.60045360 18
AO-07                60846.88760104 60846.90042225 20
AO-07                60846.96387405 60846.97934076 84
AO-07                60847.04460667 60847.05647980 13
AO-07                60847.46760129 60847.48241496 39
AO-07                60847.54590410 60847.56059997 42
AO-07                60847.62562869 60847.63432119 6
AO-07                60847.84912592 60847.85783149 7
AO-07                60847.92281922 60847.93753950 43
AO-07                60848.00102009 60848.01583386 39
AO-07                60848.42694840 60848.43884716 13
AO-07                60848.50409970 60848.51955087 84
LO-19                60832.95237604 60832.95673803 14
LO-19                60833.01591981 60833.02539121 22
LO-19                60833.45686739 60833.46566435 16
LO-19                60833.52522291 60833.53543980 51
LO-19                60833.59577871 60833.60107754 4
LO-19                60833.92458225 60833.93358423 19
LO-19                60833.99255512 60834.00285658 47
LO-19                60834.43502864 60834.44130643 5
LO-19                60834.50234222 60834.51273773 74
LO-19                60834.57198758 60834.57996083 12
LO-19                60834.90299165 60834.91014631 8
LO-19                60834.96962609 60834.98008601 80
LO-19                60835.04030152 60835.04792113 9
LO-19                60835.47965963 60835.48963366 34
LO-19                60835.54868438 60835.55812560 25
LO-19                60835.94709051 60835.95712803 37
LO-19                60836.01630831 60836.02578210 22
LO-19                60836.45725998 60836.46604721 16
LO-19                60836.52561556 60836.53582226 51
LO-19                60836.59617552 60836.60145567 4
LO-19                60836.92497012 60836.93397404 19
LO-19                60836.99294344 60837.00324611 47
LO-19                60837.43542089 60837.44168698 5
LO-19                60837.50273324 60837.51311918 74
LO-19                60837.57238012 60837.58034057 12
LO-19                60837.90337842 60837.91053466 8
LO-19                60837.97001319 60837.98047411 80
LO-19                60838.04068958 60838.04830868 9
LO-19                60838.48004920 60838.49001391 34
LO-19                60838.54907459 60838.55850499 25
LO-19                60838.94747650 60838.95751464 37
LO-19                60839.01669480 60839.02616844 22
LO-19                60839.45764835 60839.46642599 16
LO-19                60839.52600390 60839.53620083 51
LO-19                60839.59656786 60839.60183014 4
LO-19                60839.92535508 60839.93435910 19
LO-19                60839.99332862 60840.00363107 47
LO-19                60840.43580898 60840.44206335 5
LO-19                60840.50311995 60840.51349673 74
LO-19                60840.57276826 60840.58071655 12
LO-19                60840.90376249 60840.91091801 8
LO-19                60840.97039720 60840.98085759 80
LO-19                60841.04107450 60841.04869160 9
LO-19                60841.48043444 60841.49039023 34
LO-19                60841.54946039 60841.55888061 25
LO-19                60841.94785944 60841.95789657 38
LO-19                60842.01707811 60842.02655018 22
LO-19                60842.45803240 60842.46680081 16
LO-19                60842.52638784 60842.53657561 51
LO-19                60842.59695554 60842.60220114 4
LO-19                60842.92573709 60842.93473936 19
LO-19                60842.99371063 60843.00401141 47
LO-19                60843.43619276 60843.44243571 5
LO-19                60843.50350225 60843.51387048 74
LO-19                60843.57315187 60843.58108893 12
LO-19                60843.90414382 60843.91129635 8
LO-19                60843.97077807 60843.98123643 80
LO-19                60844.04145621 60844.04906986 9
LO-19                60844.48081527 60844.49076275 34
LO-19                60844.54984170 60844.55925258 24
LO-19                60844.94823929 60844.95827379 38
LO-19                60845.01745818 60845.02692730 22
LO-19                60845.45841201 60845.46717181 16
LO-19                60845.52676728 60845.53694693 51
LO-19                60845.59733840 60845.60256886 4
LO-19                60845.92611609 60845.93511482 19
LO-19                60845.99408941 60846.00438712 47
LO-19                60846.43657209 60846.44280424 5
LO-19                60846.50388005 60846.51424057 74
LO-19                60846.57353084 60846.58145783 12
LO-19                60846.90452232 60846.91166968 8
LO-19                60846.97115573 60846.98161060 80
LO-19                60847.04183465 60847.04944344 9
LO-19                60847.48119160 60847.49113159 34
LO-19                60847.55021841 60847.55962104 24
LO-19                60847.94861598 60847.95864630 37
LO-19                60848.01783496 60848.02729978 22
LO-19                60848.45878713 60848.46753913 16
LO-19                60848.52714216 60848.53731451 51
LO-19                60848.59771627 60848.60293350 4
LO-19                60848.92649199 60848.93548548 19
LO-19                60848.99446490 60849.00475819 47
LO-19                60849.43694688 60849.44316909 5
LO-19                60849.50425330 60849.51460710 74
LO-19                60849.57390508 60849.58182341 12
LO-19                60849.90489789 60849.91203804 8
LO-19                60849.97153012 60849.98198011 80
LO-19                60850.04220973 60850.04981236 9
LO-19                60850.48156337 60850.49149687 34
LO-19                60850.55059047 60850.55998609 24
LO-19                60850.94898941 60850.95901411 37
LO-19                60851.01820835 60851.02766764 22
LO-19                60851.45915767 60851.46790289 16
LO-19                60851.52751242 60851.53767866 51
LO-19                60851.59808902 60851.60329523 4
LO-19                60851.92686470 60851.93585138 19
LO-19                60851.99483701 60852.00512463 47
LO-19                60852.43731702 60852.44353043 5
LO-19                60852.50462194 60852.51497018 74
FO-29                60833.11530206 60833.12609562 12
FO-29                60833.18703050 60833.20145254 77
FO-29                60833.26057174 60833.27267204 21
FO-29                60833.61134864 60833.62116574 20
FO-29                60833.68343535 60833.69447938 47
FO-29                60834.14898447 60834.16254702 32
FO-29                60834.22176255 60834.23576427 50
FO-29                60834.29615070 60834.30484129 7
FO-29                60834.57530805 60834.58176508 5
FO-29                60834.64502915 60834.65620355 52
FO-29                60834.71908207 60834.72856304 16
FO-29                60835.11173321 60835.12222700 11
FO-29                60835.18333260 60835.19780529 72
FO-29                60835.25680363 60835.26919900 23
FO-29                60835.60767793 60835.61747479 18
FO-29                60835.67960272 60835.69085132 52
FO-29                60835.75675910 60835.76113400 2
FO-29                60836.14533339 60836.15880696 30
FO-29                60836.21803892 60836.23218924 53
FO-29                60836.29230605 60836.30150924 9
FO-29                60836.57180969 60836.57801919 5
FO-29                60836.64128109 60836.65254364 48
FO-29                60836.71513679 60836.72500569 18
FO-29                60837.10818687 60837.11833219 10
FO-29                60837.17964580 60837.19414397 68
FO-29                60837.25304907 60837.26570905 24
FO-29                60837.60401195 60837.61378961 17
FO-29                60837.67577526 60837.68722682 57
FO-29                60837.75242431 60837.75791920 3
FO-29                60838.14169543 60838.15505082 28
FO-29                60838.21432647 60838.22859962 57
FO-29                60838.28848578 60838.29814927 10
FO-29                60838.56827639 60838.57427369 4
FO-29                60838.63753567 60838.64888883 45
FO-29                60838.71120346 60838.72144562 21
FO-29                60839.10466628 60839.11440803 8
FO-29                60839.17597017 60839.19046851 63
FO-29                60839.24930758 60839.26220208 26
FO-29                60839.60035170 60839.61010963 16
FO-29                60839.67195355 60839.68360563 62
FO-29                60839.74819475 60839.75460981 5
FO-29                60840.13807100 60840.15127777 26
FO-29                60840.21062505 60840.22499554 61
FO-29                60840.28468711 60840.29476334 11
FO-29                60840.56475565 60840.57052858 4
FO-29                60840.63379541 60840.64523866 42
FO-29                60840.70728173 60840.71788333 23
FO-29                60841.10117474 60841.11045032 7
FO-29                60841.17230572 60841.18677848 59
FO-29                60841.24557867 60841.25867845 28
FO-29                60841.59669821 60841.60643419 15
FO-29                60841.66813816 60841.67998741 67
FO-29                60841.74403191 60841.75124408 6
FO-29                60842.13446053 60842.14748696 24
FO-29                60842.20693450 60842.22137629 66
FO-29                60842.28090787 60842.29135318 12
FO-29                60842.56124952 60842.56678186 3
FO-29                60842.63006092 60842.64159257 39
FO-29                60842.70337141 60842.71431914 26
FO-29                60843.09771703 60843.10645383 6
FO-29                60843.16865235 60843.18307308 55
FO-29                60843.24186189 60843.25513772 30
FO-29                60843.31727459 60843.32225039 2
FO-29                60843.59305253 60843.60276252 15
FO-29                60843.66432968 60843.67637175 71
FO-29                60843.73991780 60843.74784040 8
FO-29                60844.13086442 60844.14367731 22
FO-29                60844.20325458 60844.21774185 70
FO-29                60844.27714629 60844.28791995 13
FO-29                60844.55776162 60844.56303144 3
FO-29                60844.62633370 60844.63794996 37
FO-29                60844.69947240 60844.71075319 29
FO-29                60845.09429959 60845.10241105 5
FO-29                60845.16501031 60845.17935224 51
FO-29                60845.23815672 60845.25158015 32
FO-29                60845.31330915 60845.31909164 3
FO-29                60845.58941554 60845.59909373 14
FO-29                60845.66052873 60845.67275816 73
FO-29                60845.73581651 60845.74441107 9
FO-29                60846.12728323 60846.13984813 20
FO-29                60846.19958497 60846.21409237 74
FO-29                60846.27340085 60846.28446463 14
FO-29                60846.55429456 60846.55927344 2
FO-29                60846.62261385 60846.63431011 34
FO-29                60846.69558451 60846.70718547 32
FO-29                60847.09093363 60847.09831072 4
FO-29                60847.16137919 60847.17561558 48
FO-29                60847.23446266 60847.24800582 34
FO-29                60847.30941030 60847.31586147 4
FO-29                60847.58578882 60847.59542685 13
FO-29                60847.65673592 60847.66914608 74
FO-29                60847.73177068 60847.74095793 11
FO-29                60848.12371749 60848.13599826 18
FO-29                60848.19592544 60848.21042747 78
FO-29                60848.26967024 60848.28098798 15
FO-29                60848.55085316 60848.55550340 2
FO-29                60848.61890267 60848.63067228 32
FO-29                60848.69170828 60848.70361585 35
FO-29                60849.08763613 60849.09413437 3
SO-50                60833.12447605 60833.13269432 19
SO-50                60833.19330090 60833.20240343 35
SO-50                60833.26558141 60833.27077560 4
SO-50                60833.47965515 60833.48706594 10
SO-50                60833.54844645 60833.55823642 76
SO-50                60833.61874778 60833.62594447 10
SO-50                60834.13696110 60834.14608340 46
SO-50                60834.20695666 60834.21528863 18
SO-50                60834.49239583 60834.50115729 19
SO-50                60834.56159466 60834.57117786 47
SO-50                60835.08225606 60835.08886723 9
SO-50                60835.14988766 60835.15923732 73
SO-50                60835.22104276 60835.22802661 9
SO-50                60835.43686432 60835.44254861 5
SO-50                60835.50527922 60835.51481577 38
SO-50                60835.57495931 60835.58368090 21
SO-50                60836.09420416 60836.10260414 22
SO-50                60836.16320040 60836.17223076 32
SO-50                60836.23568860 60836.24051524 3
SO-50                60836.44944187 60836.45708062 11
SO-50                60836.51828791 60836.52808360 85
SO-50                60836.58872680 60836.59556697 8
SO-50                60837.10674998 60837.11594367 52
SO-50                60837.17690362 60837.18508855 16
SO-50                60837.46219433 60837.47109782 21
SO-50                60837.53145225 60837.54095929 41
SO-50                60838.05187275 60838.05882775 10
SO-50                60838.11972288 60838.12906338 65
SO-50                60838.19104720 60838.19779346 8
SO-50                60838.40660073 60838.41261734 5
SO-50                60838.47508625 60838.48469088 43
SO-50                60838.54484877 60838.55338321 18
SO-50                60839.06391723 60839.07247920 25
SO-50                60839.13307990 60839.14202867 29
SO-50                60839.20578622 60839.21021486 3
SO-50                60839.41920554 60839.42705679 12
SO-50                60839.48810534 60839.49789604 85
SO-50                60839.55875094 60839.56513892 7
SO-50                60840.01041739 60840.01432741 2
SO-50                60840.07651982 60840.08577261 59
SO-50                60840.14683099 60840.15485898 15
SO-50                60840.43196855 60840.44100209 23
SO-50                60840.50128715 60840.51070543 37
SO-50                60841.02148377 60841.02874462 12
SO-50                60841.08953829 60841.09885954 57
SO-50                60841.16103389 60841.16752916 7
SO-50                60841.37631817 60841.38264292 6
SO-50                60841.44486892 60841.45453103 47
SO-50                60841.51471870 60841.52304726 16
SO-50                60842.03361434 60842.04232027 28
SO-50                60842.10293931 60842.11179725 26
SO-50                60842.17587818 60842.17987034 2
SO-50                60842.38893369 60842.39699757 13
SO-50                60842.45789988 60842.46767387 77
SO-50                60842.52872137 60842.53465829 6
SO-50                60842.97978475 60842.98441746 3
SO-50                60843.04627053 60843.05557055 67
SO-50                60843.11673877 60843.12459987 13
SO-50                60843.33368948 60843.33769617 2
SO-50                60843.40171835 60843.41087060 25
SO-50                60843.47109940 60843.48041620 33
SO-50                60843.99108627 60843.99862050 13
SO-50                60844.05933371 60844.06862596 51
SO-50                60844.13100314 60844.13723327 6
SO-50                60844.34601540 60844.35262692 7
SO-50                60844.41462692 60844.42433642 53
SO-50                60844.48456982 60844.49267244 15
SO-50                60845.00329469 60845.01212805 31
SO-50                60845.07277854 60845.08153638 24
SO-50                60845.35864970 60845.36689860 14
SO-50                60845.42766938 60845.43741717 68
SO-50                60845.49869421 60845.50411815 5
SO-50                60845.94919619 60845.95441889 5
SO-50                60846.01600213 60846.02533779 75
SO-50                60846.08662702 60846.09431110 12
SO-50                60846.30330191 60846.30776888 3
SO-50                60846.37144384 60846.38070366 28
SO-50                60846.44088926 60846.45009151 29
SO-50                60846.96067805 60846.96845719 15
SO-50                60847.02910895 60847.03836278 45
SO-50                60847.10095546 60847.10690525 5
SO-50                60847.31569145 60847.32257045 8
SO-50                60847.38436065 60847.39410724 59
SO-50                60847.45440299 60847.46225793 13
SO-50                60847.97295769 60847.98190337 35
SO-50                60848.04259748 60848.05124649 22
SO-50                60848.32834178 60848.33676284 16
SO-50                60848.39741510 60848.40712602 61
SO-50                60848.46867927 60848.47350846 3
SO-50                60848.91862918 60848.92435163 6
SO-50                60848.98571412 60848.99507458 83
SO-50                60849.05649574 60849.06399284 11
SO-50                60849.27290684 60849.27778702 3
SO-50                60849.34114471 60849.35050154 31
SO-50                60849.41065699 60849.41973121 26
SO-50                60849.93025738 60849.93825655 17
SO-50                60849.99886366 60850.00807014 41
SO-50                60850.07089144 60850.07654413 5
SO-50                60850.28534558 60850.29247448 9
HO-68                60833.28848176 60833.29812518 10
HO-68                60833.36188680 60833.37557043 76
HO-68                60833.43729107 60833.44865319 19
HO-68                60833.72549176 60833.73242139 5
HO-68                60833.79590001 60833.80890946 42
HO-68                60833.87077726 60833.88362434 33
HO-68                60834.27743228 60834.28512784 5
HO-68                60834.35011385 60834.36367704 58
HO-68                60834.42528589 60834.43738974 25
HO-68                60834.78443105 60834.79697820 32
HO-68                60834.85868421 60834.87194523 44
HO-68                60835.33838460 60835.35168254 43
HO-68                60835.41332237 60835.42601360 33
HO-68                60835.49034448 60835.49551343 2
HO-68                60835.77306682 60835.78501010 24
HO-68                60835.84670038 60835.86021224 60
HO-68                60835.92510819 60835.93299016 6
HO-68                60836.32671120 60836.33957746 32
HO-68                60836.40139526 60836.41453378 43
HO-68                60836.47781352 60836.48512568 5
HO-68                60836.76181682 60836.77299938 18
HO-68                60836.83481695 60836.84843455 79
HO-68                60836.91215452 60836.92190548 10
HO-68                60837.31510709 60837.32734679 23
HO-68                60837.38950204 60837.40295604 57
HO-68                60837.46553411 60837.47440181 9
HO-68                60837.75069565 60837.76093551 13
HO-68                60837.82302900 60837.83661799 80
HO-68                60837.89952038 60837.91056990 15
HO-68                60838.30359569 60838.31496509 17
HO-68                60838.37764242 60838.39128384 75
HO-68                60838.45337900 60838.46347011 12
HO-68                60838.73972638 60838.74879909 9
HO-68                60838.81133474 60838.82476615 61
HO-68                60838.88709687 60838.89908636 22
HO-68                60839.29222402 60839.30238846 11
HO-68                60839.36581749 60839.37951823 83
HO-68                60839.44130199 60839.45238005 17
HO-68                60839.72900426 60839.73655253 6
HO-68                60839.79973704 60839.81288077 46
HO-68                60839.87483264 60839.88750247 30
HO-68                60840.28106205 60840.28952855 7
HO-68                60840.35403067 60840.36765785 64
HO-68                60840.42928106 60840.44115755 23
HO-68                60840.71853420 60840.72408994 3
HO-68                60840.78823337 60840.80096169 35
HO-68                60840.86269904 60840.87584464 40
HO-68                60841.27035152 60841.27613905 3
HO-68                60841.34228705 60841.35569857 47
HO-68                60841.41730441 60841.42981840 30
HO-68                60841.77683207 60841.78900705 26
HO-68                60841.85067885 60841.86412897 54
HO-68                60841.92956156 60841.93657905 4
HO-68                60842.33059202 60842.34363265 35
HO-68                60842.40536555 60842.41837295 39
HO-68                60842.48195095 60842.48863215 4
HO-68                60842.76554134 60842.77701222 20
HO-68                60842.83876156 60842.85236596 72
HO-68                60842.91643023 60842.92563247 9
HO-68                60843.31896220 60843.33144696 26
HO-68                60843.39346116 60843.40682784 52
HO-68                60843.46960950 60843.47799942 7
HO-68                60843.75437347 60843.76496872 15
HO-68                60843.82694105 60843.84056239 87
HO-68                60843.90370442 60843.91436608 14
HO-68                60844.30741557 60844.31912054 19
HO-68                60844.38159027 60844.39518742 69
HO-68                60844.45741993 60844.46713052 11
HO-68                60844.74334080 60844.75286089 11
HO-68                60844.81521436 60844.82872255 67
HO-68                60844.89121647 60844.90292599 19
HO-68                60845.29599201 60845.30661737 13
HO-68                60845.36975335 60845.38345349 88
HO-68                60845.44532003 60845.45609029 15
HO-68                60845.73254995 60845.74066039 7
HO-68                60845.80358425 60845.81684880 50
HO-68                60845.87890173 60845.89137274 27
HO-68                60846.28474181 60846.29386970 8
HO-68                60846.35795315 60846.37162556 70
HO-68                60846.43328205 60846.44491048 21
HO-68                60846.72195474 60846.72829277 4
HO-68                60846.79204665 60846.80494175 38
HO-68                60846.86672572 60846.87973811 36
HO-68                60847.27382530 60847.28071468 4
HO-68                60847.34619419 60847.35970052 52
HO-68                60847.42129155 60847.43360941 27
HO-68                60847.78060932 60847.79299985 29
HO-68                60847.85466807 60847.86804088 49
HO-68                60847.93408940 60847.94008443 3
HO-68                60848.33448100 60848.34767197 39
HO-68                60848.40934058 60848.42219884 36
HO-68                60848.48612509 60848.49209153 3
HO-68                60848.76927927 60848.78101984 22
HO-68                60848.84271631 60848.85629327 66
HO-68                60848.92074713 60848.92932612 7
HO-68                60849.32282788 60849.33552889 29
HO-68                60849.39742489 60849.41068698 47
HO-68                60849.47370250 60849.48156902 6
HO-68                60849.75806719 60849.76899472 16
AO-73                60833.36752050 60833.37605199 44
AO-73                60833.43394752 60833.44086949 12
AO-73                60833.81461914 60833.82184543 17
AO-73                60833.88006620 60833.88791851 27
AO-73                60834.36637945 60834.37490013 41
AO-73                60834.43276419 60834.43978848 13
AO-73                60834.81350857 60834.82066729 16
AO-73                60834.87888421 60834.88677935 29
AO-73                60835.36522248 60835.37372962 39
AO-73                60835.43156498 60835.43868915 14
AO-73                60835.81238267 60835.81947123 15
AO-73                60835.87768580 60835.88562285 30
AO-73                60836.36404967 60836.37254035 38
AO-73                60836.43034990 60836.43757145 14
AO-73                60836.81124158 60836.81825720 14
AO-73                60836.87647101 60836.88444901 32
AO-73                60837.36286108 60837.37133224 36
AO-73                60837.42911896 60837.43643534 15
AO-73                60837.81008540 60837.81702514 14
AO-73                60837.87523989 60837.88325780 34
AO-73                60838.36165685 60838.37010519 34
AO-73                60838.42787218 60838.43528077 16
AO-73                60838.80891426 60838.81577494 13
AO-73                60838.87399252 60838.88204922 36
AO-73                60839.36043715 60839.36885907 32
AO-73                60839.42660956 60839.43410751 17
AO-73                60839.80772831 60839.81450654 12
AO-73                60839.87272894 60839.88082324 38
AO-73                60840.35920166 60840.36759380 31
AO-73                60840.42533112 60840.43291589 18
AO-73                60840.80652769 60840.81321984 12
AO-73                60840.87144922 60840.87957984 40
AO-73                60841.35795069 60841.36630926 29
AO-73                60841.42403685 60841.43170568 18
AO-73                60841.80531256 60841.81191471 11
AO-73                60841.87015343 60841.87831901 43
AO-73                60842.35668432 60842.36500532 28
AO-73                60842.42272678 60842.43047687 19
AO-73                60842.80408310 60842.81059105 11
AO-73                60842.86884162 60842.87704071 45
AO-73                60843.35540263 60843.36368187 26
AO-73                60843.42140091 60843.42922934 20
AO-73                60843.80283950 60843.80924872 10
AO-73                60843.86751387 60843.87574494 48
AO-73                60844.35410571 60844.36233878 25
AO-73                60844.42005924 60844.42796308 22
AO-73                60844.80158221 60844.80788757 9
AO-73                60844.86617024 60844.87443165 52
AO-73                60845.35279365 60845.36097592 24
AO-73                60845.41870178 60845.42667804 23
AO-73                60845.80031096 60845.80650742 9
AO-73                60845.86476756 60845.87309765 55
AO-73                60846.35146656 60846.35959314 23
AO-73                60846.41732855 60846.42537418 24
AO-73                60846.79902626 60846.80510808 8
AO-73                60846.86339228 60846.87174928 59
AO-73                60847.35012455 60847.35819029 21
AO-73                60847.41593955 60847.42405146 25
AO-73                60847.79772833 60847.80368939 8
AO-73                60847.86200133 60847.87038332 63
AO-73                60848.34876772 60848.35676723 20
AO-73                60848.41454069 60848.42271657 27
AO-73                60848.79641755 60848.80225085 7
AO-73                60848.86059480 60848.86899974 68
AO-73                60849.34739621 60849.35532377 19
AO-73                60849.41312019 60849.42135593 28
AO-73                60849.79509423 60849.80079251 7
AO-73                60849.85917275 60849.86759849 73
AO-73                60849.92784790 60849.93148929 2
AO-73                60850.34601014 60850.35385974 18
AO-73                60850.41168394 60850.41997628 30
AO-73                60850.79375875 60850.79931386 6
AO-73                60850.85773526 60850.86617954 78
AO-73                60850.92621956 60850.93022189 3
AO-73                60851.34460965 60851.35237495 17
AO-73                60851.41023195 60851.41857757 31
AO-73                60851.79241157 60851.79781452 6
AO-73                60851.85628242 60851.86474286 83
AO-73                60851.92459140 60851.92892123 3
AO-73                60852.34319494 60852.35086913 16
AO-73                60852.40876421 60852.41715975 33
AO-73                60852.79105337 60852.79629401 5
AO-73                60852.85481429 60852.86328841 86
AO-73                60852.92295979 60852.92759053 4
AO-73                60853.34176616 60853.34934233 15
AO-73                60853.40728075 60853.41572277 35
AO-73                60853.78968438 60853.79475170 5
AO-73                60853.85333098 60853.86181614 84
AO-73                60853.92132254 60853.92623222 4
AO-73                60854.34032352 60854.34779390 14
AO-73                60854.40578157 60854.41426658 37
AO-73                60854.78830563 60854.79318718 4
AO-73                60854.85183254 60854.86032601 79
AO-73                60854.91967778 60854.92484784 5
AO-73                60855.33886723 60855.34622374 13
AO-73                60855.40426668 60855.41279112 40
AO-73                60855.78691793 60855.79159927 4
AO-73                60855.85031909 60855.85881797 74
AO-73                60855.91802459 60855.92343891 6
TITA                 60833.09465077 60833.10100224 10
TITA                 60833.15908509 60833.16705714 43
TITA                 60833.64314033 60833.65095972 22
TITA                 60833.70866489 60833.71633128 22
TITA                 60834.08836538 60834.09412233 8
TITA                 60834.15231809 60834.16043519 60
TITA                 60834.63660990 60834.64408367 17
TITA                 60834.70190146 60834.70985510 28
TITA                 60835.08215524 60835.08716591 5
TITA                 60835.14562239 60835.15378198 83
TITA                 60835.21363273 60835.21751244 3
TITA                 60835.63011092 60835.63713559 13
TITA                 60835.69515054 60835.70332492 38
TITA                 60836.07606148 60836.08009175 3
TITA                 60836.13895450 60836.14709564 71
TITA                 60836.20627836 60836.21134551 5
TITA                 60836.62365615 60836.63010242 9
TITA                 60836.68836646 60836.69673983 51
TITA                 60837.13231421 60837.14037669 50
TITA                 60837.19909203 60837.20500595 8
TITA                 60837.61726772 60837.62296109 6
TITA                 60837.68163615 60837.69010736 70
TITA                 60837.74861100 60837.75301723 4
TITA                 60838.12570183 60838.13362493 37
TITA                 60838.19200489 60838.19856273 11
TITA                 60838.61099049 60838.61566508 4
TITA                 60838.67491581 60838.68342457 85
TITA                 60838.74152910 60838.74688457 6
TITA                 60839.11911902 60839.12683942 28
TITA                 60839.18498719 60839.19204509 15
TITA                 60839.66820609 60839.67669108 63
TITA                 60839.73452995 60839.74062386 8
TITA                 60840.11256826 60840.12001837 21
TITA                 60840.17802264 60840.18546873 20
TITA                 60840.66150518 60840.66990571 46
TITA                 60840.72758001 60840.73426919 11
TITA                 60841.10605335 60841.11315840 16
TITA                 60841.17110186 60841.17884356 27
TITA                 60841.65482015 60841.66306639 34
TITA                 60841.72066292 60841.72783788 15
TITA                 60842.09957994 60842.10625476 12
TITA                 60842.16421828 60842.17217550 37
TITA                 60842.64815228 60842.65616989 25
TITA                 60842.71376915 60842.72133965 20
TITA                 60843.09315684 60843.09929931 9
TITA                 60843.15736785 60843.16546874 51
TITA                 60843.64150557 60843.64921138 19
TITA                 60843.70689890 60843.71478782 25
TITA                 60844.08679884 60844.09227813 6
TITA                 60844.15050500 60844.15872304 72
TITA                 60844.63488721 60844.64218374 15
TITA                 60844.70003692 60844.70817257 33
TITA                 60845.08053312 60845.08516435 4
TITA                 60845.14371425 60845.15194625 81
TITA                 60845.21128442 60845.21600619 4
TITA                 60845.62830787 60845.63507568 11
TITA                 60845.69314271 60845.70150029 45
TITA                 60846.07448210 60846.07789185 2
TITA                 60846.13695266 60846.14513615 58
TITA                 60846.20392854 60846.20962098 7
TITA                 60846.62178527 60846.62786883 8
TITA                 60846.68630320 60846.69477917 61
TITA                 60846.75343571 60846.75743711 3
TITA                 60847.13021961 60847.13829290 42
TITA                 60847.19669393 60847.20311073 10
TITA                 60847.61535301 60847.62052833 5
TITA                 60847.67947403 60847.68800647 83
TITA                 60847.74619962 60847.75126542 5
TITA                 60848.12351666 60848.13141590 31
TITA                 60848.18953982 60848.19651565 14
TITA                 60848.60909279 60848.61296985 2
TITA                 60848.67265571 60848.68118208 71
TITA                 60848.73906953 60848.74494111 8
TITA                 60849.11684580 60849.12450368 24
TITA                 60849.18244566 60849.18985582 19
TITA                 60849.66584666 60849.67430508 51
TITA                 60849.73199865 60849.73851199 10
TITA                 60850.11021026 60850.11755374 18
TITA                 60850.17539983 60850.18314326 25
TITA                 60850.65905302 60850.66737366 38
TITA                 60850.72496570 60850.73199966 14
TITA                 60851.10361500 60851.11056169 14
TITA                 60851.16839451 60851.17638512 34
TITA                 60851.65227611 60851.66038488 28
TITA                 60851.71795949 60851.72541616 18
TITA                 60852.09706746 60852.10352100 10
TITA                 60852.16142501 60852.16958634 46
TITA                 60852.64551960 60852.65333430 21
TITA                 60852.71097892 60852.71877598 23
TITA                 60853.09057986 60853.09642032 8
TITA                 60853.15444481 60853.16274706 65
TITA                 60853.63879020 60853.64621533 16
TITA                 60853.70400809 60853.71206997 31
TITA                 60854.08417305 60854.08923918 5
TITA                 60854.14753838 60854.15587576 87
TITA                 60854.21527208 60854.21980641 4
TITA                 60854.63209769 60854.63901749 12
TITA                 60854.69700592 60854.70530499 41
TITA                 60855.07789244 60855.08193270 3
NOAA-15              60833.00866600 60833.01900095 49
NOAA-15              60833.07873734 60833.08775544 17
NOAA-15              60833.52104847 60833.53085965 25
NOAA-15              60833.59015504 60833.60027231 35
NOAA-15              60833.99093913 60834.00070065 28
NOAA-15              60834.05999382 60834.06998427 30
NOAA-15              60834.50336192 60834.51198552 13
NOAA-15              60834.57189687 60834.58245807 62
NOAA-15              60834.64250237 60834.64888180 6
NOAA-15              60834.97349149 60834.98226635 16
NOAA-15              60835.04156085 60835.05202732 56
NOAA-15              60835.11435919 60835.11898326 3
NOAA-15              60835.48607536 60835.49257240 6
NOAA-15              60835.55375051 60835.56440002 74
NOAA-15              60835.62373717 60835.63199853 13
NOAA-15              60835.95639537 60835.96363550 8
NOAA-15              60836.02338682 60836.03393555 81
NOAA-15              60836.09446878 60836.10211310 9
NOAA-15              60836.53572346 60836.54609368 40
NOAA-15              60836.60522656 60836.61469794 22
NOAA-15              60836.93994107 60836.94458577 3
NOAA-15              60837.00545652 60837.01572831 45
NOAA-15              60837.07534356 60837.08458419 19
NOAA-15              60837.51785154 60837.52750714 22
NOAA-15              60837.58686801 60837.59709512 38
NOAA-15              60837.98777531 60837.99740517 25
NOAA-15              60838.05665856 60838.06677246 34
NOAA-15              60838.50021322 60838.50855717 12
NOAA-15              60838.56862787 60838.57923514 69
NOAA-15              60838.63910315 60838.64588901 7
NOAA-15              60838.97037923 60838.97894152 15
NOAA-15              60839.03827114 60839.04878762 62
NOAA-15              60839.11067490 60839.11604883 4
NOAA-15              60839.48304118 60839.48899917 5
NOAA-15              60839.55049976 60839.56113218 66
NOAA-15              60839.62039574 60839.62891436 14
NOAA-15              60839.95335652 60839.96026173 7
NOAA-15              60840.02013776 60840.03067289 73
NOAA-15              60840.09099363 60840.09899082 11
NOAA-15              60840.53249446 60840.54277764 36
NOAA-15              60840.60191470 60840.61155281 24
NOAA-15              60840.93707554 60840.94106684 2
NOAA-15              60841.00224772 60841.01244427 40
NOAA-15              60841.07195196 60841.08139676 21
NOAA-15              60841.51465384 60841.52413323 20
NOAA-15              60841.58357670 60841.59390023 42
NOAA-15              60841.65485295 60841.65929451 3
NOAA-15              60841.98461067 60841.99409746 23
NOAA-15              60842.05332243 60842.06354741 37
NOAA-15              60842.49707022 60842.50510068 10
NOAA-15              60842.56535432 60842.57599464 77
NOAA-15              60842.63571082 60842.64286631 8
NOAA-15              60842.96726872 60842.97560239 13
NOAA-15              60843.03497949 60843.04553574 69
NOAA-15              60843.10704370 60843.11304835 5
NOAA-15              60843.48005071 60843.48536634 3
NOAA-15              60843.54724503 60843.55784632 60
NOAA-15              60843.61705315 60843.62580862 16
NOAA-15              60843.95032675 60843.95686696 6
NOAA-15              60844.01688655 60844.02739866 66
NOAA-15              60844.08752740 60844.09584605 12
NOAA-15              60844.52926264 60844.53944231 33
NOAA-15              60844.59859930 60844.60838873 27
NOAA-15              60844.99903743 60845.00914830 36
NOAA-15              60845.06856200 60845.07819385 23
NOAA-15              60845.51145613 60845.52073693 18
NOAA-15              60845.58028097 60845.59068726 47
NOAA-15              60845.65134387 60845.65640251 3
NOAA-15              60845.98144611 60845.99077711 21
NOAA-15              60846.04998547 60846.06030951 42
NOAA-15              60846.49393501 60846.50161352 9
NOAA-15              60846.56207640 60846.57273633 84
NOAA-15              60846.63232306 60846.63981600 9
NOAA-15              60846.96416112 60846.97224810 12
NOAA-15              60847.03168612 60847.04227183 77
NOAA-15              60847.10344809 60847.10999882 6
NOAA-15              60847.47710870 60847.48165259 2
NOAA-15              60847.54398648 60847.55454211 53
NOAA-15              60847.61370875 60847.62268172 17
NOAA-15              60847.94730917 60847.95344824 5
NOAA-15              60848.01363376 60848.02411247 59
NOAA-15              60848.08403592 60848.09268258 14
NOAA-15              60848.52602833 60848.53608693 29
NOAA-15              60848.59528009 60848.60520579 30
NOAA-15              60848.99582622 60849.00584036 33
NOAA-15              60849.06517343 60849.07497581 26
NOAA-15              60849.50825924 60849.51731716 16
NOAA-15              60849.57698095 60849.58745621 52
NOAA-15              60849.64786477 60849.65345654 4
NOAA-15              60849.97828175 60849.98744360 19
NOAA-15              60850.04664775 60850.05705847 46
NOAA-15              60850.49081056 60850.49809226 8
NOAA-15              60850.55879403 60850.56946003 86
NOAA-15              60850.62893790 60850.63673987 10
NOAA-15              60850.96105751 60850.96887769 11
NOAA-15              60851.02839126 60851.03899579 85
NOAA-15              60851.09987831 60851.10691024 7
NOAA-15              60851.54072414 60851.55121929 48
NOAA-15              60851.61036193 60851.61953439 19
NOAA-18              60833.14700915 60833.15743735 36
NOAA-18              60833.21703290 60833.22716958 26
NOAA-18              60833.66417982 60833.67379028 20
NOAA-18              60833.73368352 60833.74426842 45
NOAA-18              60833.80542028 60833.81045586 3
NOAA-18              60834.13829934 60834.14836932 27
NOAA-18              60834.20783792 60834.21833722 34
NOAA-18              60834.65545529 60834.66442556 15
NOAA-18              60834.72466766 60834.73543944 60
NOAA-18              60834.79592065 60834.80238113 6
NOAA-18              60835.12965651 60835.13926947 21
NOAA-18              60835.19871396 60835.20946392 45
NOAA-18              60835.64681472 60835.65494239 10
NOAA-18              60835.71567763 60835.72655137 80
NOAA-18              60835.78659751 60835.79411277 9
NOAA-18              60836.12108732 60836.13013247 16
NOAA-18              60836.18965490 60836.20055554 61
NOAA-18              60836.26276015 60836.26841823 4
NOAA-18              60836.63830033 60836.64529687 7
NOAA-18              60836.70671396 60836.71760447 78
NOAA-18              60836.77736000 60836.78571617 12
NOAA-18              60837.11260201 60837.12094988 12
NOAA-18              60837.18065687 60837.19161610 81
NOAA-18              60837.25290335 60837.26008703 7
NOAA-18              60837.63001751 60837.63538774 3
NOAA-18              60837.69777847 60837.70859776 58
NOAA-18              60837.76818102 60837.77721984 16
NOAA-18              60838.10421709 60838.11170649 9
NOAA-18              60838.17171770 60838.18264816 77
NOAA-18              60838.24325503 60838.25155417 11
NOAA-18              60838.68887146 60838.69952886 44
NOAA-18              60838.75904615 60838.76864003 21
NOAA-18              60839.09596282 60839.10237392 6
NOAA-18              60839.16283662 60839.17365314 58
NOAA-18              60839.23378796 60839.24289929 15
NOAA-18              60839.68000069 60839.69039359 33
NOAA-18              60839.74994703 60839.75998642 28
NOAA-18              60840.08796067 60840.09288737 3
NOAA-18              60840.15401516 60840.16463141 44
NOAA-18              60840.22443459 60840.23416283 21
NOAA-18              60840.67117106 60840.68118546 25
NOAA-18              60840.74087862 60840.75126560 36
NOAA-18              60841.14525276 60841.15558227 33
NOAA-18              60841.21517299 60841.22536585 27
NOAA-18              60841.66239209 60841.67189440 19
NOAA-18              60841.73183799 60841.74248186 48
NOAA-18              60841.80346086 60841.80884652 4
NOAA-18              60842.13655369 60842.14650383 26
NOAA-18              60842.20598966 60842.21652089 36
NOAA-18              60842.65367901 60842.66250453 14
NOAA-18              60842.72282368 60842.73363781 64
NOAA-18              60842.79399689 60842.80071958 7
NOAA-18              60843.12792233 60843.13739259 20
NOAA-18              60843.19687594 60843.20763644 48
NOAA-18              60843.64505632 60843.65298925 9
NOAA-18              60843.71383528 60843.72473474 84
NOAA-18              60843.78469183 60843.79241788 10
NOAA-18              60844.11936684 60844.12824259 15
NOAA-18              60844.18782623 60844.19871778 65
NOAA-18              60844.26073244 60844.26672523 5
NOAA-18              60844.63657301 60844.64329788 6
NOAA-18              60844.70487352 60844.71577269 74
NOAA-18              60844.77546480 60844.78399563 13
NOAA-18              60845.11089840 60845.11904407 11
NOAA-18              60845.17883701 60845.18976868 85
NOAA-18              60845.25093152 60845.25833852 8
NOAA-18              60845.62835895 60845.63330411 3
NOAA-18              60845.69594055 60845.70675041 55
NOAA-18              60845.76629250 60845.77547801 17
NOAA-18              60846.10253571 60846.10977981 8
NOAA-18              60846.16990637 60846.18079143 73
NOAA-18              60846.24131457 60846.24977378 12
NOAA-18              60846.68703655 60846.69766519 41
NOAA-18              60846.75716217 60846.76687906 23
NOAA-18              60847.09431438 60847.10041596 5
NOAA-18              60847.16103398 60847.17178723 55
NOAA-18              60847.23186933 60847.24109677 16
NOAA-18              60847.67817009 60847.68851243 31
NOAA-18              60847.74806631 60847.75820806 30
NOAA-18              60848.08637539 60848.09086912 3
NOAA-18              60848.15222136 60848.16275631 41
NOAA-18              60848.22253253 60848.23234330 22
NOAA-18              60848.66934648 60848.67928500 23
NOAA-18              60848.73900042 60848.74947085 39
NOAA-18              60849.14346854 60849.15369755 32
NOAA-18              60849.21328428 60849.22353236 29
NOAA-18              60849.66057608 60849.66997192 17
NOAA-18              60849.72996191 60849.74067142 51
NOAA-18              60849.80147653 60849.80720760 4
NOAA-18              60850.13477997 60850.14460878 24
NOAA-18              60850.20411229 60850.21467544 38
NOAA-18              60850.65187552 60850.66055560 13
NOAA-18              60850.72094957 60850.73181199 68
NOAA-18              60850.79204454 60850.79903246 7
NOAA-18              60851.12616059 60851.13548621 19
NOAA-18              60851.19500859 60851.20578004 51
NOAA-18              60851.26879948 60851.27310186 2
NOAA-18              60851.64327302 60851.65100619 9
NOAA-18              60851.71196326 60851.72289361 88
NOAA-19              60833.08329109 60833.09252858 18
NOAA-19              60833.15207031 60833.16285089 54
NOAA-19              60833.22565832 60833.23032634 3
NOAA-19              60833.60048461 60833.60810959 8
NOAA-19              60833.66909233 60833.68012487 86
NOAA-19              60833.73980965 60833.74805793 11
NOAA-19              60834.07491629 60834.08353072 14
NOAA-19              60834.14320183 60834.15408492 72
NOAA-19              60834.21579376 60834.22230810 6
NOAA-19              60834.59223687 60834.59850343 5
NOAA-19              60834.66030505 60834.67130093 66
NOAA-19              60834.73077934 60834.73974442 15
NOAA-19              60835.06663076 60835.07448163 10
NOAA-19              60835.13439129 60835.14529015 87
NOAA-19              60835.20624685 60835.21400692 9
NOAA-19              60835.65154643 60835.66241739 49
NOAA-19              60835.72179463 60835.73134590 20
NOAA-19              60836.05845598 60836.06536104 7
NOAA-19              60836.12563739 60836.13646845 66
NOAA-19              60836.19684820 60836.20556092 13
NOAA-19              60836.64281690 60836.65347102 37
NOAA-19              60836.71284629 60836.72287293 26
NOAA-19              60837.05043451 60837.05612819 4
NOAA-19              60837.11693986 60837.12762069 50
NOAA-19              60837.18760463 60837.19701795 18
NOAA-19              60837.63412616 60837.64445663 28
NOAA-19              60837.70392878 60837.71433263 33
NOAA-19              60838.10830099 60838.11874673 38
NOAA-19              60838.17845961 60838.18840695 24
NOAA-19              60838.62547991 60838.63536630 21
NOAA-19              60838.69503875 60838.70572967 43
NOAA-19              60838.76681385 60838.77180316 3
NOAA-19              60839.09972044 60839.10984550 29
NOAA-19              60839.16939659 60839.17974355 31
NOAA-19              60839.61688988 60839.62618786 16
NOAA-19              60839.68617435 60839.69706706 57
NOAA-19              60839.75746280 60839.76389787 6
NOAA-19              60840.09120349 60840.10091445 23
NOAA-19              60840.16040512 60840.17103770 42
NOAA-19              60840.60837399 60840.61690161 12
NOAA-19              60840.67733490 60840.68834652 75
NOAA-19              60840.74829035 60840.75579651 9
NOAA-19              60841.08275524 60841.09194942 17
NOAA-19              60841.15147838 60841.16229593 56
NOAA-19              60841.22491440 60841.22989181 3
NOAA-19              60841.59996528 60841.60747339 8
NOAA-19              60841.66852070 60841.67956856 83
NOAA-19              60841.73920448 60841.74756630 12
NOAA-19              60842.07438487 60842.08294321 13
NOAA-19              60842.14261201 60842.15352271 74
NOAA-19              60842.21510124 60842.22181776 6
NOAA-19              60842.59173959 60842.59783186 5
NOAA-19              60842.65973307 60842.67073257 63
NOAA-19              60842.73017733 60842.73923631 16
NOAA-19              60843.06610548 60843.07388432 10
NOAA-19              60843.13380340 60843.14472098 84
NOAA-19              60843.20557693 60843.21348922 10
NOAA-19              60843.65097445 60843.66183664 48
NOAA-19              60843.72119420 60843.73082306 21
NOAA-19              60844.05793978 60844.06475127 7
NOAA-19              60844.12505137 60844.13589250 64
NOAA-19              60844.19619105 60844.20502540 14
NOAA-19              60844.64224528 60844.65287731 36
NOAA-19              60844.71224649 60844.72233637 27
NOAA-19              60845.04993384 60845.05549982 4
NOAA-19              60845.11635585 60845.12703802 48
NOAA-19              60845.18695640 60845.19646885 19
NOAA-19              60845.63355578 60845.64384910 27
NOAA-19              60845.70332903 60845.71378299 34
NOAA-19              60846.10771917 60846.11815730 37
NOAA-19              60846.17781760 60846.18784672 25
NOAA-19              60846.62491192 60846.63474373 21
NOAA-19              60846.69443868 60846.70516741 45
NOAA-19              60846.76614149 60846.77134963 3
NOAA-19              60847.09914121 60847.10924912 28
NOAA-19              60847.16875925 60847.17917371 33
NOAA-19              60847.61632612 60847.62554828 15
NOAA-19              60847.68557380 60847.69649242 59
NOAA-19              60847.75681272 60847.76340759 6
NOAA-19              60848.09062724 60848.10031080 22
NOAA-19              60848.15977146 60848.17045919 43
NOAA-19              60848.60781747 60848.61624174 11
NOAA-19              60848.67673383 60848.68775957 78
NOAA-19              60848.74765068 60848.75528206 9
NOAA-19              60849.08218323 60849.09133796 17
NOAA-19              60849.15084779 60849.16170944 58
NOAA-19              60849.22413488 60849.22942186 3
NOAA-19              60849.59942175 60849.60678719 7
NOAA-19              60849.66791920 60849.67896926 81
NOAA-19              60849.73857011 60849.74703269 12
NOAA-19              60850.07381804 60850.08232300 13
NOAA-19              60850.14198411 60850.15292869 77
NOAA-19              60850.21436980 60850.22129573 6
NOAA-19              60850.59122297 60850.59710498 4
NOAA-19              60850.65913138 60850.67012069 61
NOAA-19              60850.72954573 60850.73868635 16
NOAA-19              60851.06554561 60851.07325377 9
NOAA-19              60851.13317801 60851.14411971 82
NOAA-19              60851.20486794 60851.21294034 10
METOA                60833.17923303 60833.18886207 32
METOA                60833.24636340 60833.25585030 25
METOA                60833.67743926 60833.68196247 4
METOA                60833.74293251 60833.75140591 78
METOA                60833.81125196 60833.81633722 5
METOA                60834.13272455 60834.13848007 5
METOA                60834.19693651 60834.20700780 59
METOA                60834.26513136 60834.27343072 14
METOA                60834.69454008 60834.70123179 11
METOA                60834.76102140 60834.76924104 39
METOA                60835.14947718 60835.15716962 11
METOA                60835.21488199 60835.22503274 74
METOA                60835.28438126 60835.29061649 6
METOA                60835.71211651 60835.71989373 23
METOA                60835.77929683 60835.78680585 20
METOA                60836.16666924 60836.17556802 21
METOA                60836.23307312 60836.24292798 39
METOA                60836.72992468 60836.73820013 48
METOA                60836.79771282 60836.80403081 10
METOA                60837.18416625 60837.19379817 36
METOA                60837.25154322 60837.26065921 21
METOA                60837.68211738 60837.68717227 5
METOA                60837.74789441 60837.75622385 71
METOA                60837.81650779 60837.82073691 3
METOA                60838.13741378 60838.14352614 6
METOA                60838.20191906 60838.21189817 68
METOA                60838.27041529 60838.27813826 11
METOA                60838.69934518 60838.70625485 13
METOA                60838.76604423 60838.77398563 32
METOA                60839.15426859 60839.16212465 13
METOA                60839.21991447 60839.22987535 63
METOA                60839.28989687 60839.29509857 4
METOA                60839.71696589 60839.72481545 26
METOA                60839.78429671 60839.79145366 16
METOA                60840.17152461 60840.18046710 23
METOA                60840.23816277 60840.24771492 33
METOA                60840.73479750 60840.74304215 59
METOA                60840.80277479 60840.80856503 8
METOA                60841.18907365 60841.19865042 41
METOA                60841.25670845 60841.26537221 18
METOA                60841.68675546 60841.69229927 6
METOA                60841.75278373 60841.76099215 59
METOA                60842.14209558 60842.14847055 7
METOA                60842.20687411 60842.21670526 77
METOA                60842.27570481 60842.28272919 9
METOA                60842.70408434 60842.71122284 15
METOA                60842.77095098 60842.77867745 27
METOA                60843.15903688 60843.16699282 14
METOA                60843.22491963 60843.23463356 53
METOA                60843.72174460 60843.72968827 31
METOA                60843.78923282 60843.79605514 14
METOA                60844.17635135 60844.18528368 26
METOA                60844.24322769 60844.25241397 28
METOA                60844.73959984 60844.74783777 72
METOA                60844.80777898 60844.81303479 6
METOA                60845.13041768 60845.13440000 2
METOA                60845.19394922 60845.20342210 47
METOA                60845.26189359 60845.26998550 14
METOA                60845.69134521 60845.69735581 8
METOA                60845.75759984 60845.76571499 48
METOA                60846.14675734 60846.15332401 8
METOA                60846.21179641 60846.22143193 80
METOA                60846.28100987 60846.28719051 6
METOA                60846.70875723 60846.71614041 18
METOA                60846.77578507 60846.78332348 23
METOA                60847.16377425 60847.17177981 16
METOA                60847.22989264 60847.23930983 44
METOA                60847.72645254 60847.73451580 38
METOA                60847.79409910 60847.80060816 11
METOA                60848.18114271 60848.19002244 29
METOA                60848.24830180 60848.25702423 23
METOA                60848.67894297 60848.68301462 3
METOA                60848.74432762 60848.75259022 88
METOA                60848.81272754 60848.81744129 4
METOA                60849.13484848 60849.13929997 3
METOA                60849.19878656 60849.20811716 54
METOA                60849.26702530 60849.27450206 12
METOA                60849.69588385 60849.70234958 10
METOA                60849.76234366 60849.77039550 40
METOA                60850.15138862 60850.15809549 9
METOA                60850.21668033 60850.22608177 71
METOA                60850.28635258 60850.29149739 4
METOA                60850.71336516 60850.72101024 22
METOA                60850.78054718 60850.78792716 20
METOA                60851.16847308 60851.17649152 18
METOA                60851.23486721 60851.24390506 36
METOA                60851.73109215 60851.73930025 46
METOA                60851.79889582 60851.80511594 10
METOA                60852.18589227 60852.19468818 32
METOA                60852.25330510 60852.26155216 19
METOA                60852.68324613 60852.68819121 5
METOA                60852.74898562 60852.75730146 76
METOA                60852.81762515 60852.82178389 3
METOA                60853.13932532 60853.14410265 4
METOA                60853.20358073 60853.21274017 63
METOA                60853.27214142 60853.27891617 9
METOA                60853.70037110 60853.70728521 12
METOA                60853.76705855 60853.77503868 34
METOA                60854.15598049 60854.16279309 10
METOB                60833.07671684 60833.08687940 34
METOB                60833.14632746 60833.15627577 26
METOB                60833.59106283 60833.60035738 18
METOB                60833.66011207 60833.67064225 49
METOB                60833.73135090 60833.73672646 4
METOB                60834.06277183 60834.07229585 22
METOB                60834.13160552 60834.14206975 41
METOB                60834.57713971 60834.58520284 10
METOB                60834.64566204 60834.65640427 78
METOB                60834.71625248 60834.72356973 8
METOB                60835.04901420 60835.05761809 14
METOB                60835.11705694 60835.12776857 67
METOB                60835.18950248 60835.19547035 5
METOB                60835.56355312 60835.56962029 5
METOB                60835.63128207 60835.64201489 67
METOB                60835.70143676 60835.71005111 14
METOB                60836.03549282 60836.04280430 8
METOB                60836.10266518 60836.11338924 78
METOB                60836.17391318 60836.18189578 10
METOB                60836.61697741 60836.62746872 41
METOB                60836.68675709 60836.69629522 22
METOB                60837.02232893 60837.02773987 4
METOB                60837.08842452 60837.09893951 49
METOB                60837.15872083 60837.16797954 18
METOB                60837.60276799 60837.61274903 26
METOB                60837.67217135 60837.68235058 34
METOB                60838.07433923 60838.08441937 31
METOB                60838.14382548 60838.15387721 28
METOB                60838.58868566 60838.59782175 16
METOB                60838.65766134 60838.66824107 53
METOB                60838.72878027 60838.73452055 5
METOB                60839.06042007 60839.06982125 21
METOB                60839.12913114 60839.13965306 44
METOB                60839.57479954 60839.58261361 9
METOB                60839.64322092 60839.65397774 83
METOB                60839.71373474 60839.72128996 9
METOB                60840.04669382 60840.05512444 13
METOB                60840.11460662 60840.12533739 72
METOB                60840.18682905 60840.19319903 5
METOB                60840.56130560 60840.56692744 4
METOB                60840.62885118 60840.63956267 62
METOB                60840.69894388 60840.70772723 15
METOB                60841.03321604 60841.04028088 8
METOB                60841.10023737 60841.11094525 73
METOB                60841.17132777 60841.17954792 11
METOB                60841.61455844 60841.62498889 38
METOB                60841.68427967 60841.69393765 24
METOB                60842.02018641 60842.02515178 3
METOB                60842.08602030 60842.09648309 46
METOB                60842.15618244 60842.16559453 19
METOB                60842.60036501 60842.61023789 24
METOB                60842.66970542 60842.67996418 36
METOB                60843.07195781 60843.08195018 29
METOB                60843.14132057 60843.15146860 30
METOB                60843.58630654 60843.59527090 15
METOB                60843.65520542 60843.66582838 57
METOB                60843.72621511 60843.73229182 5
METOB                60844.05806525 60844.06733696 19
METOB                60844.12665321 60844.13722718 48
METOB                60844.57246141 60844.58000476 8
METOB                60844.64077441 60844.65153961 88
METOB                60844.71121495 60844.71899494 10
METOB                60845.04437241 60845.05261992 12
METOB                60845.11215249 60845.12289714 77
METOB                60845.18416723 60845.19090351 6
METOB                60845.55907112 60845.56419589 3
METOB                60845.62641519 60845.63709859 57
METOB                60845.69644685 60845.70539020 16
METOB                60846.03094134 60846.03774357 7
METOB                60846.09780579 60846.10849231 68
METOB                60846.16871174 60846.17718827 12
METOB                60846.61213486 60846.62249682 36
METOB                60846.68179727 60846.69156790 25
METOB                60847.01800683 60847.02253521 3
METOB                60847.08361154 60847.09401783 43
METOB                60847.15364234 60847.16319834 20
METOB                60847.59795837 60847.60771327 23
METOB                60847.66723416 60847.67756615 39
METOB                60848.06957324 60848.07947168 27
METOB                60848.13881273 60848.14905010 32
METOB                60848.58392552 60848.59270464 14
METOB                60848.65274387 60848.66340410 61
METOB                60848.72361987 60848.73004479 6
METOB                60849.05570845 60849.06484278 18
METOB                60849.12417179 60849.13479172 52
METOB                60849.19753844 60849.20178342 2
METOB                60849.57012662 60849.57737499 7
METOB                60849.63832256 60849.64908979 84
METOB                60849.70869265 60849.71668489 11
METOB                60850.04205027 60850.05010414 11
METOB                60850.10969468 60850.12044777 83
METOB                60850.18151418 60850.18858647 7
METOB                60850.55686754 60850.56141514 2
METOB                60850.62397418 60850.63462251 53
METOB                60850.69394550 60850.70304036 18
METOB                60851.02866984 60851.03519133 6
METOB                60851.09537058 60851.10603032 63
METOB                60851.16612776 60851.17481273 13
METOB                60851.60970678 60851.61999209 33
