iss                  60803.43313121 60803.43999782 19
iss                  60803.50039463 60803.50676933 13
iss                  60803.91878017 60803.92337641 5
iss                  60803.98437284 60803.99183681 49
iss                  60804.39985106 60804.40558414 9
iss                  60804.46619360 60804.47338468 29
iss                  60804.95054890 60804.95804387 60
iss                  60805.01922283 60805.02356813 4
iss                  60805.36709073 60805.37052780 2
iss                  60805.43223687 60805.43971514 78
iss                  60805.91694063 60805.92400474 24
iss                  60805.98441654 60805.99058868 11
iss                  60806.39847753 60806.40578996 38
iss                  60806.46655714 60806.47167919 6
iss                  60806.88355342 60806.88964897 11
iss                  60806.95006064 60806.95717232 24
iss                  60807.36488871 60807.37158377 17
iss                  60807.43196880 60807.43854195 15
iss                  60807.85067200 60807.85473954 3
iss                  60807.91597782 60807.92348686 60
iss                  60808.33159600 60808.33699832 7
iss                  60808.39773928 60808.40501726 34
iss                  60808.88211511 60808.88956591 49
iss                  60808.95050275 60808.95533482 5
iss                  60809.36374187 60809.37121652 86
iss                  60809.84847469 60809.85538854 20
iss                  60809.91573412 60809.92215714 13
iss                  60810.32994123 60810.33715694 32
iss                  60810.39777889 60810.40327967 7
iss                  60810.81507669 60810.82086469 9
iss                  60810.88136034 60810.88859865 28
iss                  60811.29631832 60811.30280104 14
iss                  60811.36320031 60811.36996552 18
iss                  60811.78231726 60811.78565207 2
iss                  60811.84724548 60811.85478200 75
iss                  60812.26303302 60812.26802122 6
iss                  60812.32894385 60812.33629868 42
iss                  60812.81334914 60812.82072756 40
iss                  60812.88145383 60812.88673568 6
iss                  60813.29490930 60813.30236216 68
iss                  60813.36381300 60813.36739600 2
iss                  60813.77968515 60813.78640267 17
iss                  60813.84671251 60813.85337258 15
iss                  60814.26107261 60814.26816126 26
iss                  60814.32866497 60814.33452374 9
iss                  60814.74629553 60814.75168948 7
iss                  60814.81232249 60814.81967097 34
iss                  60815.22742457 60815.23364399 12
iss                  60815.29409177 60815.30103756 21
iss                  60815.77817892 60815.78571957 87
iss                  60816.19417783 60816.19863556 4
iss                  60816.25980988 60816.26722618 54
iss                  60816.74425472 60816.75152529 32
iss                  60816.81207671 60816.81777198 8
iss                  60817.22574168 60817.23314900 53
iss                  60817.29425265 60817.29857004 4
iss                  60817.71053884 60817.71704032 14
iss                  60817.77735432 60817.78423284 18
iss                  60818.19187503 60818.19879880 21
iss                  60818.25921721 60818.26541006 12
iss                  60818.67722515 60818.68210739 5
iss                  60818.74294973 60818.75038719 43
iss                  60819.15821474 60819.16410426 10
iss                  60819.22464551 60819.23175540 26
iss                  60819.70878150 60819.71629664 67
iss                  60819.77757901 60819.78166905 3
iss                  60820.12506054 60820.12880969 3
iss                  60820.19033987 60820.19779681 70
iss                  60820.67483625 60820.68195505 26
iss                  60820.74237243 60820.74844430 10
iss                  60821.15624203 60821.16357338 41
iss                  60821.22439818 60821.22934077 5
iss                  60821.64111664 60821.64729508 11
iss                  60821.70766397 60821.71473583 23
iss                  60822.12232137 60822.12906335 17
iss                  60822.18943698 60822.19593683 14
iss                  60822.60789465 60822.61208884 4
iss                  60822.67324540 60822.68074454 57
iss                  60823.08869851 60823.09417075 7
iss                  60823.15486454 60823.16211605 33
iss                  60823.63905685 60823.64650980 50
iss                  60823.70745437 60823.71222896 5
iss                  60824.12053675 60824.12800725 88
iss                  60824.60509898 60824.61201119 20
iss                  60824.67234264 60824.67875240 13
iss                  60825.08641396 60825.09363105 32
iss                  60825.15423754 60825.15972404 7
iss                  60825.57139461 60825.57715481 9
iss                  60825.63764348 60825.64487942 28
iss                  60826.05250811 60826.05895008 14
iss                  60826.11932850 60826.12610221 18
iss                  60826.60321278 60826.61074019 77
iss                  60827.01889186 60827.02382553 5
iss                  60827.08475122 60827.09211681 44
iss                  60827.56900917 60827.57635503 38
iss                  60827.63703503 60827.64239101 7
iss                  60828.05040374 60828.05785361 65
iss                  60828.11919865 60828.12295517 3
iss                  60828.53504977 60828.54168702 16
AO-07                60803.35165900 60803.35806709 3
AO-07                60803.42523683 60803.44048094 64
AO-07                60803.50471900 60803.51687716 16
AO-07                60803.86916119 60803.88117043 15
AO-07                60803.94537003 60803.96079337 69
AO-07                60804.02734940 60804.03482050 4
AO-07                60804.38482444 60804.39786870 21
AO-07                60804.46192680 60804.47694184 52
AO-07                60804.90416156 60804.91902767 43
AO-07                60804.98275110 60804.99659170 26
AO-07                60805.42036321 60805.43549335 56
AO-07                60805.49954521 60805.51225603 19
AO-07                60805.86461263 60805.87594393 12
AO-07                60805.94041234 60805.95589417 78
AO-07                60806.02176284 60806.03059835 6
AO-07                60806.38016152 60806.39268591 17
AO-07                60806.45693261 60806.47208903 59
AO-07                60806.53931870 60806.54495753 2
AO-07                60806.89936581 60806.91399228 37
AO-07                60806.97764579 60806.99184607 30
AO-07                60807.41550789 60807.43048717 49
AO-07                60807.49440220 60807.50759547 22
AO-07                60807.86012386 60807.87066901 10
AO-07                60807.93547298 60807.95097808 87
AO-07                60808.01630919 60808.02623705 8
AO-07                60808.37553424 60808.38746549 15
AO-07                60808.45195481 60808.46721649 68
AO-07                60808.53358868 60808.54096062 4
AO-07                60808.89459486 60808.90893780 33
AO-07                60808.97256522 60808.98707347 35
AO-07                60809.41067229 60809.42546200 43
AO-07                60809.48928599 60809.50290037 26
AO-07                60809.85570944 60809.86533161 8
AO-07                60809.93055234 60809.94604551 83
AO-07                60810.01094492 60810.02177965 11
AO-07                60810.37096411 60810.38220002 12
AO-07                60810.44699313 60810.46232497 76
AO-07                60810.52806654 60810.53674611 6
AO-07                60810.88985071 60810.90386312 28
AO-07                60810.96750746 60810.98227635 40
AO-07                60811.40585799 60811.42041672 38
AO-07                60811.48419361 60811.49817423 29
AO-07                60811.85139389 60811.85990839 6
AO-07                60811.92565022 60811.94109671 74
AO-07                60812.00564675 60812.01725009 13
AO-07                60812.36645604 60812.37687863 10
AO-07                60812.44204779 60812.45741502 86
AO-07                60812.52266289 60812.53240115 8
AO-07                60812.88512944 60812.89876639 25
AO-07                60812.96247102 60812.97745689 45
AO-07                60813.40106672 60813.41535018 33
AO-07                60813.47912281 60813.49342013 34
AO-07                60813.84722129 60813.85435479 4
AO-07                60813.92076729 60813.93613178 65
AO-07                60814.00040049 60814.01266309 16
AO-07                60814.36202778 60814.37148446 7
AO-07                60814.43711852 60814.45248702 84
AO-07                60814.51733912 60814.52796479 10
AO-07                60814.88044680 60814.89364507 21
AO-07                60814.95745482 60814.97261630 52
AO-07                60815.39630067 60815.41026080 28
AO-07                60815.47407189 60815.48864040 39
AO-07                60815.91590570 60815.93115060 57
AO-07                60815.99519679 60816.00802869 19
AO-07                60816.35770840 60816.36598858 5
AO-07                60816.43220590 60816.44754117 75
AO-07                60816.51207431 60816.52345823 13
AO-07                60816.87580048 60816.88849612 18
AO-07                60816.95245802 60816.96775628 59
AO-07                60817.39156346 60817.40514650 25
AO-07                60817.46903956 60817.48383695 44
AO-07                60817.91106280 60817.92615291 50
AO-07                60817.99002910 60818.00335392 22
AO-07                60818.35355552 60818.36033279 3
AO-07                60818.42731041 60818.44257748 66
AO-07                60818.50685568 60818.51889518 15
AO-07                60818.87119552 60818.88331519 15
AO-07                60818.94748007 60818.96287776 67
AO-07                60819.02960889 60819.03674759 4
AO-07                60819.38685692 60819.40000436 21
AO-07                60819.46402487 60819.47901127 51
AO-07                60819.90624142 60819.92113823 44
AO-07                60819.98489270 60819.99864450 25
AO-07                60820.42243281 60820.43759578 58
AO-07                60820.50167479 60820.51428491 18
AO-07                60820.86663872 60820.87809637 13
AO-07                60820.94252063 60820.95798159 76
AO-07                60821.02398832 60821.03256196 6
AO-07                60821.38218578 60821.39483088 18
AO-07                60821.45902713 60821.47416483 58
AO-07                60821.90144283 60821.91610574 38
AO-07                60821.97978408 60821.99390416 29
AO-07                60822.41757358 60822.43259570 51
AO-07                60822.49652573 60822.50963414 21
AO-07                60822.86213909 60822.87283110 10
AO-07                60822.93757946 60822.95306843 86
AO-07                60823.01851414 60823.02822372 8
AO-07                60823.37754885 60823.38962106 15
AO-07                60823.45404588 60823.46929842 66
LO-19                60803.39018291 60803.39736553 8
LO-19                60803.45738640 60803.46765941 54
LO-19                60803.91366798 60803.92331699 29
LO-19                60803.98285150 60803.99160515 17
LO-19                60804.43459391 60804.44491452 59
LO-19                60804.50498300 60804.51182426 7
LO-19                60804.89185839 60804.89969553 11
LO-19                60804.95942983 60804.96946730 42
LO-19                60805.41225755 60805.42169351 23
LO-19                60805.48105507 60805.49033182 21
LO-19                60805.93652316 60805.94682318 75
LO-19                60806.00763462 60806.01322994 4
LO-19                60806.39061342 60806.39779301 8
LO-19                60806.45781799 60806.46808323 54
LO-19                60806.91408732 60806.92374733 29
LO-19                60806.98327428 60806.99203167 17
LO-19                60807.43502332 60807.44533787 59
LO-19                60807.50541801 60807.51224176 7
LO-19                60807.89227383 60807.90012716 11
LO-19                60807.95985034 60807.96989405 42
LO-19                60808.41268483 60808.42211628 23
LO-19                60808.48148569 60808.49075116 21
LO-19                60808.93694116 60808.94724997 75
LO-19                60809.00805601 60809.01365256 4
LO-19                60809.39103825 60809.39821547 8
LO-19                60809.45824603 60809.46850252 54
LO-19                60809.91450271 60809.92417435 29
LO-19                60809.98369276 60809.99245517 17
LO-19                60810.43544921 60810.44575664 59
LO-19                60810.50584941 60810.51265483 7
LO-19                60810.89268549 60810.90055547 11
LO-19                60810.96026654 60810.97031761 42
LO-19                60811.41310865 60811.42253438 23
LO-19                60811.48191265 60811.49116608 21
LO-19                60811.93735522 60811.94767346 75
LO-19                60812.00847276 60812.01407256 4
LO-19                60812.39145980 60812.39863301 8
LO-19                60812.45867041 60812.46891735 54
LO-19                60812.91491430 60812.92459797 29
LO-19                60812.98410709 60812.99287558 17
LO-19                60813.43587146 60813.44617090 59
LO-19                60813.50627705 60813.51306355 7
LO-19                60813.89309350 60813.90098026 11
LO-19                60813.96067879 60813.97073790 42
LO-19                60814.41352887 60814.42294788 23
LO-19                60814.48233584 60814.49157664 21
LO-19                60814.93776544 60814.94809354 75
LO-19                60815.00888508 60815.01448979 4
LO-19                60815.39187794 60815.39904574 8
LO-19                60815.45909101 60815.46932780 53
LO-19                60815.91532218 60815.92501808 29
LO-19                60815.98451740 60815.99329278 17
LO-19                60816.43628994 60816.44658073 59
LO-19                60816.50670076 60816.51346805 7
LO-19                60816.89349801 60816.90140140 11
LO-19                60816.96108722 60816.97115482 42
LO-19                60817.41394538 60817.42335689 23
LO-19                60817.48275512 60817.49198293 21
LO-19                60817.93817194 60817.94851013 76
LO-19                60818.00929316 60818.01490409 4
LO-19                60818.39229251 60818.39945380 8
LO-19                60818.45950771 60818.46973394 53
LO-19                60818.91572650 60818.92543457 29
LO-19                60818.98492383 60818.99370666 17
LO-19                60819.43670453 60819.44698623 60
LO-19                60819.50712035 60819.51386843 7
LO-19                60819.89389914 60819.90181875 11
LO-19                60819.96149193 60819.97156824 42
LO-19                60820.41435803 60820.42376152 23
LO-19                60820.48317055 60820.49238507 21
LO-19                60820.93857490 60820.94892311 76
LO-19                60821.00969717 60821.01531529 4
LO-19                60821.39270336 60821.39985732 8
LO-19                60821.45992039 60821.47013589 53
LO-19                60821.91612736 60821.92584732 29
LO-19                60821.98532651 60821.99411710 17
LO-19                60822.43711512 60822.44738751 60
LO-19                60822.50753575 60822.51426486 7
LO-19                60822.89429704 60822.90223217 11
LO-19                60822.96189302 60822.97197807 42
LO-19                60823.41476671 60823.42416188 23
LO-19                60823.48358161 60823.49278316 21
LO-19                60823.93897433 60823.94933236 76
LO-19                60824.01009731 60824.01572320 4
LO-19                60824.39311034 60824.40025647 8
LO-19                60824.46032893 60824.47053377 53
LO-19                60824.91652489 60824.92625622 29
LO-19                60824.98572556 60824.99452397 17
LO-19                60825.43752158 60825.44778469 60
LO-19                60825.50794673 60825.51465747 7
LO-19                60825.89469182 60825.90264152 11
LO-19                60825.96229062 60825.97238418 42
LO-19                60826.41517130 60826.42455810 23
LO-19                60826.48398837 60826.49317733 21
LO-19                60826.93937037 60826.94973776 76
LO-19                60827.01049376 60827.01612765 4
LO-19                60827.39351331 60827.40065138 8
LO-19                60827.46073320 60827.47092768 53
LO-19                60827.91691917 60827.92666112 29
FO-29                60803.58834845 60803.59690751 11
FO-29                60803.65963617 60803.67102036 47
FO-29                60804.06781072 60804.07409647 4
FO-29                60804.13711180 60804.15036193 67
FO-29                60804.21163048 60804.22103567 11
FO-29                60804.62152506 60804.63262902 42
FO-29                60804.69533732 60804.70447441 13
FO-29                60805.09961764 60805.11136941 22
FO-29                60805.17187756 60805.18464847 40
FO-29                60805.58495422 60805.59291338 9
FO-29                60805.65597400 60805.66727014 52
FO-29                60806.06450035 60806.07008243 3
FO-29                60806.13337435 60806.14675138 62
FO-29                60806.20766165 60806.21769050 13
FO-29                60806.61795700 60806.62878847 37
FO-29                60806.69155983 60806.70083900 15
FO-29                60807.09598810 60807.10765780 20
FO-29                60807.16806446 60807.18112445 45
FO-29                60807.58158492 60807.58888976 7
FO-29                60807.65231123 60807.66351429 58
FO-29                60808.12964971 60808.14313233 58
FO-29                60808.20372293 60808.21431762 15
FO-29                60808.61439083 60808.62494092 32
FO-29                60808.68778593 60808.69719280 16
FO-29                60809.09237657 60809.10393374 18
FO-29                60809.16426545 60809.17758956 49
FO-29                60809.57824851 60809.58482896 6
FO-29                60809.64864769 60809.65975364 64
FO-29                60810.12593852 60810.13950396 54
FO-29                60810.19981079 60810.21092030 17
FO-29                60810.61082670 60810.62108692 29
FO-29                60810.68401448 60810.69353762 18
FO-29                60811.08878507 60811.10019554 17
FO-29                60811.16048059 60811.17404340 55
FO-29                60811.57495863 60811.58071784 4
FO-29                60811.64498295 60811.65598899 71
FO-29                60812.12224030 60812.13586540 50
FO-29                60812.19592266 60812.20750072 19
FO-29                60812.60726490 60812.61722635 25
FO-29                60812.68024456 60812.68987491 20
FO-29                60813.08521418 60813.09644136 15
FO-29                60813.15670995 60813.17048556 60
FO-29                60813.23339713 60813.23857251 2
FO-29                60813.57173177 60813.57653076 3
FO-29                60813.64131683 60813.65222109 77
FO-29                60814.11855721 60814.13221579 46
FO-29                60814.19205666 60814.20406040 21
FO-29                60814.60370589 60814.61335942 22
FO-29                60814.67647544 60814.68620598 22
FO-29                60815.08166628 60815.09266910 14
FO-29                60815.15295387 60815.16691562 66
FO-29                60815.22911845 60815.23558137 4
FO-29                60815.63764917 60815.64845065 79
FO-29                60815.71361148 60815.71821573 3
FO-29                60816.11488924 60816.12855425 42
FO-29                60816.18821134 60816.20060041 24
FO-29                60816.60015053 60816.60948613 19
FO-29                60816.67270645 60816.68253203 24
FO-29                60817.07814390 60817.08887641 13
FO-29                60817.14921200 60817.16333322 72
FO-29                60817.22497176 60817.23246077 5
FO-29                60817.63397943 60817.64467833 74
FO-29                60817.70954408 60817.71484493 4
FO-29                60818.11123696 60818.12487990 39
FO-29                60818.18438555 60818.19712148 26
FO-29                60818.59659922 60818.60560610 17
FO-29                60818.66893746 60818.67885417 27
FO-29                60819.07464868 60819.08506049 11
FO-29                60819.14548469 60819.15973762 78
FO-29                60819.22090867 60819.22925692 7
FO-29                60819.63030813 60819.64090480 67
FO-29                60819.70552461 60819.71142079 5
FO-29                60820.10760097 60820.12119184 36
FO-29                60820.18057838 60820.19362429 29
FO-29                60820.59305335 60820.60171922 15
FO-29                60820.66516777 60820.67517337 30
FO-29                60821.07118424 60821.08121801 10
FO-29                60821.14177203 60821.15612861 83
FO-29                60821.21690595 60821.22599197 8
FO-29                60821.62663537 60821.63713037 59
FO-29                60821.70153803 60821.70795964 6
FO-29                60822.10398186 60822.11748917 33
FO-29                60822.17678907 60822.19010898 32
FO-29                60822.58951453 60822.59782469 13
FO-29                60822.66139742 60822.67149055 34
FO-29                60823.06775445 60823.07734483 9
FO-29                60823.13807413 60823.15250596 86
FO-29                60823.21295038 60823.22267844 10
FO-29                60823.62296139 60823.63335591 52
FO-29                60823.69757544 60823.70447092 7
FO-29                60824.10038025 60824.11377096 31
FO-29                60824.17301697 60824.18657599 35
FO-29                60824.58598404 60824.59392157 11
FO-29                60824.65766140 60824.66780450 38
FO-29                60825.06436429 60825.07343518 7
FO-29                60825.13439104 60825.14886897 82
FO-29                60825.20903356 60825.21932402 11
FO-29                60825.61928651 60825.62958138 45
FO-29                60825.69363108 60825.70096124 9
SO-50                60803.35258275 60803.35764932 4
SO-50                60803.41984509 60803.42891123 59
SO-50                60803.85574672 60803.86429115 18
SO-50                60803.92486150 60803.93378172 23
SO-50                60804.36429265 60804.37221732 17
SO-50                60804.43341976 60804.44164055 20
SO-50                60804.86838727 60804.87797937 50
SO-50                60804.93906235 60804.94582676 8
SO-50                60805.37687183 60805.38586425 51
SO-50                60805.44778782 60805.45366172 6
SO-50                60805.81369870 60805.82016467 7
SO-50                60805.88149280 60805.89113305 56
SO-50                60806.32237229 60806.32808614 6
SO-50                60806.38998460 60806.39899329 49
SO-50                60806.82574557 60806.83452327 21
SO-50                60806.89507550 60806.90377804 20
SO-50                60807.33426963 60807.34243843 20
SO-50                60807.40364206 60807.41163324 17
SO-50                60807.83845445 60807.84811209 58
SO-50                60807.90942769 60807.91565529 6
SO-50                60808.34692937 60808.35598751 61
SO-50                60808.41819229 60808.42346857 4
SO-50                60808.78355869 60808.79051505 9
SO-50                60808.85161773 60808.86118343 47
SO-50                60809.29221169 60809.29844333 7
SO-50                60809.36011006 60809.36903803 41
SO-50                60809.79573173 60809.80471145 24
SO-50                60809.86527763 60809.87373244 17
SO-50                60810.30423648 60810.31261544 23
SO-50                60810.37385429 60810.38158397 14
SO-50                60810.80850482 60810.81820622 69
SO-50                60810.87989386 60810.88540866 5
SO-50                60811.31697129 60811.32607286 73
SO-50                60811.38872677 60811.39318501 3
SO-50                60811.75342392 60811.76080313 10
SO-50                60811.82172625 60811.83119576 40
SO-50                60812.26203288 60812.26872875 9
SO-50                60812.33021888 60812.33904523 35
SO-50                60812.76570420 60812.77485695 28
SO-50                60812.83546931 60812.84364351 15
SO-50                60813.27419150 60813.28275012 27
SO-50                60813.34405812 60813.35149128 12
SO-50                60813.77853790 60813.78826222 81
SO-50                60813.85032875 60813.85507009 3
SO-50                60814.28699723 60814.29612080 86
SO-50                60814.72328825 60814.73103502 12
SO-50                60814.79181851 60814.80116991 35
SO-50                60815.23186229 60815.23895463 11
SO-50                60815.30031264 60815.30901510 30
SO-50                60815.73566171 60815.74496120 33
SO-50                60815.80565222 60815.81350957 13
SO-50                60816.24413339 60816.25284386 32
SO-50                60816.31425569 60816.32135279 10
SO-50                60816.68162331 60816.68630787 3
SO-50                60816.74855363 60816.75828050 86
SO-50                60817.25700687 60817.26613173 80
SO-50                60817.69314717 60817.70121525 14
SO-50                60817.76189492 60817.77110565 30
SO-50                60818.20169241 60818.20912686 13
SO-50                60818.27039173 60818.27894713 26
SO-50                60818.70560342 60818.71502525 38
SO-50                60818.77582853 60818.78332840 11
SO-50                60819.21406109 60819.22289784 38
SO-50                60819.28444991 60819.29116580 9
SO-50                60819.65125964 60819.65669973 4
SO-50                60819.71855161 60819.72826134 74
SO-50                60820.16002925 60820.16455446 3
SO-50                60820.22700004 60820.23610594 67
SO-50                60820.66299789 60820.67134702 16
SO-50                60820.73195579 60820.74100265 26
SO-50                60821.17151593 60821.17924939 15
SO-50                60821.24045671 60821.24884088 22
SO-50                60821.67552863 60821.68504997 44
SO-50                60821.74600169 60821.75309666 9
SO-50                60822.18397374 60822.19291323 44
SO-50                60822.25464457 60822.26092608 7
SO-50                60822.62093486 60822.62699393 6
SO-50                60822.68853205 60822.69820498 63
SO-50                60823.12966180 60823.13488010 5
SO-50                60823.19697772 60823.20604366 56
SO-50                60823.63283774 60823.64143287 19
SO-50                60823.70200191 60823.71086024 22
SO-50                60824.14133185 60824.14932551 18
SO-50                60824.21050809 60824.21869581 19
SO-50                60824.64543678 60824.65503609 51
SO-50                60824.71617568 60824.72281011 7
SO-50                60825.15387064 60825.16289044 53
SO-50                60825.22484589 60825.23062739 6
SO-50                60825.59064761 60825.59721379 7
SO-50                60825.65849597 60825.66811155 54
SO-50                60826.09926573 60826.10510382 6
SO-50                60826.16693639 60826.17594500 47
SO-50                60826.60266451 60826.61147476 22
SO-50                60826.67203397 60826.68067814 20
SO-50                60827.11113756 60827.11935750 21
SO-50                60827.18054690 60827.18851114 16
SO-50                60827.61532733 60827.62498424 60
SO-50                60827.68635677 60827.69246211 6
SO-50                60828.12375127 60828.13283029 63
HO-68                60803.27347902 60803.28614931 32
HO-68                60803.34817989 60803.36057297 28
HO-68                60803.76946988 60803.78216831 33
HO-68                60803.84423747 60803.85659337 27
HO-68                60804.26205293 60804.27397520 22
HO-68                60804.33611128 60804.34913288 40
HO-68                60804.75810924 60804.77003392 23
HO-68                60804.83213324 60804.84512894 39
HO-68                60805.25084691 60805.26163096 15
HO-68                60805.32414718 60805.33756275 57
HO-68                60805.74692967 60805.75775301 15
HO-68                60805.82014969 60805.83354027 56
HO-68                60806.23990549 60806.24904145 9
HO-68                60806.31227937 60806.32587879 80
HO-68                60806.38970088 60806.39716285 5
HO-68                60806.73599675 60806.74526107 9
HO-68                60806.80827477 60806.82184541 79
HO-68                60806.88610071 60806.89319719 5
HO-68                60807.22943725 60807.23599422 4
HO-68                60807.30050602 60807.31408898 74
HO-68                60807.37692605 60807.38655905 11
HO-68                60807.72550188 60807.73238834 4
HO-68                60807.79650424 60807.81005370 75
HO-68                60807.87316353 60807.88261862 10
HO-68                60808.28883032 60808.30219479 52
HO-68                60808.36448199 60808.37557578 17
HO-68                60808.78484152 60808.79816799 53
HO-68                60808.86062550 60808.87161862 16
HO-68                60809.27726305 60809.29019099 36
HO-68                60809.35223232 60809.36435739 25
HO-68                60809.77329387 60809.78618455 37
HO-68                60809.84831444 60809.86037409 24
HO-68                60810.26582431 60810.27806303 25
HO-68                60810.34012152 60810.35296710 35
HO-68                60810.76188072 60810.77409212 26
HO-68                60810.83616335 60810.84895839 34
HO-68                60811.25454973 60811.26578257 17
HO-68                60811.32812259 60811.34143923 51
HO-68                60811.75063304 60811.76186607 18
HO-68                60811.82413993 60811.83740988 49
HO-68                60812.24350304 60812.25329093 11
HO-68                60812.31622265 60812.32979291 72
HO-68                60812.39410212 60812.40054574 4
HO-68                60812.73960129 60812.74945692 11
HO-68                60812.81222822 60812.82574996 70
HO-68                60812.89061548 60812.89651841 3
HO-68                60813.23283300 60813.24044583 5
HO-68                60813.30441686 60813.31803880 83
HO-68                60813.38113973 60813.39014703 9
HO-68                60813.72892462 60813.73674742 6
HO-68                60813.80042147 60813.81399075 84
HO-68                60813.87743386 60813.88619100 8
HO-68                60814.29270760 60814.30618055 59
HO-68                60814.36860623 60814.37926929 15
HO-68                60814.78872122 60814.80213724 60
HO-68                60814.86478762 60814.87530599 14
HO-68                60815.28110105 60815.29421533 41
HO-68                60815.35629900 60815.36812150 22
HO-68                60815.77713183 60815.79018816 42
HO-68                60815.85240839 60815.86413449 21
HO-68                60816.26961535 60816.28213225 29
HO-68                60816.34414499 60816.35678502 31
HO-68                60816.76566964 60816.77813479 29
HO-68                60816.84020671 60816.85277221 30
HO-68                60817.25827880 60817.26990874 20
HO-68                60817.33211004 60817.34530126 45
HO-68                60817.75436018 60817.76595818 20
HO-68                60817.82814150 60817.84126623 44
HO-68                60818.24714373 60818.25749946 13
HO-68                60818.32017732 60818.33369370 64
HO-68                60818.39864397 60818.40378340 2
HO-68                60818.74324283 60818.75361966 13
HO-68                60818.81619225 60818.82964273 62
HO-68                60819.23631646 60819.24480319 7
HO-68                60819.30833948 60819.32197561 88
HO-68                60819.38539953 60819.39368266 7
HO-68                60819.73242429 60819.74103425 8
HO-68                60819.80434931 60819.81791668 87
HO-68                60819.88175956 60819.88970304 6
HO-68                60820.22612011 60820.23149078 2
HO-68                60820.29659663 60820.31015286 66
HO-68                60820.37275640 60820.38293129 12
HO-68                60820.72216073 60820.72794488 3
HO-68                60820.79261126 60820.80609531 68
HO-68                60820.86897833 60820.87896052 12
HO-68                60821.28495366 60821.29822491 47
HO-68                60821.36038372 60821.37186305 19
HO-68                60821.78098275 60821.79417951 47
HO-68                60821.85652107 60821.86787269 18
HO-68                60822.27342437 60822.28618391 33
HO-68                60822.34818272 60822.36058485 28
HO-68                60822.76947425 60822.78216335 33
HO-68                60822.84426412 60822.85656917 27
HO-68                60823.26203259 60823.27401210 23
HO-68                60823.33610984 60823.34914793 40
HO-68                60823.75810835 60823.77003199 23
HO-68                60823.83215472 60823.84510893 39
HO-68                60824.25082039 60824.26167400 15
HO-68                60824.32414364 60824.33758053 57
AO-73                60803.33316058 60803.34142640 56
AO-73                60803.77031107 60803.77569890 5
AO-73                60803.83443050 60803.84295856 44
AO-73                60804.26907616 60804.27267226 2
AO-73                60804.33252022 60804.34080658 59
AO-73                60804.76974694 60804.77499834 5
AO-73                60804.83379265 60804.84232466 46
AO-73                60805.33186265 60805.34016973 61
AO-73                60805.76917027 60805.77427605 5
AO-73                60805.83313798 60805.84167302 48
AO-73                60806.33118816 60806.33951581 64
AO-73                60806.76858144 60806.77353173 4
AO-73                60806.83246671 60806.84100362 49
AO-73                60807.33049680 60807.33884476 67
AO-73                60807.76798103 60807.77276460 4
AO-73                60807.83177878 60807.84031646 51
AO-73                60808.32978861 60808.33815654 70
AO-73                60808.76736966 60808.77197418 4
AO-73                60808.83107420 60808.83961152 53
AO-73                60809.32906378 60809.33745110 73
AO-73                60809.76674811 60809.77115962 3
AO-73                60809.83035298 60809.83888880 56
AO-73                60810.32832213 60810.33672837 76
AO-73                60810.76611755 60810.77031991 3
AO-73                60810.82961513 60810.83814826 58
AO-73                60811.32756405 60811.33598831 80
AO-73                60811.76547890 60811.76945363 3
AO-73                60811.82886065 60811.83738992 61
AO-73                60812.32678938 60812.33523086 83
AO-73                60812.76483423 60812.76855914 2
AO-73                60812.82808958 60812.83661374 64
AO-73                60813.32599639 60813.33445594 87
AO-73                60813.82730193 60813.83581972 67
AO-73                60814.32518864 60814.33366352 88
AO-73                60814.82649770 60814.83500785 70
AO-73                60815.32436454 60815.33285351 85
AO-73                60815.82567692 60815.83417811 73
AO-73                60816.32352416 60816.33202586 81
AO-73                60816.82483969 60816.83333049 77
AO-73                60817.32266756 60817.33118050 78
AO-73                60817.82398592 60817.83246498 80
AO-73                60818.32179481 60818.33031736 74
AO-73                60818.82311423 60818.83158155 84
AO-73                60819.32090600 60819.32943637 70
AO-73                60819.82222731 60819.83068020 86
AO-73                60820.32000118 60820.32853746 67
AO-73                60820.82132392 60820.82976090 84
AO-73                60821.31908044 60821.32762054 63
AO-73                60821.38712836 60821.39088397 2
AO-73                60821.82040412 60821.82882364 81
AO-73                60822.31814384 60822.32668556 60
AO-73                60822.38605369 60822.39009382 3
AO-73                60822.81946794 60822.82786840 77
AO-73                60823.31719147 60823.32573242 56
AO-73                60823.38497171 60823.38927685 3
AO-73                60823.81851540 60823.82689515 73
AO-73                60824.31622340 60824.32476104 53
AO-73                60824.38388088 60824.38843486 4
AO-73                60824.81754656 60824.82590388 69
AO-73                60825.31523971 60825.32377136 50
AO-73                60825.38278006 60825.38756889 4
AO-73                60825.81656145 60825.82489455 65
AO-73                60826.31424049 60826.32276326 48
AO-73                60826.38166838 60826.38667982 5
AO-73                60826.81556012 60826.82386714 61
AO-73                60827.31322580 60827.32173668 45
AO-73                60827.38054514 60827.38576814 5
AO-73                60827.81454262 60827.82282162 57
AO-73                60827.88261956 60827.88628770 2
AO-73                60828.31219575 60828.32069152 43
AO-73                60828.37941001 60828.38483456 6
AO-73                60828.81350901 60828.82175795 53
AO-73                60828.88143643 60828.88537138 3
AO-73                60829.31115041 60829.31962769 40
AO-73                60829.37826228 60829.38387939 6
AO-73                60829.81245934 60829.82067610 50
AO-73                60829.88024506 60829.88442887 3
AO-73                60830.31008988 60830.31854508 38
AO-73                60830.37710175 60830.38290296 7
AO-73                60830.81139367 60830.81957603 47
AO-73                60830.87904403 60830.88346153 4
AO-73                60831.30901425 60831.31744360 36
AO-73                60831.37592813 60831.38190553 7
AO-73                60831.81031208 60831.81845769 44
AO-73                60831.87783226 60831.88247048 4
AO-73                60832.30792362 60832.31632315 34
AO-73                60832.37474117 60832.38088749 8
AO-73                60832.80921463 60832.81732104 41
AO-73                60832.87660893 60832.88145658 5
AO-73                60833.30681809 60833.31518360 32
AO-73                60833.37354067 60833.37984877 9
AO-73                60833.80810142 60833.81616602 38
AO-73                60833.87537342 60833.88042048 5
AO-73                60834.30569776 60834.31402486 30
AO-73                60834.37232646 60834.37878964 9
AO-73                60834.80697251 60834.81499257 36
AO-73                60834.87412516 60834.87936255 6
AO-73                60835.30456274 60835.31284679 29
AO-73                60835.37109843 60835.37771022 10
TITA                 60803.58114154 60803.58836871 17
TITA                 60803.64671717 60803.65354861 14
TITA                 60804.07956499 60804.08709425 20
TITA                 60804.14528465 60804.15214957 13
TITA                 60804.57508404 60804.58180675 12
TITA                 60804.64017923 60804.64749334 19
TITA                 60805.07350270 60805.08055607 14
TITA                 60805.13872398 60805.14608271 18
TITA                 60805.56909898 60805.57515067 8
TITA                 60805.63368654 60805.64136396 26
TITA                 60806.06750590 60806.07393604 10
TITA                 60806.13221405 60806.13994115 24
TITA                 60806.56322224 60806.56836448 5
TITA                 60806.62718923 60806.63516710 37
TITA                 60807.06160198 60807.06720762 7
TITA                 60807.12570314 60807.13373236 34
TITA                 60807.55754312 60807.56135772 3
TITA                 60807.62076543 60807.62891404 54
TITA                 60808.05584900 60808.06031219 4
TITA                 60808.11926993 60808.12746866 48
TITA                 60808.61437180 60808.62260503 80
TITA                 60809.11286984 60809.12115066 71
TITA                 60809.60800466 60809.61624150 71
TITA                 60810.10649988 60810.11478032 79
TITA                 60810.60166894 60810.60982336 48
TITA                 60810.66887815 60810.67321276 4
TITA                 60811.10016271 60811.10835800 54
TITA                 60811.16773093 60811.17157987 3
TITA                 60811.59536541 60811.60334888 33
TITA                 60811.66193182 60811.66743127 7
TITA                 60812.09385940 60812.10188251 37
TITA                 60812.16068004 60812.16584654 5
TITA                 60812.58909841 60812.59681435 24
TITA                 60812.65513309 60812.66147035 10
TITA                 60813.08759369 60813.09535083 26
TITA                 60813.15382100 60813.15989542 9
TITA                 60813.58287493 60813.59021345 17
TITA                 60813.64842686 60813.65539867 14
TITA                 60814.08137215 60814.08875756 19
TITA                 60814.14707296 60814.15382010 13
TITA                 60814.57670659 60814.58353522 12
TITA                 60814.64177597 60814.64922940 20
TITA                 60815.07520443 60815.08209316 14
TITA                 60815.14039117 60815.14764190 18
TITA                 60815.57061269 60815.57676102 9
TITA                 60815.63517105 60815.64298539 27
TITA                 60816.06910770 60816.07534155 9
TITA                 60816.13376278 60816.14138638 24
TITA                 60816.56463003 60816.56985399 5
TITA                 60816.62856221 60816.63667266 39
TITA                 60817.06311407 60817.06847154 6
TITA                 60817.12713564 60817.13506191 34
TITA                 60817.55885022 60817.56272136 3
TITA                 60817.62202795 60817.63030277 57
TITA                 60818.05729661 60818.06140910 3
TITA                 60818.12058776 60818.12868078 49
TITA                 60818.61552502 60818.62387578 83
TITA                 60819.11407479 60819.12224389 74
TITA                 60819.60904975 60819.61739301 67
TITA                 60820.10759316 60820.11575315 75
TITA                 60820.60260740 60820.61085416 46
TITA                 60820.66966542 60820.67438397 4
TITA                 60821.10114654 60821.10920877 50
TITA                 60821.16861723 60821.17251615 3
TITA                 60821.59619904 60821.60425720 32
TITA                 60821.66264481 60821.66844910 7
TITA                 60822.09473605 60822.10260921 34
TITA                 60822.16146083 60822.16665570 6
TITA                 60822.58982951 60822.59759798 23
TITA                 60822.65575495 60822.66235157 11
TITA                 60823.08836612 60823.09595079 24
TITA                 60823.15449770 60823.16058851 9
TITA                 60823.58350663 60823.59086938 17
TITA                 60823.64895142 60823.65614926 16
TITA                 60824.08204438 60824.08922722 17
TITA                 60824.14763494 60824.15438338 13
TITA                 60824.57724341 60824.58405907 12
TITA                 60824.64220040 60824.64985191 22
TITA                 60825.07578238 60825.08242695 12
TITA                 60825.14084331 60825.14808292 19
TITA                 60825.57106198 60825.57714560 8
TITA                 60825.63545256 60825.64347773 30
TITA                 60826.06960143 60826.07552996 8
TITA                 60826.13410561 60826.14170493 26
TITA                 60826.56500608 60826.57008500 5
TITA                 60826.62878350 60826.63704127 43
TITA                 60827.06354340 60827.06849490 5
TITA                 60827.12737012 60827.13525768 37
TITA                 60827.55919442 60827.56275664 2
TITA                 60827.62214822 60827.63054416 63
TITA                 60828.05771902 60828.06120883 2
TITA                 60828.12071483 60828.12875296 55
TITA                 60828.61554329 60828.62398911 88
TITA                 60829.11409429 60829.12219151 83
TITA                 60829.60897080 60829.61737697 60
TITA                 60829.67652930 60829.68034984 3
TITA                 60830.10750936 60830.11557490 66
TITA                 60830.60243148 60830.61070690 41
TITA                 60830.66924947 60830.67447722 5
NOAA-15              60803.44791362 60803.45535364 9
NOAA-15              60803.51554583 60803.52593892 52
NOAA-15              60803.97391611 60803.98393820 33
NOAA-15              60804.04367531 60804.05237789 15
NOAA-15              60804.49740907 60804.50794616 76
NOAA-15              60804.56869058 60804.57461442 5
NOAA-15              60804.95645681 60804.96533091 16
NOAA-15              60805.02498056 60805.03492272 31
NOAA-15              60805.47953649 60805.48966813 36
NOAA-15              60805.54938437 60805.55791038 14
NOAA-15              60805.93955786 60805.94622766 7
NOAA-15              60806.00663616 60806.01711513 64
NOAA-15              60806.46199068 60806.47106214 18
NOAA-15              60806.53069266 60806.54054559 29
NOAA-15              60806.98857950 60806.99903293 62
NOAA-15              60807.05954372 60807.06631512 7
NOAA-15              60807.44496193 60807.45195193 7
NOAA-15              60807.51233167 60807.52280013 60
NOAA-15              60807.97081846 60807.98068455 30
NOAA-15              60808.04036367 60808.04932857 17
NOAA-15              60808.49423620 60808.50475669 67
NOAA-15              60808.56522503 60808.57175267 6
NOAA-15              60808.95343165 60808.96200965 14
NOAA-15              60809.02173529 60809.03180122 35
NOAA-15              60809.47641203 60809.48642569 32
NOAA-15              60809.54605864 60809.55488951 16
NOAA-15              60809.93668029 60809.94276707 5
NOAA-15              60810.00343956 60810.01394154 73
NOAA-15              60810.45893264 60810.46775040 16
NOAA-15              60810.52743167 60810.53744613 33
NOAA-15              60810.98542915 60810.99581230 54
NOAA-15              60811.05612283 60811.06336533 8
NOAA-15              60811.44203583 60811.44850807 6
NOAA-15              60811.50911663 60811.51964402 68
NOAA-15              60811.96772173 60811.97741217 26
NOAA-15              60812.03705578 60812.04625615 19
NOAA-15              60812.49106380 60812.50154986 59
NOAA-15              60812.56178879 60812.56884131 8
NOAA-15              60812.95041423 60812.95866349 13
NOAA-15              60813.01848897 60813.02866138 39
NOAA-15              60813.47328937 60813.48316415 28
NOAA-15              60813.54273827 60813.55184394 18
NOAA-15              60813.93384451 60813.93924775 4
NOAA-15              60814.00024113 60814.01075099 83
NOAA-15              60814.45588239 60814.46441395 14
NOAA-15              60814.52417100 60814.53432732 37
NOAA-15              60814.98227729 60814.99257473 47
NOAA-15              60815.05271896 60815.06037838 10
NOAA-15              60815.43914586 60815.44501197 5
NOAA-15              60815.50590108 60815.51647003 77
NOAA-15              60815.96462672 60815.97412070 23
NOAA-15              60816.03375012 60816.04316176 22
NOAA-15              60816.48789131 60816.49832499 52
NOAA-15              60816.55834286 60816.56589114 9
NOAA-15              60816.94740673 60816.95529047 11
NOAA-15              60817.01524134 60817.02550379 45
NOAA-15              60817.47016916 60817.47988261 25
NOAA-15              60817.53942223 60817.54877457 21
NOAA-15              60817.93107332 60817.93564656 3
NOAA-15              60817.99704059 60818.00754400 87
NOAA-15              60818.06897296 60818.07384513 3
NOAA-15              60818.45284230 60818.46105036 12
NOAA-15              60818.52091073 60818.53118928 42
NOAA-15              60818.97912433 60818.98932034 42
NOAA-15              60819.04929537 60819.05736131 12
NOAA-15              60819.43630734 60819.44144651 3
NOAA-15              60819.50268488 60819.51327816 87
NOAA-15              60819.57460292 60819.57923797 3
NOAA-15              60819.96153392 60819.97080963 21
NOAA-15              60820.03044567 60820.04004680 25
NOAA-15              60820.48471923 60820.49508195 45
NOAA-15              60820.55494302 60820.56290204 11
NOAA-15              60820.94441212 60820.95188792 9
NOAA-15              60821.01199207 60821.02232910 51
NOAA-15              60821.46705235 60821.47658003 22
NOAA-15              60821.53610966 60821.54568242 23
NOAA-15              60821.99383809 60822.00432059 77
NOAA-15              60822.06538226 60822.07101594 4
NOAA-15              60822.44981536 60822.45765672 10
NOAA-15              60822.51765082 60822.52803214 47
NOAA-15              60822.97597058 60822.98604881 37
NOAA-15              60823.04591207 60823.05431294 13
NOAA-15              60823.43355308 60823.43777847 2
NOAA-15              60823.49946858 60823.51006815 83
NOAA-15              60823.57099788 60823.57645575 4
NOAA-15              60823.95844415 60823.96747806 18
NOAA-15              60824.02714163 60824.03691230 28
NOAA-15              60824.48154808 60824.49181995 40
NOAA-15              60824.55155577 60824.55988062 13
NOAA-15              60824.94143476 60824.94845198 8
NOAA-15              60825.00874092 60825.01913764 58
NOAA-15              60825.46394030 60825.47325520 20
NOAA-15              60825.53279984 60825.54256813 26
NOAA-15              60825.99063283 60826.00108133 68
NOAA-15              60826.06184312 60826.06811485 6
NOAA-15              60826.44680514 60826.45422891 9
NOAA-15              60826.51439093 60826.52485583 54
NOAA-15              60826.97281647 60826.98276026 32
NOAA-15              60827.04253552 60827.05123843 15
NOAA-18              60803.59049736 60803.59709826 6
NOAA-18              60803.65811299 60803.66893019 71
NOAA-18              60804.12076999 60804.13112432 32
NOAA-18              60804.19097051 60804.20034285 18
NOAA-18              60804.58267797 60804.58707573 2
NOAA-18              60804.64917172 60804.66001778 82
NOAA-18              60804.72125263 60804.72709007 5
NOAA-18              60805.11211184 60805.12196214 23
NOAA-18              60805.18171760 60805.19173817 25
NOAA-18              60805.64029165 60805.65103740 58
NOAA-18              60805.71154678 60805.71900959 8
NOAA-18              60806.10355632 60806.11271111 16
NOAA-18              60806.17255673 60806.18303849 35
NOAA-18              60806.63147821 60806.64198739 41
NOAA-18              60806.70209698 60806.71067393 13
NOAA-18              60807.09513295 60807.10334404 11
NOAA-18              60807.16347403 60807.17425972 49
NOAA-18              60807.62273845 60807.63286197 29
NOAA-18              60807.69278721 60807.70217941 19
NOAA-18              60808.08690014 60808.09380604 7
NOAA-18              60808.15446226 60808.16541126 70
NOAA-18              60808.61408497 60808.62365076 20
NOAA-18              60808.68357826 60808.69356767 27
NOAA-18              60809.07900731 60809.08394782 3
NOAA-18              60809.14551785 60809.15649846 83
NOAA-18              60809.21780167 60809.22367347 4
NOAA-18              60809.60553911 60809.61433423 14
NOAA-18              60809.67444986 60809.68486158 37
NOAA-18              60810.13664072 60810.14752337 59
NOAA-18              60810.20802601 60810.21558268 8
NOAA-18              60810.59713954 60810.60487574 9
NOAA-18              60810.66539101 60810.67607457 53
NOAA-18              60811.12783363 60811.13848501 42
NOAA-18              60811.19852703 60811.20722784 13
NOAA-18              60811.58897001 60811.59519375 5
NOAA-18              60811.65639597 60811.66721457 76
NOAA-18              60812.11910377 60812.12937892 30
NOAA-18              60812.18918133 60812.19871326 19
NOAA-18              60812.64746305 60812.65828561 77
NOAA-18              60812.71936465 60812.72555876 5
NOAA-18              60813.11046213 60813.12019624 21
NOAA-18              60813.17994625 60813.19008346 27
NOAA-18              60813.63859157 60813.64928852 54
NOAA-18              60813.70971089 60813.71741357 9
NOAA-18              60814.10192811 60814.11092027 15
NOAA-18              60814.17079968 60814.18136269 38
NOAA-18              60814.62978818 60814.64022082 38
NOAA-18              60814.70028905 60814.70903895 14
NOAA-18              60815.09353523 60815.10152038 10
NOAA-18              60815.16172947 60815.17256491 53
NOAA-18              60815.62106064 60815.63107624 27
NOAA-18              60815.69099734 60815.70051597 20
NOAA-18              60816.08535130 60816.09193089 6
NOAA-18              60816.15272896 60816.16369891 75
NOAA-18              60816.61242298 60816.62184259 19
NOAA-18              60816.68180153 60816.69188126 29
NOAA-18              60817.07757286 60817.08195515 2
NOAA-18              60817.14379588 60817.15476920 78
NOAA-18              60817.21587649 60817.22215155 5
NOAA-18              60817.60389906 60817.61249787 13
NOAA-18              60817.67268354 60817.68315533 40
NOAA-18              60818.13493007 60818.14577719 55
NOAA-18              60818.20616298 60818.21398854 9
NOAA-18              60818.59553337 60818.60299969 8
NOAA-18              60818.66363381 60818.67435043 57
NOAA-18              60819.12613565 60819.13672125 39
NOAA-18              60819.19669801 60819.20559131 14
NOAA-18              60819.58742742 60819.59324838 4
NOAA-18              60819.65464725 60819.66547354 82
NOAA-18              60819.72739280 60819.73180978 2
NOAA-18              60820.11742045 60820.12759610 28
NOAA-18              60820.18737488 60820.19704624 21
NOAA-18              60820.64572306 60820.65652807 72
NOAA-18              60820.71745247 60820.72399366 6
NOAA-18              60821.10879672 60821.11839149 20
NOAA-18              60821.17815667 60821.18839204 29
NOAA-18              60821.63686051 60821.64751419 50
NOAA-18              60821.70784527 60821.71578951 10
NOAA-18              60822.10028619 60822.10908865 14
NOAA-18              60822.16902388 60822.17965030 40
NOAA-18              60822.62806774 60822.63842876 35
NOAA-18              60822.69845002 60822.70737792 15
NOAA-18              60823.09192727 60823.09965196 9
NOAA-18              60823.15996573 60823.17083379 57
NOAA-18              60823.61935339 60823.62926442 25
NOAA-18              60823.68917587 60823.69882735 22
NOAA-18              60824.08380154 60824.09000176 5
NOAA-18              60824.15097660 60824.16195016 81
NOAA-18              60824.22397411 60824.22839685 2
NOAA-18              60824.61073251 60824.62000755 18
NOAA-18              60824.67999310 60824.69017011 31
NOAA-18              60825.14205486 60825.15300329 73
NOAA-18              60825.21394752 60825.22057742 6
NOAA-18              60825.60223243 60825.61063312 12
NOAA-18              60825.67088584 60825.68142456 43
NOAA-18              60826.13320067 60826.14399395 51
NOAA-18              60826.20428648 60826.21235154 10
NOAA-18              60826.59390440 60826.60109181 7
NOAA-18              60826.66184537 60826.67260191 62
NOAA-19              60803.58905384 60803.59963157 41
NOAA-19              60803.65967118 60803.66831082 13
NOAA-19              60804.05289553 60804.06104016 11
NOAA-19              60804.12124390 60804.13194912 49
NOAA-19              60804.58046920 60804.59067749 29
NOAA-19              60804.65052706 60804.65997720 19
NOAA-19              60805.04481755 60805.05166886 7
NOAA-19              60805.11239525 60805.12326025 69
NOAA-19              60805.57196753 60805.58164062 21
NOAA-19              60805.64148089 60805.65152927 27
NOAA-19              60806.03707180 60806.04198384 3
NOAA-19              60806.10361246 60806.11450830 85
NOAA-19              60806.17596635 60806.18161432 4
NOAA-19              60806.56356844 60806.57250318 15
NOAA-19              60806.63251315 60806.64298904 37
NOAA-19              60807.09489477 60807.10569535 60
NOAA-19              60807.16633658 60807.17370043 8
NOAA-19              60807.55530702 60807.56323224 10
NOAA-19              60807.62361310 60807.63436966 53
NOAA-19              60808.08624520 60808.09682056 42
NOAA-19              60808.15699108 60808.16551392 13
NOAA-19              60808.54725589 60808.55375734 6
NOAA-19              60808.61477508 60808.62567885 75
NOAA-19              60809.07767037 60809.08787978 30
NOAA-19              60809.14780098 60809.15716529 18
NOAA-19              60809.53962871 60809.54386147 2
NOAA-19              60809.60599721 60809.61692075 79
NOAA-19              60809.67794233 60809.68412900 5
NOAA-19              60810.06918062 60810.07886453 22
NOAA-19              60810.13872184 60810.14870065 26
NOAA-19              60810.59727887 60810.60809645 56
NOAA-19              60810.66844559 60810.67615477 9
NOAA-19              60811.06079416 60811.06975940 15
NOAA-19              60811.12973081 60811.14014489 36
NOAA-19              60811.58862571 60811.59920404 40
NOAA-19              60811.65918028 60811.66795095 14
NOAA-19              60812.05254214 60812.06053586 10
NOAA-19              60812.12081528 60812.13151263 50
NOAA-19              60812.58004470 60812.59023795 28
NOAA-19              60812.65004438 60812.65959908 20
NOAA-19              60813.04448638 60813.05113412 6
NOAA-19              60813.11196825 60813.12281265 72
NOAA-19              60813.57154819 60813.58118780 20
NOAA-19              60813.64100355 60813.65113602 28
NOAA-19              60814.03679766 60814.04138385 3
NOAA-19              60814.10318703 60814.11404982 82
NOAA-19              60814.17544228 60814.18125704 4
NOAA-19              60814.56315681 60814.57203476 14
NOAA-19              60814.63203960 60814.64258236 39
NOAA-19              60815.09447117 60815.10522592 58
NOAA-19              60815.16583864 60815.17330587 8
NOAA-19              60815.55490768 60815.56274381 9
NOAA-19              60815.62314247 60815.63395071 55
NOAA-19              60816.08582406 60816.09633987 41
NOAA-19              60816.15650527 60816.16509671 13
NOAA-19              60816.54687973 60816.55323825 5
NOAA-19              60816.61430701 60816.62524815 77
NOAA-19              60816.68721434 60816.69138641 2
NOAA-19              60817.07725274 60817.08738686 29
NOAA-19              60817.14732198 60817.15673102 19
NOAA-19              60817.60553168 60817.61647856 77
NOAA-19              60817.67737829 60817.68379487 6
NOAA-19              60818.06876816 60818.07835809 21
NOAA-19              60818.13824702 60818.14825218 26
NOAA-19              60818.59681602 60818.60764268 54
NOAA-19              60818.66790816 60818.67578280 10
NOAA-19              60819.06038969 60819.06923688 15
NOAA-19              60819.12925877 60819.13968387 37
NOAA-19              60819.58816622 60819.59873829 38
NOAA-19              60819.65865663 60819.66755466 15
NOAA-19              60820.05215091 60820.05999238 10
NOAA-19              60820.12034522 60820.13104006 52
NOAA-19              60820.57958964 60820.58975936 28
NOAA-19              60820.64952914 60820.65918420 21
NOAA-19              60821.04411994 60821.05055819 6
NOAA-19              60821.11149990 60821.12232907 74
NOAA-19              60821.57109926 60821.58069490 20
NOAA-19              60821.64049394 60821.65070552 29
NOAA-19              60822.03649794 60822.04073267 2
NOAA-19              60822.10272039 60822.11355547 79
NOAA-19              60822.17487433 60822.18086591 5
NOAA-19              60822.56271690 60822.57152490 14
NOAA-19              60822.63153412 60822.64213810 40
NOAA-19              60823.09400640 60823.10472071 56
NOAA-19              60823.16529652 60823.17287769 9
NOAA-19              60823.55448220 60823.56221177 9
NOAA-19              60823.62264032 60823.63349343 57
NOAA-19              60824.08536191 60824.09582325 39
NOAA-19              60824.15597572 60824.16464578 14
NOAA-19              60824.54648139 60824.55267148 5
NOAA-19              60824.61380783 60824.62477856 80
NOAA-19              60824.68655227 60824.69109253 2
NOAA-19              60825.07679432 60825.08685828 28
NOAA-19              60825.14679953 60825.15626297 20
NOAA-19              60825.60503553 60825.61599683 74
NOAA-19              60825.67678607 60825.68341961 6
NOAA-19              60826.06831525 60826.07781590 20
NOAA-19              60826.13772902 60826.14776994 27
NOAA-19              60826.59632305 60826.60714869 52
METOA                60803.67535888 60803.68483676 70
METOA                60803.74453142 60803.74937611 4
METOA                60804.12088181 60804.12632678 5
METOA                60804.18588770 60804.19505617 57
METOA                60804.62811985 60804.63431445 7
METOA                60804.69352288 60804.70281776 47
METOA                60805.13772635 60805.14552264 14
METOA                60805.20428455 60805.21284269 25
METOA                60805.64522558 60805.65334550 17
METOA                60805.71201587 60805.72046912 21
METOA                60806.15518919 60806.16414679 32
METOA                60806.22303722 60806.23022681 11
METOA                60806.66284436 60806.67186915 38
METOA                60806.73087572 60806.73766399 9
METOA                60807.17301606 60807.18243579 72
METOA                60807.24259327 60807.24677534 3
METOA                60807.68079178 60807.69005668 77
METOA                60808.12563450 60808.13218702 8
METOA                60808.19114092 60808.20043985 46
METOA                60808.63323321 60808.63981222 8
METOA                60808.69901824 60808.70793912 37
METOA                60809.14271198 60809.15113917 19
METOA                60809.20961056 60809.21812795 21
METOA                60809.65047805 60809.65868013 20
METOA                60809.71759731 60809.72546447 16
METOA                60810.16028209 60810.16964084 41
METOA                60810.22847492 60810.23536995 9
METOA                60810.66817387 60810.67709888 46
METOA                60810.73663551 60810.74243643 6
METOA                60811.11408296 60811.11829974 2
METOA                60811.17818332 60811.18783717 80
METOA                60811.62185194 60811.62559988 2
METOA                60811.68618229 60811.69519307 67
METOA                60812.13045764 60812.13788890 11
METOA                60812.19641417 60812.20575674 38
METOA                60812.63833278 60812.64520191 10
METOA                60812.70451945 60812.71297607 29
METOA                60813.14770228 60813.15666187 24
METOA                60813.21492035 60813.22333683 18
METOA                60813.65569281 60813.66392987 24
METOA                60813.72315545 60813.73035603 12
METOA                60814.16536390 60814.17505562 51
METOA                60814.23391680 60814.24041567 7
METOA                60814.67345868 60814.68224962 57
METOA                60814.74245782 60814.74701753 4
METOA                60815.11857839 60815.12425087 5
METOA                60815.18333311 60815.19316322 69
METOA                60815.62664010 60815.63120476 3
METOA                60815.69152709 60815.70025068 53
METOA                60816.13531846 60816.14346316 14
METOA                60816.20162492 60816.21098627 32
METOA                60816.64340345 60816.65049920 13
METOA                60816.70993509 60816.71792503 22
METOA                60817.15269279 60817.16209260 30
METOA                60817.22022069 60817.22846127 15
METOA                60817.66086211 60817.66910293 29
METOA                60817.72869495 60817.73513878 9
METOA                60818.17043488 60818.18038838 64
METOA                60818.23938049 60818.24534477 6
METOA                60818.67869303 60818.68732796 71
METOA                60819.12323094 60819.12995242 7
METOA                60819.18846892 60819.19840941 57
METOA                60819.63146700 60819.63664930 5
METOA                60819.69682165 60819.70523468 41
METOA                60820.14020027 60820.14892364 18
METOA                60820.20679360 60820.21614234 27
METOA                60820.64843414 60820.65571620 15
METOA                60820.71530737 60820.72279178 17
METOA                60821.15768100 60821.16743175 37
METOA                60821.22551904 60821.23349203 13
METOA                60821.66597970 60821.67420674 35
METOA                60821.73422692 60821.73980194 6
METOA                60822.11178478 60822.11578903 2
METOA                60822.17549590 60822.18563600 79
METOA                60822.24489458 60822.25012730 4
METOA                60822.68387218 60822.69233955 78
METOA                60823.12795838 60823.13548443 10
METOA                60823.19359302 60823.20357119 47
METOA                60823.63629066 60823.64197893 7
METOA                60823.70206232 60823.71014959 32
METOA                60824.14509376 60824.15427721 22
METOA                60824.21198944 60824.22120703 23
METOA                60824.65341738 60824.66086267 18
METOA                60824.72063604 60824.72757774 13
METOA                60825.16266445 60825.17267852 46
METOA                60825.23082413 60825.23841825 10
METOA                60825.67104078 60825.67924798 44
METOA                60825.73977736 60825.74432062 4
METOA                60826.11616537 60826.12158361 4
METOA                60826.18054625 60826.19079567 83
METOA                60826.25051653 60826.25470316 2
METOA                60826.68899372 60826.69728997 65
METOA                60827.13272712 60827.14087775 13
METOA                60827.19870712 60827.20864408 39
METOA                60827.64108984 60827.64721782 9
METOA                60827.70728781 60827.71500271 25
METOA                60828.14999168 60828.15952734 27
METOA                60828.21718112 60828.22617634 19
METOA                60828.65834751 60828.66594627 22
METOB                60803.54162970 60803.55073091 17
METOB                60803.61050283 60803.62056349 31
METOB                60804.07012662 60804.08075408 63
METOB                60804.14138865 60804.14825161 7
METOB                60804.52807795 60804.53558759 9
METOB                60804.59592002 60804.60647785 54
METOB                60805.05598681 60805.06621836 36
METOB                60805.12609065 60805.13483143 15
METOB                60805.51521872 60805.51976632 2
METOB                60805.58150453 60805.59220357 85
METOB                60805.65336213 60805.65877104 4
METOB                60806.04206057 60806.05149680 21
METOB                60806.11119122 60806.12102617 26
METOB                60806.56725080 60806.57775298 48
METOB                60806.63782659 60806.64572706 10
METOB                60807.02842270 60807.03652406 11
METOB                60807.09652925 60807.10697906 45
METOB                60807.55317958 60807.56311521 27
METOB                60807.62281503 60807.63213156 19
METOB                60808.01528343 60808.02110050 4
METOB                60808.08205713 60808.09274580 81
METOB                60808.53933993 60808.54824838 16
METOB                60808.60806728 60808.61823313 34
METOB                60809.06776110 60809.07834780 58
METOB                60809.13882640 60809.14604288 8
METOB                60809.52585622 60809.53303649 8
METOB                60809.59351020 60809.60411508 59
METOB                60810.05365011 60810.06378402 33
METOB                60810.12359936 60810.13254535 16
METOB                60810.57911844 60810.58981188 79
METOB                60810.65073542 60810.65664658 5
METOB                60811.03976078 60811.04902784 19
METOB                60811.10874044 60811.11869548 28
METOB                60811.56488942 60811.57533206 44
METOB                60811.63530858 60811.64348112 12
METOB                60812.02617867 60812.03400300 10
METOB                60812.09410830 60812.10461557 49
METOB                60812.55084838 60812.56066134 25
METOB                60812.62034527 60812.62982797 21
METOB                60813.01316361 60813.01845995 4
METOB                60813.07966244 60813.09035461 87
METOB                60813.15204642 60813.15671252 3
METOB                60813.53705134 60813.54575030 14
METOB                60813.60562899 60813.61589021 37
METOB                60814.06539229 60814.07593009 53
METOB                60814.13627129 60814.14381134 9
METOB                60814.52364434 60814.53046118 7
METOB                60814.59109697 60814.60174056 65
METOB                60815.05131104 60815.06133744 30
METOB                60815.12110765 60815.13024433 18
METOB                60815.57672912 60815.58740847 72
METOB                60815.64812826 60815.65448651 6
METOB                60816.03746047 60816.04654494 17
METOB                60816.10628697 60816.11635215 31
METOB                60816.56252535 60816.57289915 40
METOB                60816.63279290 60816.64121722 13
METOB                60817.02393997 60817.03146276 9
METOB                60817.09168387 60817.10224064 54
METOB                60817.54851591 60817.55819405 23
METOB                60817.61787384 60817.62751041 23
METOB                60818.01107795 60818.01577103 3
METOB                60818.07726396 60818.08795211 85
METOB                60818.14934379 60818.15461990 4
METOB                60818.53476482 60818.54323567 13
METOB                60818.60318756 60818.61353497 40
METOB                60819.06302025 60819.07350072 48
METOB                60819.13369008 60819.14156130 10
METOB                60819.52144560 60819.52785835 6
METOB                60819.58868041 60819.59935413 71
METOB                60820.04896979 60820.05887858 28
METOB                60820.11861497 60820.12792864 19
METOB                60820.57433689 60820.58499316 66
METOB                60820.64553527 60820.65229598 7
METOB                60821.03516034 60821.04404753 16
METOB                60821.10383058 60821.11399644 33
METOB                60821.56015884 60821.57045376 37
METOB                60821.63027848 60821.63893615 14
METOB                60822.02170780 60822.02890194 8
METOB                60822.08925589 60822.09985402 59
METOB                60822.54618264 60822.55571288 21
METOB                60822.61540057 60822.62517909 25
METOB                60823.07486199 60823.08553838 79
METOB                60823.14667410 60823.15247816 5
METOB                60823.53248138 60823.54070346 12
METOB                60823.60074318 60823.61116718 44
METOB                60824.06064509 60824.07106006 44
METOB                60824.13114282 60824.13928971 11
METOB                60824.51926517 60824.52522340 5
METOB                60824.58626058 60824.59695572 78
METOB                60825.04662684 60825.05640729 25
METOB                60825.11612088 60825.12559898 21
METOB                60825.57193940 60825.58256580 60
METOB                60825.64295267 60825.65007878 8
METOB                60826.03286106 60826.04153537 14
METOB                60826.10137110 60826.11162854 36
METOB                60826.55779016 60826.56799574 34
METOB                60826.62776472 60826.63663854 16
METOB                60827.01948456 60827.02631842 7
METOB                60827.08682428 60827.09745610 65
