iss                  60802.92719481 60802.93377327 15
iss                  60802.99365440 60803.00120807 50
iss                  60803.06180505 60803.06826473 12
iss                  60803.13021456 60803.13600337 8
iss                  60803.19766364 60803.20452569 17
iss                  60803.26470403 60803.27232809 83
iss                  60803.33255723 60803.33801198 7
iss                  60803.89405831 60803.89957149 8
iss                  60803.95979622 60803.96739187 87
iss                  60804.02762021 60804.03443301 16
iss                  60804.09612935 60804.10190667 8
iss                  60804.16383556 60804.17033639 13
iss                  60804.23088200 60804.23847014 54
iss                  60804.29833207 60804.30488698 14
iss                  60804.86132254 60804.86493180 3
iss                  60804.92605212 60804.93351156 46
iss                  60804.99346661 60805.00060997 22
iss                  60805.06195310 60805.06787031 9
iss                  60805.12993965 60805.13610160 10
iss                  60805.19706278 60805.20447452 32
iss                  60805.26427657 60805.27146610 26
iss                  60805.89244648 60805.89953895 25
iss                  60805.95937047 60805.96677675 33
iss                  60806.02771248 60806.03389201 10
iss                  60806.09595692 60806.10185679 9
iss                  60806.16322814 60806.17035982 22
iss                  60806.23030941 60806.23782926 48
iss                  60806.29874400 60806.30264831 3
iss                  60806.85902274 60806.86542818 14
iss                  60806.92535326 60806.93291573 55
iss                  60806.99344259 60806.99995755 13
iss                  60807.06187331 60807.06763713 8
iss                  60807.12936019 60807.13614693 16
iss                  60807.19638897 60807.20401508 87
iss                  60807.26413927 60807.26985364 8
iss                  60807.82587439 60807.83108627 7
iss                  60807.89143414 60807.89900782 79
iss                  60807.95917875 60807.96604796 17
iss                  60808.02768726 60808.03346881 8
iss                  60808.09544011 60808.10186263 12
iss                  60808.16248848 60808.17004693 48
iss                  60808.22987503 60808.23658178 16
iss                  60808.85763475 60808.86503058 40
iss                  60808.92495224 60808.93214362 24
iss                  60808.99341353 60808.99936257 9
iss                  60809.06144792 60809.06753944 10
iss                  60809.12858731 60809.13594366 29
iss                  60809.19576028 60809.20303358 29
iss                  60809.82398211 60809.83095301 22
iss                  60809.89078851 60809.89822558 36
iss                  60809.95908152 60809.96531324 11
iss                  60810.02736468 60810.03321377 8
iss                  60810.09466725 60810.10172437 20
iss                  60810.16172450 60810.16927776 56
iss                  60810.22996429 60810.23435193 4
iss                  60810.79052643 60810.79672257 12
iss                  60810.85670864 60810.86427594 63
iss                  60810.92472753 60810.93130477 13
iss                  60810.99317841 60810.99892033 8
iss                  60811.06071005 60811.06741123 15
iss                  60811.12772971 60811.13534869 77
iss                  60811.19537946 60811.20134574 10
iss                  60811.75738537 60811.76222404 6
iss                  60811.82273204 60811.83027481 69
iss                  60811.89038681 60811.89731750 18
iss                  60811.95889030 60811.96468288 8
iss                  60812.02669631 60812.03303265 11
iss                  60812.09375057 60812.10126862 42
iss                  60812.16107442 60812.16792743 18
iss                  60812.78888161 60812.79619820 35
iss                  60812.85608983 60812.86333161 26
iss                  60812.92451901 60812.93050877 9
iss                  60812.99260567 60812.99862287 9
iss                  60813.05976687 60813.06705637 27
iss                  60813.12690024 60813.13425046 33
iss                  60813.75518796 60813.76201143 19
iss                  60813.82186130 60813.82932808 40
iss                  60813.89009662 60813.89638931 11
iss                  60813.95841977 60813.96421896 8
iss                  60814.02576052 60814.03273183 19
iss                  60814.09279584 60814.10037363 65
iss                  60814.16085918 60814.16568869 5
iss                  60814.72171082 60814.72765281 10
iss                  60814.78772194 60814.79528863 72
iss                  60814.85566036 60814.86230726 14
iss                  60814.92412870 60814.92985464 8
iss                  60814.99171261 60814.99831866 14
iss                  60815.05872658 60815.06632781 67
iss                  60815.12627935 60815.13248648 11
iss                  60815.68860522 60815.69297282 4
iss                  60815.75369155 60815.76119242 59
iss                  60815.82124510 60815.82824223 19
iss                  60815.88973762 60815.89555050 8
iss                  60815.95760317 60815.96384709 11
iss                  60816.02466835 60816.03213431 38
iss                  60816.09193134 60816.09892214 21
iss                  60816.71979511 60816.72701352 30
iss                  60816.78688039 60816.79417411 28
iss                  60816.85526915 60816.86130996 10
AO-07                60802.72029327 60802.73270093 18
AO-07                60802.79621973 60802.81163164 82
AO-07                60802.87622758 60802.88927286 19
AO-07                60803.29888640 60803.31320041 29
AO-07                60803.37693937 60803.39220870 59
AO-07                60803.45607896 60803.46722811 12
AO-07                60803.68181812 60803.69027729 6
AO-07                60803.75537063 60803.76978695 37
AO-07                60803.83312010 60803.84825102 49
AO-07                60803.91622248 60803.92411525 4
AO-07                60804.25854910 60804.26893645 9
AO-07                60804.33526349 60804.35072819 63
AO-07                60804.41389406 60804.42787507 29
AO-07                60804.49366824 60804.50066986 4
AO-07                60804.71565013 60804.72768712 16
AO-07                60804.79131283 60804.80667815 74
AO-07                60804.87101256 60804.88445388 22
AO-07                60805.29402778 60805.30805614 26
AO-07                60805.37197427 60805.38734413 66
AO-07                60805.45104974 60805.46263659 14
AO-07                60805.67737140 60805.68519112 5
AO-07                60805.75059562 60805.76480213 33
AO-07                60805.82809279 60805.84333785 55
AO-07                60805.91059380 60805.91960715 6
AO-07                60806.25392050 60806.26345436 7
AO-07                60806.33033941 60806.34573008 57
AO-07                60806.40890230 60806.42312828 32
AO-07                60806.48855038 60806.49627683 5
AO-07                60806.71102468 60806.72266857 14
AO-07                60806.78642185 60806.80172064 68
AO-07                60806.86582688 60806.87961781 24
AO-07                60807.28918332 60807.30288619 23
AO-07                60807.36701354 60807.38246372 72
AO-07                60807.44602651 60807.45802400 16
AO-07                60807.67296011 60807.68008529 4
AO-07                60807.74583778 60807.75981400 30
AO-07                60807.82308343 60807.83841803 61
AO-07                60807.90507007 60807.91501149 8
AO-07                60808.24936524 60808.25788250 5
AO-07                60808.32542224 60808.34071432 51
AO-07                60808.40391451 60808.41836451 36
AO-07                60808.48345526 60808.49184645 6
AO-07                60808.70641994 60808.71764475 13
AO-07                60808.78154675 60808.79675931 61
AO-07                60808.86066800 60808.87476713 27
AO-07                60809.28436113 60809.29768812 20
AO-07                60809.36205735 60809.37756745 79
AO-07                60809.44100920 60809.45339114 17
AO-07                60809.66859104 60809.67495279 3
AO-07                60809.74109689 60809.75482254 27
AO-07                60809.81809149 60809.83349210 67
AO-07                60809.89962409 60809.91035409 10
AO-07                60810.24491960 60810.25218329 4
AO-07                60810.32051291 60810.33568033 46
AO-07                60810.39893066 60810.41358414 39
AO-07                60810.47837752 60810.48738383 7
AO-07                60810.70183653 60810.71261499 11
AO-07                60810.77668757 60810.79179431 56
AO-07                60810.85553388 60810.86990361 31
AO-07                60811.27955193 60811.29245935 18
AO-07                60811.35710587 60811.37265528 86
AO-07                60811.43599711 60811.44873868 19
AO-07                60811.66427613 60811.66978160 2
AO-07                60811.73637361 60811.74982769 25
AO-07                60811.81311656 60811.82856051 74
AO-07                60811.89423938 60811.90565054 12
AO-07                60812.31560986 60812.33062734 41
AO-07                60812.39395074 60812.40878701 43
AO-07                60812.47331360 60812.48289243 8
AO-07                60812.69727583 60812.70757847 10
AO-07                60812.77184438 60812.78682566 50
AO-07                60812.85042286 60812.86502879 35
AO-07                60813.27476477 60813.28719611 15
AO-07                60813.35215960 60813.36772708 86
AO-07                60813.43098985 60813.44406713 21
AO-07                60813.73166816 60813.74482909 22
AO-07                60813.80815829 60813.82362370 82
AO-07                60813.88890521 60813.90091080 14
AO-07                60814.31071721 60814.32555461 37
AO-07                60814.38897478 60814.40397361 48
AO-07                60814.46826099 60814.47837469 9
AO-07                60814.69273872 60814.70253415 9
AO-07                60814.76701729 60814.78185379 46
AO-07                60814.84533353 60814.86014370 39
AO-07                60815.27000364 60815.28189389 13
AO-07                60815.34721836 60815.36278269 78
AO-07                60815.42598715 60815.43937712 24
AO-07                60815.72698117 60815.73982684 20
AO-07                60815.80321643 60815.81868200 89
AO-07                60815.88361405 60815.89614182 16
AO-07                60816.30583447 60816.32046106 33
AO-07                60816.38400283 60816.39914426 53
AO-07                60816.46321788 60816.47383232 11
AO-07                60816.68822677 60816.69748024 7
AO-07                60816.76220646 60816.77687830 41
AO-07                60816.84026475 60816.85524950 43
AO-07                60816.92426976 60816.93045357 3
AO-07                60817.26527443 60817.27654660 11
AO-07                60817.34228275 60817.35782188 71
LO-19                60802.76950788 60802.77874932 22
LO-19                60802.83770792 60802.84791441 43
LO-19                60803.27895896 60803.28537712 6
LO-19                60803.34642497 60803.35676842 72
LO-19                60803.41595303 60803.42416688 13
LO-19                60803.74775631 60803.75545420 11
LO-19                60803.81473851 60803.82516701 89
LO-19                60803.88556220 60803.89301239 9
LO-19                60804.32374034 60804.33366494 33
LO-19                60804.39273664 60804.40225136 27
LO-19                60804.72676347 60804.73171395 3
LO-19                60804.79214701 60804.80225202 43
LO-19                60804.86153970 60804.87086513 21
LO-19                60805.30131088 60805.31009796 16
LO-19                60805.36971232 60805.37991146 54
LO-19                60805.43996474 60805.44591468 5
LO-19                60805.76993858 60805.77917252 22
LO-19                60805.83814141 60805.84833682 43
LO-19                60806.27937972 60806.28580824 6
LO-19                60806.34684926 60806.35719437 72
LO-19                60806.41637895 60806.42458918 13
LO-19                60806.74818497 60806.75587592 11
LO-19                60806.81516956 60806.82558839 89
LO-19                60806.88599873 60806.89342988 9
LO-19                60807.32416257 60807.33409096 33
LO-19                60807.39316033 60807.40267410 27
LO-19                60807.72719061 60807.73213360 3
LO-19                60807.79257582 60807.80267229 43
LO-19                60807.86197196 60807.87128361 21
LO-19                60808.30173073 60808.31052433 16
LO-19                60808.37013401 60808.38033432 54
LO-19                60808.44038867 60808.44633307 5
LO-19                60808.77036527 60808.77959154 22
LO-19                60808.83857078 60808.84875489 43
LO-19                60809.27979585 60809.28623628 6
LO-19                60809.34726902 60809.35761722 72
LO-19                60809.41680009 60809.42500868 13
LO-19                60809.74860963 60809.75629350 11
LO-19                60809.81559649 60809.82600564 89
LO-19                60809.88643088 60809.89384339 9
LO-19                60810.32458031 60810.33451385 34
LO-19                60810.39357939 60810.40309390 27
LO-19                60810.72761375 60810.73254914 3
LO-19                60810.79300051 60810.80308847 43
LO-19                60810.86239994 60810.87169806 21
LO-19                60811.30214609 60811.31094756 16
LO-19                60811.37055118 60811.38075416 54
LO-19                60811.44080752 60811.44674902 5
LO-19                60811.77078785 60811.78000650 22
LO-19                60811.83899590 60811.84916893 43
LO-19                60812.28020745 60812.28666124 6
LO-19                60812.34768431 60812.35803699 72
LO-19                60812.41721651 60812.42542539 13
LO-19                60812.74903018 60812.75670708 11
LO-19                60812.81601919 60812.82641889 89
LO-19                60812.88685848 60812.89425306 9
LO-19                60813.32499362 60813.33493361 34
LO-19                60813.39399388 60813.40351076 27
LO-19                60813.72803273 60813.73296078 3
LO-19                60813.79342099 60813.80350068 43
LO-19                60813.86282348 60813.87210861 20
LO-19                60814.30255706 60814.31136764 16
LO-19                60814.37096388 60814.38117097 54
LO-19                60814.44122138 60814.44716253 5
LO-19                60814.77120621 60814.78041754 22
LO-19                60814.83941666 60814.84957907 43
LO-19                60815.28061462 60815.28708308 6
LO-19                60815.34809522 60815.35845366 72
LO-19                60815.41762830 60815.42583931 13
LO-19                60815.74944649 60815.75711679 11
LO-19                60815.81643756 60815.82682826 90
LO-19                60815.88728140 60815.89465904 9
LO-19                60816.32540261 60816.33535022 34
LO-19                60816.39440391 60816.40392467 27
LO-19                60816.72844739 60816.73336870 3
LO-19                60816.79383715 60816.80390904 43
LO-19                60816.86324250 60816.87251539 20
LO-19                60817.30296374 60817.31178452 16
LO-19                60817.37137222 60817.38158472 54
LO-19                60817.44163035 60817.44757358 5
LO-19                60817.77162025 60817.78082478 22
LO-19                60817.83983295 60817.84998543 43
LO-19                60818.28101749 60818.28750173 6
LO-19                60818.34850183 60818.35886720 72
LO-19                60818.41803556 60818.42625041 13
LO-19                60818.74985846 60818.75752280 11
LO-19                60818.81685151 60818.82723385 90
LO-19                60818.88769952 60818.89506151 9
LO-19                60819.32580737 60819.33576363 34
LO-19                60819.39480957 60819.40433560 27
LO-19                60819.72885759 60819.73377311 3
LO-19                60819.79424891 60819.80431367 43
LO-19                60819.86365688 60819.87291854 20
LO-19                60820.30336624 60820.31219815 16
LO-19                60820.37177630 60820.38199538 54
LO-19                60820.44203456 60820.44798212 5
LO-19                60820.77202969 60820.78122834 22
LO-19                60820.84024470 60820.85038816 42
LO-19                60821.28141621 60821.28791711 6
FO-29                60802.98645411 60802.99719873 16
FO-29                60803.05865003 60803.07178488 72
FO-29                60803.13226765 60803.14266660 14
FO-29                60803.41189238 60803.42054504 7
FO-29                60803.48094731 60803.49472472 42
FO-29                60803.55382017 60803.56764906 40
FO-29                60803.63199878 60803.63767765 2
FO-29                60804.02051762 60804.03309414 39
FO-29                60804.09349416 60804.10584731 34
FO-29                60804.16798905 60804.17456743 4
FO-29                60804.44407548 60804.45600646 19
FO-29                60804.51510015 60804.52952098 84
FO-29                60804.58981901 60804.60169250 17
FO-29                60804.98296100 60804.99322972 14
FO-29                60805.05504945 60805.06801999 73
FO-29                60805.12862519 60805.13905848 15
FO-29                60805.40848905 60805.41680500 6
FO-29                60805.47732558 60805.49107000 40
FO-29                60805.55004364 60805.56404941 43
FO-29                60805.62774939 60805.63444519 3
FO-29                60806.01695119 60806.02924228 35
FO-29                60806.08987283 60806.10215025 36
FO-29                60806.16429900 60806.17107414 5
FO-29                60806.44055122 60806.45231908 18
FO-29                60806.51140979 60806.52588533 82
FO-29                60806.58594200 60806.59814781 18
FO-29                60806.97948056 60806.98923727 12
FO-29                60807.05144954 60807.06424413 73
FO-29                60807.12498365 60807.13543723 16
FO-29                60807.40511339 60807.41304408 6
FO-29                60807.47371920 60807.48740588 38
FO-29                60807.54628283 60807.56043941 46
FO-29                60807.62359506 60807.63112468 4
FO-29                60808.01338736 60808.02537740 32
FO-29                60808.08625119 60808.09844233 38
FO-29                60808.16061439 60808.16756198 5
FO-29                60808.43704512 60808.44861986 16
FO-29                60808.50773406 60808.52224006 78
FO-29                60808.58208609 60808.59458746 20
FO-29                60808.97602196 60808.98521902 10
FO-29                60809.04784954 60809.06045789 71
FO-29                60809.12134190 60809.13180392 17
FO-29                60809.40182162 60809.40926061 5
FO-29                60809.47013092 60809.48373179 35
FO-29                60809.54253751 60809.55681856 49
FO-29                60809.61948317 60809.62774529 6
FO-29                60810.00982597 60810.02149969 29
FO-29                60810.08262861 60810.09472432 41
FO-29                60810.15693296 60810.16403299 5
FO-29                60810.43355764 60810.44490785 15
FO-29                60810.50407297 60810.51858518 74
FO-29                60810.57825020 60810.59101201 22
FO-29                60810.97257356 60810.98117200 9
FO-29                60811.04424889 60811.05666162 68
FO-29                60811.11769886 60811.12815923 18
FO-29                60811.39851268 60811.40544562 4
FO-29                60811.46655569 60811.48004716 33
FO-29                60811.53880745 60811.55318696 53
FO-29                60811.61544642 60811.62431677 7
FO-29                60812.00626688 60812.01760927 26
FO-29                60812.07900385 60812.09099699 43
FO-29                60812.15325275 60812.16048900 6
FO-29                60812.43008929 60812.44118206 14
FO-29                60812.50042649 60812.51492007 70
FO-29                60812.57443336 60812.58742209 23
FO-29                60812.96914682 60812.97709150 7
FO-29                60813.04064671 60813.05285624 64
FO-29                60813.11405351 60813.12450461 18
FO-29                60813.39524493 60813.40159439 3
FO-29                60813.46299620 60813.47635149 31
FO-29                60813.53509240 60813.54954448 57
FO-29                60813.61145267 60813.62085061 8
FO-29                60814.00270957 60814.01370615 24
FO-29                60814.07537635 60814.08726114 46
FO-29                60814.14957205 60814.15693167 6
FO-29                60814.42664048 60814.43744142 13
FO-29                60814.49679452 60814.51124468 66
FO-29                60814.57063470 60814.58381783 25
FO-29                60814.96574826 60814.97297067 6
FO-29                60815.03704277 60815.04904215 60
FO-29                60815.11040491 60815.12084082 19
FO-29                60815.39202823 60815.39769621 3
FO-29                60815.45945249 60815.47264430 29
FO-29                60815.53139206 60815.54589069 61
FO-29                60815.60749544 60815.61735293 9
FO-29                60815.99915423 60816.00979031 21
FO-29                60816.07174539 60816.08351757 49
FO-29                60816.14588958 60816.15336254 7
FO-29                60816.42321191 60816.43368489 12
FO-29                60816.49317694 60816.50755836 62
FO-29                60816.56685341 60816.58019978 27
FO-29                60816.96238858 60816.96879841 4
FO-29                60817.03343639 60817.04521993 55
FO-29                60817.10675215 60817.11716887 20
FO-29                60817.45592453 60817.46892517 27
FO-29                60817.52770610 60817.54222590 65
FO-29                60817.60356995 60817.61382767 10
FO-29                60817.99560098 60818.00586148 19
FO-29                60818.06811029 60818.07976706 52
SO-50                60802.66649542 60802.67339420 9
SO-50                60802.73538427 60802.74456048 67
SO-50                60802.80552827 60802.81251339 10
SO-50                60803.32469561 60803.33379120 30
SO-50                60803.39409599 60803.40324645 29
SO-50                60803.46657732 60803.47179896 4
SO-50                60803.67939229 60803.68753717 17
SO-50                60803.74860578 60803.75764867 51
SO-50                60804.27062130 60804.27635852 5
SO-50                60804.33752167 60804.34712010 70
SO-50                60804.40797964 60804.41622453 15
SO-50                60804.62377348 60804.62917727 5
SO-50                60804.69239802 60804.70129803 34
SO-50                60804.76201684 60804.77032052 22
SO-50                60805.28231396 60805.29040802 16
SO-50                60805.35073158 60805.36028674 53
SO-50                60805.42224885 60805.42910319 8
SO-50                60805.63657260 60805.64368286 10
SO-50                60805.70550357 60805.71469297 76
SO-50                60805.77577614 60805.78242315 9
SO-50                60806.29473595 60806.30394417 34
SO-50                60806.36429936 60806.37333799 26
SO-50                60806.43696663 60806.44182980 3
SO-50                60806.64947653 60806.65776230 19
SO-50                60806.71874152 60806.72771407 44
SO-50                60807.24043592 60807.24665728 7
SO-50                60807.30761501 60807.31723505 79
SO-50                60807.37823023 60807.38629279 14
SO-50                60807.59381446 60807.59951229 5
SO-50                60807.66248731 60807.67145863 38
SO-50                60807.73218175 60807.74030589 19
SO-50                60808.25226847 60808.26058383 18
SO-50                60808.32087072 60808.33037324 47
SO-50                60808.39255259 60808.39914483 7
SO-50                60808.60662687 60808.61393971 11
SO-50                60808.67560095 60808.68478999 85
SO-50                60808.74601472 60808.75228327 7
SO-50                60809.26475990 60809.27406448 39
SO-50                60809.33448327 60809.34340041 24
SO-50                60809.40734230 60809.41182476 3
SO-50                60809.61953582 60809.62795112 21
SO-50                60809.68885442 60809.69774331 39
SO-50                60810.21025887 60810.21690015 8
SO-50                60810.27768971 60810.28731948 87
SO-50                60810.34846157 60810.35633189 13
SO-50                60810.56383316 60810.56980729 6
SO-50                60810.63255182 60810.64158370 42
SO-50                60810.70232720 60810.71025205 17
SO-50                60811.22221075 60811.23072291 20
SO-50                60811.29099045 60811.30043024 42
SO-50                60811.36283801 60811.36915609 6
SO-50                60811.57665659 60811.58415927 12
SO-50                60811.64567421 60811.65485164 82
SO-50                60811.71630105 60811.72208867 6
SO-50                60812.23476720 60812.24415263 44
SO-50                60812.30464762 60812.31343360 21
SO-50                60812.37770665 60812.38178143 2
SO-50                60812.52117657 60812.52529272 2
SO-50                60812.58957030 60812.59810390 23
SO-50                60812.65894459 60812.66773613 34
SO-50                60813.18008351 60813.18709323 9
SO-50                60813.24774565 60813.25737362 82
SO-50                60813.31867365 60813.32634170 11
SO-50                60813.53382892 60813.54006286 7
SO-50                60813.60259160 60813.61167341 48
SO-50                60813.67245402 60813.68015824 15
SO-50                60814.19213955 60814.20082639 22
SO-50                60814.26109066 60814.27045787 38
SO-50                60814.33310550 60814.33913657 6
SO-50                60814.54664738 60814.55434383 13
SO-50                60814.61572451 60814.62487799 73
SO-50                60814.68654032 60814.69183531 5
SO-50                60815.13883367 60815.14274638 2
SO-50                60815.20475650 60815.21420905 50
SO-50                60815.27479231 60815.28343797 20
SO-50                60815.49111954 60815.49560293 3
SO-50                60815.55957963 60815.56822089 25
SO-50                60815.62901252 60815.63769273 30
SO-50                60816.14990525 60816.15724077 11
SO-50                60816.21778251 60816.22739770 73
SO-50                60816.28886628 60816.29632244 10
SO-50                60816.50380125 60816.51027982 7
SO-50                60816.57260670 60816.58172793 54
SO-50                60816.64256301 60816.65002381 13
SO-50                60817.16205380 60817.17089516 25
SO-50                60817.23117116 60817.24045625 34
SO-50                60817.30335526 60817.30908571 5
SO-50                60817.51662711 60817.52448968 15
SO-50                60817.58574991 60817.59486908 64
SO-50                60817.65679058 60817.66151268 4
SO-50                60818.10839824 60818.11307659 3
SO-50                60818.17472795 60818.18423414 56
SO-50                60818.24491723 60818.25341329 18
SO-50                60818.46104502 60818.46586852 3
SO-50                60818.52956404 60818.53830227 28
SO-50                60818.59905845 60818.60761269 27
SO-50                60819.11972055 60819.12734586 12
SO-50                60819.18780003 60819.19739191 65
SO-50                60819.25903974 60819.26627360 9
HO-68                60802.60661285 60802.61170310 10
HO-68                60802.67346626 60802.68716059 88
HO-68                60802.75017093 60802.76112031 15
HO-68                60803.15290644 60803.16440814 18
HO-68                60803.22706634 60803.24070748 77
HO-68                60803.30263547 60803.31311407 14
HO-68                60803.58961914 60803.59966256 12
HO-68                60803.66173049 60803.67532384 68
HO-68                60803.73771577 60803.74962582 20
HO-68                60804.14147530 60804.15186601 12
HO-68                60804.21524326 60804.22893203 82
HO-68                60804.29061687 60804.30195496 19
HO-68                60804.57865517 60804.58756313 9
HO-68                60804.65008527 60804.66345874 52
HO-68                60804.72542031 60804.73803535 28
HO-68                60805.13021631 60805.13907419 8
HO-68                60805.20345266 60805.21706557 63
HO-68                60805.27863787 60805.29068215 25
HO-68                60805.56791490 60805.57537388 6
HO-68                60805.63853248 60805.65156640 40
HO-68                60805.71325547 60805.72637488 37
HO-68                60806.11929973 60806.12585954 4
HO-68                60806.19169971 60806.20510391 48
HO-68                60806.26669171 60806.27930556 32
HO-68                60806.34327498 60806.34916672 3
HO-68                60806.55737810 60806.56301351 3
HO-68                60806.62707015 60806.63964637 31
HO-68                60806.70120345 60806.71466028 49
HO-68                60806.78029823 60806.78718084 4
HO-68                60807.17998872 60807.19303974 36
HO-68                60807.25477471 60807.26783200 41
HO-68                60807.33093752 60807.33859172 6
HO-68                60807.61570554 60807.62769698 24
HO-68                60807.68925306 60807.70290209 65
HO-68                60807.76713236 60807.77621185 8
HO-68                60808.16833490 60808.18086108 27
HO-68                60808.24288521 60808.25626580 54
HO-68                60808.31875722 60808.32777830 9
HO-68                60808.60444569 60808.61571425 18
HO-68                60808.67739735 60808.69110726 85
HO-68                60808.75437377 60808.76492765 13
HO-68                60809.15675318 60809.16854933 20
HO-68                60809.23102321 60809.24460975 71
HO-68                60809.30666431 60809.31679710 13
HO-68                60809.59330082 60809.60369099 14
HO-68                60809.66563244 60809.67928043 75
HO-68                60809.74185417 60809.75347490 18
HO-68                60810.14527168 60810.15607350 14
HO-68                60810.21918965 60810.23286462 88
HO-68                60810.29462940 60810.30567986 17
HO-68                60810.58228690 60810.59161431 10
HO-68                60810.65395667 60810.66742456 57
HO-68                60810.72950833 60810.74191328 25
HO-68                60811.13394755 60811.14337793 9
HO-68                60811.20738741 60811.22102935 69
HO-68                60811.28263750 60811.29444445 22
HO-68                60811.57143105 60811.57945962 7
HO-68                60811.64237081 60811.65554120 44
HO-68                60811.71730139 60811.73027430 34
HO-68                60812.12288251 60812.13034046 5
HO-68                60812.19562082 60812.20910061 53
HO-68                60812.27068037 60812.28310228 29
HO-68                60812.34747316 60812.35258836 2
HO-68                60812.56084359 60812.56717352 4
HO-68                60812.63087892 60812.64363042 34
HO-68                60812.70521247 60812.71857644 45
HO-68                60812.78485161 60812.79069687 3
HO-68                60813.18389387 60813.19707226 39
HO-68                60813.25875342 60813.27166114 38
HO-68                60813.33504241 60813.34213357 5
HO-68                60813.61948046 60813.63169111 26
HO-68                60813.69322844 60813.70683193 60
HO-68                60813.77147167 60813.77991655 7
HO-68                60814.17221941 60814.18493411 30
HO-68                60814.24685436 60814.26012595 49
HO-68                60814.32281874 60814.33139078 8
HO-68                60814.60818407 60814.61972005 20
HO-68                60814.68134108 60814.69504868 78
HO-68                60814.75860519 60814.76871439 11
HO-68                60815.16061053 60815.17267023 22
HO-68                60815.23498251 60815.24850024 64
HO-68                60815.31069965 60815.32046256 11
HO-68                60815.59699867 60815.60771137 15
HO-68                60815.66954557 60815.68323206 82
HO-68                60815.74601362 60815.75730986 16
HO-68                60816.14909075 60816.16025472 16
HO-68                60816.22313892 60816.23678538 83
HO-68                60816.29864651 60816.30938937 15
HO-68                60816.58593796 60816.59565457 11
HO-68                60816.65783956 60816.67138555 63
HO-68                60816.73361338 60816.74578063 23
HO-68                60817.13770713 60817.14764256 11
HO-68                60817.21132538 60817.22498098 76
HO-68                60817.28664062 60817.29819282 20
HO-68                60817.57502415 60817.58353000 8
HO-68                60817.64622306 60817.65951114 48
HO-68                60817.72136194 60817.73416507 30
HO-68                60818.12653114 60818.13474295 6
HO-68                60818.19954578 60818.21308452 58
AO-73                60802.67525851 60802.68350323 35
AO-73                60802.74173225 60802.74907626 15
AO-73                60803.16246958 60803.16749775 4
AO-73                60803.22690166 60803.23574965 76
AO-73                60803.29365123 60803.29999973 9
AO-73                60803.67465147 60803.68288575 34
AO-73                60803.74107807 60803.74847985 16
AO-73                60804.16189429 60804.16680541 4
AO-73                60804.22627829 60804.23512095 74
AO-73                60804.29300435 60804.29941122 9
AO-73                60804.67402149 60804.68225098 33
AO-73                60804.74040686 60804.74786640 16
AO-73                60805.16130610 60805.16609103 4
AO-73                60805.22563841 60805.23447425 72
AO-73                60805.29234080 60805.29880531 9
AO-73                60805.67337524 60805.68159889 32
AO-73                60805.73971870 60805.74723570 17
AO-73                60806.16070487 60806.16535436 3
AO-73                60806.22498203 60806.23380952 70
AO-73                60806.29166058 60806.29818198 10
AO-73                60806.67271279 60806.68092943 31
AO-73                60806.73901365 60806.74658805 17
AO-73                60807.16009130 60807.16459490 3
AO-73                60807.22430916 60807.23312673 68
AO-73                60807.29096369 60807.29754119 10
AO-73                60807.67203417 60807.68024257 31
AO-73                60807.73828635 60807.74591659 18
AO-73                60808.15946597 60808.16381204 3
AO-73                60808.22361979 60808.23242566 65
AO-73                60808.29024994 60808.29688293 10
AO-73                60808.67133946 60808.67953825 30
AO-73                60808.73754767 60808.74523457 18
AO-73                60809.15882952 60809.16300503 3
AO-73                60809.22291393 60809.23170665 63
AO-73                60809.28951968 60809.29620716 10
AO-73                60809.67062872 60809.67881644 29
AO-73                60809.73679228 60809.74453532 19
AO-73                60810.15818294 60810.16217288 2
AO-73                60810.22219150 60810.23096949 61
AO-73                60810.28877272 60810.29551387 11
AO-73                60810.66990200 60810.67807708 28
AO-73                60810.73602023 60810.74381873 20
AO-73                60811.15752710 60811.16131461 2
AO-73                60811.22145279 60811.23021414 59
AO-73                60811.28800906 60811.29480304 11
AO-73                60811.66915936 60811.67732014 28
AO-73                60811.73523157 60811.74308479 20
AO-73                60812.22069744 60812.22944059 57
AO-73                60812.28722867 60812.29407464 11
AO-73                60812.66840087 60812.67654556 27
AO-73                60812.73442636 60812.74233346 21
AO-73                60813.21992567 60813.22864879 55
AO-73                60813.28643155 60813.29332865 12
AO-73                60813.66762659 60813.67575330 26
AO-73                60813.73360465 60813.74156469 22
AO-73                60814.21913501 60814.22783872 53
AO-73                60814.28561768 60814.29256507 12
AO-73                60814.66683657 60814.67494331 25
AO-73                60814.73276650 60814.74077845 22
AO-73                60815.21833013 60815.22701036 51
AO-73                60815.28478705 60815.29178386 12
AO-73                60815.66603087 60815.67411554 25
AO-73                60815.73191195 60815.73997469 23
AO-73                60816.21750874 60816.22616368 49
AO-73                60816.28393964 60816.29098502 13
AO-73                60816.66520957 60816.67326993 24
AO-73                60816.73104105 60816.73915338 24
AO-73                60817.21667082 60817.22529864 47
AO-73                60817.28307543 60817.29016854 13
AO-73                60817.66437273 60817.67240643 23
AO-73                60817.73015385 60817.73831448 25
AO-73                60818.21581657 60818.22441521 45
AO-73                60818.28219440 60818.28933440 14
AO-73                60818.66352040 60818.67152500 23
AO-73                60818.72925040 60818.73745794 26
AO-73                60819.21494577 60819.22351336 43
AO-73                60819.28129655 60819.28848258 14
AO-73                60819.66265266 60819.67062557 22
AO-73                60819.72833073 60819.73658374 27
AO-73                60820.21405848 60820.22259306 42
AO-73                60820.28038185 60820.28761308 14
AO-73                60820.66176956 60820.66970809 21
AO-73                60820.72739489 60820.73569183 28
AO-73                60821.21315473 60821.22165428 40
AO-73                60821.27945028 60821.28672588 15
AO-73                60821.66087118 60821.66877251 21
AO-73                60821.72644865 60821.73478867 29
AO-73                60822.21223452 60822.22069700 38
AO-73                60822.27850184 60822.28582097 15
AO-73                60822.65995758 60822.66781877 20
AO-73                60822.72548062 60822.73386124 30
AO-73                60823.21129792 60823.21972117 37
AO-73                60823.27753650 60823.28489834 16
AO-73                60823.65902884 60823.66684680 19
AO-73                60823.72449655 60823.73291600 31
AO-73                60824.21034481 60824.21872677 35
AO-73                60824.27655424 60824.28395799 16
AO-73                60824.65808502 60824.66585655 19
AO-73                60824.72349647 60824.73195293 33
TITA                 60802.92769705 60802.93396808 9
TITA                 60802.99185549 60803.00017510 62
TITA                 60803.47549242 60803.48287418 15
TITA                 60803.54071767 60803.54889110 35
TITA                 60803.92175889 60803.92745137 7
TITA                 60803.98547438 60803.99387894 82
TITA                 60804.05326590 60804.05793802 4
TITA                 60804.46935148 60804.47627456 12
TITA                 60804.53430948 60804.54267296 45
TITA                 60804.91588650 60804.92086648 5
TITA                 60804.97915886 60804.98755745 74
TITA                 60805.04639721 60805.05200406 6
TITA                 60805.46324920 60805.46959590 9
TITA                 60805.52795105 60805.53641331 60
TITA                 60805.59490035 60805.59931181 4
TITA                 60805.91011325 60805.91417932 3
TITA                 60805.97286517 60805.98120786 55
TITA                 60806.03963722 60806.04595628 9
TITA                 60806.45720542 60806.46281742 6
TITA                 60806.52159785 60806.53010907 79
TITA                 60806.58823963 60806.59349684 6
TITA                 60806.96659368 60806.97483020 42
TITA                 60807.03294954 60807.03983053 12
TITA                 60807.45125997 60807.45589798 4
TITA                 60807.51525019 60807.52376009 77
TITA                 60807.58164310 60807.58757426 8
TITA                 60807.96034463 60807.96842404 32
TITA                 60808.02631559 60808.03364521 16
TITA                 60808.50890888 60808.51736567 57
TITA                 60808.57508545 60808.58157028 10
TITA                 60808.95411985 60808.96198841 25
TITA                 60809.01972413 60809.02741089 21
TITA                 60809.50257219 60809.51092458 43
TITA                 60809.56855319 60809.57549833 13
TITA                 60809.94792153 60809.95552165 20
TITA                 60810.01316819 60810.02113476 27
TITA                 60810.49624686 60810.50443488 33
TITA                 60810.56203884 60810.56936674 17
TITA                 60810.94175231 60810.94902151 16
TITA                 60811.00664299 60811.01482139 35
TITA                 60811.48993371 60811.49789375 25
TITA                 60811.55553738 60811.56318051 21
TITA                 60811.93561668 60811.94248387 12
TITA                 60812.00014528 60812.00847404 46
TITA                 60812.48363644 60812.49129716 19
TITA                 60812.54905166 60812.55695020 27
TITA                 60812.92952113 60812.93590306 10
TITA                 60812.99367284 60813.00209496 62
TITA                 60813.06207341 60813.06564713 2
TITA                 60813.47736014 60813.48463935 15
TITA                 60813.54256772 60813.55066455 35
TITA                 60813.92347558 60813.92926954 7
TITA                 60813.98718001 60813.99568254 83
TITA                 60814.05491268 60814.05977917 4
TITA                 60814.47111330 60814.47791152 11
TITA                 60814.53604560 60814.54432882 45
TITA                 60814.91749754 60814.92256674 5
TITA                 60814.98075417 60814.98924423 74
TITA                 60815.04794052 60815.05371844 7
TITA                 60815.46490900 60815.47110003 8
TITA                 60815.52957378 60815.53795037 60
TITA                 60815.59651932 60815.60085434 4
TITA                 60815.91162077 60815.91576032 3
TITA                 60815.97435131 60815.98277720 55
TITA                 60816.04107340 60816.04754815 10
TITA                 60816.45877034 60816.46418077 6
TITA                 60816.52310776 60816.53152618 80
TITA                 60816.58973802 60816.59492969 5
TITA                 60816.96797199 60816.97628142 41
TITA                 60817.03427750 60817.04130150 13
TITA                 60817.45274616 60817.45710320 3
TITA                 60817.51664787 60817.52505602 74
TITA                 60817.58302370 60817.58889393 8
TITA                 60817.96161636 60817.96975638 32
TITA                 60818.02753514 60818.03499577 17
TITA                 60818.51019270 60818.51853912 55
TITA                 60818.57634962 60818.58277460 10
TITA                 60818.95528646 60818.96320101 25
TITA                 60819.02083557 60819.02864160 22
TITA                 60819.50374755 60819.51197404 41
TITA                 60819.56970180 60819.57658582 13
TITA                 60819.94898451 60819.95661344 20
TITA                 60820.01417202 60820.02224544 28
TITA                 60820.49731269 60820.50535858 31
TITA                 60820.56307247 60820.57033617 17
TITA                 60820.94271396 60820.94999114 15
TITA                 60821.00753985 60821.01581190 37
TITA                 60821.49089155 60821.49868954 24
TITA                 60821.55646245 60821.56403752 22
TITA                 60821.93647925 60821.94332954 12
TITA                 60822.00093591 60822.00934411 49
TITA                 60822.48448840 60822.49196237 18
TITA                 60822.54985673 60822.55768031 28
TITA                 60822.93028785 60822.93662219 9
TITA                 60822.99435809 60823.00284424 66
TITA                 60823.06256981 60823.06653838 3
TITA                 60823.47810931 60823.48517000 14
TITA                 60823.54325899 60823.55127353 36
TITA                 60823.92415118 60823.92985808 7
NOAA-15              60802.82438818 60802.83368541 20
NOAA-15              60802.89278630 60802.90327728 49
NOAA-15              60802.96586060 60802.97018876 2
NOAA-15              60803.33604954 60803.34298507 7
NOAA-15              60803.40397877 60803.41462151 75
NOAA-15              60803.47388290 60803.48231230 14
NOAA-15              60803.80712819 60803.81521020 12
NOAA-15              60803.87456805 60803.88522465 86
NOAA-15              60803.94588643 60803.95336639 9
NOAA-15              60804.38595260 60804.39634218 42
NOAA-15              60804.45544581 60804.46497328 23
NOAA-15              60804.79026032 60804.79650441 6
NOAA-15              60804.85658222 60804.86706919 54
NOAA-15              60804.92671637 60804.93585841 17
NOAA-15              60805.36806125 60805.37779815 24
NOAA-15              60805.43713348 60805.44735972 39
NOAA-15              60805.50823704 60805.51283375 3
NOAA-15              60805.83882908 60805.84881678 31
NOAA-15              60805.90799181 60805.91807065 30
NOAA-15              60806.35036929 60806.35891941 13
NOAA-15              60806.41892168 60806.42950545 69
NOAA-15              60806.48923050 60806.49633270 8
NOAA-15              60806.82132528 60806.83045619 19
NOAA-15              60806.88956398 60806.90011699 54
NOAA-15              60806.96223553 60806.96733850 3
NOAA-15              60807.33305261 60807.33951845 6
NOAA-15              60807.40080665 60807.41142046 68
NOAA-15              60807.47063763 60807.47927685 15
NOAA-15              60807.80412015 60807.81194907 11
NOAA-15              60807.87138464 60807.88204320 86
NOAA-15              60807.94248174 60807.95031841 10
NOAA-15              60808.38279861 60808.39309600 38
NOAA-15              60808.45222252 60808.46188480 25
NOAA-15              60808.78733980 60808.79318037 5
NOAA-15              60808.85343634 60808.86386883 49
NOAA-15              60808.92339537 60808.93274614 19
NOAA-15              60809.36493340 60809.37449846 21
NOAA-15              60809.43392607 60809.44422613 43
NOAA-15              60809.50485856 60809.50997596 4
NOAA-15              60809.83572255 60809.84559680 28
NOAA-15              60809.90472552 60809.91492223 33
NOAA-15              60810.34728633 60810.35554614 12
NOAA-15              60810.41572832 60810.42632961 76
NOAA-15              60810.48594582 60810.49334566 9
NOAA-15              60810.81826359 60810.82721245 17
NOAA-15              60810.88634092 60810.89694315 60
NOAA-15              60810.95867050 60810.96441514 4
NOAA-15              60811.33007678 60811.33600607 5
NOAA-15              60811.39762873 60811.40820221 61
NOAA-15              60811.46738805 60811.47622205 16
NOAA-15              60811.80111686 60811.80867023 9
NOAA-15              60811.86820007 60811.87884883 78
NOAA-15              60811.93908760 60811.94724630 11
NOAA-15              60812.37963968 60812.38983162 34
NOAA-15              60812.44899335 60812.45877876 27
NOAA-15              60812.78443684 60812.78982609 4
NOAA-15              60812.85028956 60812.86065549 44
NOAA-15              60812.92007729 60812.92961686 21
NOAA-15              60813.36180285 60813.37117805 19
NOAA-15              60813.43071221 60813.44107562 47
NOAA-15              60813.50149793 60813.50707632 4
NOAA-15              60813.83261572 60813.84236330 26
NOAA-15              60813.90145953 60813.91175925 37
NOAA-15              60814.34420650 60814.35214583 10
NOAA-15              60814.41252870 60814.42313707 83
NOAA-15              60814.48265996 60814.49033591 10
NOAA-15              60814.81520347 60814.82395392 15
NOAA-15              60814.88311709 60814.89375587 66
NOAA-15              60814.95514492 60814.96143879 5
NOAA-15              60815.32713208 60815.33243741 3
NOAA-15              60815.39444483 60815.40496687 55
NOAA-15              60815.46413349 60815.47314841 18
NOAA-15              60815.79811948 60815.80537257 8
NOAA-15              60815.86501464 60815.87564134 71
NOAA-15              60815.93566976 60815.94415386 13
NOAA-15              60816.37647586 60816.38654866 31
NOAA-15              60816.44575790 60816.45565553 30
NOAA-15              60816.78161194 60816.78643599 3
NOAA-15              60816.84714304 60816.85742888 40
NOAA-15              60816.91676160 60816.92647098 23
NOAA-15              60817.35866998 60817.36783643 17
NOAA-15              60817.42749174 60817.43790851 52
NOAA-15              60817.49814786 60817.50414171 5
NOAA-15              60817.82950931 60817.83911590 24
NOAA-15              60817.89819364 60817.90858183 40
NOAA-15              60818.34113156 60818.34871655 9
NOAA-15              60818.40932235 60818.41992799 87
NOAA-15              60818.47937163 60818.48730451 11
NOAA-15              60818.81214578 60818.82067972 14
NOAA-15              60818.87989245 60818.89055503 73
NOAA-15              60818.95164753 60818.95842055 6
NOAA-15              60819.32424447 60819.32879399 2
NOAA-15              60819.39125485 60819.40171427 50
NOAA-15              60819.46087336 60819.47005685 19
NOAA-15              60819.79512963 60819.80205439 7
NOAA-15              60819.86182807 60819.87242057 65
NOAA-15              60819.93229048 60819.94103790 14
NOAA-15              60820.37330722 60820.38324727 28
NOAA-15              60820.44251579 60820.45251546 33
NOAA-18              60802.62498908 60802.63371078 14
NOAA-18              60802.96113151 60802.96990383 15
NOAA-18              60803.02950445 60803.04038703 73
NOAA-18              60803.10191694 60803.10887242 7
NOAA-18              60803.47745491 60803.48340406 4
NOAA-18              60803.54551917 60803.55643334 58
NOAA-18              60803.61583816 60803.62518543 18
NOAA-18              60803.95266990 60803.96074489 11
NOAA-18              60804.02055213 60804.03144326 86
NOAA-18              60804.09228981 60804.10034540 10
NOAA-18              60804.53661976 60804.54737902 44
NOAA-18              60804.60674706 60804.61658747 24
NOAA-18              60804.94430345 60804.95153033 8
NOAA-18              60805.01165517 60805.02247557 66
NOAA-18              60805.08278469 60805.09170209 14
NOAA-18              60805.52775224 60805.53826144 33
NOAA-18              60805.59768425 60805.60792370 30
NOAA-18              60805.93606040 60805.94223351 5
NOAA-18              60806.00281354 60806.01348484 50
NOAA-18              60806.07342350 60806.08297693 19
NOAA-18              60806.51892087 60806.52907445 25
NOAA-18              60806.58864644 60806.59919862 39
NOAA-18              60806.66032099 60806.66525449 3
NOAA-18              60806.92805691 60806.93279393 3
NOAA-18              60806.99402868 60807.00447106 38
NOAA-18              60807.06415393 60807.07419331 25
NOAA-18              60807.51013377 60807.51980954 19
NOAA-18              60807.57963173 60807.59041496 51
NOAA-18              60807.65086261 60807.65718837 6
NOAA-18              60807.98530043 60807.99543349 30
NOAA-18              60808.05496206 60808.06536407 33
NOAA-18              60808.50140345 60808.51045310 14
NOAA-18              60808.57063935 60808.58157476 67
NOAA-18              60808.64157015 60808.64894031 8
NOAA-18              60808.97663252 60808.98637012 23
NOAA-18              60809.04583889 60809.05649756 44
NOAA-18              60809.49275003 60809.50098361 10
NOAA-18              60809.56166912 60809.57267863 86
NOAA-18              60809.63235675 60809.64057087 11
NOAA-18              60809.96802974 60809.97727769 18
NOAA-18              60810.03677846 60810.04759938 58
NOAA-18              60810.10985355 60810.11563125 4
NOAA-18              60810.48421024 60810.49136189 7
NOAA-18              60810.55272210 60810.56372628 72
NOAA-18              60810.62319705 60810.63210650 15
NOAA-18              60810.95949895 60810.96815057 14
NOAA-18              60811.02777687 60811.03867341 77
NOAA-18              60811.10004010 60811.10725405 7
NOAA-18              60811.47587375 60811.48150233 4
NOAA-18              60811.54380008 60811.55471637 55
NOAA-18              60811.61407753 60811.62356199 19
NOAA-18              60811.95105042 60811.95897988 10
NOAA-18              60812.01883173 60812.02972222 82
NOAA-18              60812.09044527 60812.09869572 11
NOAA-18              60812.53490348 60812.54564628 41
NOAA-18              60812.60499025 60812.61494655 25
NOAA-18              60812.94270151 60812.94974994 7
NOAA-18              60813.00994200 60813.02074737 63
NOAA-18              60813.08096132 60813.09003114 15
NOAA-18              60813.52603993 60813.53651174 32
NOAA-18              60813.59593035 60813.60626632 32
NOAA-18              60813.93448337 60813.94043020 5
NOAA-18              60814.00110733 60814.01174958 48
NOAA-18              60814.07161640 60814.08129020 20
NOAA-18              60814.51721383 60814.52730662 24
NOAA-18              60814.58689491 60814.59752547 41
NOAA-18              60814.65846120 60814.66375064 4
NOAA-18              60814.92652656 60814.93094709 2
NOAA-18              60814.99233005 60815.00272872 36
NOAA-18              60815.06235967 60815.07249384 27
NOAA-18              60815.50843405 60815.51802120 18
NOAA-18              60815.57788227 60815.58872663 54
NOAA-18              60815.64903855 60815.65563315 6
NOAA-18              60815.98360967 60815.99368378 28
NOAA-18              60816.05317854 60816.06365382 35
NOAA-18              60816.49971420 60816.50864083 14
NOAA-18              60816.56889185 60816.57987134 71
NOAA-18              60816.63976470 60816.64735194 9
NOAA-18              60816.97495048 60816.98461260 22
NOAA-18              60817.04406472 60817.05477791 46
NOAA-18              60817.49107665 60817.49914143 10
NOAA-18              60817.55992372 60817.57096012 88
NOAA-18              60817.63056243 60817.63895688 12
NOAA-18              60817.96635753 60817.97551159 17
NOAA-18              60818.03501272 60818.04587124 62
NOAA-18              60818.10789648 60818.11403851 5
NOAA-18              60818.48256354 60818.48947853 6
NOAA-18              60818.55097900 60818.56199248 68
NOAA-18              60818.62141004 60818.63047078 16
NOAA-18              60818.95783830 60818.96637453 13
NOAA-18              60819.02601900 60819.03693740 81
NOAA-18              60819.09813574 60819.10561010 8
NOAA-18              60819.47428223 60819.47954830 3
NOAA-18              60819.54205984 60819.55296681 52
NOAA-18              60819.61229563 60819.62190707 21
NOAA-18              60819.94940392 60819.95719178 10
NOAA-18              60820.01708143 60820.02797875 78
NOAA-18              60820.08854058 60820.09702441 12
NOAA-18              60820.53316659 60820.54388021 39
NOAA-19              60802.89344154 60802.89988265 6
NOAA-19              60802.96026102 60802.97107177 51
NOAA-19              60803.03088256 60803.04055485 19
NOAA-19              60803.47655349 60803.48672063 25
NOAA-19              60803.54626806 60803.55685784 39
NOAA-19              60803.61788593 60803.62297916 3
NOAA-19              60803.88554920 60803.89065354 3
NOAA-19              60803.95163328 60803.96222659 40
NOAA-19              60804.02177859 60804.03193461 25
NOAA-19              60804.46793153 60804.47761840 19
NOAA-19              60804.53742198 60804.54822932 51
NOAA-19              60804.60862050 60804.61503943 6
NOAA-19              60804.94305993 60804.95335835 31
NOAA-19              60805.01275014 60805.02326973 33
NOAA-19              60805.45936519 60805.46842662 14
NOAA-19              60805.52859719 60805.53954573 67
NOAA-19              60805.59950853 60805.60693134 8
NOAA-19              60805.93454471 60805.94446563 24
NOAA-19              60806.00378857 60806.01456840 43
NOAA-19              60806.45087337 60806.45912449 10
NOAA-19              60806.51979354 60806.53080767 85
NOAA-19              60806.59046972 60806.59870819 11
NOAA-19              60806.92609171 60806.93554542 19
NOAA-19              60806.99488810 60807.00583592 57
NOAA-19              60807.06800012 60807.07384557 4
NOAA-19              60807.44249206 60807.44967425 7
NOAA-19              60807.51101218 60807.52201482 73
NOAA-19              60807.58148133 60807.59039390 15
NOAA-19              60807.91770709 60807.92659298 15
NOAA-19              60807.98604490 60807.99707610 75
NOAA-19              60808.05835251 60808.06563047 7
NOAA-19              60808.43430670 60808.43999455 4
NOAA-19              60808.50225483 60808.51316585 55
NOAA-19              60808.57253095 60808.58200218 19
NOAA-19              60808.90939961 60808.91760073 11
NOAA-19              60808.97725660 60808.98829151 85
NOAA-19              60809.04888969 60809.05723890 11
NOAA-19              60809.49352196 60809.50425825 42
NOAA-19              60809.56361123 60809.57354158 25
NOAA-19              60809.90118370 60809.90855579 8
NOAA-19              60809.96852202 60809.97948375 65
NOAA-19              60810.03959657 60810.04873745 15
NOAA-19              60810.48482080 60810.49528795 32
NOAA-19              60810.55471763 60810.56501790 31
NOAA-19              60810.89308443 60810.89943420 5
NOAA-19              60810.95984096 60810.97065362 50
NOAA-19              60811.03041040 60811.04016198 20
NOAA-19              60811.47615571 60811.48624909 25
NOAA-19              60811.54584738 60811.55643525 40
NOAA-19              60811.61742633 60811.62262878 3
NOAA-19              60811.88520972 60811.89018401 3
NOAA-19              60811.95121530 60811.96180118 39
NOAA-19              60812.02131122 60812.03153144 26
NOAA-19              60812.46753502 60812.47713249 19
NOAA-19              60812.53699895 60812.54779590 53
NOAA-19              60812.60816934 60812.61466592 6
NOAA-19              60812.94264434 60812.95292547 30
NOAA-19              60813.01228646 60813.02285744 34
NOAA-19              60813.45897166 60813.46792432 14
NOAA-19              60813.52817177 60813.53910154 69
NOAA-19              60813.59906027 60813.60654085 9
NOAA-19              60813.93413196 60813.94402505 24
NOAA-19              60814.00332789 60814.01414736 45
NOAA-19              60814.45048649 60814.45860218 10
NOAA-19              60814.51936599 60814.53035267 87
NOAA-19              60814.59002183 60814.59830333 12
NOAA-19              60814.92568236 60814.93509665 19
NOAA-19              60814.99442996 60815.00540673 59
NOAA-19              60815.06744167 60815.07348912 4
NOAA-19              60815.44211808 60815.44912522 6
NOAA-19              60815.51058240 60815.52154886 71
NOAA-19              60815.58103250 60815.58997607 15
NOAA-19              60815.91730203 60815.92613530 14
NOAA-19              60815.98558903 60815.99663907 77
NOAA-19              60816.05782044 60816.06524246 8
NOAA-19              60816.43396237 60816.43940151 3
NOAA-19              60816.50182328 60816.51268865 54
NOAA-19              60816.57208041 60816.58157228 20
NOAA-19              60816.90900016 60816.91713300 11
NOAA-19              60816.97680290 60816.98784681 83
NOAA-19              60817.04837164 60817.05683124 11
NOAA-19              60817.49308889 60817.50376938 41
NOAA-19              60817.56315852 60817.57310019 25
NOAA-19              60817.90079209 60817.90807602 8
NOAA-19              60817.96807046 60817.97903145 64
NOAA-19              60818.03908765 60818.04831516 15
NOAA-19              60818.48438691 60818.49478680 31
NOAA-19              60818.55426246 60818.56456541 32
NOAA-19              60818.89270432 60818.89893853 5
NOAA-19              60818.95939165 60818.97019370 49
NOAA-19              60819.02990794 60819.03972772 21
NOAA-19              60819.47572185 60819.48573462 24
NOAA-19              60819.54538961 60819.55597191 41
NOAA-19              60819.61693140 60819.62223668 4
NOAA-19              60819.88485133 60819.88966267 3
NOAA-19              60819.95076843 60819.96133357 38
NOAA-19              60820.02081358 60820.03108680 27
NOAA-19              60820.46710257 60820.47660330 18
NOAA-19              60820.53653851 60820.54732184 54
METOA                60802.61673515 60802.62468247 28
METOA                60803.00631755 60803.01373281 15
METOA                60803.07264456 60803.08122581 38
METOA                60803.56759084 60803.57594251 37
METOA                60803.63512180 60803.64223602 15
METOA                60804.02387323 60804.03210233 28
METOA                60804.09119430 60804.09907099 19
METOA                60804.52000453 60804.52471007 4
METOA                60804.58560158 60804.59421162 79
METOA                60804.65371264 60804.65942311 7
METOA                60804.97753521 60804.98164909 3
METOA                60805.04169912 60805.05033020 57
METOA                60805.11012828 60805.11666465 9
METOA                60805.53721764 60805.54412629 11
METOA                60805.60373734 60805.61222084 47
METOA                60805.99425825 60806.00052889 9
METOA                60806.05977281 60806.06843127 65
METOA                60806.12979807 60806.13366225 2
METOA                60806.55488467 60806.56294514 23
METOA                60806.62203102 60806.62996819 24
METOA                60807.01154975 60807.01903829 17
METOA                60807.07814776 60807.08639668 31
METOA                60807.57277032 60807.58141071 46
METOA                60807.64043496 60807.64742809 13
METOA                60808.02916209 60808.03736077 33
METOA                60808.09678079 60808.10417366 15
METOA                60808.52485392 60808.53058521 6
METOA                60808.59080372 60808.59959778 80
METOA                60808.65907337 60808.66449960 6
METOA                60808.98244708 60808.98708437 4
METOA                60809.04703746 60809.05554544 69
METOA                60809.11585154 60809.12163402 7
METOA                60809.54224956 60809.54975707 14
METOA                60809.60899747 60809.61753401 40
METOA                60809.99936185 60810.00584322 10
METOA                60810.06520642 60810.07360355 53
METOA                60810.55998281 60810.56845072 28
METOA                60810.62726574 60810.63519961 21
METOA                60811.01672519 60811.02429275 20
METOA                60811.08359629 60811.09150939 25
METOA                60811.57790425 60811.58682431 57
METOA                60811.64569312 60811.65257098 11
METOA                60812.03439184 60812.04256949 39
METOA                60812.10231486 60812.10920366 12
METOA                60812.52973617 60812.53632477 8
METOA                60812.59595601 60812.60493204 68
METOA                60812.66438497 60812.66952076 5
METOA                60812.98737879 60812.99245267 5
METOA                60813.05231613 60813.06071119 83
METOA                60813.12156009 60813.12649363 5
METOA                60813.54725621 60813.55531149 18
METOA                60813.61416538 60813.62279279 34
METOA                60814.00441033 60814.01110843 12
METOA                60814.07053515 60814.07872242 42
METOA                60814.56504246 60814.57389351 34
METOA                60814.63244971 60814.64037972 19
METOA                60815.02184084 60815.02950120 23
METOA                60815.08898741 60815.09656874 20
METOA                60815.51746808 60815.52251870 4
METOA                60815.58299263 60815.59218008 69
METOA                60815.65090194 60815.65766094 10
METOA                60816.03955989 60816.04773345 47
METOA                60816.10780173 60816.11417019 10
METOA                60816.53462644 60816.54195465 11
METOA                60816.60106323 60816.61021050 58
METOA                60816.66965504 60816.67448091 4
METOA                60816.99226723 60816.99776364 6
METOA                60817.05753208 60817.06583235 77
METOA                60817.12728534 60817.13122577 3
METOA                60817.55223771 60817.56079059 22
METOA                60817.61928215 60817.62798962 30
METOA                60818.00940125 60818.01632927 14
METOA                60818.07580158 60818.08379585 34
METOA                60818.57006757 60818.57927108 42
METOA                60818.63758838 60818.64550429 17
METOA                60819.02689524 60819.03466838 27
METOA                60819.09431921 60819.10157957 17
METOA                60819.52216966 60819.52829930 6
METOA                60819.58804253 60819.59747446 80
METOA                60819.65606761 60819.66269302 9
METOA                60819.98049813 60819.98411538 2
METOA                60820.04466456 60820.05285690 58
METOA                60820.11324247 60820.11907506 7
METOA                60820.53951411 60820.54748625 14
METOA                60820.60613023 60820.61542912 49
METOA                60820.67489408 60820.67937100 3
METOA                60820.99710874 60821.00302361 8
METOA                60821.06272656 60821.07091607 62
METOA                60821.55719509 60821.56619344 27
METOA                60821.62436387 60821.63313357 27
METOA                60822.01433409 60822.02150931 17
METOA                60822.08100464 60822.08882807 28
METOA                60822.51012175 60822.51409861 2
METOA                60822.57506304 60822.58457976 51
METOA                60822.64265224 60822.65057091 15
METOA                60823.03188775 60823.03979729 32
METOA                60823.09959139 60823.10654543 14
METOA                60823.52692388 60823.53392421 9
METOA                60823.59305774 60823.60270321 79
METOB                60802.91615963 60802.92611182 28
METOB                60802.98539341 60802.99571051 34
METOB                60803.42956671 60803.43809526 12
METOB                60803.49832469 60803.50905280 73
METOB                60803.56883194 60803.57624144 9
METOB                60803.90228075 60803.91152525 19
METOB                60803.97078251 60803.98144176 54
METOB                60804.04373446 60804.04892379 3
METOB                60804.41579622 60804.42270923 7
METOB                60804.48393872 60804.49469553 73
METOB                60804.55407455 60804.56269625 14
METOB                60804.88858670 60804.89684985 12
METOB                60804.95632698 60804.96709869 84
METOB                60805.02797261 60805.03546852 8
METOB                60805.46961898 60805.48019001 46
METOB                60805.53943084 60805.54893670 22
METOB                60805.87512753 60805.88204132 7
METOB                60805.94201716 60805.95269179 63
METOB                60806.01268507 60806.02160357 15
METOB                60806.45537514 60806.46552325 29
METOB                60806.52486726 60806.53500168 32
METOB                60806.86208867 60806.86697369 3
METOB                60806.92785235 60806.93822496 40
METOB                60806.99771567 60807.00753684 23
METOB                60807.44123726 60807.45066876 19
METOB                60807.51036897 60807.52091101 50
METOB                60807.58132540 60807.58729154 5
METOB                60807.91383581 60807.92369618 27
METOB                60807.98295618 60807.99334463 37
METOB                60808.42725249 60808.43557362 11
METOB                60808.49593050 60808.50667396 78
METOB                60808.56637470 60808.57399525 9
METOB                60808.89998200 60808.90909610 18
METOB                60808.96836900 60808.97906187 58
METOB                60809.04107319 60809.04672542 4
METOB                60809.41353612 60809.42011511 6
METOB                60809.48155276 60809.49229269 68
METOB                60809.55163687 60809.56041160 15
METOB                60809.88631892 60809.89440246 11
METOB                60809.95393508 60809.96470692 89
METOB                60810.02541902 60810.03317499 9
METOB                60810.46724072 60810.47776182 43
METOB                60810.53700558 60810.54662159 23
METOB                60810.87290271 60810.87956439 6
METOB                60810.93964615 60810.95028914 59
METOB                60811.01018252 60811.01926961 16
METOB                60811.45301157 60811.46306652 27
METOB                60811.52245130 60811.53266006 35
METOB                60811.85994930 60811.86442637 3
METOB                60811.92550270 60811.93581149 38
METOB                60811.99524806 60812.00517840 25
METOB                60812.43889198 60812.44817755 17
METOB                60812.50796093 60812.51854474 53
METOB                60812.57879649 60812.58508834 6
METOB                60812.91150889 60812.92127098 25
METOB                60812.98051579 60812.99096888 39
METOB                60813.42493717 60813.43303532 10
METOB                60813.49353025 60813.50428393 83
METOB                60813.56391382 60813.57173515 10
METOB                60813.89768123 60813.90665664 17
METOB                60813.96595196 60813.97667251 62
METOB                60814.03842994 60814.04449634 5
METOB                60814.41128340 60814.41749543 5
METOB                60814.47916099 60814.48987846 63
METOB                60814.54919401 60814.55811461 16
METOB                60814.88405031 60814.89194368 11
METOB                60814.95153955 60814.96230586 85
METOB                60815.02286803 60815.03086585 10
METOB                60815.46485889 60815.47532164 40
METOB                60815.53457450 60815.54429488 25
METOB                60815.87068066 60815.87707274 6
METOB                60815.93727159 60815.94787721 55
METOB                60816.00767911 60816.01692357 17
METOB                60816.45064315 60816.46059721 26
METOB                60816.52002922 60816.53030708 37
METOB                60816.59149972 60816.59583978 2
METOB                60816.85782961 60816.86184746 2
METOB                60816.92314959 60816.93338855 35
METOB                60816.99277795 60817.00280945 27
METOB                60817.43654319 60817.44567229 16
METOB                60817.50554687 60817.51616741 57
METOB                60817.57630077 60817.58286495 6
METOB                60817.90917912 60817.91883606 23
METOB                60817.97807219 60817.98858326 42
METOB                60818.42262139 60818.43047971 9
METOB                60818.49112388 60818.50188273 87
METOB                60818.56144886 60818.56946140 11
METOB                60818.89537835 60818.90420699 16
METOB                60818.96353140 60818.97427366 67
METOB                60819.03580010 60819.04224112 6
METOB                60819.40904112 60819.41484700 4
METOB                60819.47676330 60819.48745285 59
METOB                60819.54674575 60819.55580547 17
METOB                60819.88178127 60819.88947315 10
METOB                60819.94914041 60819.95989545 80
METOB                60820.02031883 60820.02854211 11
METOB                60820.46247156 60820.47286980 37
METOB                60820.53213744 60820.54195671 26
METOB                60820.86846226 60820.87456525 5
