iss                  60803.36721281 60803.37124368 3
iss                  60803.43273259 60803.44021345 76
iss                  60803.91999374 60803.92559387 8
iss                  60803.98612223 60803.99344035 32
iss                  60804.39899451 60804.40634108 40
iss                  60804.46706439 60804.47216252 6
iss                  60804.95218947 60804.95972786 84
iss                  60805.02146302 60805.02491727 2
iss                  60805.36540099 60805.37219668 18
iss                  60805.43254390 60805.43910071 15
iss                  60805.91847144 60805.92580165 36
iss                  60805.98640903 60805.99208011 8
iss                  60806.33204526 60806.33770951 8
iss                  60806.39836963 60806.40563804 34
iss                  60806.88499272 60806.89162041 16
iss                  60806.95190709 60806.95872530 17
iss                  60807.29914539 60807.30261858 2
iss                  60807.36441033 60807.37189283 89
iss                  60807.85180615 60807.85705426 7
iss                  60807.91770485 60807.92510478 38
iss                  60808.33062501 60808.33788911 34
iss                  60808.39847596 60808.40393902 7
iss                  60808.88373378 60808.89126986 80
iss                  60808.95267052 60808.95673651 3
iss                  60809.29698691 60809.30360205 15
iss                  60809.36395921 60809.37070091 17
iss                  60809.84998056 60809.85721522 30
iss                  60809.91769198 60809.92366325 10
iss                  60810.26361341 60810.26894214 7
iss                  60810.32975230 60810.33709687 41
iss                  60810.81648210 60810.82288695 14
iss                  60810.88317971 60810.89016478 20
iss                  60811.29574946 60811.30321754 73
iss                  60811.36464759 60811.36812109 2
iss                  60811.78332373 60811.78811591 5
iss                  60811.84894829 60811.85641666 47
iss                  60812.26191980 60812.26907628 28
iss                  60812.32954972 60812.33536107 9
iss                  60812.81494361 60812.82245504 64
iss                  60812.88356088 60812.88817403 4
iss                  60813.22824376 60813.23463723 13
iss                  60813.29503279 60813.30195070 21
iss                  60813.78116198 60813.78826492 25
iss                  60813.84863545 60813.85489347 11
iss                  60814.19487144 60814.19978245 5
iss                  60814.26079452 60814.26820276 51
iss                  60814.74761071 60814.75377529 11
iss                  60814.81411268 60814.82125208 24
iss                  60815.22675112 60815.23418475 57
iss                  60815.29527344 60815.29948223 4
iss                  60815.71456985 60815.71875528 4
iss                  60815.77985569 60815.78737371 59
iss                  60816.19288179 60816.19989905 23
iss                  60816.26028762 60816.26642693 11
iss                  60816.74582232 60816.75328054 50
iss                  60816.81412978 60816.81923805 6
iss                  60817.15917669 60817.16529588 11
iss                  60817.22576678 60817.23284738 25
iss                  60817.71202051 60817.71894660 21
iss                  60817.77924232 60817.78576877 14
iss                  60818.12583453 60818.13021334 4
iss                  60818.19149853 60818.19895288 66
iss                  60818.67847435 60818.68427832 9
iss                  60818.74471007 60818.75198489 29
iss                  60819.15741764 60819.16479111 45
iss                  60819.22560408 60819.23043982 5
iss                  60819.64559318 60819.64892331 2
iss                  60819.71043019 60819.71797344 77
iss                  60820.12348653 60820.13035220 19
iss                  60820.19069101 60820.19713447 14
iss                  60820.67637386 60820.68374302 39
iss                  60820.74437564 60820.74993296 7
iss                  60821.08979202 60821.09556988 9
iss                  60821.15616375 60821.16338809 32
iss                  60821.64256211 60821.64925471 17
iss                  60821.70951574 60821.71628761 17
iss                  60822.05653193 60822.06020351 3
iss                  60822.12186676 60822.12934405 86
iss                  60822.60904528 60822.61438161 7
iss                  60822.67497464 60822.68236138 37
iss                  60823.08775185 60823.09503270 35
iss                  60823.15562752 60823.16101006 7
iss                  60823.64067553 60823.64821308 82
iss                  60823.70962548 60823.71362985 3
iss                  60824.05379060 60824.06043102 16
iss                  60824.12076336 60824.12748166 17
iss                  60824.60660280 60824.61383862 30
iss                  60824.67429843 60824.68026082 9
iss                  60825.02009949 60825.02544763 7
iss                  60825.08622628 60825.09356962 41
iss                  60825.57279458 60825.57918192 13
iss                  60825.63945860 60825.64644841 20
iss                  60826.05190189 60826.05937265 72
iss                  60826.12075517 60826.12428016 2
iss                  60826.53934607 60826.54406223 5
iss                  60826.60490957 60826.61237903 48
iss                  60827.01775745 60827.02490496 27
iss                  60827.08533772 60827.09120034 9
iss                  60827.57059554 60827.57808943 61
AO-07                60803.35608009 60803.35812892 3
AO-07                60803.42351942 60803.43889300 89
AO-07                60803.50373797 60803.51405705 10
AO-07                60803.86876523 60803.88300632 31
AO-07                60803.94659866 60803.96127433 37
AO-07                60804.38251158 60804.39675960 32
AO-07                60804.46052316 60804.47492538 36
AO-07                60804.82998581 60804.83954979 8
AO-07                60804.90464114 60804.92012102 79
AO-07                60804.98493695 60804.99625010 12
AO-07                60805.34340574 60805.35269041 7
AO-07                60805.41859033 60805.43395864 82
AO-07                60805.49848744 60805.50957506 12
AO-07                60805.86403482 60805.87793847 27
AO-07                60805.94154506 60805.95645421 42
AO-07                60806.37773746 60806.39165441 28
AO-07                60806.45548925 60806.47013962 41
AO-07                60806.82566824 60806.83417049 6
AO-07                60806.89974857 60806.91516551 70
AO-07                60806.97964900 60806.99166683 15
AO-07                60807.33908335 60807.34713911 5
AO-07                60807.41367859 60807.42900571 72
AO-07                60807.49328076 60807.50503598 14
AO-07                60807.85933398 60807.87285091 24
AO-07                60807.93651328 60807.95161388 48
AO-07                60808.37299031 60808.38652236 24
AO-07                60808.45047124 60808.46533093 47
AO-07                60808.82154986 60808.82867812 4
AO-07                60808.89487823 60808.91019561 62
AO-07                60808.97440967 60808.98703332 17
AO-07                60809.33495421 60809.34140300 3
AO-07                60809.40878253 60809.42403410 64
AO-07                60809.48810959 60809.50044897 17
AO-07                60809.85466522 60809.86774121 21
AO-07                60809.93150230 60809.94675491 55
AO-07                60810.36827366 60810.38136017 21
AO-07                60810.44546845 60810.46050028 53
AO-07                60810.81758908 60810.82298173 2
AO-07                60810.89002590 60810.90521122 54
AO-07                60810.96921105 60810.98235798 20
AO-07                60811.40390286 60811.41904354 56
AO-07                60811.48296817 60811.49582067 20
AO-07                60811.85003274 60811.86260674 18
AO-07                60811.92651137 60811.94187850 63
AO-07                60812.00924350 60812.01559899 3
AO-07                60812.36359205 60812.37616402 17
AO-07                60812.44048042 60812.45564881 61
AO-07                60812.52215733 60812.52887694 3
AO-07                60812.88519477 60812.90021207 48
AO-07                60812.96404746 60812.97764696 24
AO-07                60813.39903952 60813.41403351 49
AO-07                60813.47785234 60813.49115592 23
AO-07                60813.84544097 60813.85744360 15
AO-07                60813.92153997 60813.93698558 71
AO-07                60814.00348722 60814.01149335 5
AO-07                60814.35895210 60814.37092841 15
AO-07                60814.43550688 60814.45077732 69
AO-07                60814.51662176 60814.52472778 5
AO-07                60814.88038581 60814.89519782 42
AO-07                60814.95891474 60814.97290477 27
AO-07                60815.39419494 60815.40900338 43
AO-07                60815.47275902 60815.48645891 27
AO-07                60815.84089596 60815.85224644 13
AO-07                60815.91658778 60815.93207693 80
AO-07                60815.99792536 60816.00719279 7
AO-07                60816.35436095 60816.36564569 12
AO-07                60816.43054762 60816.44588646 78
AO-07                60816.51121641 60816.52043393 7
AO-07                60816.87560028 60816.89016774 37
AO-07                60816.95380972 60816.96813519 31
AO-07                60817.38937016 60817.40395210 37
AO-07                60817.46768591 60817.48173227 31
AO-07                60817.83640609 60817.84700760 10
AO-07                60817.91165465 60817.92715312 90
AO-07                60817.99248194 60818.00277144 9
AO-07                60818.34983071 60818.36030471 10
AO-07                60818.42560306 60818.44097666 87
AO-07                60818.50589494 60818.51604156 9
AO-07                60818.87083340 60818.88512097 32
AO-07                60818.94872998 60818.96334108 36
AO-07                60819.38456705 60819.39887838 33
AO-07                60819.46263125 60819.47697865 35
AO-07                60819.83198401 60819.84171556 8
AO-07                60819.90674083 60819.92221456 81
AO-07                60819.98712160 60819.99826447 11
AO-07                60820.34537965 60820.35488823 7
AO-07                60820.42067292 60820.43604821 83
AO-07                60820.50063362 60820.51157499 12
AO-07                60820.86609928 60820.88005633 28
AO-07                60820.94367368 60820.95852466 41
AO-07                60821.37978751 60821.39378055 28
AO-07                60821.45759372 60821.47220009 40
AO-07                60821.82764851 60821.83635213 6
AO-07                60821.90184613 60821.91726152 72
AO-07                60821.98182434 60821.99369225 14
AO-07                60822.34102921 60822.34936678 5
AO-07                60822.41575783 60822.43110122 74
AO-07                60822.49541843 60822.50704876 14
AO-07                60822.86139417 60822.87497229 25
LO-19                60803.38786206 60803.39683322 18
LO-19                60803.45623414 60803.46595745 29
LO-19                60803.91412942 60803.92443511 76
LO-19                60803.98530011 60803.99098434 5
LO-19                60804.36645467 60804.37256958 5
LO-19                60804.43316361 60804.44354991 73
LO-19                60804.89169353 60804.90138428 30
LO-19                60804.96091033 60804.96969995 17
LO-19                60805.41048525 60805.42066340 44
LO-19                60805.48023504 60805.48817075 11
LO-19                60805.86986420 60805.87784587 12
LO-19                60805.93746614 60805.94751932 42
LO-19                60806.38826824 60806.39726015 18
LO-19                60806.45666618 60806.46638088 29
LO-19                60806.91455003 60806.92486450 76
LO-19                60806.98572445 60806.99140960 5
LO-19                60807.36688065 60807.37299699 5
LO-19                60807.43359344 60807.44397309 73
LO-19                60807.89211149 60807.90181385 30
LO-19                60807.96133159 60807.97012611 17
LO-19                60808.41091307 60808.42108603 44
LO-19                60808.48066677 60808.48858899 11
LO-19                60808.87027847 60808.87827656 12
LO-19                60808.93788506 60808.94794552 42
LO-19                60809.38869398 60809.39768228 18
LO-19                60809.45709474 60809.46679980 29
LO-19                60809.91496651 60809.92529058 76
LO-19                60809.98614417 60809.99183220 5
LO-19                60810.36730373 60810.37341913 5
LO-19                60810.43401977 60810.44439170 72
LO-19                60810.89252562 60810.90224001 30
LO-19                60810.96174870 60810.97054916 17
LO-19                60811.41133743 60811.42150402 44
LO-19                60811.48109493 60811.48900278 11
LO-19                60811.87068910 60811.87870373 12
LO-19                60811.93830000 60811.94836844 42
LO-19                60812.38911634 60812.39809964 18
LO-19                60812.45751972 60812.46721425 29
LO-19                60812.91537932 60812.92571327 77
LO-19                60812.98655947 60812.99225199 5
LO-19                60813.36772378 60813.37383612 5
LO-19                60813.43444251 60813.44480580 72
LO-19                60813.89293607 60813.90266267 30
LO-19                60813.96216178 60813.97096899 17
LO-19                60814.41175820 60814.42191744 45
LO-19                60814.48151940 60814.48941219 11
LO-19                60814.87109623 60814.87912727 12
LO-19                60814.93871110 60814.94878797 42
LO-19                60815.38953519 60815.39851232 18
LO-19                60815.45794097 60815.46762430 29
LO-19                60815.91578842 60815.92613246 77
LO-19                60815.98697053 60815.99266882 5
LO-19                60816.36814061 60816.37424807 5
LO-19                60816.43486152 60816.44521548 72
LO-19                60816.89334294 60816.90308172 30
LO-19                60816.96257097 60816.97138550 17
LO-19                60817.41217527 60817.42232637 45
LO-19                60817.48194004 60817.48981732 11
LO-19                60817.87149998 60817.87954704 12
LO-19                60817.93911848 60817.94920402 42
LO-19                60818.38995040 60818.39892042 18
LO-19                60818.45835838 60818.46803004 28
LO-19                60818.91619393 60818.92654803 77
LO-19                60818.98737755 60818.99308252 5
LO-19                60819.36855406 60819.37465513 5
LO-19                60819.43527669 60819.44562080 72
LO-19                60819.89374637 60819.90349704 30
LO-19                60819.96297641 60819.97179854 17
LO-19                60820.41258850 60820.42273091 45
LO-19                60820.48235671 60820.49021825 11
LO-19                60820.87190050 60820.87996290 12
LO-19                60820.93952224 60820.94961646 42
LO-19                60821.39036183 60821.39932405 18
LO-19                60821.45877182 60821.46843155 28
LO-19                60821.91659595 60821.92695988 77
LO-19                60821.98778069 60821.99349290 5
LO-19                60822.36896396 60822.37505747 5
LO-19                60822.43568789 60822.44602188 72
LO-19                60822.89414645 60822.90390850 30
LO-19                60822.96337823 60822.97220800 17
LO-19                60823.41299779 60823.42313117 45
LO-19                60823.48276925 60823.49061505 11
LO-19                60823.87229789 60823.88037471 12
LO-19                60823.93992251 60823.95002518 42
LO-19                60824.39076935 60824.39972332 18
LO-19                60824.45918117 60824.46882896 28
LO-19                60824.91699460 60824.92736788 77
LO-19                60824.98818014 60824.99389979 5
LO-19                60825.36937014 60825.37545525 5
LO-19                60825.43609501 60825.44641882 72
LO-19                60825.89454330 60825.90431598 30
LO-19                60825.96377654 60825.97261374 17
LO-19                60826.41340301 60826.42352728 45
LO-19                60826.48317753 60826.49100799 11
LO-19                60826.87269226 60826.88078232 12
LO-19                60826.94031938 60826.95043004 42
LO-19                60827.39117285 60827.40011838 18
LO-19                60827.45958629 60827.46922238 28
LO-19                60827.91738996 60827.92777191 77
FO-29                60803.58817697 60803.59864316 28
FO-29                60803.66116891 60803.67130241 21
FO-29                60804.06460863 60804.07405254 10
FO-29                60804.13573035 60804.14875448 69
FO-29                60804.21145342 60804.21772038 4
FO-29                60804.55241553 60804.55836284 4
FO-29                60804.62224588 60804.63358077 74
FO-29                60804.69855417 60804.70327230 2
FO-29                60805.09769649 60805.11026613 35
FO-29                60805.17086321 60805.18252619 25
FO-29                60805.58464480 60805.59477563 24
FO-29                60805.65742853 60805.66761263 23
FO-29                60806.06105408 60806.07024276 9
FO-29                60806.13195135 60806.14518249 74
FO-29                60806.20730604 60806.21458033 6
FO-29                60806.54922113 60806.55418502 3
FO-29                60806.61860718 60806.62979820 76
FO-29                60806.69451239 60806.69987747 3
FO-29                60807.09400164 60807.10660001 33
FO-29                60807.16700504 60807.17905909 28
FO-29                60807.58111688 60807.59090027 21
FO-29                60807.65368924 60807.66391641 25
FO-29                60808.05752673 60808.06641153 8
FO-29                60808.12818387 60808.14160238 78
FO-29                60808.20323272 60808.21136931 7
FO-29                60808.61496830 60808.62601195 74
FO-29                60808.69051751 60808.69642941 4
FO-29                60809.09032026 60809.10292463 30
FO-29                60809.16316243 60809.17557891 31
FO-29                60809.57759336 60809.58701703 19
FO-29                60809.64995035 60809.66021488 28
FO-29                60810.05403057 60810.06255460 7
FO-29                60810.12442835 60810.13801348 78
FO-29                60810.19921282 60810.20810657 9
FO-29                60810.61132800 60810.62222273 68
FO-29                60810.68655514 60810.69294293 5
FO-29                60811.08665331 60811.09923885 28
FO-29                60811.15933500 60811.17208563 34
FO-29                60811.57407521 60811.58312551 16
FO-29                60811.64621130 60811.65650916 31
FO-29                60812.05057090 60812.05866638 6
FO-29                60812.12068525 60812.13441506 75
FO-29                60812.19523490 60812.20480335 10
FO-29                60812.60768645 60812.61843117 61
FO-29                60812.68261650 60812.68942775 6
FO-29                60813.08300173 60813.09554145 26
FO-29                60813.15552251 60813.16857947 38
FO-29                60813.57056373 60813.57922550 14
FO-29                60813.64247176 60813.65280001 34
FO-29                60814.04715525 60814.05473914 5
FO-29                60814.11695500 60814.13080639 71
FO-29                60814.19129171 60814.20146611 12
FO-29                60814.60404387 60814.61463795 54
FO-29                60814.67869569 60814.68589022 8
FO-29                60815.07936654 60815.09183115 24
FO-29                60815.15172478 60815.16505992 42
FO-29                60815.56705995 60815.57531606 12
FO-29                60815.63873116 60815.64908873 38
FO-29                60816.04379442 60816.05076176 4
FO-29                60816.11323811 60816.12718674 66
FO-29                60816.18737837 60816.19809945 14
FO-29                60816.60040031 60816.61084344 48
FO-29                60816.67478893 60816.68233506 9
FO-29                60817.07574883 60817.08810660 22
FO-29                60817.14794167 60817.16152693 46
FO-29                60817.56356601 60817.57139616 10
FO-29                60817.63498951 60817.64537595 43
FO-29                60818.04051015 60818.04671638 3
FO-29                60818.10953478 60818.12355538 62
FO-29                60818.18349145 60818.19470646 16
FO-29                60818.59675596 60818.60704827 42
FO-29                60818.67089314 60818.67876594 10
FO-29                60819.07214965 60819.08436634 20
FO-29                60819.14417311 60819.15798022 51
FO-29                60819.56008432 60819.56746401 9
FO-29                60819.63124668 60819.64166245 48
FO-29                60820.03732557 60820.04257006 2
FO-29                60820.10584574 60820.11991157 57
FO-29                60820.17962840 60820.19128910 18
FO-29                60820.59311109 60820.60325309 37
FO-29                60820.66700625 60820.67518544 12
FO-29                60821.06857044 60821.08060886 19
FO-29                60821.14041903 60821.15441949 55
FO-29                60821.21701418 60821.22218474 2
FO-29                60821.55661093 60821.56351725 7
FO-29                60821.62750266 60821.63794895 55
FO-29                60822.10217109 60822.11625459 53
FO-29                60822.17578729 60822.18784895 20
FO-29                60822.58946608 60822.59945799 33
FO-29                60822.66309509 60822.67159830 14
FO-29                60823.06501251 60823.07683242 17
FO-29                60823.13667933 60823.15084434 61
FO-29                60823.21278366 60823.21918434 3
FO-29                60823.55316459 60823.55955224 6
FO-29                60823.62375754 60823.63423608 62
FO-29                60824.09851171 60824.11258372 49
FO-29                60824.17196661 60824.18438713 22
FO-29                60824.58582142 60824.59566339 29
FO-29                60824.65922147 60824.66800198 15
SO-50                60803.35608009 60803.36024617 8
SO-50                60803.42156862 60803.43035699 32
SO-50                60803.85467619 60803.86433808 56
SO-50                60803.92546606 60803.93193724 7
SO-50                60804.36547796 60804.37416062 31
SO-50                60804.43550023 60804.44285491 12
SO-50                60804.79967497 60804.80671461 9
SO-50                60804.86783902 60804.87744067 50
SO-50                60805.37835671 60805.38749958 84
SO-50                60805.81195212 60805.82093981 24
SO-50                60805.88145263 60805.89001253 18
SO-50                60806.32314952 60806.33052900 13
SO-50                60806.39175416 60806.40040769 27
SO-50                60806.82476320 60806.83447254 66
SO-50                60806.89593055 60806.90173842 5
SO-50                60807.33550628 60807.34432470 36
SO-50                60807.40579360 60807.41280227 10
SO-50                60807.76959510 60807.77704100 10
SO-50                60807.83797840 60807.84749107 43
SO-50                60808.28163008 60808.28605164 3
SO-50                60808.34845483 60808.35758704 71
SO-50                60808.78196683 60808.79112686 28
SO-50                60808.85166777 60808.85996063 16
SO-50                60809.29306791 60809.30076067 15
SO-50                60809.36192562 60809.37042097 24
SO-50                60809.72804110 60809.73213203 2
SO-50                60809.79483213 60809.80456843 78
SO-50                60809.86635895 60809.87145642 4
SO-50                60810.30552074 60810.31445019 43
SO-50                60810.37608479 60810.38270136 8
SO-50                60810.73951155 60810.74731232 12
SO-50                60810.80810078 60810.81750286 37
SO-50                60811.25130795 60811.25649101 4
SO-50                60811.31853717 60811.32763835 59
SO-50                60811.75196574 60811.76127238 32
SO-50                60811.82187282 60811.82986380 14
SO-50                60812.26298038 60812.27094542 17
SO-50                60812.33208371 60812.34039643 20
SO-50                60812.69770181 60812.70265824 3
SO-50                60812.76488301 60812.77462612 88
SO-50                60812.83684694 60812.84106119 2
SO-50                60813.27552056 60813.28453758 51
SO-50                60813.34637798 60813.35254774 7
SO-50                60813.70942049 60813.71753266 14
SO-50                60813.77820655 60813.78747585 32
SO-50                60814.22106201 60814.22683369 6
SO-50                60814.28860487 60814.29765370 50
SO-50                60814.72194784 60814.73137736 37
SO-50                60814.79206978 60814.79972010 12
SO-50                60815.23288441 60815.24108560 20
SO-50                60815.30222928 60815.31033343 18
SO-50                60815.66741948 60815.67306638 5
SO-50                60815.73491539 60815.74464594 78
SO-50                60816.24550510 60816.25458775 61
SO-50                60816.31667941 60816.32233481 5
SO-50                60816.67931914 60816.68770493 17
SO-50                60816.74829599 60816.75740971 27
SO-50                60817.19080120 60817.19709568 8
SO-50                60817.25865546 60817.26763317 42
SO-50                60817.69191252 60817.70144266 43
SO-50                60817.76226157 60817.76952642 10
SO-50                60818.20277797 60818.21118331 24
SO-50                60818.27236319 60818.28023112 15
SO-50                60818.63716437 60818.64338694 6
SO-50                60818.70492955 60818.71462809 66
SO-50                60819.21547385 60819.22460129 73
SO-50                60819.28708456 60819.29205124 4
SO-50                60819.64920524 60819.65783145 19
SO-50                60819.71836986 60819.72730402 24
SO-50                60820.16055298 60820.16729301 9
SO-50                60820.22869021 60820.23757678 36
SO-50                60820.66185928 60820.67146898 50
SO-50                60820.73245207 60820.73927915 8
SO-50                60821.17265947 60821.18124016 28
SO-50                60821.24248664 60821.25008832 13
SO-50                60821.60692126 60821.61363537 8
SO-50                60821.67492532 60821.68457273 57
SO-50                60822.18542641 60822.19457867 85
SO-50                60822.25745448 60822.26167886 3
SO-50                60822.61907691 60822.62791400 22
SO-50                60822.68842883 60822.69715797 21
SO-50                60823.13030892 60823.13743348 11
SO-50                60823.19870924 60823.20748427 31
SO-50                60823.63178773 60823.64145694 58
SO-50                60823.70264632 60823.70897255 6
SO-50                60824.14252765 60824.15125743 32
SO-50                60824.21260116 60824.21990381 11
SO-50                60824.57669133 60824.58382387 9
SO-50                60824.64490407 60824.65447992 48
SO-50                60825.08892942 60825.09261139 2
SO-50                60825.15536245 60825.16452027 81
SO-50                60825.58893361 60825.59795438 25
SO-50                60825.65847378 60825.66697105 18
SO-50                60826.10006367 60826.10752245 13
SO-50                60826.16871298 60826.17735584 27
SO-50                60826.60169757 60826.61140702 68
SO-50                60826.67293000 60826.67859647 5
SO-50                60827.11238147 60827.12123641 38
SO-50                60827.18270877 60827.18967524 10
HO-68                60803.35608009 60803.35832352 4
HO-68                60803.69928093 60803.70564585 4
HO-68                60803.76986576 60803.78336857 68
HO-68                60803.84626858 60803.85641155 12
HO-68                60804.25997333 60804.27290308 36
HO-68                60804.33490874 60804.34709313 26
HO-68                60804.75824534 60804.77145986 48
HO-68                60804.83379660 60804.84526641 19
HO-68                60805.24850755 60805.26075755 25
HO-68                60805.32283220 60805.33570148 37
HO-68                60805.74674566 60805.75946166 34
HO-68                60805.82152785 60805.83391915 27
HO-68                60806.23719663 60806.24845276 17
HO-68                60806.31085395 60806.32417436 52
HO-68                60806.73538667 60806.74736166 24
HO-68                60806.80941081 60806.82242591 39
HO-68                60807.22610526 60807.23592876 11
HO-68                60807.29896388 60807.31252816 73
HO-68                60807.37640855 60807.38345470 5
HO-68                60807.72419423 60807.73513455 16
HO-68                60807.79741941 60807.81081714 56
HO-68                60808.21538452 60808.22304154 5
HO-68                60808.28715861 60808.30077187 82
HO-68                60808.36363974 60808.37293613 10
HO-68                60808.71324208 60808.72272815 10
HO-68                60808.78554091 60808.79911063 79
HO-68                60808.86346858 60808.87070010 5
HO-68                60809.27544130 60809.28890795 58
HO-68                60809.35120503 60809.36201989 15
HO-68                60809.70265987 60809.71001535 5
HO-68                60809.77377033 60809.78731589 76
HO-68                60809.85050430 60809.86005113 10
HO-68                60810.26381802 60810.27693264 41
HO-68                60810.33895919 60810.35085929 23
HO-68                60810.76211078 60810.77543635 54
HO-68                60810.83794063 60810.84899781 16
HO-68                60811.25230797 60811.26483413 29
HO-68                60811.32684500 60811.33951986 32
HO-68                60811.75056724 60811.76346951 38
HO-68                60811.82560934 60811.83771177 24
HO-68                60812.24093863 60812.25258888 20
HO-68                60812.31483494 60812.32803664 46
HO-68                60812.73915686 60812.75140639 27
HO-68                60812.81344361 60812.82626420 35
HO-68                60813.22976126 60813.24015035 13
HO-68                60813.30291550 60813.31642975 65
HO-68                60813.38081546 60813.38679677 3
HO-68                60813.72789982 60813.73922664 18
HO-68                60813.80141070 60813.81469271 49
HO-68                60814.21888291 60814.22741579 7
HO-68                60814.29108119 60814.30471052 89
HO-68                60814.36784930 60814.37649810 8
HO-68                60814.71685800 60814.72689010 12
HO-68                60814.78949400 60814.80301831 70
HO-68                60814.86798677 60814.87405477 3
HO-68                60815.20863794 60815.21405517 2
HO-68                60815.27933317 60815.29288353 66
HO-68                60815.35532600 60815.36569158 13
HO-68                60815.70612395 60815.71430585 7
HO-68                60815.77768606 60815.79125313 84
HO-68                60815.85478280 60815.86364519 8
HO-68                60816.26767611 60816.28094721 46
HO-68                60816.34302485 60816.35460442 20
HO-68                60816.69607508 60816.70117665 2
HO-68                60816.76598813 60816.77940260 61
HO-68                60816.84210961 60816.85270219 14
HO-68                60817.25612516 60817.26889283 32
HO-68                60817.33087002 60817.34332096 29
HO-68                60817.75440236 60817.76746643 43
HO-68                60817.82970828 60817.84148549 21
HO-68                60818.24470334 60818.25670172 23
HO-68                60818.31882663 60818.33188396 41
HO-68                60818.74294379 60818.75543776 30
HO-68                60818.81749011 60818.83008818 31
HO-68                60819.23345208 60819.24433722 15
HO-68                60819.30687737 60819.32031756 58
HO-68                60819.73163437 60819.74330103 21
HO-68                60819.80541370 60819.81855626 44
HO-68                60820.22245198 60820.23172290 9
HO-68                60820.29501419 60820.30863583 81
HO-68                60820.37210566 60820.38000526 6
HO-68                60820.72050642 60820.73102466 14
HO-68                60820.79345778 60820.80691542 62
HO-68                60821.21191008 60821.21865476 4
HO-68                60821.28323632 60821.29684547 74
HO-68                60821.35947220 60821.36933091 11
HO-68                60821.70964936 60821.71854131 8
HO-68                60821.78161265 60821.79518052 87
HO-68                60821.85911634 60821.86718198 6
HO-68                60822.27154705 60822.28494706 52
HO-68                60822.34710762 60822.35832625 18
HO-68                60822.69924873 60822.70566697 4
HO-68                60822.76987538 60822.78335905 68
HO-68                60822.84630757 60822.85637548 12
HO-68                60823.25995797 60823.27293466 37
HO-68                60823.33490833 60823.34710346 26
HO-68                60823.75825059 60823.77145267 48
HO-68                60823.83382643 60823.84523846 19
HO-68                60824.24848847 60824.26079324 26
AO-73                60803.76986376 60803.77766932 20
AO-73                60803.83589288 60803.84323136 15
AO-73                60804.26630142 60804.27275463 10
AO-73                60804.33149450 60804.33921654 25
AO-73                60804.76925919 60804.77700760 20
AO-73                60804.83523590 60804.84261402 15
AO-73                60805.26568532 60805.27207484 10
AO-73                60805.33082663 60805.33859184 26
AO-73                60805.76863896 60805.77632729 19
AO-73                60805.83456195 60805.84197915 16
AO-73                60806.26505379 60806.27137639 9
AO-73                60806.33014159 60806.33795028 27
AO-73                60806.76800310 60806.77562829 18
AO-73                60806.83387106 60806.84132675 16
AO-73                60807.26440697 60807.27065915 9
AO-73                60807.32943944 60807.33729180 28
AO-73                60807.76735167 60807.77491085 18
AO-73                60807.83316323 60807.84065662 17
AO-73                60808.26374502 60808.26992298 9
AO-73                60808.32867856 60808.33661330 29
AO-73                60808.76668472 60808.77417450 17
AO-73                60808.83243847 60808.83996912 17
AO-73                60809.26306810 60809.26916771 8
AO-73                60809.32794227 60809.33592087 30
AO-73                60809.76600256 60809.77341937 16
AO-73                60809.83169679 60809.83926405 18
AO-73                60810.26237640 60810.26839317 8
AO-73                60810.32718920 60810.33521136 31
AO-73                60810.76530477 60810.77264539 16
AO-73                60810.83093820 60810.83854140 19
AO-73                60811.26167013 60811.26759922 7
AO-73                60811.32641913 60811.33448473 33
AO-73                60811.76459167 60811.77185251 15
AO-73                60811.83016271 60811.83780116 19
AO-73                60812.26094951 60812.26678539 7
AO-73                60812.32563226 60812.33374092 34
AO-73                60812.76386334 60812.77104066 14
AO-73                60812.82937033 60812.83704333 20
AO-73                60813.26021479 60813.26595181 7
AO-73                60813.32482867 60813.33297986 36
AO-73                60813.76311985 60813.77020978 14
AO-73                60813.82856108 60813.83626793 21
AO-73                60814.25946623 60814.26509803 6
AO-73                60814.32400839 60814.33220150 37
AO-73                60814.76236133 60814.76935975 13
AO-73                60814.82773498 60814.83547488 21
AO-73                60815.25870416 60815.26422373 6
AO-73                60815.32317156 60815.33140578 39
AO-73                60815.76158787 60815.76849049 12
AO-73                60815.82689203 60815.83466421 22
AO-73                60816.25792893 60816.26332857 6
AO-73                60816.32231808 60816.33059263 41
AO-73                60816.76079960 60816.76760189 12
AO-73                60816.82603225 60816.83383590 23
AO-73                60817.25714094 60817.26241214 5
AO-73                60817.32144813 60817.32976199 43
AO-73                60817.75999666 60817.76669383 11
AO-73                60817.82515566 60817.83298997 24
AO-73                60818.25634065 60818.26147397 5
AO-73                60818.32056177 60818.32891379 45
AO-73                60818.75917921 60818.76576617 11
AO-73                60818.82426227 60818.83212638 25
AO-73                60819.25552862 60819.26051361 5
AO-73                60819.31965904 60819.32804798 48
AO-73                60819.75834741 60819.76481877 10
AO-73                60819.82335211 60819.83124515 26
AO-73                60820.25470538 60820.25953018 4
AO-73                60820.31874000 60820.32716449 50
AO-73                60820.75750128 60820.76385144 9
AO-73                60820.82242519 60820.83034626 27
AO-73                60821.25387191 60821.25852302 4
AO-73                60821.31780472 60821.32626324 53
AO-73                60821.75664141 60821.76286399 9
AO-73                60821.82148154 60821.82942969 29
AO-73                60822.25302909 60822.25749115 3
AO-73                60822.31685326 60822.32534418 56
AO-73                60822.75576784 60822.76185619 8
AO-73                60822.82047892 60822.82849240 30
AO-73                60823.25217812 60823.25643330 3
AO-73                60823.31588569 60823.32440723 60
AO-73                60823.75488085 60823.76082784 8
AO-73                60823.81950177 60823.82754051 32
AO-73                60824.25132073 60824.25534791 3
AO-73                60824.31490207 60824.32345232 63
AO-73                60824.75398080 60824.75977839 7
AO-73                60824.81850813 60824.82657093 33
AO-73                60825.25045868 60825.25423253 2
AO-73                60825.31390246 60825.32247938 67
AO-73                60825.75306804 60825.75870783 7
AO-73                60825.81749773 60825.82558364 35
AO-73                60826.31288692 60826.32148834 71
AO-73                60826.75214315 60826.75761553 6
AO-73                60826.81647079 60826.82457863 37
AO-73                60827.31185552 60827.32047912 75
AO-73                60827.75120653 60827.75650101 6
AO-73                60827.81542732 60827.82355589 39
AO-73                60828.31080839 60828.31945165 80
AO-73                60828.75025889 60828.75536360 5
AO-73                60828.81436737 60828.82251539 41
TITA                 60803.57945246 60803.58744128 39
TITA                 60803.64623023 60803.65122717 5
TITA                 60804.07994806 60804.08826027 67
TITA                 60804.57324338 60804.58101989 28
TITA                 60804.63949558 60804.64540975 8
TITA                 60805.07370145 60805.08189146 46
TITA                 60805.14088219 60805.14563538 4
TITA                 60805.56707063 60805.57453602 20
TITA                 60805.63286260 60805.63946898 12
TITA                 60806.06748937 60806.07547262 32
TITA                 60806.13403096 60806.13981035 7
TITA                 60806.56094208 60806.56798132 15
TITA                 60806.62628775 60806.63342434 17
TITA                 60807.06131544 60807.06900034 23
TITA                 60807.12731324 60807.13384268 11
TITA                 60807.55487186 60807.56134252 11
TITA                 60807.61975892 60807.62730114 23
TITA                 60808.05518656 60808.06246882 17
TITA                 60808.12067274 60808.12776468 15
TITA                 60808.54888439 60808.55459521 7
TITA                 60808.61322494 60808.62110724 32
TITA                 60809.04911373 60809.05586805 12
TITA                 60809.11409186 60809.12160666 21
TITA                 60809.54303060 60809.54768810 4
TITA                 60809.60676298 60809.61485491 46
TITA                 60810.04311444 60810.04918091 9
TITA                 60810.10755812 60810.11538199 29
TITA                 60810.60032911 60810.60854491 67
TITA                 60811.03722335 60811.04237365 5
TITA                 60811.10102154 60811.10909563 40
TITA                 60811.59391990 60811.60217920 84
TITA                 60812.03152381 60812.03536207 3
TITA                 60812.09456275 60812.10275849 58
TITA                 60812.58753916 60812.59575821 58
TITA                 60812.65493115 60812.65882436 3
TITA                 60813.08813653 60813.09637040 85
TITA                 60813.58118637 60813.58928088 40
TITA                 60813.64791661 60813.65309649 6
TITA                 60814.08174336 60814.08993260 65
TITA                 60814.57486474 60814.58274439 28
TITA                 60814.64107433 60814.64716077 9
TITA                 60815.07538388 60815.08344484 44
TITA                 60815.14255459 60815.14718526 4
TITA                 60815.56858101 60815.57614365 20
TITA                 60815.63433156 60815.64110316 13
TITA                 60816.06906098 60816.07690529 31
TITA                 60816.13557816 60816.14126495 7
TITA                 60816.56234333 60816.56947051 15
TITA                 60816.62764636 60816.63494200 18
TITA                 60817.06277873 60817.07031007 22
TITA                 60817.12873318 60817.13517975 11
TITA                 60817.55616649 60817.56271061 11
TITA                 60817.62100726 60817.62870188 24
TITA                 60818.05654488 60818.06365273 16
TITA                 60818.12197370 60818.12898834 15
TITA                 60818.55007618 60818.55583838 7
TITA                 60818.61436319 60818.62239023 34
TITA                 60819.05037198 60819.05692167 11
TITA                 60819.11527622 60819.12271486 21
TITA                 60819.54412658 60819.54879926 4
TITA                 60819.60779208 60819.61601941 48
TITA                 60820.04428070 60820.05009644 8
TITA                 60820.10858592 60820.11637029 29
TITA                 60820.60124990 60820.60958987 71
TITA                 60821.03831408 60821.04313514 5
TITA                 60821.10197806 60821.10996876 42
TITA                 60821.59473340 60821.60310341 79
TITA                 60822.09540748 60822.10351224 62
TITA                 60822.58824672 60822.59656025 54
TITA                 60822.65544921 60822.65981391 4
TITA                 60823.08887088 60823.09700355 87
TITA                 60823.58178909 60823.58995898 37
TITA                 60823.64837777 60823.65391487 6
TITA                 60824.08236930 60824.09044377 60
TITA                 60824.57536585 60824.58329635 27
TITA                 60824.64145124 60824.64783477 10
TITA                 60825.07590383 60825.08383234 40
TITA                 60825.14292894 60825.14769523 5
TITA                 60825.56898287 60825.57656653 19
TITA                 60825.63461509 60825.64164192 14
TITA                 60826.06947710 60826.07716692 28
TITA                 60826.13585687 60826.14163896 8
TITA                 60826.56265010 60826.56976014 14
TITA                 60826.62783220 60826.63534927 20
TITA                 60827.06309489 60827.07044295 20
TITA                 60827.12890965 60827.13542480 12
TITA                 60827.55638461 60827.56286052 10
TITA                 60827.62109355 60827.62897968 27
TITA                 60828.05676620 60828.06365208 14
TITA                 60828.12204559 60828.12910715 16
TITA                 60828.55021718 60828.55583700 6
TITA                 60828.61434873 60828.62253900 38
TITA                 60829.05050625 60829.05678037 10
TITA                 60829.11524272 60829.12270860 23
TITA                 60829.54421700 60829.54861944 3
TITA                 60829.60767737 60829.61603904 55
TITA                 60830.04434222 60830.04980114 7
TITA                 60830.10844716 60830.11623952 32
TITA                 60830.60103558 60830.60947969 80
NOAA-15              60803.44558521 60803.45479236 19
NOAA-15              60803.51441238 60803.52421412 28
NOAA-15              60803.90845220 60803.91333825 3
NOAA-15              60803.97446542 60803.98500296 86
NOAA-15              60804.04633743 60804.05159224 4
NOAA-15              60804.42846438 60804.43570691 8
NOAA-15              60804.49605689 60804.50649382 58
NOAA-15              60804.95657112 60804.96678640 41
NOAA-15              60805.02671749 60805.03496031 12
NOAA-15              60805.47794651 60805.48846998 70
NOAA-15              60805.54886171 60805.55538923 6
NOAA-15              60805.93900296 60805.94830866 21
NOAA-15              60806.00787951 60806.01758029 26
NOAA-15              60806.46008224 60806.47015284 34
NOAA-15              60806.52976078 60806.53854161 16
NOAA-15              60806.92189151 60806.92945985 9
NOAA-15              60806.98943747 60806.99982839 52
NOAA-15              60807.44253501 60807.45148953 17
NOAA-15              60807.51116010 60807.52112534 32
NOAA-15              60807.97130022 60807.98180912 76
NOAA-15              60808.04280757 60808.04874770 5
NOAA-15              60808.42551501 60808.43228032 7
NOAA-15              60808.49284652 60808.50334783 65
NOAA-15              60808.95345500 60808.96354854 37
NOAA-15              60809.02337308 60809.03192530 14
NOAA-15              60809.47477394 60809.48527240 61
NOAA-15              60809.54544761 60809.55248382 8
NOAA-15              60809.93594978 60809.94501627 18
NOAA-15              60810.00461244 60810.01446652 29
NOAA-15              60810.45695569 60810.46690001 30
NOAA-15              60810.52645301 60810.53550677 18
NOAA-15              60810.91894382 60810.92607409 8
NOAA-15              60810.98622357 60810.99666231 60
NOAA-15              60811.43947436 60811.44816293 15
NOAA-15              60811.50790708 60811.51801754 36
NOAA-15              60811.96813341 60811.97859906 67
NOAA-15              60812.03931981 60812.04584186 6
NOAA-15              60812.42259434 60812.42880720 5
NOAA-15              60812.48963449 60812.50018416 74
NOAA-15              60812.95033870 60812.96029367 32
NOAA-15              60813.02003490 60813.02886527 16
NOAA-15              60813.47160126 60813.48205701 54
NOAA-15              60813.54202033 60813.54954171 9
NOAA-15              60813.93290097 60813.94170310 16
NOAA-15              60814.00134534 60814.01133436 32
NOAA-15              60814.45383042 60814.46362755 27
NOAA-15              60814.52314829 60814.53244869 20
NOAA-15              60814.91601612 60814.92265267 7
NOAA-15              60814.98300781 60814.99348001 68
NOAA-15              60815.43642176 60815.44481025 13
NOAA-15              60815.50465347 60815.51489074 41
NOAA-15              60815.96496456 60815.97537338 59
NOAA-15              60816.03586055 60816.04288808 8
NOAA-15              60816.41971462 60816.42527493 4
NOAA-15              60816.48642124 60816.49700282 83
NOAA-15              60816.55818917 60816.56291122 3
NOAA-15              60816.94722259 60816.95702171 29
NOAA-15              60817.01670095 60817.02578223 18
NOAA-15              60817.46842801 60817.47882371 48
NOAA-15              60817.53863766 60817.54656227 11
NOAA-15              60817.92985741 60817.93836836 14
NOAA-15              60817.99807786 60818.00818456 37
NOAA-15              60818.45070746 60818.46033449 24
NOAA-15              60818.51984587 60818.52936832 23
NOAA-15              60818.91311525 60818.91918874 5
NOAA-15              60818.97979018 60818.99028188 77
NOAA-15              60819.43337979 60819.44142892 11
NOAA-15              60819.50139926 60819.51174521 46
NOAA-15              60819.96179430 60819.97213196 52
NOAA-15              60820.03242178 60820.03989495 9
NOAA-15              60820.41689752 60820.42166120 3
NOAA-15              60820.48320683 60820.49380354 87
NOAA-15              60820.55461999 60820.56012425 4
NOAA-15              60820.94410720 60820.95373244 26
NOAA-15              60821.01337026 60821.02267753 21
NOAA-15              60821.46525405 60821.47557171 42
NOAA-15              60821.53526551 60821.54355166 13
NOAA-15              60821.92682126 60821.93501060 12
NOAA-15              60821.99480918 60822.00501783 42
NOAA-15              60822.44758786 60822.45701970 21
NOAA-15              60822.51654519 60822.52626622 26
NOAA-15              60822.91025255 60822.91567120 4
NOAA-15              60822.97657071 60822.98706843 86
NOAA-15              60823.04881298 60823.05329733 3
NOAA-15              60823.43035156 60823.43801562 9
NOAA-15              60823.49814446 60823.50858067 52
NOAA-15              60823.95862271 60823.96887481 46
NOAA-15              60824.02899787 60824.03686798 11
NOAA-15              60824.47999165 60824.49058599 77
NOAA-15              60824.55110490 60824.55726151 5
NOAA-15              60824.94099316 60824.95042546 23
NOAA-15              60825.01004157 60825.01955262 23
NOAA-15              60825.46208124 60825.47230030 37
NOAA-15              60825.53190177 60825.54051220 14
NOAA-15              60825.92379419 60825.93162808 11
NOAA-15              60825.99153922 60826.00183447 47
NOAA-15              60826.44447283 60826.45368186 19
NOAA-15              60826.51324572 60826.52314281 29
NOAA-15              60826.90743909 60826.91208001 3
NOAA-18              60803.58788691 60803.59675555 14
NOAA-18              60803.65686450 60803.66731199 38
NOAA-18              60804.05489326 60804.05976569 3
NOAA-18              60804.12126477 60804.13223540 78
NOAA-18              60804.19338763 60804.19979035 5
NOAA-18              60804.57945606 60804.58728849 10
NOAA-18              60804.64781892 60804.65852784 54
NOAA-18              60805.11240533 60805.12325248 56
NOAA-18              60805.18367238 60805.19158510 10
NOAA-18              60805.57124255 60805.57760060 5
NOAA-18              60805.63883119 60805.64967020 77
NOAA-18              60805.71146125 60805.71589449 2
NOAA-18              60806.10361763 60806.11421146 40
NOAA-18              60806.17420235 60806.18315810 15
NOAA-18              60806.62990018 60806.64074249 76
NOAA-18              60806.70158556 60806.70808003 6
NOAA-18              60807.09490846 60807.10510798 28
NOAA-18              60807.16487486 60807.17459121 21
NOAA-18              60807.62102528 60807.63174507 54
NOAA-18              60807.69201784 60807.69989463 10
NOAA-18              60808.08628923 60808.09593331 21
NOAA-18              60808.15565405 60808.16592149 29
NOAA-18              60808.61221444 60808.62267513 38
NOAA-18              60808.68265092 60808.69150589 15
NOAA-18              60809.07777872 60809.08667157 15
NOAA-18              60809.14652067 60809.15716961 41
NOAA-18              60809.60347378 60809.61352628 27
NOAA-18              60809.67339704 60809.68297910 21
NOAA-18              60810.06940917 60810.07729321 10
NOAA-18              60810.13746398 60810.14834822 57
NOAA-18              60810.59481646 60810.60428619 19
NOAA-18              60810.66422796 60810.67434514 29
NOAA-18              60811.06123820 60811.06773497 6
NOAA-18              60811.12847787 60811.13946475 81
NOAA-18              60811.20150633 60811.20614427 3
NOAA-18              60811.58626766 60811.59493317 13
NOAA-18              60811.65512845 60811.66562171 41
NOAA-18              60812.05346971 60812.05780832 2
NOAA-18              60812.11956086 60812.13052316 73
NOAA-18              60812.19149576 60812.19825685 6
NOAA-18              60812.57786908 60812.58542589 9
NOAA-18              60812.64609046 60812.65681962 58
NOAA-18              60813.11071303 60813.12152456 52
NOAA-18              60813.18183208 60813.18999197 11
NOAA-18              60813.56971605 60813.57566939 5
NOAA-18              60813.63710996 60813.64794486 82
NOAA-18              60813.70951291 60813.71443201 3
NOAA-18              60814.10193824 60814.11246728 37
NOAA-18              60814.17239295 60814.18152812 16
NOAA-18              60814.62818647 60814.63900025 71
NOAA-18              60814.69972628 60814.70651445 7
NOAA-18              60815.09324392 60815.10334592 27
NOAA-18              60815.16308678 60815.17293373 22
NOAA-18              60815.61931933 60815.62998557 50
NOAA-18              60815.69019471 60815.69827902 11
NOAA-18              60816.08464272 60816.09415084 19
NOAA-18              60816.15388240 60816.16424174 31
NOAA-18              60816.61051801 60816.62089736 35
NOAA-18              60816.68084910 60816.68985678 16
NOAA-18              60817.07615569 60817.08486390 13
NOAA-18              60817.14476272 60817.15547078 43
NOAA-18              60817.60178832 60817.61172811 25
NOAA-18              60817.67160954 60817.68130409 23
NOAA-18              60818.06781924 60818.07545096 9
NOAA-18              60818.13571820 60818.14663206 62
NOAA-18              60818.59314753 60818.60246415 18
NOAA-18              60818.66245114 60818.67264836 31
NOAA-18              60819.05970437 60819.06583569 5
NOAA-18              60819.12674380 60819.13773227 86
NOAA-18              60819.19950281 60819.20467486 3
NOAA-18              60819.58462118 60819.59308076 12
NOAA-18              60819.65336048 60819.66390582 44
NOAA-18              60820.11783854 60820.12877476 68
NOAA-18              60820.18959658 60820.19667551 7
NOAA-18              60820.57625841 60820.58352993 8
NOAA-18              60820.64433012 60820.65508579 63
NOAA-18              60821.10900263 60821.11976004 48
NOAA-18              60821.17997796 60821.18835784 12
NOAA-18              60821.56817701 60821.57369375 4
NOAA-18              60821.63535705 60821.64619399 87
NOAA-18              60821.70755137 60821.71292425 4
NOAA-18              60822.10024106 60822.11068567 35
NOAA-18              60822.17056676 60822.17985939 17
NOAA-18              60822.62644127 60822.63723248 66
NOAA-18              60822.69780914 60822.70492131 7
NOAA-18              60823.09156237 60823.10154574 25
NOAA-18              60823.16128052 60823.17123884 24
NOAA-18              60823.61758292 60823.62820042 47
NOAA-18              60823.68834082 60823.69663660 12
NOAA-18              60824.08298040 60824.09232889 18
NOAA-18              60824.15209179 60824.16252526 33
NOAA-18              60824.60879122 60824.61909361 33
NOAA-18              60824.67901560 60824.68818223 17
NOAA-18              60825.07451884 60825.08301450 12
NOAA-18              60825.14298538 60825.15373542 47
NOAA-18              60825.60007393 60825.60990353 24
NOAA-18              60825.66979008 60825.67960404 24
NOAA-18              60826.06621993 60826.07356270 8
NOAA-18              60826.13395281 60826.14487946 66
NOAA-19              60803.58748091 60803.59837329 77
NOAA-19              60803.65915380 60803.66571292 6
NOAA-19              60804.05267090 60804.06279223 28
NOAA-19              60804.12265387 60804.13226215 20
NOAA-19              60804.57876403 60804.58954419 54
NOAA-19              60804.64975728 60804.65768220 10
NOAA-19              60805.04420990 60805.05378066 21
NOAA-19              60805.11359635 60805.12375193 28
NOAA-19              60805.57010839 60805.58064479 39
NOAA-19              60805.64055570 60805.64945408 15
NOAA-19              60806.03585455 60806.04468396 15
NOAA-19              60806.10462468 60806.11516060 39
NOAA-19              60806.56152184 60806.57166880 28
NOAA-19              60806.63146427 60806.64109095 21
NOAA-19              60807.02763587 60807.03547370 10
NOAA-19              60807.09572812 60807.10650078 56
NOAA-19              60807.55301411 60807.56260529 20
NOAA-19              60807.62245564 60807.63262278 29
NOAA-19              60808.01960857 60808.02608941 6
NOAA-19              60808.08690068 60808.09777969 78
NOAA-19              60808.16009270 60808.16429983 2
NOAA-19              60808.54460926 60808.55343450 14
NOAA-19              60808.61351503 60808.62406682 41
NOAA-19              60809.01196440 60809.01635463 2
NOAA-19              60809.07814036 60809.08900146 75
NOAA-19              60809.15017802 60809.15663831 6
NOAA-19              60809.53634424 60809.54411982 9
NOAA-19              60809.60463428 60809.61543383 57
NOAA-19              60810.06944735 60810.08016735 53
NOAA-19              60810.14065223 60810.14855773 10
NOAA-19              60810.52830005 60810.53458093 5
NOAA-19              60810.59580940 60810.60672967 80
NOAA-19              60810.66826773 60810.67313221 3
NOAA-19              60811.06082498 60811.07127584 38
NOAA-19              60811.13135923 60811.14026817 15
NOAA-19              60811.58703959 60811.59795739 74
NOAA-19              60811.65860205 60811.66539558 7
NOAA-19              60812.05228012 60812.06232238 27
NOAA-19              60812.12220259 60812.13184438 21
NOAA-19              60812.57832440 60812.58911710 53
NOAA-19              60812.64925325 60812.65733100 11
NOAA-19              60813.04382444 60813.05329776 20
NOAA-19              60813.11314879 60813.12332122 29
NOAA-19              60813.56967114 60813.58020608 37
NOAA-19              60813.64006215 60813.64908149 16
NOAA-19              60814.03547741 60814.04418549 14
NOAA-19              60814.10417969 60814.11471826 41
NOAA-19              60814.56108790 60814.57121759 27
NOAA-19              60814.63097699 60814.64070151 22
NOAA-19              60815.02727186 60815.03495474 9
NOAA-19              60815.09528506 60815.10604764 58
NOAA-19              60815.55258527 60815.56214014 19
NOAA-19              60815.62197246 60815.63221887 30
NOAA-19              60816.01926945 60816.02553855 5
NOAA-19              60816.08645935 60816.09731619 81
NOAA-19              60816.15950925 60816.16397512 2
NOAA-19              60816.54418821 60816.55295282 13
NOAA-19              60816.61303471 60816.62364992 42
NOAA-19              60817.07770081 60817.08852776 73
NOAA-19              60817.14964879 60817.15624943 6
NOAA-19              60817.53593608 60817.54361655 9
NOAA-19              60817.60415623 60817.61500454 59
NOAA-19              60818.06900978 60818.07968333 51
NOAA-19              60818.14014202 60818.14813994 10
NOAA-19              60818.52791719 60818.53404381 5
NOAA-19              60818.59533334 60818.60628856 83
NOAA-19              60818.66766599 60818.67283356 3
NOAA-19              60819.06039015 60819.07078111 37
NOAA-19              60819.13085911 60819.13983081 15
NOAA-19              60819.58656563 60819.59750458 72
NOAA-19              60819.65804580 60819.66503889 7
NOAA-19              60820.05184912 60820.06181603 26
NOAA-19              60820.12170849 60820.13139185 22
NOAA-19              60820.57785270 60820.58865243 51
NOAA-19              60820.64871631 60820.65694380 11
NOAA-19              60821.04339908 60821.05277835 19
NOAA-19              60821.11265861 60821.12285578 30
NOAA-19              60821.56920249 60821.57972903 36
NOAA-19              60821.63953572 60821.64867288 16
NOAA-19              60822.03506063 60822.04365031 13
NOAA-19              60822.10369224 60822.11424127 42
NOAA-19              60822.56062353 60822.57072719 26
NOAA-19              60822.63045708 60822.64027539 23
NOAA-19              60823.02686930 60823.03439853 9
NOAA-19              60823.09479970 60823.10555994 60
NOAA-19              60823.55212681 60823.56163474 19
NOAA-19              60823.62145695 60823.63177766 31
NOAA-19              60824.01889414 60824.02494844 5
NOAA-19              60824.08597589 60824.09681823 84
NOAA-19              60824.15888281 60824.16361584 3
NOAA-19              60824.54373888 60824.55242945 13
NOAA-19              60824.61252244 60824.62319510 44
NOAA-19              60825.07721953 60825.08801970 70
NOAA-19              60825.14907432 60825.15582851 6
NOAA-19              60825.53550186 60825.54306939 8
NOAA-19              60825.60364672 60825.61453691 62
NOAA-19              60826.06853064 60826.07916504 49
NOAA-19              60826.13958698 60826.14768991 11
NOAA-19              60826.52751285 60826.53345796 4
METOA                60803.60859265 60803.61483871 7
METOA                60803.67398652 60803.68349142 52
METOA                60804.12022142 60804.12851050 19
METOA                60804.18714982 60804.19549231 20
METOA                60804.62571979 60804.63393405 17
METOA                60804.69242368 60804.70118635 24
METOA                60805.13780617 60805.14699958 41
METOA                60805.20606645 60805.21278379 9
METOA                60805.64334905 60805.65250290 36
METOA                60805.71116088 60805.71846732 11
METOA                60806.09154031 60806.09589370 3
METOA                60806.15572418 60806.16520567 78
METOA                60806.66128992 60806.67072658 76
METOA                60806.73060892 60806.73493781 3
METOA                60807.10799811 60807.11535659 11
METOA                60807.17398008 60807.18315247 37
METOA                60807.61372835 60807.62037804 8
METOA                60807.67948539 60807.68864456 41
METOA                60808.12526461 60808.13409188 24
METOA                60808.19252365 60808.20077479 17
METOA                60808.63099378 60808.63930201 20
METOA                60808.69799540 60808.70622088 19
METOA                60809.14294142 60809.15247969 52
METOA                60809.21157855 60809.21790527 7
METOA                60809.64869724 60809.65776179 43
METOA                60809.71686936 60809.72331463 8
METOA                60810.09611817 60810.10186179 5
METOA                60810.16092941 60810.17060210 68
METOA                60810.60235459 60810.60611929 2
METOA                60810.66669338 60810.67589045 72
METOA                60811.11291118 60811.12098637 14
METOA                60811.17924884 60811.18845690 31
METOA                60811.61885538 60811.62580129 10
METOA                60811.68494785 60811.69370757 32
METOA                60812.13030508 60812.13958768 30
METOA                60812.19788574 60812.20597815 15
METOA                60812.63623336 60812.64457945 23
METOA                60812.70354130 60812.71115299 15
METOA                60813.14806374 60813.15788326 65
METOA                60813.21711105 60813.22291498 5
METOA                60813.65400269 60813.66293724 53
METOA                60813.72260408 60813.72800595 5
METOA                60814.10083262 60814.10760512 8
METOA                60814.16611872 60814.17592389 56
METOA                60814.60717311 60814.61176129 3
METOA                60814.67205312 60814.68097194 58
METOA                60815.11784241 60815.12650945 18
METOA                60815.18447432 60815.19369298 26
METOA                60815.62395707 60815.63112529 12
METOA                60815.69041343 60815.69868705 25
METOA                60816.13534167 60816.14499729 38
METOA                60816.20324413 60816.21109296 12
METOA                60816.64143008 60816.64977486 28
METOA                60816.70906313 60816.71598033 11
METOA                60817.08929670 60817.09368732 3
METOA                60817.15317405 60817.16320679 79
METOA                60817.22269330 60817.22778233 4
METOA                60817.65925931 60817.66803536 66
METOA                60817.72842145 60817.73248374 3
METOA                60818.10561434 60818.11319138 10
METOA                60818.17129511 60818.18116604 46
METOA                60818.61203614 60818.61723290 5
METOA                60818.67736412 60818.68597577 46
METOA                60819.12278306 60819.13193156 23
METOA                60819.18972539 60819.19884235 22
METOA                60819.62902134 60819.63636298 15
METOA                60819.69579136 60819.70357884 20
METOA                60820.14037281 60820.15031937 47
METOA                60820.20860823 60820.21610803 10
METOA                60820.64657695 60820.65489599 33
METOA                60820.71456704 60820.72069656 8
METOA                60821.09378061 60821.09948248 5
METOA                60821.15827378 60821.16844660 81
METOA                60821.22838518 60821.23244553 2
METOA                60821.66446278 60821.67306260 77
METOA                60822.11043356 60822.11864721 13
METOA                60822.17646104 60822.18632356 38
METOA                60822.61689828 60822.62258264 6
METOA                60822.68262222 60822.69090701 36
METOA                60823.12772780 60823.13725513 28
METOA                60823.19497196 60823.20390036 19
METOA                60823.63403931 60823.64152485 17
METOA                60823.70112419 60823.70838876 15
METOA                60824.14539742 60824.15555204 57
METOA                60824.21398999 60824.22100890 8
METOA                60824.65166893 60824.65994994 41
METOA                60824.72006689 60824.72528825 5
METOA                60825.09840259 60825.10504357 7
METOA                60825.16336377 60825.17359931 68
METOA                60825.66960981 60825.67802449 71
METOA                60826.11527400 60826.12398571 17
METOA                60826.18161884 60826.19139151 32
METOA                60826.62173659 60826.62783637 8
METOA                60826.68782421 60826.69577022 28
METOA                60827.13267192 60827.14248141 33
METOA                60827.20021898 60827.20885977 16
METOA                60827.63900472 60827.64661936 21
METOA                60827.70641209 60827.71311809 12
METOA                60828.15041425 60828.16069368 70
METOB                60803.53968560 60803.54984056 32
METOB                60803.60953709 60803.61858848 17
METOB                60804.00314437 60804.01096133 10
METOB                60804.07099468 60804.08154471 52
METOB                60804.52574068 60804.53503405 19
METOB                60804.59476730 60804.60476224 29
METOB                60804.99011019 60804.99550832 4
METOB                60805.05656288 60805.06726306 89
METOB                60805.12882373 60805.13398425 3
METOB                60805.51208713 60805.51992418 10
METOB                60805.58018106 60805.59070406 51
METOB                60806.04231120 60806.05283178 51
METOB                60806.11310068 60806.12091603 10
METOB                60806.49900560 60806.50423267 3
METOB                60806.56574896 60806.57645286 89
METOB                60806.63754183 60806.64288457 4
METOB                60807.02825133 60807.03824635 29
METOB                60807.09798618 60807.10726531 19
METOB                60807.55146516 60807.56202144 52
METOB                60807.62205647 60807.62986617 10
METOB                60808.01442250 60808.02347735 17
METOB                60808.08317607 60808.09332156 32
METOB                60808.53734612 60808.54740082 30
METOB                60808.60706991 60808.61630282 19
METOB                60809.00091819 60809.00844291 9
METOB                60809.06858438 60809.07917694 57
METOB                60809.52343678 60809.53255374 17
METOB                60809.59233065 60809.60243497 32
METOB                60809.98802332 60809.99285813 3
METOB                60810.05417910 60810.06487021 83
METOB                60810.12616123 60810.13185998 4
METOB                60810.50984230 60810.51738033 9
METOB                60810.57776819 60810.58834371 56
METOB                60811.03995418 60811.05041427 47
METOB                60811.11056709 60811.11865872 11
METOB                60811.49692114 60811.50152325 3
METOB                60811.56335757 60811.57406293 84
METOB                60811.63492397 60811.64076141 5
METOB                60812.02592532 60812.03580178 27
METOB                60812.09550786 60812.10495122 20
METOB                60812.54909622 60812.55960198 47
METOB                60812.61954210 60812.62762369 11
METOB                60813.01213734 60813.02099758 16
METOB                60813.08073369 60813.09097099 35
METOB                60813.53500438 60813.54494814 27
METOB                60813.60460090 60813.61400278 20
METOB                60813.99869808 60814.00590504 8
METOB                60814.06617059 60814.07679800 62
METOB                60814.52113310 60814.53005799 16
METOB                60814.58989067 60814.60009516 35
METOB                60814.98598008 60814.99014984 2
METOB                60815.05179181 60815.06246638 76
METOB                60815.12352293 60815.12969592 5
METOB                60815.50760472 60815.51481440 8
METOB                60815.57535135 60815.58597150 61
METOB                60816.03759432 60816.04798573 43
METOB                60816.10803625 60816.11638361 12
METOB                60816.56096255 60816.57166121 77
METOB                60816.63232445 60816.63860339 6
METOB                60817.02359738 60817.03334514 25
METOB                60817.09302801 60817.10262368 22
METOB                60817.54672415 60817.55717012 43
METOB                60817.61702949 60817.62536346 12
METOB                60818.00985259 60818.01850344 14
METOB                60818.07828825 60818.08860847 38
METOB                60818.53266079 60818.54248215 25
METOB                60818.60212986 60818.61168876 22
METOB                60818.99648585 60819.00334589 7
METOB                60819.06375328 60819.07440800 68
METOB                60819.51883043 60819.52754635 14
METOB                60819.58744761 60819.59774278 38
METOB                60820.04940117 60820.06005163 70
METOB                60820.12090196 60820.12749921 6
METOB                60820.50537684 60820.51222383 7
METOB                60820.57293093 60820.58358735 67
METOB                60821.03523134 60821.04554593 39
METOB                60821.10550700 60821.11409168 14
METOB                60821.55856406 60821.56924754 71
METOB                60821.62973812 60821.63641549 7
METOB                60822.02126780 60822.03087626 23
METOB                60822.09054631 60822.10028311 24
METOB                60822.54434850 60822.55472599 40
METOB                60822.61451767 60822.62308613 14
METOB                60823.00756929 60823.01599447 13
METOB                60823.07583964 60823.08623447 42
METOB                60823.53031576 60823.54000241 23
METOB                60823.59965659 60823.60936093 24
METOB                60823.99428387 60824.00076307 6
METOB                60824.06133256 60824.07200702 74
METOB                60824.51652961 60824.52501775 13
METOB                60824.58500107 60824.59537792 41
METOB                60825.04700681 60825.05762600 64
METOB                60825.11829368 60825.12527467 7
METOB                60825.50316187 60825.50960527 6
METOB                60825.57050691 60825.58119114 73
METOB                60826.03286557 60826.04309474 36
METOB                60826.10297890 60826.11178385 15
METOB                60826.55616242 60826.56682176 65
METOB                60826.62716135 60826.63420133 8
