iss                  60803.44052163 60803.44582321 7
iss                  60803.50625464 60803.51378435 58
iss                  60803.57500211 60803.58010938 6
iss                  60803.78080667 60803.78592658 6
iss                  60803.84714723 60803.85470910 58
iss                  60803.91506746 60803.92049761 7
iss                  60804.47245405 60804.47995600 62
iss                  60804.54046192 60804.54660312 10
iss                  60804.74744591 60804.75109071 2
iss                  60804.81340806 60804.82070429 28
iss                  60804.88073237 60804.88739623 16
iss                  60805.43883458 60805.44598826 28
iss                  60805.50611264 60805.51298522 18
iss                  60805.77970631 60805.78649325 16
iss                  60805.84663304 60805.85394687 32
iss                  60806.40544248 60806.41182604 14
iss                  60806.47193296 60806.47926937 32
iss                  60806.54133474 60806.54528677 3
iss                  60806.74607820 60806.75206600 9
iss                  60806.81266903 60806.82024448 73
iss                  60806.88140604 60806.88496058 2
iss                  60807.37234091 60807.37733564 6
iss                  60807.43791668 60807.44545243 68
iss                  60807.50651299 60807.51183289 6
iss                  60807.71252707 60807.71739407 5
iss                  60807.77879480 60807.78632362 50
iss                  60807.84656920 60807.85230446 9
iss                  60808.40406843 60808.41151856 52
iss                  60808.47192818 60808.47822368 11
iss                  60808.74498758 60808.75219608 25
iss                  60808.81221184 60808.81904199 18
iss                  60809.37040978 60809.37743605 24
iss                  60809.43753028 60809.44450652 20
iss                  60809.71121683 60809.71785882 14
iss                  60809.77806383 60809.78545685 37
iss                  60810.33699676 60810.34313984 12
iss                  60810.40330169 60810.41069087 36
iss                  60810.47252269 60810.47678360 3
iss                  60810.67752340 60810.68329960 8
iss                  60810.74404044 60810.75162668 86
iss                  60810.81250024 60810.81667584 3
iss                  60811.30392547 60811.30845698 4
iss                  60811.36923838 60811.37677105 80
iss                  60811.43767185 60811.44321216 7
iss                  60811.64391752 60811.64848291 4
iss                  60811.71010174 60811.71758007 42
iss                  60811.77773201 60811.78375842 10
iss                  60812.33534762 60812.34272818 43
iss                  60812.40304513 60812.40949958 13
iss                  60812.67622790 60812.68332562 22
iss                  60812.74334952 60812.75033627 21
iss                  60813.30165671 60813.30852510 20
iss                  60813.36860214 60813.37568188 22
iss                  60813.64238997 60813.64885763 13
iss                  60813.70915309 60813.71661326 45
iss                  60814.26823636 60814.27408283 10
iss                  60814.33432833 60814.34176456 43
iss                  60814.40335966 60814.40793372 4
iss                  60814.60863453 60814.61416043 7
iss                  60814.67507118 60814.68265231 79
iss                  60814.74328451 60814.74800513 5
iss                  60815.23523910 60815.23916346 3
iss                  60815.30022227 60815.30773914 84
iss                  60815.36848062 60815.37424689 8
iss                  60815.57498221 60815.57918781 3
iss                  60815.64106903 60815.64847639 36
iss                  60815.70855733 60815.71485711 12
iss                  60816.26629446 60816.27358309 36
iss                  60816.33381498 60816.34043035 14
iss                  60816.60713001 60816.61409090 19
iss                  60816.67414703 60816.68127681 25
iss                  60817.23257973 60817.23925217 17
iss                  60817.29933029 60817.30651068 25
iss                  60817.57322706 60817.57948711 11
iss                  60817.63990217 60817.64741401 55
iss                  60818.19916990 60818.20464743 8
iss                  60818.26501504 60818.27248951 52
iss                  60818.33384780 60818.33873717 5
iss                  60818.53941380 60818.54464475 6
iss                  60818.60576235 60818.61331925 65
iss                  60818.67375179 60818.67895739 6
iss                  60819.23087072 60819.23835528 68
iss                  60819.29894153 60819.30493674 10
iss                  60819.50572770 60819.50950079 3
iss                  60819.57169791 60819.57901040 30
iss                  60819.63904670 60819.64559885 15
iss                  60820.19691225 60820.20408111 29
iss                  60820.26423991 60820.27101537 17
iss                  60820.53769522 60820.54448949 17
iss                  60820.60460580 60820.61186145 30
iss                  60821.16318427 60821.16961278 14
iss                  60821.22971699 60821.23699188 30
iss                  60821.29917774 60821.30293495 3
iss                  60821.50372958 60821.50974433 10
iss                  60821.57031218 60821.57785695 69
iss                  60822.12981169 60822.13482135 6
iss                  60822.19536435 60822.20286450 64
iss                  60822.26398903 60822.26919367 6
iss                  60822.46986422 60822.47474805 5
AO-07                60803.27929954 60803.28789385 6
AO-07                60803.35306978 60803.36810503 54
AO-07                60803.43205399 60803.44587932 26
AO-07                60803.86006238 60803.87412129 27
AO-07                60803.93789193 60803.95300766 52
AO-07                60804.01816123 60804.02670158 6
AO-07                60804.31298374 60804.32587325 20
AO-07                60804.38948689 60804.40485162 70
AO-07                60804.47131815 60804.48074068 7
AO-07                60804.82061454 60804.82944126 6
AO-07                60804.89621133 60804.91165377 64
AO-07                60804.97508930 60804.98836976 23
AO-07                60805.27496851 60805.28264166 5
AO-07                60805.34823875 60805.36312112 48
AO-07                60805.42691167 60805.44106478 29
AO-07                60805.85526053 60805.86896386 23
AO-07                60805.93291307 60805.94816717 59
AO-07                60806.01294760 60806.02231976 8
AO-07                60806.30833866 60806.32081081 18
AO-07                60806.38452272 60806.39992847 78
AO-07                60806.46583853 60806.47620264 9
AO-07                60806.81626341 60806.82376761 4
AO-07                60806.89130468 60806.90666144 57
AO-07                60806.97004654 60806.98368348 26
AO-07                60807.27072939 60807.27731747 3
AO-07                60807.34342734 60807.35812938 43
AO-07                60807.42179584 60807.43623219 33
AO-07                60807.85048157 60807.86377559 20
AO-07                60807.92794251 60807.94330785 65
AO-07                60808.00777323 60808.01788093 9
AO-07                60808.30372247 60808.31573496 16
AO-07                60808.37957705 60808.39499635 86
AO-07                60808.46043726 60808.47159578 11
AO-07                60808.81212103 60808.81786343 2
AO-07                60808.88640961 60808.90164957 51
AO-07                60808.96501452 60808.97897266 29
AO-07                60809.26663082 60809.27187312 2
AO-07                60809.33863607 60809.35312981 38
AO-07                60809.41670454 60809.43138345 38
AO-07                60809.84573548 60809.85855305 18
AO-07                60809.92298031 60809.93843000 73
AO-07                60810.00262919 60810.01339441 11
AO-07                60810.29913797 60810.31064372 14
AO-07                60810.37464970 60810.39005566 85
AO-07                60810.45509744 60810.46693670 14
AO-07                60810.88152441 60810.89661746 45
AO-07                60810.95999249 60810.97423873 32
AO-07                60811.33385947 60811.34812198 34
AO-07                60811.41163623 60811.42652041 42
AO-07                60811.84101445 60811.85329134 15
AO-07                60811.91802653 60811.93353380 81
AO-07                60811.99750917 60812.00886670 13
AO-07                60812.29458830 60812.30553447 12
AO-07                60812.36974064 60812.38510676 77
AO-07                60812.44980799 60812.46223604 16
AO-07                60812.87665351 60812.89156425 40
AO-07                60812.95497988 60812.96948270 36
AO-07                60813.32911044 60813.34310560 30
AO-07                60813.40658966 60813.42164419 48
AO-07                60813.83633053 60813.84798417 13
AO-07                60813.91308167 60813.92861935 89
AO-07                60813.99240954 60814.00430245 15
AO-07                60814.29007738 60814.30040368 10
AO-07                60814.36484991 60814.38014987 69
AO-07                60814.44456119 60814.45750139 19
AO-07                60814.87179690 60814.88648873 35
AO-07                60814.94997625 60814.96470541 41
AO-07                60815.03094998 60815.03717756 3
AO-07                60815.32438414 60815.33808017 27
AO-07                60815.40156384 60815.41675598 54
AO-07                60815.48491216 60815.49141963 3
AO-07                60815.83169208 60815.84262259 10
AO-07                60815.90814557 60815.92368664 82
AO-07                60815.98732704 60815.99970518 17
AO-07                60816.28561094 60816.29524628 8
AO-07                60816.35997764 60816.37518517 61
AO-07                60816.43935143 60816.45273834 22
AO-07                60816.86695594 60816.88138980 31
AO-07                60816.94498128 60816.95990775 46
AO-07                60817.02558642 60817.03298752 4
AO-07                60817.31968132 60817.33304484 24
AO-07                60817.39655799 60817.41185672 61
AO-07                60817.47912135 60817.48716950 5
AO-07                60817.82711220 60817.83719362 8
AO-07                60817.90321884 60817.91873555 74
AO-07                60817.98225943 60817.99507768 20
AO-07                60818.28125736 60818.29005710 7
AO-07                60818.35512703 60818.37021274 55
AO-07                60818.43417447 60818.44795075 25
AO-07                60818.86213259 60818.87626549 27
AO-07                60818.93999474 60818.95509016 51
AO-07                60819.02030991 60819.02869258 6
AO-07                60819.31500387 60819.32799920 21
AO-07                60819.39157151 60819.40694717 68
AO-07                60819.47351007 60819.48275291 7
AO-07                60819.82261047 60819.83167657 6
AO-07                60819.89830194 60819.91376585 66
AO-07                60819.97720500 60819.99042213 22
AO-07                60820.27690985 60820.28482033 5
LO-19                60803.32702020 60803.33442556 9
LO-19                60803.39395433 60803.40435509 73
LO-19                60803.46589256 60803.47093044 3
LO-19                60803.84028439 60803.84492086 3
LO-19                60803.90671201 60803.91702052 70
LO-19                60803.97660346 60803.98403211 10
LO-19                60804.37128807 60804.38148290 49
LO-19                60804.44116494 60804.44959222 13
LO-19                60804.88412526 60804.89388171 30
LO-19                60804.95311990 60804.96237469 23
LO-19                60805.34907560 60805.35834837 22
LO-19                60805.41750037 60805.42737828 31
LO-19                60805.86193876 60805.87017956 13
LO-19                60805.92999582 60805.94013764 50
LO-19                60806.32744922 60806.33484895 9
LO-19                60806.39438637 60806.40477730 73
LO-19                60806.46633573 60806.47134290 3
LO-19                60806.84069877 60806.84535671 3
LO-19                60806.90713454 60806.91744685 70
LO-19                60806.97702833 60806.98445410 10
LO-19                60807.37171776 60807.38190420 49
LO-19                60807.44159929 60807.45001029 13
LO-19                60807.88454547 60807.89430832 30
LO-19                60807.95354221 60807.96279753 23
LO-19                60808.34950305 60808.35876860 22
LO-19                60808.41793110 60808.42779676 31
LO-19                60808.86235598 60808.87060707 13
LO-19                60808.93041600 60808.94056076 50
LO-19                60809.32787449 60809.33526792 9
LO-19                60809.39481444 60809.40519526 73
LO-19                60809.46677460 60809.47175131 3
LO-19                60809.84110863 60809.84578954 3
LO-19                60809.90755264 60809.91787010 70
LO-19                60809.97744838 60809.98487343 10
LO-19                60810.37214349 60810.38232144 49
LO-19                60810.44202948 60810.45042424 13
LO-19                60810.88496132 60810.89473180 30
LO-19                60810.95395995 60810.96321746 23
LO-19                60811.34992657 60811.35918457 22
LO-19                60811.41835772 60811.42821109 31
LO-19                60811.86276887 60811.87103141 13
LO-19                60811.93083174 60811.94098086 50
LO-19                60812.32829587 60812.33568262 9
LO-19                60812.39523842 60812.40560907 73
LO-19                60812.46720898 60812.47215585 3
LO-19                60812.84151412 60812.84621927 3
LO-19                60812.90796640 60812.91829023 70
LO-19                60812.97786371 60812.98529008 10
LO-19                60813.37256515 60813.38273434 49
LO-19                60813.44245536 60813.45083418 13
LO-19                60813.88537290 60813.89515210 30
LO-19                60813.95437322 60813.96363447 23
LO-19                60814.35034603 60814.35959642 22
LO-19                60814.41878010 60814.42862139 31
LO-19                60814.86317757 60814.87145252 13
LO-19                60814.93124316 60814.94139791 50
LO-19                60815.32871323 60815.33609320 9
LO-19                60815.39565819 60815.40601884 73
LO-19                60815.46763862 60815.47255675 3
LO-19                60815.84191541 60815.84664579 3
LO-19                60815.90837592 60815.91870721 70
LO-19                60815.97827443 60815.98570401 10
LO-19                60816.37298263 60816.38314321 49
LO-19                60816.44287685 60816.45124025 13
LO-19                60816.88578033 60816.89556917 30
LO-19                60816.95478213 60816.96404850 23
LO-19                60817.35076133 60817.36000426 22
LO-19                60817.41919812 60817.42902778 31
LO-19                60817.86358218 60817.87187035 13
LO-19                60817.93165034 60817.94181185 50
LO-19                60818.32912641 60818.33649980 9
LO-19                60818.39607366 60818.40642469 73
LO-19                60818.46806333 60818.47295422 3
LO-19                60818.84231269 60818.84706896 3
LO-19                60818.90878131 60818.91912098 71
LO-19                60818.97868067 60818.98611517 10
LO-19                60819.37339582 60819.38354819 49
LO-19                60819.44329354 60819.45164260 13
LO-19                60819.88618372 60819.89598295 30
LO-19                60819.95518680 60819.96445951 23
LO-19                60820.35117236 60820.36040823 22
LO-19                60820.41961168 60820.42943038 31
LO-19                60820.86398284 60820.87228480 13
LO-19                60820.93205341 60820.94222262 50
LO-19                60821.32953536 60821.33690259 9
LO-19                60821.39648472 60821.40682675 72
LO-19                60821.46848289 60821.47334850 3
LO-19                60821.84270615 60821.84748863 3
LO-19                60821.90918270 60821.91953148 71
LO-19                60821.97908257 60821.98652346 10
LO-19                60822.37380464 60822.38394939 49
LO-19                60822.44370572 60822.45204136 13
LO-19                60822.88658319 60822.89639335 30
LO-19                60822.95558734 60822.96486741 23
LO-19                60823.35157903 60823.36080846 22
LO-19                60823.42002067 60823.42982932 31
LO-19                60823.86437968 60823.87269578 13
LO-19                60823.93245248 60823.94263014 50
LO-19                60824.32993995 60824.33730169 9
FO-29                60803.18817639 60803.19206229 3
FO-29                60803.57945397 60803.59141643 32
FO-29                60803.65233247 60803.66421159 31
FO-29                60804.00058125 60804.00907889 7
FO-29                60804.06979776 60804.08376531 56
FO-29                60804.14359456 60804.15604627 22
FO-29                60804.54255797 60804.55110981 8
FO-29                60804.61381389 60804.62643433 73
FO-29                60804.68785898 60804.69708627 11
FO-29                60805.03267180 60805.04497781 22
FO-29                60805.10429096 60805.11841599 61
FO-29                60805.18082508 60805.18880374 5
FO-29                60805.57591305 60805.58753982 29
FO-29                60805.64869291 60805.66051833 33
FO-29                60805.99719646 60806.00528871 6
FO-29                60806.06613382 60806.08012554 53
FO-29                60806.13974023 60806.15251887 25
FO-29                60806.53920167 60806.54701320 7
FO-29                60806.61021534 60806.62264905 72
FO-29                60806.68416504 60806.69350170 12
FO-29                60807.02911767 60807.04128705 20
FO-29                60807.10054944 60807.11481400 66
FO-29                60807.17673287 60807.18548060 7
FO-29                60807.57237665 60807.58364893 26
FO-29                60807.64505339 60807.65681416 35
FO-29                60807.99391055 60808.00147169 5
FO-29                60808.06248801 60808.07647620 49
FO-29                60808.13590583 60808.14897674 27
FO-29                60808.53587944 60808.54286405 5
FO-29                60808.60661680 60808.61885376 68
FO-29                60808.68047284 60808.68990224 13
FO-29                60809.02558298 60809.03758401 19
FO-29                60809.09682342 60809.11120173 72
FO-29                60809.17269508 60809.18210851 8
FO-29                60809.56884518 60809.57974356 23
FO-29                60809.64141263 60809.65309994 38
FO-29                60809.99060941 60809.99761683 4
FO-29                60810.05885563 60810.07281663 46
FO-29                60810.13209059 60810.14541993 29
FO-29                60810.53261629 60810.53864336 4
FO-29                60810.60301780 60810.61504883 64
FO-29                60810.67678102 60810.68628957 13
FO-29                60811.02206120 60811.03386753 18
FO-29                60811.09311290 60811.10757875 77
FO-29                60811.16870199 60811.17869700 10
FO-29                60811.56531854 60811.57582333 20
FO-29                60811.63777005 60811.64937658 40
FO-29                60811.98736264 60811.99371583 3
FO-29                60812.05523947 60812.06914622 43
FO-29                60812.12829383 60812.14184884 32
FO-29                60812.52945101 60812.53431222 2
FO-29                60812.59941798 60812.61123485 59
FO-29                60812.67308838 60812.68266502 14
FO-29                60813.01856770 60813.03013638 16
FO-29                60813.08941787 60813.10394450 82
FO-29                60813.16474653 60813.17525201 11
FO-29                60813.56179708 60813.57188777 18
FO-29                60813.63412494 60813.64564493 44
FO-29                60813.98418669 60813.98975149 3
FO-29                60814.05163975 60814.06546437 40
FO-29                60814.12451494 60814.13826366 35
FO-29                60814.59581464 60814.60741235 53
FO-29                60814.66939416 60814.67902991 15
FO-29                60815.01509621 60815.02638926 15
FO-29                60815.08573825 60815.10029889 87
FO-29                60815.16082395 60815.17177785 12
FO-29                60815.55828189 60815.56793605 16
FO-29                60815.63047666 60815.64190583 47
FO-29                60815.70596350 60815.71055256 2
FO-29                60816.04805677 60816.06177050 37
FO-29                60816.12075338 60816.13466451 38
FO-29                60816.59221124 60816.60358185 48
FO-29                60816.66569698 60816.67538544 17
FO-29                60817.01164772 60817.02262470 14
FO-29                60817.08207397 60817.09664156 86
FO-29                60817.15693062 60817.16827782 14
FO-29                60817.55477419 60817.56396693 14
FO-29                60817.62682465 60817.63816013 51
FO-29                60817.70210601 60817.70712965 3
FO-29                60818.04449043 60818.05806407 35
FO-29                60818.11700860 60818.13105153 41
FO-29                60818.58860585 60818.59974380 43
FO-29                60818.66199627 60818.67173281 18
FO-29                60819.00822335 60819.01884114 12
FO-29                60819.07842488 60819.09297227 80
FO-29                60819.15306370 60819.16475405 15
FO-29                60819.55127572 60819.55997916 12
FO-29                60819.62316848 60819.63440862 56
FO-29                60819.69826477 60819.70367613 3
FO-29                60820.04094112 60820.05434457 32
FO-29                60820.11328008 60820.12742492 44
FO-29                60820.58499832 60820.59589865 39
FO-29                60820.65829136 60820.66807311 19
FO-29                60821.00482456 60821.01503636 11
FO-29                60821.07479078 60821.08929076 75
FO-29                60821.14922088 60821.16120846 17
FO-29                60821.54778885 60821.55597019 10
FO-29                60821.61950758 60821.63065209 61
FO-29                60821.69443416 60821.70019867 4
SO-50                60803.27707837 60803.28490783 15
SO-50                60803.34610108 60803.35490905 36
SO-50                60803.86251915 60803.87135896 24
SO-50                60803.93177302 60803.94080313 25
SO-50                60804.28988791 60804.29874066 35
SO-50                60804.35973653 60804.36731719 14
SO-50                60804.87520977 60804.88479360 61
SO-50                60804.94584785 60804.95349943 11
SO-50                60805.23462217 60805.24078897 7
SO-50                60805.30294401 60805.31207917 86
SO-50                60805.37423653 60805.37874468 3
SO-50                60805.82036698 60805.82773278 11
SO-50                60805.88837077 60805.89794495 53
SO-50                60805.96072144 60805.96569971 3
SO-50                60806.24712604 60806.25515977 17
SO-50                60806.31626088 60806.32494877 31
SO-50                60806.83252734 60806.84153308 27
SO-50                60806.90198726 60806.91086086 23
SO-50                60807.25996438 60807.26890328 40
SO-50                60807.32996120 60807.33724675 12
SO-50                60807.77913280 60807.78331485 3
SO-50                60807.84528564 60807.85490911 70
SO-50                60807.91614647 60807.92349778 10
SO-50                60808.20459228 60808.21112095 8
SO-50                60808.27304776 60808.28216350 75
SO-50                60808.34472869 60808.34836772 2
SO-50                60808.79026173 60808.79796199 13
SO-50                60808.85850515 60808.86801514 46
SO-50                60808.93120460 60808.93554172 2
SO-50                60809.21715142 60809.22537025 19
SO-50                60809.28640135 60809.29494962 27
SO-50                60809.80252209 60809.81167050 31
SO-50                60809.87218571 60809.88088565 20
SO-50                60810.23001932 60810.23902787 46
SO-50                60810.30017551 60810.30712903 10
SO-50                60810.74875499 60810.75374759 4
SO-50                60810.81534498 60810.82499152 81
SO-50                60810.88643490 60810.89345856 9
SO-50                60811.17454997 60811.18140282 9
SO-50                60811.24313014 60811.25221055 64
SO-50                60811.76015190 60811.76814622 15
SO-50                60811.82862223 60811.83805324 40
SO-50                60812.18715661 60812.19554023 22
SO-50                60812.25652327 60812.26491121 24
SO-50                60812.77250249 60812.78177228 36
SO-50                60812.84236864 60812.85087755 18
SO-50                60813.13237201 60813.13674468 3
SO-50                60813.20005248 60813.20911482 54
SO-50                60813.27038196 60813.27696116 8
SO-50                60813.71843492 60813.72407866 5
SO-50                60813.78538728 60813.79504117 87
SO-50                60813.85671472 60813.86338010 7
SO-50                60814.14448974 60814.15163975 11
SO-50                60814.21319241 60814.22222039 55
SO-50                60814.73003468 60814.73828784 17
SO-50                60814.79872229 60814.80805931 35
SO-50                60815.15713937 60815.16567051 25
SO-50                60815.22662706 60815.23483305 21
SO-50                60815.74246773 60815.75183916 41
SO-50                60815.81253638 60815.82083611 16
SO-50                60816.10218158 60816.10712018 4
SO-50                60816.17006373 60816.17916446 62
SO-50                60816.24058447 60816.24673910 7
SO-50                60816.68814469 60816.69433287 6
SO-50                60816.75541223 60816.76505835 77
SO-50                60816.82698810 60816.83326014 6
SO-50                60817.11441464 60817.12182879 12
SO-50                60817.18323249 60817.19219303 47
SO-50                60817.69990791 60817.70838895 19
SO-50                60817.76880507 60817.77803340 31
SO-50                60818.12710258 60818.13576177 28
SO-50                60818.19671357 60818.20471447 18
SO-50                60818.71241715 60818.72187177 47
SO-50                60818.78268938 60818.79076095 14
SO-50                60819.07199930 60819.07742417 5
SO-50                60819.14005308 60819.14917709 73
SO-50                60819.21085060 60819.21645585 6
SO-50                60819.65786962 60819.66452337 8
SO-50                60819.72541975 60819.73504331 67
SO-50                60819.79725797 60819.80309544 5
SO-50                60820.08432187 60820.09197415 14
SO-50                60820.15325173 60820.16212843 40
SO-50                60820.66976987 60820.67845119 22
SO-50                60820.73887066 60820.74797550 28
SO-50                60821.09704439 60821.10581460 32
SO-50                60821.16678375 60821.17455461 16
SO-50                60821.68235020 60821.69187067 54
SO-50                60821.75282815 60821.76065154 12
SO-50                60822.04181555 60822.04766677 6
SO-50                60822.11002048 60822.11915294 83
SO-50                60822.18107334 60822.18610423 4
SO-50                60822.62760080 60822.63465839 9
SO-50                60822.69540950 60822.70499626 59
SO-50                60822.76752891 60822.77288157 4
SO-50                60823.05421031 60823.06207757 15
SO-50                60823.12325037 60823.13202631 35
SO-50                60823.63961916 60823.64847580 25
SO-50                60823.70891913 60823.71788557 25
SO-50                60824.06696435 60824.07582978 36
HO-68                60803.20483392 60803.21723343 29
HO-68                60803.27900297 60803.29220495 41
HO-68                60803.68994983 60803.69637203 3
HO-68                60803.76176843 60803.77529598 59
HO-68                60803.83713015 60803.84870325 20
HO-68                60804.19350750 60804.20520504 21
HO-68                60804.26700170 60804.28052032 57
HO-68                60804.34616608 60804.35214839 3
HO-68                60804.75007348 60804.76331015 43
HO-68                60804.82508269 60804.83742083 28
HO-68                60805.18234923 60805.19309062 15
HO-68                60805.25511135 60805.26877244 77
HO-68                60805.33282114 60805.34154917 7
HO-68                60805.73845404 60805.75120524 31
HO-68                60805.81309842 60805.82600893 38
HO-68                60806.17138005 60806.18087148 10
HO-68                60806.24332516 60806.25696903 80
HO-68                60806.32002484 60806.33046375 13
HO-68                60806.72692784 60806.73896263 22
HO-68                60806.80116890 60806.81448089 51
HO-68                60806.87813465 60806.88491076 4
HO-68                60807.16072129 60807.16848897 6
HO-68                60807.23164403 60807.24511422 59
HO-68                60807.30751319 60807.31914118 19
HO-68                60807.71552758 60807.72654928 15
HO-68                60807.78929047 60807.80284532 70
HO-68                60807.86562312 60807.87435756 8
HO-68                60808.15044074 60808.15576307 3
HO-68                60808.22006557 60808.23320910 43
HO-68                60808.29519625 60808.30766900 27
HO-68                60808.70432189 60808.71390227 10
HO-68                60808.77746261 60808.79110639 87
HO-68                60808.85333503 60808.86349440 13
HO-68                60809.20859866 60809.22125152 32
HO-68                60809.28303014 60809.29609038 37
HO-68                60809.69343934 60809.70087416 5
HO-68                60809.76568823 60809.77926460 66
HO-68                60809.84117465 60809.85242279 18
HO-68                60810.19725415 60810.20923561 24
HO-68                60810.27099060 60810.28442972 51
HO-68                60810.75397127 60810.76731649 48
HO-68                60810.82910197 60810.84118913 25
HO-68                60811.18604254 60811.19714951 17
HO-68                60811.25906379 60811.27270217 70
HO-68                60811.33719336 60811.34515975 6
HO-68                60811.74232463 60811.75525375 35
HO-68                60811.81709695 60811.82981947 34
HO-68                60812.17500566 60812.18497076 12
HO-68                60812.24724232 60812.26091689 88
HO-68                60812.32425970 60812.33419415 11
HO-68                60812.73076358 60812.74306060 25
HO-68                60812.80514900 60812.81832993 46
HO-68                60812.88241960 60812.88829468 3
HO-68                60813.16418959 60813.17265363 7
HO-68                60813.23552388 60813.24907915 66
HO-68                60813.31166507 60813.32293857 17
HO-68                60813.71931543 60813.73071027 17
HO-68                60813.79325304 60813.80673034 63
HO-68                60813.86977723 60813.87790187 7
HO-68                60814.15378034 60814.16008438 4
HO-68                60814.22391157 60814.23719106 48
HO-68                60814.29928815 60814.31151092 24
HO-68                60814.70802859 60814.71815278 11
HO-68                60814.78140738 60814.79502636 84
HO-68                60814.85742740 60814.86712898 11
HO-68                60815.21240571 60815.22525155 36
HO-68                60815.28707408 60815.29996504 33
HO-68                60815.69701421 60815.70528155 6
HO-68                60815.76961390 60815.78321975 73
HO-68                60815.84522863 60815.85612203 16
HO-68                60816.20101793 60816.21325642 26
HO-68                60816.27499338 60816.28832999 46
HO-68                60816.68658639 60816.69175666 2
HO-68                60816.75787760 60816.77130848 53
HO-68                60816.83312829 60816.84494033 22
HO-68                60817.18975623 60817.20119593 19
HO-68                60817.26302928 60817.27662375 63
HO-68                60817.34164353 60817.34869881 4
HO-68                60817.74620361 60817.75928602 39
HO-68                60817.82110118 60817.83361503 31
HO-68                60818.17865770 60818.18905218 14
HO-68                60818.25117247 60818.26485715 84
HO-68                60818.32853370 60818.33789063 9
HO-68                60818.73461101 60818.74713953 28
HO-68                60818.80913408 60818.82216512 41
HO-68                60818.88680104 60818.89157065 2
HO-68                60819.16775791 60819.17678988 9
HO-68                60819.23941907 60819.25303667 73
HO-68                60819.31584287 60819.32671473 15
HO-68                60819.72311995 60819.73484676 20
HO-68                60819.79722014 60819.81060223 56
HO-68                60819.87396295 60819.88140214 5
HO-68                60820.15720614 60820.16432984 5
HO-68                60820.22777106 60820.24116544 54
HO-68                60820.30339979 60820.31533765 21
HO-68                60820.71177032 60820.72236748 13
HO-68                60820.78535701 60820.79893350 76
HO-68                60820.86153624 60820.87073520 10
HO-68                60821.21622734 60821.22924363 40
AO-73                60803.20893378 60803.21361314 4
AO-73                60803.27247938 60803.28097143 79
AO-73                60803.76245025 60803.77059944 23
AO-73                60803.82844901 60803.83619605 19
AO-73                60804.20832828 60804.21294889 4
AO-73                60804.27184240 60804.28035033 82
AO-73                60804.76183277 60804.76994183 23
AO-73                60804.82780103 60804.83558209 19
AO-73                60805.20774054 60805.21226507 4
AO-73                60805.27118871 60805.27971209 84
AO-73                60805.76119935 60805.76926550 22
AO-73                60805.82713632 60805.83495057 20
AO-73                60806.20713941 60806.21156138 3
AO-73                60806.27051859 60806.27905667 86
AO-73                60806.33921451 60806.34271787 2
AO-73                60806.76055004 60806.76857041 21
AO-73                60806.82645488 60806.83430145 20
AO-73                60807.20652524 60807.21083750 3
AO-73                60807.26983186 60807.27838402 86
AO-73                60807.33841293 60807.34214289 2
AO-73                60807.75988485 60807.76785649 21
AO-73                60807.82575671 60807.83363471 21
AO-73                60808.20589840 60808.21009305 3
AO-73                60808.26912865 60808.27769410 85
AO-73                60808.33759985 60808.34154525 3
AO-73                60808.75920383 60808.76712369 20
AO-73                60808.82504767 60808.83295713 22
AO-73                60809.20525936 60809.20932761 3
AO-73                60809.26840903 60809.27698686 82
AO-73                60809.33677451 60809.34092585 3
AO-73                60809.75850700 60809.76637195 19
AO-73                60809.82431604 60809.83225504 22
AO-73                60810.20460868 60810.20854049 3
AO-73                60810.26767306 60810.27626225 80
AO-73                60810.33593267 60810.34027691 3
AO-73                60810.75779442 60810.76560120 19
AO-73                60810.82356766 60810.83153526 23
AO-73                60811.20394701 60811.20773125 2
AO-73                60811.26692080 60811.27552023 77
AO-73                60811.33508117 60811.33961554 4
AO-73                60811.75706612 60811.76481138 18
AO-73                60811.82280254 60811.83079776 24
AO-73                60812.20327524 60812.20689899 2
AO-73                60812.26615231 60812.27476075 74
AO-73                60812.33421611 60812.33893371 4
AO-73                60812.75632215 60812.76400242 17
AO-73                60812.82202067 60812.83004252 24
AO-73                60813.26536769 60813.27398376 71
AO-73                60813.33333716 60813.33823170 4
AO-73                60813.75556257 60813.76317435 17
AO-73                60813.82122203 60813.82926952 25
AO-73                60814.26456688 60814.27318922 68
AO-73                60814.33244436 60814.33750977 5
AO-73                60814.75478743 60814.76232685 16
AO-73                60814.82040664 60814.82847874 26
AO-73                60815.26375003 60815.27237707 66
AO-73                60815.33153716 60815.33676795 5
AO-73                60815.75399679 60815.76145997 15
AO-73                60815.81957448 60815.82767017 27
AO-73                60816.26291720 60816.27154725 63
AO-73                60816.33061560 60816.33600660 5
AO-73                60816.75319071 60816.76057361 15
AO-73                60816.81872554 60816.82684378 28
AO-73                60817.26206845 60817.27069973 60
AO-73                60817.32967953 60817.33522577 6
AO-73                60817.75236930 60817.75966767 14
AO-73                60817.81785983 60817.82599955 29
AO-73                60818.26120383 60818.26983445 58
AO-73                60818.32872885 60818.33442556 6
AO-73                60818.75153263 60818.75874204 13
AO-73                60818.81697734 60818.82513748 30
AO-73                60819.26032337 60819.26895135 55
AO-73                60819.32776347 60819.33360607 7
AO-73                60819.75068080 60819.75779663 13
AO-73                60819.81607806 60819.82425753 31
AO-73                60820.25942728 60820.26805039 53
AO-73                60820.32678333 60820.33276736 7
AO-73                60820.74981392 60820.75683128 12
AO-73                60820.81516198 60820.82335970 32
AO-73                60821.25851538 60821.26713150 51
AO-73                60821.32578835 60821.33190968 8
AO-73                60821.74893211 60821.75584586 12
AO-73                60821.81422912 60821.82244398 33
AO-73                60822.25758796 60822.26619464 48
AO-73                60822.32477849 60822.33103279 8
AO-73                60822.74803548 60822.75484021 11
AO-73                60822.81323524 60822.82150712 35
AO-73                60823.25664499 60823.26523975 46
AO-73                60823.32375369 60823.33013689 9
AO-73                60823.74712424 60823.75381414 10
AO-73                60823.81226875 60823.82055560 36
AO-73                60824.25568654 60824.26426676 44
AO-73                60824.32271393 60824.32922202 9
AO-73                60824.74619854 60824.75276746 10
AO-73                60824.81128547 60824.81958612 38
AO-73                60825.25471268 60825.26327563 42
AO-73                60825.32165923 60825.32828819 10
AO-73                60825.74525860 60825.75169995 9
AO-73                60825.81028539 60825.81859869 40
TITA                 60803.52096254 60803.52828017 17
TITA                 60803.58624325 60803.59383025 21
TITA                 60804.07280275 60804.08126882 66
TITA                 60804.13954436 60804.14479234 6
TITA                 60804.51490785 60804.52180223 13
TITA                 60804.57975493 60804.58764289 28
TITA                 60805.06652433 60805.07489666 48
TITA                 60805.13290770 60805.13893482 8
TITA                 60805.50890445 60805.51526779 10
TITA                 60805.57330231 60805.58140955 38
TITA                 60806.06026296 60806.06847155 35
TITA                 60806.12633255 60806.13297403 11
TITA                 60806.50296794 60806.50866190 7
TITA                 60806.56683878 60806.57513135 53
TITA                 60807.05402153 60807.06199031 26
TITA                 60807.11979799 60807.12693162 15
TITA                 60807.49712780 60807.50195598 4
TITA                 60807.56044713 60807.56881732 74
TITA                 60808.04780505 60808.05544799 20
TITA                 60808.11329879 60808.12082634 20
TITA                 60808.49145358 60808.49507971 2
TITA                 60808.55408405 60808.56246585 79
TITA                 60808.62197545 60808.62606261 3
TITA                 60809.04162104 60809.04883732 15
TITA                 60809.10681641 60809.11465209 26
TITA                 60809.54774880 60809.55607765 57
TITA                 60809.61494536 60809.62023792 6
TITA                 60810.03548126 60810.04214621 11
TITA                 60810.10030863 60810.10841735 34
TITA                 60810.54144224 60810.54965261 41
TITA                 60810.60808197 60810.61423697 8
TITA                 60811.02940507 60811.03535465 7
TITA                 60811.09386008 60811.10213189 46
TITA                 60811.53516592 60811.54318972 31
TITA                 60811.60131701 60811.60812767 12
TITA                 60812.02343104 60812.02842322 5
TITA                 60812.08742613 60812.09579415 64
TITA                 60812.52892255 60812.53668694 23
TITA                 60812.59462072 60812.60193980 16
TITA                 60813.01765864 60813.02124908 2
TITA                 60813.08100639 60813.08940498 84
TITA                 60813.14821053 60813.15229493 3
TITA                 60813.52271681 60813.53014090 18
TITA                 60813.58797726 60813.59568920 22
TITA                 60814.07459880 60814.08296425 65
TITA                 60814.14133855 60814.14648512 5
TITA                 60814.51655412 60814.52354584 13
TITA                 60814.58137669 60814.58938585 29
TITA                 60815.06820873 60815.07647093 46
TITA                 60815.13457983 60815.14051898 8
TITA                 60815.51044472 60815.51689297 10
TITA                 60815.57481306 60815.58303591 39
TITA                 60816.06183700 60816.06992285 34
TITA                 60816.12788573 60816.13444585 11
TITA                 60816.50440479 60816.51016671 7
TITA                 60816.56823934 60816.57664037 55
TITA                 60817.05548690 60817.06331646 25
TITA                 60817.12123413 60817.12828850 15
TITA                 60817.49846526 60817.50333720 4
TITA                 60817.56173898 60817.57020838 77
TITA                 60818.04916405 60818.05664635 19
TITA                 60818.11461899 60818.12206641 20
TITA                 60818.49269990 60818.49632967 2
TITA                 60818.55526835 60818.56373819 77
TITA                 60818.62302579 60818.62743800 3
TITA                 60819.04287701 60819.04990368 14
TITA                 60819.10802180 60819.11577393 26
TITA                 60819.54882691 60819.55723042 55
TITA                 60819.61591294 60819.62145575 6
TITA                 60820.03663956 60820.04307484 10
TITA                 60820.10140019 60820.10941975 35
TITA                 60820.54241568 60820.55068483 40
TITA                 60820.60895497 60820.61532124 9
TITA                 60821.03047528 60821.03613522 7
TITA                 60821.09483855 60821.10301344 48
TITA                 60821.53603642 60821.54410021 30
TITA                 60821.60209544 60821.60909093 13
TITA                 60822.02443428 60822.02903366 4
TITA                 60822.08829240 60822.09655355 67
TITA                 60822.52969219 60822.53747420 22
TITA                 60822.59529768 60822.60277718 17
TITA                 60823.08176150 60823.09004079 83
TITA                 60823.14889876 60823.15302021 3
TITA                 60823.52338818 60823.53080296 17
TITA                 60823.58855166 60823.59640221 23
TITA                 60824.07524363 60824.08347489 60
TITA                 60824.14191816 60824.14708478 6
TITA                 60824.51713069 60824.52407992 13
TITA                 60824.58184856 60824.58997485 31
TITA                 60825.06874518 60825.07685447 42
TITA                 60825.13504856 60825.14099480 8
TITA                 60825.51093143 60825.51729483 9
TITA                 60825.57518271 60825.58350099 43
TITA                 60826.06226669 60826.07017693 31
TITA                 60826.12824284 60826.13479820 12
TITA                 60826.50480968 60826.51042911 6
TITA                 60826.56850698 60826.57698138 60
TITA                 60827.05581266 60827.06343794 22
TITA                 60827.12148511 60827.12852416 16
NOAA-15              60803.38447559 60803.39208673 10
NOAA-15              60803.45176520 60803.46236868 74
NOAA-15              60803.52404956 60803.52933432 4
NOAA-15              60803.89975820 60803.90562311 4
NOAA-15              60803.96697453 60803.97758279 80
NOAA-15              60804.03737530 60804.04468757 9
NOAA-15              60804.36809842 60804.37290010 3
NOAA-15              60804.43374003 60804.44424484 59
NOAA-15              60804.50436203 60804.51247524 11
NOAA-15              60804.94898810 60804.95932306 41
NOAA-15              60805.01865634 60805.02764261 17
NOAA-15              60805.41598564 60805.42596481 31
NOAA-15              60805.48537721 60805.49498305 23
NOAA-15              60805.93120167 60805.94075963 22
NOAA-15              60806.00020147 60806.01018699 32
NOAA-15              60806.39854066 60806.40750456 17
NOAA-15              60806.46682400 60806.47718979 43
NOAA-15              60806.91371805 60806.92178960 11
NOAA-15              60806.98192513 60806.99242260 60
NOAA-15              60807.05326332 60807.05817601 3
NOAA-15              60807.38151002 60807.38877612 8
NOAA-15              60807.44857194 60807.45919822 82
NOAA-15              60807.52049532 60807.52645700 5
NOAA-15              60807.89689151 60807.90205080 3
NOAA-15              60807.96380424 60807.97438532 72
NOAA-15              60808.03406562 60808.04171559 10
NOAA-15              60808.36534049 60808.36940859 2
NOAA-15              60808.43059035 60808.44104544 53
NOAA-15              60808.50095767 60808.50943194 13
NOAA-15              60808.94584572 60808.95607453 37
NOAA-15              60809.01540045 60809.02458586 19
NOAA-15              60809.41288360 60809.42273530 28
NOAA-15              60809.48208387 60809.49187093 25
NOAA-15              60809.92809915 60809.93744892 20
NOAA-15              60809.99697713 60810.00707044 35
NOAA-15              60810.39549743 60810.40423611 15
NOAA-15              60810.46358504 60810.47403651 48
NOAA-15              60810.91068750 60810.91838405 9
NOAA-15              60810.97872561 60810.98925553 67
NOAA-15              60811.04983229 60811.05533722 4
NOAA-15              60811.37855766 60811.38543981 7
NOAA-15              60811.44537857 60811.45601337 89
NOAA-15              60811.51698409 60811.52352176 6
NOAA-15              60811.89409591 60811.89838264 2
NOAA-15              60811.96062950 60811.97116995 64
NOAA-15              60812.03075895 60812.03871672 11
NOAA-15              60812.42744154 60812.43783181 47
NOAA-15              60812.49759373 60812.50636227 15
NOAA-15              60812.94270013 60812.95280687 33
NOAA-15              60813.01214161 60813.02150851 21
NOAA-15              60813.40978322 60813.41949033 26
NOAA-15              60813.47879319 60813.48874127 28
NOAA-15              60813.92499693 60813.93411545 17
NOAA-15              60813.99374798 60814.00393567 39
NOAA-15              60814.39245943 60814.40094911 14
NOAA-15              60814.46034660 60814.47086807 53
NOAA-15              60814.90766904 60814.91494417 8
NOAA-15              60814.97552101 60814.98607093 75
NOAA-15              60815.04642716 60815.05244786 5
NOAA-15              60815.37562200 60815.38207407 6
NOAA-15              60815.44218522 60815.45281391 81
NOAA-15              60815.51350341 60815.52054120 7
NOAA-15              60815.95745009 60815.96793677 57
NOAA-15              60816.02745330 60816.03569307 13
NOAA-15              60816.42429272 60816.43460336 42
NOAA-15              60816.49423719 60816.50327001 16
NOAA-15              60816.93955153 60816.94951975 30
NOAA-15              60817.00887912 60817.01841148 24
NOAA-15              60817.40668507 60817.41622932 23
NOAA-15              60817.47550475 60817.48559436 31
NOAA-15              60817.92189607 60817.93075816 16
NOAA-15              60817.99051397 60818.00078295 44
NOAA-15              60818.38942794 60818.39764232 12
NOAA-15              60818.45710861 60818.46768406 60
NOAA-15              60818.90466564 60818.91146557 7
NOAA-15              60818.97231105 60818.98286901 83
NOAA-15              60819.04303878 60819.04951718 6
NOAA-15              60819.37270823 60819.37867367 5
NOAA-15              60819.43899196 60819.44959966 72
NOAA-15              60819.51004559 60819.51752282 9
NOAA-15              60819.95426372 60819.96468558 51
NOAA-15              60820.02414717 60820.03264611 14
NOAA-15              60820.42114490 60820.43135967 38
NOAA-15              60820.49088701 60820.50015667 18
NOAA-15              60820.93640017 60820.94621296 27
NOAA-15              60821.00561238 60821.01529543 26
NOAA-15              60821.40358971 60821.41295162 21
NOAA-15              60821.47221814 60821.48243053 35
NOAA-15              60821.91879727 60821.92737615 14
NOAA-15              60821.98727439 60821.99761285 49
NOAA-15              60822.38640439 60822.39431423 11
NOAA-15              60822.45387090 60822.46448471 67
NOAA-15              60822.52647909 60822.53118106 3
NOAA-15              60822.90168456 60822.90794169 5
NOAA-15              60822.96909579 60822.97965000 86
NOAA-15              60823.03962800 60823.04655400 7
NOAA-15              60823.36987850 60823.37523167 4
NOAA-15              60823.43580015 60823.44637044 65
NOAA-15              60823.50660532 60823.51447152 10
NOAA-18              60803.19396852 60803.20091208 7
NOAA-18              60803.52644273 60803.53344012 7
NOAA-18              60803.59380074 60803.60466652 87
NOAA-18              60803.66594510 60803.67287361 7
NOAA-18              60804.04613763 60804.05178911 4
NOAA-18              60804.11373494 60804.12469859 72
NOAA-18              60804.18458951 60804.19265095 11
NOAA-18              60804.51841452 60804.52393989 4
NOAA-18              60804.58491449 60804.59569911 64
NOAA-18              60804.65628500 60804.66445182 11
NOAA-18              60805.10483659 60805.11569186 53
NOAA-18              60805.17534022 60805.18424146 15
NOAA-18              60805.57609136 60805.58669474 47
NOAA-18              60805.64682788 60805.65587683 15
NOAA-18              60806.09598157 60806.10661621 39
NOAA-18              60806.16616114 60806.17572324 20
NOAA-18              60806.56733536 60806.57765238 35
NOAA-18              60806.63749600 60806.64720165 21
NOAA-18              60807.08717511 60807.09746584 29
NOAA-18              60807.15703625 60807.16711455 27
NOAA-18              60807.55865118 60807.56856906 26
NOAA-18              60807.62826284 60807.63845207 29
NOAA-18              60808.07842691 60808.08823132 21
NOAA-18              60808.14795637 60808.15842665 36
NOAA-18              60808.55004638 60808.55943914 19
NOAA-18              60808.61911290 60808.62964349 39
NOAA-18              60809.06975258 60809.07889711 15
NOAA-18              60809.13891623 60809.14966678 49
NOAA-18              60809.54153290 60809.55025275 14
NOAA-18              60809.61003674 60809.62078581 54
NOAA-18              60810.06117782 60810.06943637 11
NOAA-18              60810.12991306 60810.14083929 66
NOAA-18              60810.20162258 60810.20748703 5
NOAA-18              60810.53313020 60810.54099282 10
NOAA-18              60810.60102871 60810.61188498 74
NOAA-18              60810.67392120 60810.67950069 4
NOAA-18              60811.05275307 60811.05979843 7
NOAA-18              60811.12094597 60811.13194651 88
NOAA-18              60811.19211862 60811.19937452 8
NOAA-18              60811.52487383 60811.53162607 7
NOAA-18              60811.59208578 60811.60294490 82
NOAA-18              60811.66406643 60811.67127442 7
NOAA-18              60812.04459957 60812.04985767 3
NOAA-18              60812.11201582 60812.12298888 68
NOAA-18              60812.18279177 60812.19106895 12
NOAA-18              60812.51689832 60812.52207601 3
NOAA-18              60812.58320831 60812.59396751 60
NOAA-18              60812.65444328 60812.66281359 12
NOAA-18              60813.10312279 60813.11396498 50
NOAA-18              60813.17355683 60813.18263098 16
NOAA-18              60813.57439438 60813.58495318 44
NOAA-18              60813.64501041 60813.65421302 16
NOAA-18              60814.09427438 60814.10487121 36
NOAA-18              60814.16438775 60814.17408920 22
NOAA-18              60814.56564832 60814.57590026 33
NOAA-18              60814.63569618 60814.64551846 23
NOAA-18              60815.08547608 60815.09570123 27
NOAA-18              60815.15527040 60815.16545970 29
NOAA-18              60815.55697537 60815.56680575 24
NOAA-18              60815.62647692 60815.63675329 31
NOAA-18              60816.07673856 60816.08644437 20
NOAA-18              60816.14619664 60816.15675287 38
NOAA-18              60816.54838379 60816.55766308 18
NOAA-18              60816.61733862 60816.62793173 42
NOAA-18              60817.06807904 60817.07708356 14
NOAA-18              60817.13716176 60817.14797492 52
NOAA-18              60817.20943796 60817.21382459 2
NOAA-18              60817.53988661 60817.54846132 13
NOAA-18              60817.60827275 60817.61906221 58
NOAA-18              60818.05952699 60818.06758897 10
NOAA-18              60818.12816350 60818.13913010 71
NOAA-18              60818.19971973 60818.20596026 5
NOAA-18              60818.53150553 60818.53918128 9
NOAA-18              60818.59927418 60818.61015062 79
NOAA-18              60818.67195003 60818.67794088 5
NOAA-18              60819.05113936 60819.05790115 6
NOAA-18              60819.11920144 60819.13022019 86
NOAA-18              60819.19028244 60819.19779250 9
NOAA-18              60819.52327307 60819.52978469 6
NOAA-18              60819.59034048 60819.60120032 77
NOAA-18              60819.66216076 60819.66964804 8
NOAA-18              60820.04307953 60820.04786130 3
NOAA-18              60820.11027664 60820.12124528 64
NOAA-18              60820.18097613 60820.18945169 12
NOAA-18              60820.51536664 60820.52017725 3
NOAA-18              60820.58147222 60820.59221293 56
NOAA-18              60820.65257242 60820.66115061 13
NOAA-18              60821.10138941 60821.11220351 47
NOAA-18              60821.17175443 60821.18098630 17
NOAA-18              60821.57266788 60821.58318833 41
NOAA-18              60821.64316307 60821.65252524 18
NOAA-18              60822.09254810 60822.10309084 34
NOAA-18              60822.16259478 60822.17242099 23
NOAA-18              60822.56393250 60822.57412507 31
NOAA-18              60822.63386635 60822.64381192 24
NOAA-18              60823.08375875 60823.09389997 25
NOAA-18              60823.15348469 60823.16377058 30
NOAA-18              60823.55527151 60823.56501895 23
NOAA-18              60823.62466109 60823.63503154 33
NOAA-19              60803.52487403 60803.53532874 36
NOAA-19              60803.59504921 60803.60486277 21
NOAA-19              60804.04491088 60804.05519295 29
NOAA-19              60804.11476369 60804.12484852 27
NOAA-19              60804.51634342 60804.52641694 27
NOAA-19              60804.58598040 60804.59627711 29
NOAA-19              60805.03632652 60805.04612134 21
NOAA-19              60805.10585256 60805.11631502 36
NOAA-19              60805.50788885 60805.51746078 20
NOAA-19              60805.57699250 60805.58763403 39
NOAA-19              60806.02781412 60806.03695237 15
NOAA-19              60806.09697959 60806.10771151 48
NOAA-19              60806.49952099 60806.50845164 15
NOAA-19              60806.56807640 60806.57894261 53
NOAA-19              60807.01939906 60807.02766017 11
NOAA-19              60807.08814224 60807.09904210 66
NOAA-19              60807.15985749 60807.16567759 5
NOAA-19              60807.49125693 60807.49937469 11
NOAA-19              60807.55922654 60807.57020901 73
NOAA-19              60807.63216100 60807.63778835 4
NOAA-19              60808.01112786 60808.01819623 7
NOAA-19              60808.07933970 60808.09030901 86
NOAA-19              60808.15052320 60808.15771642 8
NOAA-19              60808.48312669 60808.49020228 7
NOAA-19              60808.55043997 60808.56143702 84
NOAA-19              60808.62246943 60808.62972693 7
NOAA-19              60809.00311642 60809.00844234 3
NOAA-19              60809.07057281 60809.08151269 69
NOAA-19              60809.14136316 60809.14956550 11
NOAA-19              60809.47524713 60809.48087482 4
NOAA-19              60809.54171689 60809.55262867 63
NOAA-19              60809.61300697 60809.62143273 11
NOAA-19              60810.06184174 60810.07265180 51
NOAA-19              60810.13229334 60810.14128438 16
NOAA-19              60810.53305505 60810.54378447 46
NOAA-19              60810.60373252 60810.61299946 16
NOAA-19              60811.05315360 60811.06372296 37
NOAA-19              60811.12328812 60811.13290104 21
NOAA-19              60811.52445846 60811.53490337 35
NOAA-19              60811.59457543 60811.60447255 22
NOAA-19              60812.04451367 60812.05472014 28
NOAA-19              60812.11433356 60812.12443143 28
NOAA-19              60812.51593167 60812.52598257 26
NOAA-19              60812.58551206 60812.59587533 30
NOAA-19              60813.03593196 60813.04563347 20
NOAA-19              60813.10542156 60813.11588569 37
NOAA-19              60813.50748185 60813.51701673 20
NOAA-19              60813.57652841 60813.58722174 40
NOAA-19              60814.02742459 60814.03644690 15
NOAA-19              60814.09654744 60814.10727037 50
NOAA-19              60814.49912020 60814.50799672 15
NOAA-19              60814.56761583 60814.57852068 55
NOAA-19              60815.01901873 60815.02713307 10
NOAA-19              60815.08770898 60815.09858937 68
NOAA-19              60815.15937203 60815.16530770 5
NOAA-19              60815.49086468 60815.49890680 10
NOAA-19              60815.55876911 60815.56977792 75
NOAA-19              60815.63158668 60815.63745317 4
NOAA-19              60816.01076567 60816.01763828 6
NOAA-19              60816.07890527 60816.08984474 87
NOAA-19              60816.15004861 60816.15732080 8
NOAA-19              60816.48274729 60816.48971740 7
NOAA-19              60816.54998551 60816.56099702 82
NOAA-19              60816.62192982 60816.62935090 8
NOAA-19              60817.00279845 60817.00782637 3
NOAA-19              60817.07013752 60817.08103672 67
NOAA-19              60817.14089315 60817.14915121 12
NOAA-19              60817.47489133 60817.48036299 4
NOAA-19              60817.54126546 60817.55217986 61
NOAA-19              60817.61248441 60817.62103296 12
NOAA-19              60818.06140597 60818.07216377 49
NOAA-19              60818.13182504 60818.14085450 16
NOAA-19              60818.53260689 60818.54332676 45
NOAA-19              60818.60322074 60818.61258259 17
NOAA-19              60819.05271794 60819.06322213 36
NOAA-19              60819.12282003 60819.13245735 21
NOAA-19              60819.52401403 60819.53443651 34
NOAA-19              60819.59407112 60819.60404191 23
NOAA-19              60820.04407923 60820.05420570 27
NOAA-19              60820.11386484 60820.12397496 28
NOAA-19              60820.51549166 60820.52550604 25
NOAA-19              60820.58501332 60820.59543281 31
NOAA-19              60821.03550034 60821.04510375 20
NOAA-19              60821.10495174 60821.11541711 38
NOAA-19              60821.50704733 60821.51652969 19
NOAA-19              60821.57603410 60821.58676850 42
NOAA-19              60822.02699838 60822.03589927 14
NOAA-19              60822.09607622 60822.10679011 51
NOAA-19              60822.16838698 60822.17260785 2
NOAA-19              60822.49869283 60822.50749777 14
NOAA-19              60822.56712527 60822.57805746 57
NOAA-19              60823.01860263 60823.02656256 10
NOAA-19              60823.08723638 60823.09809763 70
NOAA-19              60823.15884702 60823.16489943 5
NOAA-19              60823.49044720 60823.49839347 10
NOAA-19              60823.55828195 60823.56930516 77
NOAA-19              60823.63098743 60823.63707134 5
NOAA-19              60824.01036978 60824.01703459 6
NOAA-19              60824.07843143 60824.08934154 86
METOA                60803.61398192 60803.62282015 55
METOA                60803.68263798 60803.68872018 7
METOA                60804.11311797 60804.12085561 18
METOA                60804.18011008 60804.18799314 22
METOA                60804.56694968 60804.57263136 6
METOA                60804.63205091 60804.64091561 62
METOA                60805.13087057 60805.13943021 38
METOA                60805.19865759 60805.20533532 11
METOA                60805.58400494 60805.59139460 15
METOA                60805.65046124 60805.65881518 28
METOA                60806.08387621 60806.08787388 2
METOA                60806.14885078 60806.15766897 82
METOA                60806.21767226 60806.22207127 3
METOA                60806.60151741 60806.60982832 30
METOA                60806.66918481 60806.67643538 13
METOA                60807.10068712 60807.10756274 10
METOA                60807.16701153 60807.17560996 40
METOA                60807.61935764 60807.62804942 67
METOA                60807.68852131 60807.69354767 4
METOA                60808.11819723 60808.12643630 22
METOA                60808.18539614 60808.19323427 19
METOA                60808.57202256 60808.57803115 8
METOA                60808.63748947 60808.64608184 49
METOA                60809.13601091 60809.14489760 48
METOA                60809.20400425 60809.21046406 9
METOA                60809.58919264 60809.59669043 17
METOA                60809.65597473 60809.66390299 22
METOA                60810.08852116 60810.09389804 5
METOA                60810.15402967 60810.16304392 72
METOA                60810.22318578 60810.22696365 2
METOA                60810.60677850 60810.61505687 36
METOA                60810.67481861 60810.68139891 10
METOA                60811.10564148 60811.11322139 14
METOA                60811.17226336 60811.18090039 34
METOA                60811.56048139 60811.56422927 2
METOA                60811.62468025 60811.63321835 80
METOA                60811.69450102 60811.69817213 2
METOA                60812.12324986 60812.13194475 28
METOA                60812.19064359 60812.19842482 17
METOA                60812.57705745 60812.58336115 9
METOA                60812.64291880 60812.65118910 39
METOA                60813.14111545 60813.15030169 61
METOA                60813.20931375 60813.21552787 8
METOA                60813.59432935 60813.60192783 20
METOA                60813.66144150 60813.66892218 18
METOA                60814.09328016 60814.09970687 7
METOA                60814.15916919 60814.16835866 60
METOA                60814.61198437 60814.62023015 44
METOA                60814.68043533 60814.68627490 7
METOA                60815.11059091 60815.11878624 17
METOA                60815.17742903 60815.18612056 29
METOA                60815.56525867 60815.56970001 4
METOA                60815.62994602 60815.63833228 74
METOA                60816.12827694 60816.13738011 35
METOA                60816.19585304 60816.20355281 15
METOA                60816.58204731 60816.58863042 11
METOA                60816.64824839 60816.65623611 31
METOA                60817.08134681 60817.08565381 3
METOA                60817.14618905 60817.15563943 74
METOA                60817.21459483 60817.22051881 6
METOA                60817.59941098 60817.60711324 24
METOA                60817.66686053 60817.67387565 14
METOA                60818.09808694 60818.10536824 10
METOA                60818.16427394 60818.17360916 50
METOA                60818.61713140 60818.62535348 55
METOA                60818.68603774 60818.69103979 5
METOA                60819.11553093 60819.12426173 22
METOA                60819.18256527 60819.19128277 25
METOA                60819.57003224 60819.57507168 5
METOA                60819.63515222 60819.64339622 59
METOA                60820.13328014 60820.14274014 44
METOA                60820.20103074 60820.20861256 13
METOA                60820.58698762 60820.59384589 13
METOA                60820.65352052 60820.66123042 25
METOA                60821.08586826 60821.09155724 5
METOA                60821.15123169 60821.16090694 82
METOA                60821.21985829 60821.22542660 5
METOA                60821.60443463 60821.61225139 29
METOA                60821.67223167 60821.67876618 11
METOA                60822.10291577 60822.11090774 13
METOA                60822.16938995 60822.17879492 42
METOA                60822.62221783 60822.63043147 70
METOA                60822.69165913 60822.69567458 3
METOA                60823.12045937 60823.12964902 27
METOA                60823.18763611 60823.19637731 22
METOA                60823.57478329 60823.58036665 7
METOA                60823.64029724 60823.64841454 46
METOA                60824.13826163 60824.14802212 54
METOA                60824.20618316 60824.21359671 11
METOA                60824.59187601 60824.59901272 16
METOA                60824.65873404 60824.66617608 20
METOA                60825.09051682 60825.09723070 7
METOA                60825.15624849 60825.16610005 73
METOA                60825.22511821 60825.23023644 4
METOA                60825.60940036 60825.61734631 35
METOA                60825.67755690 60825.68359507 8
METOA                60826.10775350 60826.11633693 17
METOA                60826.17439515 60826.18389855 36
METOA                60826.56308618 60826.56645030 2
METOB                60803.47796514 60803.48693088 17
METOB                60803.54641019 60803.55693025 45
METOB                60803.99497419 60804.00323327 11
METOB                60804.06346754 60804.07409468 60
METOB                60804.13507260 60804.14007063 3
METOB                60804.46442732 60804.47207372 10
METOB                60804.53191397 60804.54264538 76
METOB                60804.60435631 60804.60996421 4
METOB                60804.98147974 60804.98770502 5
METOB                60805.04906226 60805.05980085 83
METOB                60805.11976766 60805.12707747 8
METOB                60805.45135767 60805.45690569 4
METOB                60805.51758823 60805.52825903 66
METOB                60805.58869605 60805.59659463 10
METOB                60806.03475425 60806.04533862 50
METOB                60806.10486328 60806.11360408 15
METOB                60806.50342930 60806.51377657 40
METOB                60806.57350772 60806.58278682 18
METOB                60807.02056097 60807.03069588 30
METOB                60807.09014574 60807.09984806 24
METOB                60807.48945123 60807.49919152 25
METOB                60807.55864105 60807.56875010 30
METOB                60808.00651529 60808.01584040 18
METOB                60808.07555506 60808.08587822 39
METOB                60808.47568452 60808.48448097 15
METOB                60808.54398902 60808.55456291 49
METOB                60808.99269029 60809.00069841 10
METOB                60809.06106735 60809.07172613 65
METOB                60809.13250260 60809.13794162 4
METOB                60809.46219541 60809.46958767 9
METOB                60809.52951820 60809.54025992 82
METOB                60809.60171037 60809.60777984 5
METOB                60809.97928712 60809.98506432 4
METOB                60810.04667555 60810.05740493 77
METOB                60810.11727846 60810.12484672 9
METOB                60810.44922163 60810.45433873 3
METOB                60810.51521691 60810.52585715 61
METOB                60810.58612564 60810.59431351 11
METOB                60811.03238221 60811.04291443 46
METOB                60811.10240810 60811.11132087 16
METOB                60811.50108352 60811.51135804 37
METOB                60811.57101992 60811.58045840 19
METOB                60812.01820763 60812.02823989 28
METOB                60812.08771125 60812.09752720 26
METOB                60812.48713432 60812.49675413 23
METOB                60812.55618866 60812.56639336 32
METOB                60813.00418872 60813.01334480 17
METOB                60813.07313599 60813.08352618 42
METOB                60813.47340365 60813.48201885 14
METOB                60813.54156493 60813.55218501 53
METOB                60813.99040907 60813.99814435 9
METOB                60814.05866183 60814.06934589 70
METOB                60814.12994485 60814.13578244 5
METOB                60814.45996696 60814.46708576 8
METOB                60814.52711932 60814.53786438 88
METOB                60814.59908198 60814.60556458 6
METOB                60814.97711608 60814.98238432 3
METOB                60815.04428367 60815.05499725 71
METOB                60815.11478840 60815.12259925 10
METOB                60815.44710753 60815.45173816 3
METOB                60815.51284255 60815.52344520 56
METOB                60815.58358846 60815.59201384 12
METOB                60816.03000546 60816.04047790 43
METOB                60816.09994909 60816.10902420 17
METOB                60816.49873520 60816.50892924 34
METOB                60816.56853118 60816.57811751 21
METOB                60817.01585048 60817.02577077 26
METOB                60817.08527185 60817.09519399 28
METOB                60817.48481579 60817.49430570 21
METOB                60817.55373393 60817.56402553 34
METOB                60818.00186010 60818.01083387 15
METOB                60818.07071176 60818.08116232 46
METOB                60818.47112301 60818.47954408 13
METOB                60818.53913791 60818.54979674 58
METOB                60818.98813068 60818.99556973 8
METOB                60819.05625092 60819.06695404 76
METOB                60819.12739526 60819.13359736 5
METOB                60819.45774371 60819.46456674 7
METOB                60819.52471739 60819.53545868 86
METOB                60819.59646666 60819.60332284 7
METOB                60819.97497604 60819.97965499 3
METOB                60820.04188659 60820.05257784 66
METOB                60820.11229672 60820.12033566 11
METOB                60820.44502545 60820.44909387 2
METOB                60820.51046545 60820.52102310 52
METOB                60820.58105318 60820.58969883 13
METOB                60821.02762401 60821.03802933 39
METOB                60821.09748595 60821.10671409 19
METOB                60821.49638448 60821.50648985 32
METOB                60821.56604127 60821.57576435 23
METOB                60822.01348967 60822.02328837 24
METOB                60822.08282737 60822.09284862 30
METOB                60822.48249589 60822.49184597 20
METOB                60822.55127677 60822.56164677 37
METOB                60822.99953008 60823.00830751 14
METOB                60823.06828192 60823.07878678 49
METOB                60823.46884312 60823.47705615 12
METOB                60823.53670795 60823.54739805 63
METOB                60823.60989644 60823.61408969 2
