iss                  60802.85028198 60802.85546032 6
iss                  60802.91638773 60802.92381686 52
iss                  60803.40551481 60803.40989115 4
iss                  60803.47088135 60803.47839198 59
iss                  60803.88258680 60803.89004311 59
iss                  60803.95103519 60803.95538080 4
iss                  60804.43710552 60804.44456998 53
iss                  60804.50540062 60804.51067349 6
iss                  60804.84891117 60804.85601490 25
iss                  60804.91636375 60804.92254072 11
iss                  60805.40355015 60805.41053300 22
iss                  60805.47082722 60805.47737990 14
iss                  60805.81541070 60805.82169819 12
iss                  60805.88211711 60805.88920274 25
iss                  60806.37023223 60806.37619927 10
iss                  60806.43656589 60806.44382710 29
iss                  60806.78215771 60806.78698515 5
iss                  60806.84809865 60806.85555821 63
iss                  60807.33748118 60807.34129635 3
iss                  60807.40253885 60807.41007720 71
iss                  60807.47189473 60807.47536400 2
iss                  60807.81424534 60807.82165552 48
iss                  60807.88244784 60807.88725943 5
iss                  60808.36872350 60808.37613467 44
iss                  60808.43679636 60808.44239055 8
iss                  60808.78051677 60808.78749278 21
iss                  60808.84780613 60808.85421176 13
iss                  60809.33513807 60809.34196512 19
iss                  60809.40221370 60809.40895476 16
iss                  60809.74697563 60809.75302608 10
iss                  60809.81353092 60809.82072600 30
iss                  60810.30181484 60810.30746642 8
iss                  60810.36792214 60810.37527869 34
iss                  60810.71372444 60810.71811456 4
iss                  60810.77946783 60810.78694681 78
iss                  60811.33385891 60811.34140859 86
iss                  60811.40287911 60811.40695345 3
iss                  60811.74556511 60811.75291023 40
iss                  60811.81352890 60811.81877649 7
iss                  60812.30000983 60812.30734026 36
iss                  60812.36785028 60812.37375547 9
iss                  60812.71178796 60812.71860590 18
iss                  60812.77890645 60812.78553266 16
iss                  60813.26640380 60813.27302900 16
iss                  60813.33325836 60813.34017929 19
iss                  60813.67821510 60813.68397691 9
iss                  60813.74460316 60813.75189748 36
iss                  60814.23309651 60814.23834306 7
iss                  60814.29893963 60814.30637806 41
iss                  60814.64499945 60814.64882947 3
iss                  60814.71049726 60814.71798003 84
iss                  60815.26484468 60815.27238379 76
iss                  60815.33354621 60815.33816196 4
iss                  60815.67654843 60815.68380428 33
iss                  60815.74427881 60815.74993199 8
iss                  60816.23096849 60816.23818361 29
iss                  60816.29856555 60816.30476684 11
iss                  60816.64272765 60816.64934996 15
iss                  60816.70966698 60816.71650069 19
iss                  60817.19735375 60817.20371882 13
iss                  60817.26396443 60817.27105155 22
iss                  60817.60913539 60817.61454291 7
iss                  60817.67533548 60817.68271478 45
iss                  60818.16409484 60818.16881162 5
iss                  60818.22962162 60818.23712293 52
iss                  60818.64118891 60818.64865487 66
iss                  60818.70979446 60818.71376994 3
iss                  60819.19549989 60819.20300013 59
iss                  60819.26389164 60819.26899773 6
iss                  60819.60719749 60819.61433363 27
iss                  60819.67469819 60819.68072540 10
iss                  60820.16160421 60820.16866037 24
iss                  60820.22894502 60820.23542309 13
iss                  60820.57333943 60820.57971965 13
iss                  60820.64008999 60820.64711310 23
iss                  60821.12799685 60821.13402667 11
iss                  60821.19433512 60821.20156962 27
iss                  60821.53974606 60821.54471238 6
iss                  60821.60573012 60821.61317471 59
iss                  60822.09484224 60822.09883964 3
iss                  60822.15997147 60822.16751100 67
iss                  60822.57154515 60822.57896788 51
iss                  60822.63978883 60822.64447907 5
iss                  60823.12582833 60823.13325448 45
iss                  60823.19391388 60823.19946525 7
iss                  60823.53749112 60823.54449347 22
iss                  60823.60478733 60823.61115538 13
iss                  60824.09192278 60824.09876559 19
iss                  60824.15899178 60824.16572297 16
iss                  60824.50362893 60824.50970764 10
iss                  60824.57017744 60824.57736699 29
iss                  60825.05828956 60825.06393900 8
iss                  60825.12437365 60825.13173136 34
iss                  60825.47006322 60825.47446675 4
iss                  60825.53578960 60825.54327396 78
iss                  60826.08999273 60826.09753971 87
iss                  60826.15895924 60826.16308895 3
iss                  60826.50156851 60826.50891507 39
iss                  60826.56948954 60826.57478512 7
AO-07                60802.86523601 60802.87968473 35
AO-07                60802.94339904 60802.95769914 34
AO-07                60803.31360545 60803.32491719 12
AO-07                60803.38918065 60803.40469359 84
AO-07                60803.47032925 60803.48025604 8
AO-07                60803.82576307 60803.83578597 8
AO-07                60803.90143416 60803.91681766 86
AO-07                60803.98130200 60803.99227386 12
AO-07                60804.34825364 60804.36276230 36
AO-07                60804.42635133 60804.44085783 34
AO-07                60804.86043893 60804.87458945 30
AO-07                60804.93836649 60804.95292440 39
AO-07                60805.30911439 60805.31970175 10
AO-07                60805.38425368 60805.39976206 87
AO-07                60805.46492234 60805.47576234 10
AO-07                60805.82134234 60805.83030297 6
AO-07                60805.89651207 60805.91187364 77
AO-07                60805.97611139 60805.98774242 14
AO-07                60806.34350034 60806.35771968 31
AO-07                60806.42127747 60806.43604282 39
AO-07                60806.85566323 60806.86946820 26
AO-07                60806.93334840 60806.94812633 44
AO-07                60807.30468662 60807.31443905 8
AO-07                60807.37934601 60807.39481721 78
AO-07                60807.45958673 60807.47119790 13
AO-07                60807.81705233 60807.82468921 4
AO-07                60807.89160403 60807.90691076 68
AO-07                60807.97095331 60807.98316441 17
AO-07                60808.33877355 60808.35266090 27
AO-07                60808.41622682 60808.43120801 44
AO-07                60808.85091425 60808.86431823 23
AO-07                60808.92834412 60808.94330632 50
AO-07                60809.30040142 60809.30911522 6
AO-07                60809.37446104 60809.38985926 69
AO-07                60809.45430729 60809.46657796 15
AO-07                60809.81297364 60809.81885078 2
AO-07                60809.88671075 60809.90192879 60
AO-07                60809.96582248 60809.97854605 19
AO-07                60810.33407539 60810.34758459 24
AO-07                60810.41119811 60810.42635462 50
AO-07                60810.84619549 60810.85913655 19
AO-07                60810.92335320 60810.93846497 57
AO-07                60811.00484466 60811.01158671 3
AO-07                60811.29616526 60811.30369904 4
AO-07                60811.36959295 60811.38488831 61
AO-07                60811.44907406 60811.46191284 18
AO-07                60811.88183311 60811.89692732 53
AO-07                60811.96071508 60811.97389189 22
AO-07                60812.32940845 60812.34248866 21
AO-07                60812.40619036 60812.42148436 57
AO-07                60812.84151222 60812.85391826 16
AO-07                60812.91837538 60812.93360345 65
AO-07                60812.99935562 60813.00742095 5
AO-07                60813.29209667 60813.29813482 3
AO-07                60813.36474539 60813.37990428 54
AO-07                60813.44388004 60813.45720972 21
AO-07                60813.87696988 60813.89190582 46
AO-07                60813.95562825 60813.96920564 26
AO-07                60814.32477587 60814.33737091 18
AO-07                60814.40120284 60814.41659819 65
AO-07                60814.48375046 60814.49084009 4
AO-07                60814.83687095 60814.84865744 14
AO-07                60814.91341051 60814.92872226 73
AO-07                60814.99398351 60815.00312217 7
AO-07                60815.35991896 60815.37490686 47
AO-07                60815.43872016 60815.45247441 25
AO-07                60815.87212549 60815.88686320 41
AO-07                60815.95055988 60815.96448997 29
AO-07                60816.32018170 60816.33222802 15
AO-07                60816.39623506 60816.41169702 73
AO-07                60816.47806763 60816.48662149 6
AO-07                60816.83228024 60816.84334534 11
AO-07                60816.90845883 60816.92382185 83
AO-07                60816.98868764 60816.99873102 9
AO-07                60817.35511462 60817.36989604 42
AO-07                60817.43359059 60817.44771067 29
AO-07                60817.86730023 60817.88179860 35
AO-07                60817.94550833 60817.95974733 33
AO-07                60818.31563123 60818.32705554 13
AO-07                60818.39128670 60818.40678154 82
AO-07                60818.47254226 60818.48224697 8
AO-07                60818.82775717 60818.83796956 9
AO-07                60818.90352011 60818.91890253 88
AO-07                60818.98344675 60818.99426921 11
AO-07                60819.35033356 60819.36487096 37
AO-07                60819.42848844 60819.44292193 33
AO-07                60819.86249585 60819.87671043 31
AO-07                60819.94047237 60819.95497959 38
AO-07                60820.31113120 60820.32184718 11
AO-07                60820.38635763 60820.40185231 89
AO-07                60820.46711998 60820.47777002 10
AO-07                60820.82331508 60820.83250961 7
AO-07                60820.89859492 60820.91396444 79
AO-07                60820.97824811 60820.98975034 14
AO-07                60821.34557060 60821.35983093 32
AO-07                60821.42341147 60821.43811073 37
AO-07                60821.85771478 60821.87159681 27
AO-07                60821.93545107 60821.95018827 43
AO-07                60822.30669215 60822.31659382 9
LO-19                60802.89749508 60802.90785519 61
LO-19                60802.96768121 60802.97477807 8
LO-19                60803.35785935 60803.36700502 21
LO-19                60803.42638723 60803.43591903 26
LO-19                60803.87507467 60803.88463929 25
LO-19                60803.94392527 60803.95324697 22
LO-19                60804.33638434 60804.34322932 7
LO-19                60804.40319364 60804.41347792 64
LO-19                60804.85325127 60804.86075441 9
LO-19                60804.92073942 60804.93101275 54
LO-19                60805.38048517 60805.39064692 51
LO-19                60805.45069330 60805.45820068 10
LO-19                60805.89792585 60805.90828178 61
LO-19                60805.96811628 60805.97519949 8
LO-19                60806.35827841 60806.36743721 21
LO-19                60806.42681008 60806.43634771 26
LO-19                60806.87550345 60806.88506543 25
LO-19                60806.94435687 60806.95366956 22
LO-19                60807.33679861 60807.34366366 7
LO-19                60807.40361414 60807.41390652 64
LO-19                60807.85367761 60807.86118052 9
LO-19                60807.92116877 60807.93143518 53
LO-19                60808.38090309 60808.39107544 51
LO-19                60808.45111447 60808.45862609 10
LO-19                60808.89835326 60808.90870370 62
LO-19                60808.96854798 60808.97561638 8
LO-19                60809.35869369 60809.36786599 21
LO-19                60809.42722883 60809.43677321 26
LO-19                60809.87592893 60809.88548678 25
LO-19                60809.94478502 60809.95408763 22
LO-19                60810.33720932 60810.34409444 8
LO-19                60810.40403070 60810.41433179 64
LO-19                60810.85410086 60810.86160158 9
LO-19                60810.92159466 60810.93185305 53
LO-19                60811.38131740 60811.39150053 51
LO-19                60811.45153144 60811.45904845 10
LO-19                60811.89877721 60811.90912100 62
LO-19                60811.96897619 60811.97602880 8
LO-19                60812.35910534 60812.36829124 21
LO-19                60812.42764363 60812.43719542 26
LO-19                60812.87635099 60812.88590342 25
LO-19                60812.94520960 60812.95450123 22
LO-19                60813.33761661 60813.34452152 8
LO-19                60813.40444345 60813.41475365 64
LO-19                60813.85452089 60813.86201767 9
LO-19                60813.92201696 60813.93226642 53
LO-19                60814.38172804 60814.39192191 51
LO-19                60814.45194437 60814.45946762 10
LO-19                60814.89919759 60814.90953375 62
LO-19                60814.96940076 60814.97643681 8
LO-19                60815.35951347 60815.36871284 21
LO-19                60815.42805460 60815.43761423 26
LO-19                60815.87676953 60815.88631541 25
LO-19                60815.94563051 60815.95491043 22
LO-19                60816.33802064 60816.34494477 8
LO-19                60816.40485252 60816.41517198 64
LO-19                60816.85493755 60816.86242890 9
LO-19                60816.92243557 60816.93267535 53
LO-19                60817.38213513 60817.39233984 51
LO-19                60817.45235341 60817.45988347 10
LO-19                60817.89961427 60817.90994202 62
LO-19                60817.96982156 60817.97684051 8
LO-19                60818.35991820 60818.36913068 21
LO-19                60818.42846186 60818.43802952 26
LO-19                60818.87718442 60818.88672284 25
LO-19                60818.94604760 60818.95531530 22
LO-19                60819.33842154 60819.34536401 8
LO-19                60819.40525801 60819.41558667 64
LO-19                60819.85535070 60819.86283538 9
LO-19                60819.92285037 60819.93307992 53
LO-19                60820.38253877 60820.39275401 51
LO-19                60820.45275870 60820.46029586 10
LO-19                60820.90002714 60820.91034590 62
LO-19                60820.97023843 60820.97724001 8
LO-19                60821.36031964 60821.36954463 21
LO-19                60821.42886553 60821.43844118 26
LO-19                60821.87759552 60821.88712581 25
LO-19                60821.94646076 60821.95571594 22
LO-19                60822.33881945 60822.34577910 8
LO-19                60822.40566003 60822.41599760 64
LO-19                60822.85576020 60822.86323724 9
LO-19                60822.92326122 60822.93348023 53
LO-19                60823.38293907 60823.39316430 51
LO-19                60823.45316039 60823.46070463 10
LO-19                60823.90043607 60823.91074548 62
LO-19                60823.97065121 60823.97763543 8
LO-19                60824.36071791 60824.36995455 21
LO-19                60824.42926573 60824.43884907 26
LO-19                60824.87800271 60824.88752443 25
LO-19                60824.94686985 60824.95611246 22
LO-19                60825.33921449 60825.34618988 8
LO-19                60825.40605863 60825.41640464 64
LO-19                60825.85616588 60825.86363463 9
LO-19                60825.92366801 60825.93387640 53
LO-19                60826.38333612 60826.39357058 51
LO-19                60826.45355859 60826.46110965 10
LO-19                60826.90084094 60826.91114088 62
LO-19                60826.97105975 60826.97802690 8
LO-19                60827.36111309 60827.37036032 21
FO-29                60803.07120189 60803.08195264 36
FO-29                60803.14469746 60803.15425821 16
FO-29                60803.54603089 60803.55561853 11
FO-29                60803.61740028 60803.63021654 66
FO-29                60803.69308416 60803.69904169 4
FO-29                60804.03487492 60804.04222400 8
FO-29                60804.10549099 60804.11671389 62
FO-29                60804.57928958 60804.59177469 37
FO-29                60804.65253953 60804.66392847 23
FO-29                60805.06764103 60805.07811009 31
FO-29                60805.14092527 60805.15058635 18
FO-29                60805.54244593 60805.55181725 10
FO-29                60805.61361280 60805.62664842 72
FO-29                60805.68893250 60805.69591195 5
FO-29                60806.03152581 60806.03820188 6
FO-29                60806.10183050 60806.11294555 69
FO-29                60806.57557936 60806.58811196 34
FO-29                60806.64867680 60806.66046712 26
FO-29                60807.06408200 60807.07426246 28
FO-29                60807.13715540 60807.14690758 20
FO-29                60807.53888416 60807.54799784 9
FO-29                60807.60983585 60807.62307296 76
FO-29                60807.68485638 60807.69270948 7
FO-29                60808.02821366 60808.03414055 5
FO-29                60808.09816906 60808.10917442 75
FO-29                60808.57188125 60808.58444092 32
FO-29                60808.64482875 60808.65699344 29
FO-29                60809.06052498 60809.07041004 25
FO-29                60809.13338703 60809.14322319 22
FO-29                60809.53534918 60809.54415645 8
FO-29                60809.60606988 60809.61948946 78
FO-29                60809.68083420 60809.68945514 8
FO-29                60810.02502083 60810.03002368 3
FO-29                60810.09450732 60810.10540124 79
FO-29                60810.17060742 60810.17547935 3
FO-29                60810.56819614 60810.58076047 29
FO-29                60810.64099505 60810.65350749 33
FO-29                60811.05697052 60811.06655306 22
FO-29                60811.12961950 60811.13953436 24
FO-29                60811.53184478 60811.54028869 7
FO-29                60811.60231537 60811.61589720 77
FO-29                60811.67685375 60811.68616046 10
FO-29                60812.09084318 60812.10162674 77
FO-29                60812.16655069 60812.17206320 4
FO-29                60812.56452498 60812.57706942 27
FO-29                60812.63717549 60812.65000928 36
FO-29                60813.05341872 60813.06269169 19
FO-29                60813.12585226 60813.13584219 27
FO-29                60813.52837668 60813.53638885 6
FO-29                60813.59857278 60813.61229542 73
FO-29                60813.67290756 60813.68283255 12
FO-29                60814.08717741 60814.09785157 70
FO-29                60814.16253621 60814.16860143 5
FO-29                60814.56086871 60814.57336654 25
FO-29                60814.63336993 60814.64649835 40
FO-29                60815.04987047 60815.05882580 17
FO-29                60815.12208511 60815.13214766 30
FO-29                60815.52495267 60815.53244899 5
FO-29                60815.59484248 60815.60868337 69
FO-29                60815.66899065 60815.67947578 14
FO-29                60816.08351035 60816.09407646 63
FO-29                60816.15855174 60816.16510703 6
FO-29                60816.55722835 60816.56965056 23
FO-29                60816.62957828 60816.64297467 44
FO-29                60817.04632660 60817.05495546 15
FO-29                60817.11831744 60817.12845169 33
FO-29                60817.52158331 60817.52845757 4
FO-29                60817.59112519 60817.60506031 64
FO-29                60817.66509957 60817.67609333 16
FO-29                60818.07984190 60818.09030167 56
FO-29                60818.15458974 60818.16158832 7
FO-29                60818.55360499 60818.56592010 22
FO-29                60818.62580051 60818.63943788 48
FO-29                60819.04278803 60819.05108029 13
FO-29                60819.11454932 60819.12475512 37
FO-29                60819.51828674 60819.52439596 3
FO-29                60819.58742094 60819.60142546 60
FO-29                60819.66123179 60819.67268709 18
FO-29                60820.07617234 60820.08652805 49
FO-29                60820.15064496 60820.15805100 9
FO-29                60820.54999975 60820.56217369 20
FO-29                60820.62203660 60820.63588765 53
FO-29                60820.69847805 60820.70356777 2
FO-29                60821.03925670 60821.04719976 11
FO-29                60821.11078070 60821.12105870 42
FO-29                60821.58373056 60821.59777808 55
FO-29                60821.65738542 60821.66925873 20
FO-29                60822.07250199 60822.08275596 43
FO-29                60822.14671428 60822.15449933 10
FO-29                60822.54641391 60822.55840979 18
FO-29                60822.61828651 60822.63232362 58
FO-29                60822.69425601 60822.70057047 3
FO-29                60823.03573379 60823.04331310 10
FO-29                60823.10701163 60823.11736299 47
FO-29                60823.58005423 60823.59411743 51
FO-29                60823.65355898 60823.66580926 22
FO-29                60824.06883124 60824.07898574 38
FO-29                60824.14279508 60824.15093626 12
FO-29                60824.54284881 60824.55462665 17
SO-50                60802.88148356 60802.89059069 65
SO-50                60802.95268354 60802.95846272 5
SO-50                60803.31354120 60803.32263222 26
SO-50                60803.38310595 60803.39163439 18
SO-50                60803.82673621 60803.83327831 8
SO-50                60803.89469888 60803.90367215 41
SO-50                60804.25953221 60804.26356521 2
SO-50                60804.32641429 60804.33614517 70
SO-50                60804.39755733 60804.40333142 5
SO-50                60804.83881144 60804.84730351 25
SO-50                60804.90846778 60804.91634523 15
SO-50                60805.27109659 60805.27880418 12
SO-50                60805.33965426 60805.34914996 41
SO-50                60805.85157712 60805.86072352 77
SO-50                60805.92312217 60805.92832351 4
SO-50                60806.28358972 60806.29283736 30
SO-50                60806.35334118 60806.36159994 16
SO-50                60806.79661704 60806.80358035 10
SO-50                60806.86486083 60806.87373845 35
SO-50                60807.22925695 60807.23414866 3
SO-50                60807.29651034 60807.30626088 81
SO-50                60807.36800298 60807.37306350 4
SO-50                60807.80881686 60807.81747585 30
SO-50                60807.87871974 60807.88632996 13
SO-50                60808.24105931 60808.24908519 14
SO-50                60808.30979969 60808.31918080 36
SO-50                60808.82165519 60808.83082042 87
SO-50                60808.89368657 60808.89810154 3
SO-50                60809.25362078 60809.26300147 34
SO-50                60809.32356590 60809.33152011 13
SO-50                60809.76650072 60809.77382791 12
SO-50                60809.83500776 60809.84376887 30
SO-50                60810.19903623 60810.20461549 5
SO-50                60810.26658749 60810.27633835 86
SO-50                60810.33850905 60810.34268023 2
SO-50                60810.77880944 60810.78760902 35
SO-50                60810.84896326 60810.85627352 11
SO-50                60811.21101110 60811.21931774 16
SO-50                60811.27992788 60811.28917257 31
SO-50                60811.72501587 60811.72933812 3
SO-50                60811.79171740 60811.80088178 76
SO-50                60812.22363410 60812.23312542 40
SO-50                60812.29378236 60812.30139289 11
SO-50                60812.73638217 60812.74402547 14
SO-50                60812.80514002 60812.81376359 26
SO-50                60813.16884108 60813.17499506 6
SO-50                60813.23664583 60813.24637784 74
SO-50                60813.74878811 60813.75770433 41
SO-50                60813.81920033 60813.82617359 9
SO-50                60814.18094990 60814.18950406 18
SO-50                60814.25003962 60814.25912491 27
SO-50                60814.69469393 60814.69974784 4
SO-50                60814.76176452 60814.77090790 64
SO-50                60815.19362897 60815.20320995 46
SO-50                60815.26399336 60815.27121512 10
SO-50                60815.70625799 60815.71417678 17
SO-50                60815.77525780 60815.78372208 22
SO-50                60816.13865655 60816.14530266 7
SO-50                60816.20668520 60816.21637954 64
SO-50                60816.71875216 60816.72776225 48
SO-50                60816.78943362 60816.79602769 8
SO-50                60817.15087397 60817.15964597 21
SO-50                60817.22013525 60817.22903735 23
SO-50                60817.66436614 60817.67005234 6
SO-50                60817.73179442 60817.74089898 54
SO-50                60818.16360502 60818.17325569 53
SO-50                60818.23420291 60818.24098307 8
SO-50                60818.67612551 60818.68428418 20
SO-50                60818.74536186 60818.75364398 20
SO-50                60819.10848257 60819.11555050 9
SO-50                60819.17670686 60819.18634357 54
SO-50                60819.68870087 60819.69778367 57
SO-50                60819.75966675 60819.76583199 6
SO-50                60820.12078144 60820.12974520 23
SO-50                60820.19021562 60820.19890909 20
SO-50                60820.63406588 60820.64027986 7
SO-50                60820.70180798 60820.71085517 46
SO-50                60821.13356198 60821.14326315 62
SO-50                60821.20448379 60821.21068955 6
SO-50                60821.64598269 60821.65434975 23
SO-50                60821.71545263 60821.72352873 17
SO-50                60822.07829267 60822.08573861 10
SO-50                60822.14670859 60822.15626996 47
SO-50                60822.65863371 60822.66776918 68
SO-50                60822.72990507 60822.73558084 5
SO-50                60823.09067273 60823.09980271 27
SO-50                60823.16028164 60823.16873951 17
SO-50                60823.60377868 60823.61044293 9
SO-50                60823.67180520 60823.68077656 39
SO-50                60824.03652219 60824.04077972 2
SO-50                60824.10349958 60824.11323279 72
SO-50                60824.17471838 60824.18032781 5
SO-50                60824.61582792 60824.62437511 26
SO-50                60824.68553096 60824.69337561 15
SO-50                60825.04809532 60825.05587463 12
SO-50                60825.11669163 60825.12615869 40
SO-50                60825.62855024 60825.63771927 80
SO-50                60825.70015679 60825.70526539 4
SO-50                60826.06054621 60826.06981972 31
HO-68                60802.73913360 60802.75200875 36
HO-68                60802.81397874 60802.82627481 27
HO-68                60803.16929487 60803.17410357 2
HO-68                60803.23894768 60803.25231155 56
HO-68                60803.31484927 60803.32592662 16
HO-68                60803.72761539 60803.73985292 25
HO-68                60803.80193835 60803.81486791 38
HO-68                60804.22739507 60804.24036316 40
HO-68                60804.30250082 60804.31461400 24
HO-68                60804.71628042 60804.72752894 17
HO-68                60804.78998002 60804.80332971 54
HO-68                60805.21597131 60805.22832876 28
HO-68                60805.29032098 60805.30314713 34
HO-68                60805.70515728 60805.71498159 11
HO-68                60805.77810123 60805.79167448 75
HO-68                60805.85517092 60805.86285213 6
HO-68                60806.20469261 60806.21619275 20
HO-68                60806.27827664 60806.29156296 49
HO-68                60806.69439192 60806.70206676 5
HO-68                60806.76629992 60806.77990929 80
HO-68                60806.84256168 60806.85221016 11
HO-68                60807.19361152 60807.20392352 13
HO-68                60807.26635043 60807.27988226 69
HO-68                60807.34494263 60807.35109001 3
HO-68                60807.75457998 60807.76803545 57
HO-68                60807.83021230 60807.84123840 17
HO-68                60808.18279744 60808.19145346 8
HO-68                60808.25453475 60808.26811727 87
HO-68                60808.33172109 60808.34062423 8
HO-68                60808.74294741 60808.75604829 40
HO-68                60808.81802028 60808.83004792 24
HO-68                60809.17251528 60809.17859436 3
HO-68                60809.24282967 60809.25627389 63
HO-68                60809.31902702 60809.32964226 14
HO-68                60809.73142212 60809.74393527 28
HO-68                60809.80594176 60809.81869057 34
HO-68                60810.23123585 60810.24435280 45
HO-68                60810.30660742 60810.31839619 21
HO-68                60810.72003101 60810.73167216 20
HO-68                60810.79395502 60810.80719538 48
HO-68                60811.21976545 60811.23234899 32
HO-68                60811.29437410 60811.30697715 30
HO-68                60811.70882449 60811.71921181 13
HO-68                60811.78204960 60811.79557911 67
HO-68                60811.85947881 60811.86627830 4
HO-68                60812.20843795 60812.22025019 22
HO-68                60812.28228539 60812.29543030 43
HO-68                60812.69790866 60812.70645110 7
HO-68                60812.77022161 60812.78385114 88
HO-68                60812.84672921 60812.85580221 9
HO-68                60813.19727837 60813.20803144 15
HO-68                60813.27031955 60813.28378094 61
HO-68                60813.68760707 60813.69306238 2
HO-68                60813.75847306 60813.77201473 64
HO-68                60813.83430848 60813.84492502 15
HO-68                60814.18635995 60814.19564152 10
HO-68                60814.25846608 60814.27204391 85
HO-68                60814.33606442 60814.34417720 6
HO-68                60814.74680889 60814.76006736 45
HO-68                60814.82206968 60814.83380152 21
HO-68                60815.17581115 60815.18295380 5
HO-68                60815.24672125 60815.26022706 70
HO-68                60815.32323434 60815.33332751 12
HO-68                60815.73524482 60815.74799953 32
HO-68                60815.80995582 60815.82249706 30
HO-68                60816.23508909 60816.24833283 50
HO-68                60816.31073380 60816.32215820 18
HO-68                60816.72380338 60816.73579182 22
HO-68                60816.79793952 60816.81104655 43
HO-68                60817.22357461 60817.23635825 36
HO-68                60817.29844224 60817.31079212 27
HO-68                60817.71252544 60817.72340700 15
HO-68                60817.78600718 60817.79947020 60
HO-68                60817.86388026 60817.86960233 3
HO-68                60818.21219486 60818.22429402 25
HO-68                60818.28630666 60818.29928568 38
HO-68                60818.70149104 60818.71076811 9
HO-68                60818.77415281 60818.78777974 83
HO-68                60818.85093230 60818.85934997 7
HO-68                60819.20097026 60819.21212029 17
HO-68                60819.27429996 60819.28766941 54
HO-68                60819.69090368 60819.69767182 4
HO-68                60819.76237666 60819.77598037 72
HO-68                60819.83842532 60819.84858317 13
HO-68                60820.18996154 60820.19979749 11
HO-68                60820.26240829 60820.27596134 76
HO-68                60820.34048256 60820.34765462 5
HO-68                60820.75068237 60820.76407162 51
HO-68                60820.82613362 60820.83753372 19
HO-68                60821.17926086 60821.18723573 6
HO-68                60821.25062573 60821.26417139 79
HO-68                60821.32747678 60821.33697695 10
HO-68                60821.73908228 60821.75204671 36
HO-68                60821.81398143 60821.82628594 27
HO-68                60822.16924809 60822.17413549 2
HO-68                60822.23895462 60822.25230379 56
HO-68                60822.31488227 60822.32589772 16
HO-68                60822.72759550 60822.73988990 25
HO-68                60822.80193407 60822.81488240 38
AO-73                60802.73416300 60802.73886418 4
AO-73                60802.79829495 60802.80648474 48
AO-73                60803.23806521 60803.24530163 14
AO-73                60803.30347096 60803.31140640 22
AO-73                60803.73354593 60803.73818431 4
AO-73                60803.79766688 60803.80587462 49
AO-73                60804.23747824 60804.24464269 14
AO-73                60804.30283160 60804.31078866 23
AO-73                60804.73296810 60804.73748093 4
AO-73                60804.79701789 60804.80524757 51
AO-73                60805.23687596 60805.24396487 13
AO-73                60805.30217529 60805.31015339 24
AO-73                60805.73237732 60805.73675623 3
AO-73                60805.79635178 60805.80460354 54
AO-73                60806.23625847 60806.24326812 13
AO-73                60806.30150206 60806.30950058 25
AO-73                60806.73177412 60806.73600968 3
AO-73                60806.79566860 60806.80394251 56
AO-73                60807.23562582 60807.24255236 12
AO-73                60807.30081190 60807.30883023 25
AO-73                60807.73115914 60807.73524065 3
AO-73                60807.79496842 60807.80326440 58
AO-73                60808.23497812 60808.24181751 12
AO-73                60808.30010483 60808.30814233 26
AO-73                60808.73053316 60808.73444826 3
AO-73                60808.79425128 60808.80256919 61
AO-73                60809.23431545 60809.24106348 11
AO-73                60809.29938085 60809.30743687 27
AO-73                60809.72989717 60809.73363164 2
AO-73                60809.79351724 60809.80185682 64
AO-73                60810.23363791 60810.24029019 11
AO-73                60810.29863998 60810.30671385 28
AO-73                60810.72925243 60810.73278934 2
AO-73                60810.79276636 60810.80112723 67
AO-73                60811.23294564 60811.23949753 10
AO-73                60811.29788204 60811.30597326 29
AO-73                60811.79199869 60811.80038037 70
AO-73                60812.23223875 60812.23868538 10
AO-73                60812.29710742 60812.30521510 30
AO-73                60812.79121430 60812.79961620 73
AO-73                60813.23151740 60813.23785361 9
AO-73                60813.29631593 60813.30443936 31
AO-73                60813.79041331 60813.79883463 77
AO-73                60814.23078158 60814.23700207 9
AO-73                60814.29546494 60814.30364288 32
AO-73                60814.78959566 60814.79803563 80
AO-73                60815.23003183 60815.23613059 8
AO-73                60815.29463971 60815.30283200 34
AO-73                60815.78876151 60815.79721912 84
AO-73                60816.22926816 60816.23523900 8
AO-73                60816.29379768 60816.30200353 35
AO-73                60816.78791092 60816.79638504 88
AO-73                60817.22849079 60817.23432691 7
AO-73                60817.29293885 60817.30115746 37
AO-73                60817.78704407 60817.79553333 88
AO-73                60818.22770010 60818.23339435 7
AO-73                60818.29206328 60818.30029378 38
AO-73                60818.78615831 60818.79466391 84
AO-73                60819.22689635 60819.23244084 6
AO-73                60819.29117092 60819.29941249 40
AO-73                60819.78525852 60819.79377673 80
AO-73                60820.22607993 60820.23146602 6
AO-73                60820.29026185 60820.29851359 42
AO-73                60820.78434251 60820.79287170 76
AO-73                60821.22525130 60821.23046949 5
AO-73                60821.28933609 60821.29759705 44
AO-73                60821.78341036 60821.79194875 72
AO-73                60821.85137536 60821.85506710 2
AO-73                60822.22441100 60822.22945062 5
AO-73                60822.28839369 60822.29666289 47
AO-73                60822.78246214 60822.79100781 69
AO-73                60822.85030007 60822.85426860 3
AO-73                60823.22355973 60823.22840908 4
AO-73                60823.28743459 60823.29571108 49
AO-73                60823.78149790 60823.79004881 65
AO-73                60823.84921683 60823.85344420 3
AO-73                60824.22269822 60824.22734373 4
AO-73                60824.28645894 60824.29474161 52
AO-73                60824.78051773 60824.78907165 61
AO-73                60824.84812422 60824.85259515 4
AO-73                60825.22182752 60825.22625372 4
AO-73                60825.28546671 60825.29375449 55
AO-73                60825.77952170 60825.78807626 58
AO-73                60825.84702116 60825.85172256 4
AO-73                60826.22094903 60826.22513773 3
AO-73                60826.28445794 60826.29274968 59
AO-73                60826.77850988 60826.78706256 55
AO-73                60826.84590684 60826.85082722 5
AO-73                60827.22006426 60827.22399396 3
AO-73                60827.28343268 60827.29172719 63
AO-73                60827.77748234 60827.78603045 52
AO-73                60827.84478070 60827.84990960 5
AO-73                60828.21917584 60828.22282004 2
AO-73                60828.28239098 60828.29068699 67
AO-73                60828.77643917 60828.78497986 49
AO-73                60828.84364228 60828.84897046 6
AO-73                60829.28133288 60829.28962906 71
AO-73                60829.77538044 60829.78391068 46
AO-73                60829.84249097 60829.84800994 6
TITA                 60803.04906418 60803.05667758 24
TITA                 60803.11503582 60803.12139613 11
TITA                 60803.55089657 60803.55912438 50
TITA                 60803.61818377 60803.62286845 4
TITA                 60804.04292618 60804.05017999 17
TITA                 60804.10847845 60804.11540550 15
TITA                 60804.54469191 60804.55273462 35
TITA                 60804.61133355 60804.61705589 7
TITA                 60805.03683547 60805.04360642 13
TITA                 60805.10196764 60805.10933377 20
TITA                 60805.53852327 60805.54629538 25
TITA                 60805.60462004 60805.61110024 10
TITA                 60806.03080907 60806.03693989 9
TITA                 60806.09549258 60806.10319225 28
TITA                 60806.53239641 60806.53980205 19
TITA                 60806.59798554 60806.60503520 15
TITA                 60807.02487969 60807.03014788 6
TITA                 60807.08900505 60807.09698558 39
TITA                 60807.52632025 60807.53324660 14
TITA                 60807.59141178 60807.59889155 20
TITA                 60808.01912254 60808.02315343 3
TITA                 60808.08258517 60808.09072378 56
TITA                 60808.52030844 60808.52661597 10
TITA                 60808.58488593 60808.59268285 27
TITA                 60809.07618974 60809.08440628 82
TITA                 60809.51438627 60809.51988557 6
TITA                 60809.57835785 60809.58641415 38
TITA                 60810.06981545 60810.07803403 69
TITA                 60810.50860812 60810.51300155 4
TITA                 60810.57190747 60810.58009670 54
TITA                 60811.06346778 60811.07160656 47
TITA                 60811.13038394 60811.13515024 5
TITA                 60811.56549061 60811.57373047 79
TITA                 60812.05714734 60812.06512193 33
TITA                 60812.12354019 60812.12929271 8
TITA                 60812.55910498 60812.56731698 71
TITA                 60813.05085829 60813.05857638 24
TITA                 60813.11680202 60813.12329258 11
TITA                 60813.55275275 60813.56085639 49
TITA                 60813.62005118 60813.62457599 4
TITA                 60814.04460727 60814.05196371 18
TITA                 60814.11013565 60814.11719716 15
TITA                 60814.54643563 60814.55434743 34
TITA                 60814.61306971 60814.61867383 7
TITA                 60815.03840510 60815.04527341 13
TITA                 60815.10351128 60815.11101202 21
TITA                 60815.54015672 60815.54778712 24
TITA                 60815.60622551 60815.61260392 10
TITA                 60816.03226934 60816.03848805 9
TITA                 60816.09688169 60816.10475327 29
TITA                 60816.53392261 60816.54117045 18
TITA                 60816.59946958 60816.60642776 15
TITA                 60817.02623337 60817.03157418 6
TITA                 60817.09032365 60817.09843420 41
TITA                 60817.52774259 60817.53448826 13
TITA                 60817.59277733 60817.60017063 20
TITA                 60818.02037529 60818.02445214 3
TITA                 60818.08379260 60818.09205585 59
TITA                 60818.52163301 60818.52772534 9
TITA                 60818.58613497 60818.59384637 28
TITA                 60819.07728700 60819.08562058 86
TITA                 60819.51562425 60819.52085221 6
TITA                 60819.57949233 60819.58746103 39
TITA                 60820.07080361 60820.07912921 66
TITA                 60820.13824507 60820.14203214 3
TITA                 60820.50978603 60820.51379880 3
TITA                 60820.57292880 60820.58102563 57
TITA                 60821.06434822 60821.07258108 45
TITA                 60821.13113784 60821.13624885 5
TITA                 60821.56639963 60821.57454030 84
TITA                 60822.05792167 60822.06597396 32
TITA                 60822.12420866 60822.13024916 8
TITA                 60822.55990463 60822.56800647 66
TITA                 60823.05152868 60823.05930365 23
TITA                 60823.11737471 60823.12411660 12
TITA                 60823.55344471 60823.56142407 45
TITA                 60823.62061902 60823.62525296 4
TITA                 60824.04517656 60824.05256321 17
TITA                 60824.11060818 60824.11789281 17
TITA                 60824.54702170 60824.55479148 31
TITA                 60824.61353360 60824.61921126 7
TITA                 60825.03887733 60825.04574086 12
TITA                 60825.10388169 60825.11158097 23
TITA                 60825.54064021 60825.54810527 22
TITA                 60825.60658444 60825.61301536 11
TITA                 60826.03265139 60826.03881664 8
TITA                 60826.09714874 60826.10519595 32
TITA                 60826.53430769 60826.54135887 16
TITA                 60826.59972190 60826.60671526 15
TITA                 60827.02653780 60827.03175097 5
TITA                 60827.09048774 60827.09875057 45
TITA                 60827.52803532 60827.53454178 11
TITA                 60827.59292257 60827.60033487 22
TITA                 60828.02063599 60828.02444217 2
TITA                 60828.08385408 60828.09224531 66
TITA                 60828.52184346 60828.52763456 8
TITA                 60828.58613185 60828.59388507 30
TITA                 60829.07724467 60829.08568212 86
TITA                 60829.51577234 60829.52059798 5
NOAA-15              60802.95295692 60802.96341451 58
NOAA-15              60803.02337846 60803.03081735 9
NOAA-15              60803.41550242 60803.42487205 22
NOAA-15              60803.48440388 60803.49413329 26
NOAA-15              60803.93514523 60803.94501404 28
NOAA-15              60804.00453935 60804.01374883 20
NOAA-15              60804.39835765 60804.40609494 10
NOAA-15              60804.46595775 60804.47635972 52
NOAA-15              60804.91766154 60804.92623780 14
NOAA-15              60804.98605562 60804.99621976 39
NOAA-15              60805.38205856 60805.38658427 3
NOAA-15              60805.44781739 60805.45833605 77
NOAA-15              60805.51933000 60805.52541757 5
NOAA-15              60805.90078557 60805.90681280 5
NOAA-15              60805.96781716 60805.97836022 79
NOAA-15              60806.03951121 60806.04420599 3
NOAA-15              60806.42996857 60806.44008899 38
NOAA-15              60806.49990655 60806.50851749 14
NOAA-15              60806.94979927 60806.96020888 51
NOAA-15              60807.02002603 60807.02786240 11
NOAA-15              60807.41245169 60807.42159401 19
NOAA-15              60807.48114205 60807.49101988 29
NOAA-15              60807.93203295 60807.94175029 25
NOAA-15              60808.00126200 60808.01069521 22
NOAA-15              60808.39540348 60808.40273505 9
NOAA-15              60808.46274917 60808.47319716 59
NOAA-15              60808.91462041 60808.92289146 12
NOAA-15              60808.98282285 60808.99310168 44
NOAA-15              60809.44465615 60809.45513248 68
NOAA-15              60809.51585400 60809.52249792 6
NOAA-15              60809.89792342 60809.90327601 4
NOAA-15              60809.96462077 60809.97518891 88
NOAA-15              60810.03598164 60810.04143607 4
NOAA-15              60810.42685685 60810.43684412 33
NOAA-15              60810.49657408 60810.50545418 16
NOAA-15              60810.94664012 60810.95698561 45
NOAA-15              60811.01668209 60811.02487773 12
NOAA-15              60811.40940438 60811.41829638 17
NOAA-15              60811.47788019 60811.48788861 33
NOAA-15              60811.92892192 60811.93846628 22
NOAA-15              60811.99798497 60812.00762096 25
NOAA-15              60812.39246547 60812.39934378 7
NOAA-15              60812.45953873 60812.47001882 67
NOAA-15              60812.91158930 60812.91951645 10
NOAA-15              60812.97958822 60812.98996568 50
NOAA-15              60813.44149270 60813.45191377 60
NOAA-15              60813.51240415 60813.51953357 8
NOAA-15              60813.89512943 60813.89965133 2
NOAA-15              60813.96142236 60813.97200029 82
NOAA-15              60814.03250165 60814.03859507 5
NOAA-15              60814.42374502 60814.43358287 30
NOAA-15              60814.49324566 60814.50236870 18
NOAA-15              60814.94348026 60814.95374408 40
NOAA-15              60815.01334486 60815.02186581 14
NOAA-15              60815.40636154 60815.41497864 15
NOAA-15              60815.47461775 60815.48474019 37
NOAA-15              60815.92581345 60815.93516085 20
NOAA-15              60815.99470796 60816.00452645 28
NOAA-15              60816.38954895 60816.39591607 6
NOAA-15              60816.45632649 60816.46682530 76
NOAA-15              60816.90857145 60816.91610934 9
NOAA-15              60816.97635186 60816.98681157 56
NOAA-15              60817.43832759 60817.44867984 53
NOAA-15              60817.50897330 60817.51653207 9
NOAA-15              60817.95822232 60817.96879398 72
NOAA-15              60818.02905390 60818.03570008 7
NOAA-15              60818.42063358 60818.43030507 26
NOAA-15              60818.48992037 60818.49926229 21
NOAA-15              60818.94031996 60818.95048371 35
NOAA-15              60819.01001260 60819.01882810 16
NOAA-15              60819.40332496 60819.41163956 13
NOAA-15              60819.47135454 60819.48157515 42
NOAA-15              60819.92270894 60819.93183266 18
NOAA-15              60819.99143066 60820.00141191 32
NOAA-15              60820.38665326 60820.39244410 5
NOAA-15              60820.45311225 60820.46361651 86
NOAA-15              60820.52533826 60820.53003588 3
NOAA-15              60820.90557188 60820.91266539 7
NOAA-15              60820.97311388 60820.98363945 64
NOAA-15              60821.43516128 60821.44543076 47
NOAA-15              60821.50555635 60821.51349842 11
NOAA-15              60821.95502107 60821.96556960 64
NOAA-15              60822.02559729 60822.03276350 8
NOAA-15              60822.41752304 60822.42701045 23
NOAA-15              60822.48659697 60822.49613633 23
NOAA-15              60822.93716019 60822.94720367 31
NOAA-15              60823.00668411 60823.01576592 18
NOAA-15              60823.40029535 60823.40827770 11
NOAA-15              60823.46808985 60823.47839434 47
NOAA-15              60823.91960990 60823.92847993 16
NOAA-15              60823.98815314 60823.99827753 35
NOAA-15              60824.38380794 60824.38891524 3
NOAA-15              60824.44989615 60824.46039290 85
NOAA-15              60824.52170508 60824.52720022 4
NOAA-15              60824.90259664 60824.90917806 6
NOAA-15              60824.96987441 60824.98044876 72
NOAA-15              60825.04185901 60825.04594265 2
NOAA-15              60825.43199362 60825.44216663 41
NOAA-15              60825.50211771 60825.51043889 13
NOAA-18              60803.09049168 60803.10094200 36
NOAA-18              60803.16080929 60803.16989187 16
NOAA-18              60803.55740295 60803.56670084 17
NOAA-18              60803.62642405 60803.63695437 36
NOAA-18              60804.08174978 60804.09178109 26
NOAA-18              60804.15159841 60804.16133993 23
NOAA-18              60804.54895663 60804.55741239 12
NOAA-18              60804.61733723 60804.62815148 50
NOAA-18              60805.07308961 60805.08252684 19
NOAA-18              60805.14246098 60805.15268857 32
NOAA-18              60805.54066840 60805.54799602 8
NOAA-18              60805.60832345 60805.61928817 70
NOAA-18              60806.06453458 60806.07315668 13
NOAA-18              60806.13338531 60806.14395223 44
NOAA-18              60806.53261819 60806.53836529 4
NOAA-18              60806.59937907 60806.61036965 84
NOAA-18              60806.67169227 60806.67790481 5
NOAA-18              60807.05612818 60807.06362788 8
NOAA-18              60807.12436489 60807.13513935 62
NOAA-18              60807.59050424 60807.60139825 61
NOAA-18              60807.66192936 60807.66970568 9
NOAA-18              60808.04796905 60808.05384152 4
NOAA-18              60808.11539691 60808.12625502 86
NOAA-18              60808.18740218 60808.19306193 4
NOAA-18              60808.58169909 60808.59237373 43
NOAA-18              60808.65242549 60808.66127652 14
NOAA-18              60809.10648201 60809.11730103 68
NOAA-18              60809.17774770 60809.18500997 8
NOAA-18              60809.57296993 60809.58329306 31
NOAA-18              60809.64307133 60809.65270597 20
NOAA-18              60810.09761938 60810.10827646 48
NOAA-18              60810.16833172 60810.17670931 12
NOAA-18              60810.56432563 60810.57414971 23
NOAA-18              60810.63382824 60810.64403338 27
NOAA-18              60811.08881907 60811.09917729 34
NOAA-18              60811.15904241 60811.16825126 18
NOAA-18              60811.55578105 60811.56493169 16
NOAA-18              60811.62467555 60811.63528065 38
NOAA-18              60812.08008834 60812.08999541 24
NOAA-18              60812.14984289 60812.15967526 24
NOAA-18              60812.54736035 60812.55561690 11
NOAA-18              60812.61560144 60812.62646073 54
NOAA-18              60813.07144343 60813.08071650 17
NOAA-18              60813.14071410 60813.15100320 34
NOAA-18              60813.53911007 60813.54616237 7
NOAA-18              60813.60659939 60813.61758178 75
NOAA-18              60813.67987843 60813.68421376 2
NOAA-18              60814.06291058 60814.07131488 12
NOAA-18              60814.13164555 60814.14224821 47
NOAA-18              60814.53113067 60814.53646077 4
NOAA-18              60814.59766648 60814.60864826 79
NOAA-18              60814.66978385 60814.67636251 6
NOAA-18              60815.05454035 60815.06174074 7
NOAA-18              60815.12263159 60815.13341787 67
NOAA-18              60815.58880326 60815.59966196 57
NOAA-18              60815.66007636 60815.66810120 10
NOAA-18              60816.04645523 60816.05187040 4
NOAA-18              60816.11367014 60816.12451653 87
NOAA-18              60816.18551469 60816.19152441 5
NOAA-18              60816.58001066 60816.59062208 40
NOAA-18              60816.65060484 60816.65963445 15
NOAA-18              60817.10476202 60817.11554552 63
NOAA-18              60817.17590786 60817.18340949 9
NOAA-18              60817.57129557 60817.58152502 29
NOAA-18              60817.64127291 60817.65103663 21
NOAA-18              60818.09590671 60818.10650330 44
NOAA-18              60818.16651707 60818.17507037 13
NOAA-18              60818.56266794 60818.57236308 21
NOAA-18              60818.63204685 60818.64234204 29
NOAA-18              60819.08711563 60819.09738509 32
NOAA-18              60819.15724348 60819.16658375 19
NOAA-18              60819.55414422 60819.56312274 15
NOAA-18              60819.62290825 60819.63357061 41
NOAA-18              60820.07839713 60820.08818184 23
NOAA-18              60820.14805505 60820.15798444 26
NOAA-18              60820.54575179 60820.55377904 10
NOAA-18              60820.61384656 60820.62473393 57
NOAA-18              60821.06976842 60821.07887741 16
NOAA-18              60821.13893485 60821.14929215 36
NOAA-18              60821.53753718 60821.54428065 6
NOAA-18              60821.60485611 60821.61583929 80
NOAA-18              60821.67784596 60821.68274604 3
NOAA-18              60822.06125979 60822.06944248 11
NOAA-18              60822.12987352 60822.14051864 51
NOAA-18              60822.52965472 60822.53448954 3
NOAA-18              60822.59593476 60822.60689058 74
NOAA-18              60822.66786884 60822.67477106 7
NOAA-18              60823.05293012 60823.05981865 7
NOAA-18              60823.12086621 60823.13167092 71
NOAA-18              60823.19347242 60823.19775189 2
NOAA-18              60823.58708331 60823.59788906 53
NOAA-18              60823.65820919 60823.66645515 11
NOAA-18              60824.04493584 60824.04984778 3
NOAA-18              60824.11191140 60824.12275263 82
NOAA-18              60824.18360202 60824.18995365 6
NOAA-18              60824.57830361 60824.58883346 38
NOAA-18              60824.64876700 60824.65795371 16
NOAA-18              60825.10300826 60825.11376452 59
NOAA-18              60825.17403805 60825.18178140 10
NOAA-19              60803.02203495 60803.03069950 13
NOAA-19              60803.09088638 60803.10149085 44
NOAA-19              60803.49030017 60803.49595470 4
NOAA-19              60803.55706228 60803.56796264 85
NOAA-19              60803.62942069 60803.63545590 5
NOAA-19              60804.01377731 60804.02134880 8
NOAA-19              60804.08202689 60804.09284291 62
NOAA-19              60804.54834872 60804.55915208 61
NOAA-19              60804.61984204 60804.62742270 9
NOAA-19              60805.00575419 60805.01175358 5
NOAA-19              60805.07321829 60805.08412525 86
NOAA-19              60805.14521913 60805.15092246 4
NOAA-19              60805.53970291 60805.55028947 44
NOAA-19              60805.61046785 60805.61916062 13
NOAA-19              60806.06446100 60806.07533970 69
NOAA-19              60806.13573426 60806.14302660 8
NOAA-19              60806.53113080 60806.54137200 31
NOAA-19              60806.60127249 60806.61075357 19
NOAA-19              60807.05575441 60807.06648552 49
NOAA-19              60807.12648204 60807.13488765 12
NOAA-19              60807.52264092 60807.53239318 23
NOAA-19              60807.59218774 60807.60224425 26
NOAA-19              60808.04710770 60808.05755902 35
NOAA-19              60808.11735404 60808.12659419 17
NOAA-19              60808.51424715 60808.52334170 16
NOAA-19              60808.58319252 60808.59365488 37
NOAA-19              60809.03852781 60809.04855296 25
NOAA-19              60809.10831413 60809.11818474 24
NOAA-19              60809.50597300 60809.51419714 11
NOAA-19              60809.57427475 60809.58499883 51
NOAA-19              60810.03002911 60810.03945426 18
NOAA-19              60810.09934358 60810.10968082 33
NOAA-19              60810.49786137 60810.50491872 7
NOAA-19              60810.56542767 60810.57628417 72
NOAA-19              60811.02163537 60811.03024018 13
NOAA-19              60811.09043203 60811.10109527 46
NOAA-19              60811.49000375 60811.49540850 4
NOAA-19              60811.55664811 60811.56751565 82
NOAA-19              60811.62891234 60811.63509476 5
NOAA-19              60812.01339026 60812.02086767 8
NOAA-19              60812.08157358 60812.09243586 65
NOAA-19              60812.54793637 60812.55869527 59
NOAA-19              60812.61932710 60812.62703255 9
NOAA-19              60813.00539311 60813.01123707 4
NOAA-19              60813.07276604 60813.08370697 89
NOAA-19              60813.14467300 60813.15061650 5
NOAA-19              60813.53929279 60813.54982265 42
NOAA-19              60813.60999288 60813.61874781 14
NOAA-19              60814.06401004 60814.07491023 66
NOAA-19              60814.13521538 60814.14268081 8
NOAA-19              60814.53072379 60814.54089435 30
NOAA-19              60814.60080408 60814.61032540 20
NOAA-19              60815.05530493 60815.06604461 47
NOAA-19              60815.12597647 60815.13451727 13
NOAA-19              60815.52223833 60815.53190391 22
NOAA-19              60815.59172354 60815.60180325 27
NOAA-19              60816.04666055 60816.05710610 34
NOAA-19              60816.11685588 60816.12620519 18
NOAA-19              60816.51385133 60816.52283892 16
NOAA-19              60816.58273119 60816.59320252 38
NOAA-19              60817.03808400 60817.04808701 25
NOAA-19              60817.10782054 60817.11778022 25
NOAA-19              60817.50558721 60817.51367734 11
NOAA-19              60817.57381551 60817.58453601 53
NOAA-19              60818.02959065 60818.03897358 18
NOAA-19              60818.09885299 60818.10926254 34
NOAA-19              60818.49749336 60818.50437480 7
NOAA-19              60818.56497036 60818.57581143 75
NOAA-19              60819.02120532 60819.02974172 12
NOAA-19              60819.08994358 60819.10066424 48
NOAA-19              60819.48967406 60819.49481968 3
NOAA-19              60819.55619244 60819.56703323 79
NOAA-19              60819.62835935 60819.63470036 5
NOAA-19              60820.01297477 60820.02034536 8
NOAA-19              60820.08108691 60820.09199271 67
NOAA-19              60820.54748255 60820.55820316 57
NOAA-19              60820.61879654 60820.62660658 9
NOAA-19              60821.00500814 60821.01067458 4
NOAA-19              60821.07228112 60821.08325199 88
NOAA-19              60821.14409597 60821.15027272 5
NOAA-19              60821.53884147 60821.54932044 40
NOAA-19              60821.60947389 60821.61830159 14
NOAA-19              60822.06352677 60822.07444339 64
NOAA-19              60822.13466405 60822.14229889 9
NOAA-19              60822.53027577 60822.54038173 29
NOAA-19              60822.60029202 60822.60986378 20
NOAA-19              60823.05482371 60823.06556562 46
NOAA-19              60823.12543811 60823.13411070 13
NOAA-19              60823.52179502 60823.53137963 21
NOAA-19              60823.59121597 60823.60132879 28
NOAA-19              60824.04618230 60824.05661432 33
NOAA-19              60824.11632508 60824.12577962 19
NOAA-19              60824.51341497 60824.52230109 15
NOAA-19              60824.58222676 60824.59271671 39
NOAA-19              60825.03760999 60825.04758128 24
NOAA-19              60825.10729457 60825.11733863 26
NOAA-19              60825.50516172 60825.51312226 10
NOAA-19              60825.57331341 60825.58403982 55
NOAA-19              60826.02912295 60826.03845199 17
METOA                60803.13036492 60803.13996719 53
METOA                60803.19859327 60803.20535328 8
METOA                60803.57903651 60803.58575915 8
METOA                60803.64458980 60803.65383713 46
METOA                60804.08337907 60804.08892614 5
METOA                60804.14843735 60804.15806879 66
METOA                60804.59617013 60804.60459305 20
METOA                60804.66308222 60804.67159967 22
METOA                60805.10035224 60805.10823879 14
METOA                60805.16678674 60805.17586928 31
METOA                60805.61375813 60805.62305644 41
METOA                60805.68197009 60805.68896557 9
METOA                60806.11790797 60806.12692407 29
METOA                60806.18536093 60806.19329570 15
METOA                60806.56736850 60806.57217048 3
METOA                60806.63167183 60806.64126063 79
METOA                60807.13578438 60807.14523774 64
METOA                60807.20440558 60807.21015599 6
METOA                60807.58393364 60807.59147416 12
METOA                60807.64992124 60807.65922593 38
METOA                60808.08845944 60808.09453161 6
METOA                60808.15390740 60808.16324376 53
METOA                60808.60121679 60808.61015799 25
METOA                60808.66845274 60808.67689094 18
METOA                60809.10560173 60809.11363557 16
METOA                60809.17230976 60809.18093016 24
METOA                60809.61889384 60809.62852755 52
METOA                60809.68747114 60809.69411009 8
METOA                60810.12323499 60810.13220308 35
METOA                60810.19098628 60810.19821381 11
METOA                60810.57201100 60810.57805254 6
METOA                60810.63687695 60810.64665321 69
METOA                60811.14116708 60811.15042032 74
METOA                60811.21029998 60811.21474651 3
METOA                60811.58885860 60811.59707552 15
METOA                60811.65518974 60811.66453151 32
METOA                60812.09354580 60812.10000394 8
METOA                60812.15933887 60812.16833002 42
METOA                60812.60626140 60812.61563765 31
METOA                60812.67381316 60812.68210235 16
METOA                60813.11081961 60813.11893745 19
METOA                60813.17780642 60813.18590126 19
METOA                60813.62401782 60813.63392126 65
METOA                60813.69298995 60813.69914655 6
METOA                60814.12852057 60814.13739680 42
METOA                60814.19660554 60814.20300800 8
METOA                60814.57675911 60814.58374174 8
METOA                60814.64206773 60814.65196997 57
METOA                60815.14650287 60815.15552018 73
METOA                60815.59379900 60815.60257298 19
METOA                60815.66041625 60815.66976748 27
METOA                60816.09861545 60816.10536635 10
METOA                60816.16472731 60816.17333118 33
METOA                60816.61130188 60816.62103098 38
METOA                60816.67917100 60816.68722476 13
METOA                60817.11599636 60817.12415392 22
METOA                60817.18326937 60817.19077674 15
METOA                60817.56513410 60817.56994880 3
METOA                60817.62913065 60817.63923410 79
METOA                60817.69855125 60817.70404875 4
METOA                60818.13375802 60818.14251173 51
METOA                60818.20223533 60818.20766071 5
METOA                60818.58156214 60818.58928627 11
METOA                60818.64724683 60818.65720603 48
METOA                60819.08687564 60819.09123494 3
METOA                60819.15178894 60819.16054250 60
METOA                60819.59874754 60819.60797102 23
METOA                60819.66566992 60819.67491590 23
METOA                60820.10365304 60820.11063514 12
METOA                60820.17011224 60820.17825441 26
METOA                60820.61633731 60820.62633658 47
METOA                60820.68453484 60820.69224741 11
METOA                60821.12112453 60821.12929347 27
METOA                60821.18869916 60821.19555557 11
METOA                60821.56968692 60821.57564936 5
METOA                60821.63423386 60821.64446249 82
METOA                60821.70420035 60821.70876917 3
METOA                60822.13894159 60822.14755476 64
METOA                60822.20791735 60822.21212983 3
METOA                60822.58639631 60822.59470654 14
METOA                60822.65241632 60822.66235659 40
METOA                60823.09166580 60823.09666592 5
METOA                60823.15702059 60823.16549288 47
METOA                60823.60369881 60823.61327157 28
METOA                60823.67091982 60823.67997247 20
METOA                60824.10864766 60824.11582283 14
METOA                60824.17540273 60824.18309675 20
METOA                60824.62136626 60824.63155265 57
METOA                60824.68991544 60824.69715729 9
METOA                60825.12619774 60825.13436378 32
METOA                60825.19409976 60825.20023488 8
METOA                60825.57434496 60825.58114914 7
METOA                60825.63932787 60825.64960318 69
METOA                60826.14406657 60826.15253176 77
METOA                60826.59124755 60826.60001331 17
METOA                60826.65757802 60826.66741701 33
METOA                60827.09645287 60827.10197685 6
METOA                60827.16219411 60827.17037625 37
METOA                60827.60864864 60827.61847568 34
METOB                60802.97857957 60802.98402931 4
METOB                60803.04551727 60803.05622343 88
METOB                60803.11708939 60803.12277636 4
METOB                60803.50943209 60803.51966874 36
METOB                60803.57951807 60803.58844647 16
METOB                60804.03122563 60804.04179142 52
METOB                60804.10172763 60804.10967478 11
METOB                60804.49551155 60804.50499450 21
METOB                60804.56461758 60804.57455384 27
METOB                60805.01708911 60805.02716959 30
METOB                60805.08679700 60805.09608802 19
METOB                60805.48186068 60805.49011550 12
METOB                60805.54995521 60805.56045128 47
METOB                60806.00314857 60806.01232153 17
METOB                60806.07208751 60806.08221274 33
METOB                60806.46862429 60806.47488927 5
METOB                60806.53548722 60806.54618838 82
METOB                60806.60809496 60806.61275464 3
METOB                60806.98950275 60806.99715261 9
METOB                60807.05753907 60807.06811959 57
METOB                60807.52120000 60807.53178495 58
METOB                60807.59224643 60807.59977327 9
METOB                60807.97647267 60807.98134200 3
METOB                60808.04313048 60808.05383847 83
METOB                60808.11450651 60808.12063522 5
METOB                60808.50709886 60808.51724178 33
METOB                60808.57702918 60808.58614660 17
METOB                60809.02885952 60809.03937692 48
METOB                60809.09922991 60809.10743149 12
METOB                60809.49321343 60809.50253875 20
METOB                60809.56216875 60809.57221493 29
METOB                60810.01474823 60810.02472190 28
METOB                60810.08433905 60810.09379100 21
METOB                60810.47961227 60810.48761781 11
METOB                60810.54753691 60810.55808403 51
METOB                60811.00084326 60811.00983118 16
METOB                60811.06965565 60811.07987740 36
METOB                60811.46647169 60811.47230561 5
METOB                60811.53309556 60811.54379703 89
METOB                60811.60539039 60811.61065645 4
METOB                60811.98725887 60811.99459444 8
METOB                60812.05512827 60812.06575234 62
METOB                60812.51883499 60812.52937096 53
METOB                60812.58966668 60812.59752166 10
METOB                60812.97441354 60812.97858972 2
METOB                60813.04073967 60813.05144182 77
METOB                60813.11193632 60813.11846455 6
METOB                60813.50476312 60813.51480343 31
METOB                60813.57453961 60813.58383252 19
METOB                60814.02648989 60814.03695013 44
METOB                60814.09673250 60814.10517140 13
METOB                60814.49091446 60814.50007032 18
METOB                60814.55971725 60814.56986410 32
METOB                60815.01240513 60815.02226102 25
METOB                60815.08187843 60815.09148043 23
METOB                60815.47736732 60815.48510378 10
METOB                60815.54511502 60815.55570556 56
METOB                60815.99853829 60816.00732528 15
METOB                60816.06722026 60816.07752964 39
METOB                60816.46433885 60816.46968885 4
METOB                60816.53070034 60816.54139500 84
METOB                60816.60271908 60816.60850982 4
METOB                60816.98502311 60816.99201272 7
METOB                60817.05271350 60817.06337327 68
METOB                60817.51646657 60817.52694600 48
METOB                60817.58712061 60817.59524857 11
METOB                60818.03834505 60818.04903334 71
METOB                60818.10937518 60818.11626792 7
METOB                60818.50242504 60818.51235367 28
METOB                60818.57204891 60818.58150494 20
METOB                60819.02411720 60819.03451118 40
METOB                60819.09423484 60819.10289511 14
METOB                60819.48861502 60819.49758874 17
METOB                60819.55726290 60819.56750170 35
METOB                60820.01006030 60820.01978656 23
METOB                60820.07941500 60820.08915643 25
METOB                60820.47512669 60820.48257224 9
METOB                60820.54268968 60820.55331628 61
METOB                60820.99623449 60821.00480273 13
METOB                60821.06478098 60821.07516963 42
METOB                60821.46223400 60821.46703106 3
METOB                60821.52830171 60821.53898236 78
METOB                60821.60007068 60821.60632547 5
METOB                60821.98279816 60821.98940453 6
METOB                60822.05029477 60822.06098228 74
METOB                60822.12245242 60822.12682478 2
METOB                60822.51409501 60822.52451044 44
METOB                60822.58457725 60822.59295821 12
METOB                60823.03594683 60823.04661284 65
METOB                60823.10678940 60823.11405041 8
METOB                60823.50008480 60823.50989241 26
METOB                60823.56955671 60823.57916430 22
METOB                60824.02174129 60824.03205959 37
METOB                60824.09173645 60824.10060310 16
METOB                60824.48631557 60824.49509400 15
METOB                60824.55480556 60824.56512768 38
METOB                60825.00771379 60825.01729806 22
METOB                60825.07694867 60825.08681911 27
METOB                60825.47289185 60825.48002195 8
