iss                  60803.35726444 60803.36388810 14
iss                  60803.42443029 60803.43193323 48
iss                  60803.49177554 60803.49856648 18
iss                  60804.12034446 60804.12738550 23
iss                  60804.18717802 60804.19465370 39
iss                  60804.25529836 60804.26184710 13
iss                  60804.32333617 60804.32975137 12
iss                  60804.39061477 60804.39794882 31
iss                  60804.45779959 60804.46507279 32
iss                  60805.08696298 60805.09332227 13
iss                  60805.15323291 60805.16081950 66
iss                  60805.22113597 60805.22793478 16
iss                  60805.28932342 60805.29562002 11
iss                  60805.35677015 60805.36386715 22
iss                  60805.42388262 60805.43139243 60
iss                  60805.49190722 60805.49674178 5
iss                  60806.05384608 60806.05903887 7
iss                  60806.11937648 60806.12694298 69
iss                  60806.18697276 60806.19404434 20
iss                  60806.25522648 60806.26151677 11
iss                  60806.32288012 60806.32971135 17
iss                  60806.38999230 60806.39755558 75
iss                  60806.45755278 60806.46369678 11
iss                  60807.08563144 60807.09300224 37
iss                  60807.15283675 60807.16015984 28
iss                  60807.22105568 60807.22745412 12
iss                  60807.28892818 60807.29550881 14
iss                  60807.35610577 60807.36358397 43
iss                  60807.42340747 60807.43031326 20
iss                  60808.05202523 60808.05896724 21
iss                  60808.11875260 60808.12626509 43
iss                  60808.18683235 60808.19343296 14
iss                  60808.25490033 60808.26128896 12
iss                  60808.32220413 60808.32949745 28
iss                  60808.38936396 60808.39670064 36
iss                  60809.01860719 60809.02478770 12
iss                  60809.08474189 60809.09234276 74
iss                  60809.15258465 60809.15944477 17
iss                  60809.22078799 60809.22707975 11
iss                  60809.28826995 60809.29531735 21
iss                  60809.35537254 60809.36290702 68
iss                  60809.42327311 60809.42843623 6
iss                  60809.98548848 60809.99035544 6
iss                  60810.05082505 60810.05837383 61
iss                  60810.11834232 60810.12547566 22
iss                  60810.18659214 60810.19290240 11
iss                  60810.25428675 60810.26106789 16
iss                  60810.32140302 60810.32896053 67
iss                  60810.38889298 60810.39522910 13
iss                  60811.01702602 60811.02433498 33
iss                  60811.08413313 60811.09150927 31
iss                  60811.15232576 60811.15876714 12
iss                  60811.22023810 60811.22677746 13
iss                  60811.28743334 60811.29488239 39
iss                  60811.35469238 60811.36171355 23
iss                  60811.98337515 60811.99019290 18
iss                  60812.04998131 60812.05752909 48
iss                  60812.11801236 60812.12467260 14
iss                  60812.18611070 60812.19247589 12
iss                  60812.25344485 60812.26069297 26
iss                  60812.32058138 60812.32797998 41
iss                  60812.38907962 60812.39263180 2
iss                  60812.94993019 60812.95588923 10
iss                  60813.01590826 60813.02351737 84
iss                  60813.08368109 60813.09060872 18
iss                  60813.15189763 60813.15819046 11
iss                  60813.21942000 60813.22641398 19
iss                  60813.28651549 60813.29407116 78
iss                  60813.35429788 60813.35978044 8
iss                  60813.91683423 60813.92128678 4
iss                  60813.98193480 60813.98945414 53
iss                  60814.04936199 60814.05656070 23
iss                  60814.11760251 60814.12394050 11
iss                  60814.18534222 60814.19207131 15
iss                  60814.25246647 60814.26001331 59
iss                  60814.31988785 60814.32641405 15
iss                  60814.94808661 60814.95531437 29
iss                  60815.01508238 60815.02251179 34
iss                  60815.08324112 60815.08973365 13
iss                  60815.15119527 60815.15769414 13
iss                  60815.21841308 60815.22582741 36
iss                  60815.28563122 60815.29276533 26
iss                  60815.91439798 60815.92106001 16
iss                  60815.98086601 60815.98844521 54
iss                  60816.04883907 60816.05556623 15
iss                  60816.11696683 60816.12331253 12
iss                  60816.18433680 60816.19153422 24
iss                  60816.25145253 60816.25890906 48
iss                  60816.31971819 60816.32386742 4
iss                  60816.88093860 60816.88662209 9
iss                  60816.94673417 60816.95434253 85
iss                  60817.01442647 60817.02142663 19
iss                  60817.08265212 60817.08895268 11
iss                  60817.15022004 60817.15715652 18
iss                  60817.21731188 60817.22488332 88
iss                  60817.28498293 60817.29077209 9
iss                  60817.84782314 60817.85181288 3
iss                  60817.91270920 60817.92018270 45
iss                  60817.98003328 60817.98729927 25
AO-07                60803.49785003 60803.51229124 32
AO-07                60803.57600894 60803.59113305 57
AO-07                60803.65503226 60803.66619951 13
AO-07                60803.88052953 60803.89057570 9
AO-07                60803.95487857 60803.96972500 44
AO-07                60804.03302123 60804.04809252 43
AO-07                60804.11681148 60804.12368376 3
AO-07                60804.45723978 60804.46831110 11
AO-07                60804.53430847 60804.54971425 68
AO-07                60804.61294309 60804.62678029 29
AO-07                60804.69237058 60804.69990218 5
AO-07                60804.91486166 60804.92774188 20
AO-07                60804.99101912 60805.00656005 86
AO-07                60805.07111625 60805.08425428 19
AO-07                60805.49297483 60805.50716296 28
AO-07                60805.57104544 60805.58626974 62
AO-07                60805.65002348 60805.66158729 14
AO-07                60805.87599505 60805.88554661 8
AO-07                60805.95007739 60805.96474829 40
AO-07                60806.02797368 60806.04318239 48
AO-07                60806.11106910 60806.11925254 5
AO-07                60806.45253970 60806.46289885 9
AO-07                60806.52937864 60806.54472299 61
AO-07                60806.60795901 60806.62202864 31
AO-07                60806.68731555 60806.69543997 5
AO-07                60806.91019366 60806.92274233 18
AO-07                60806.98610767 60807.00160684 79
AO-07                60807.06590311 60807.07942398 21
AO-07                60807.48811090 60807.50201143 25
AO-07                60807.56608517 60807.58139142 69
AO-07                60807.64501845 60807.65695711 16
AO-07                60807.87153144 60807.88051328 7
AO-07                60807.94529515 60807.95976894 36
AO-07                60808.02294457 60808.03826530 53
AO-07                60808.10546893 60808.11470120 6
AO-07                60808.44788868 60808.45742128 7
AO-07                60808.52445440 60808.53971512 55
AO-07                60808.60297755 60808.61726130 35
AO-07                60808.68227081 60808.69095356 6
AO-07                60808.90554319 60808.91773960 17
AO-07                60808.98121178 60808.99664984 72
AO-07                60809.06071865 60809.07457770 24
AO-07                60809.48326016 60809.49683487 22
AO-07                60809.56112830 60809.57649810 75
AO-07                60809.64001664 60809.65230942 17
AO-07                60809.86704119 60809.87546929 6
AO-07                60809.94052556 60809.95478667 33
AO-07                60810.01793323 60810.03334185 59
AO-07                60810.09996335 60810.11007309 8
AO-07                60810.44330522 60810.45185958 5
AO-07                60810.51953634 60810.53469013 50
AO-07                60810.59799872 60810.61247845 38
AO-07                60810.67723437 60810.68644479 7
AO-07                60810.90091062 60810.91273349 15
AO-07                60810.97633136 60810.99168926 65
AO-07                60811.05556049 60811.06971768 27
AO-07                60811.47842417 60811.49163093 20
AO-07                60811.55617502 60811.57158970 82
AO-07                60811.63501785 60811.64764456 19
AO-07                60811.86257491 60811.87041558 5
AO-07                60811.93577195 60811.94980164 30
AO-07                60812.01293912 60812.02841257 65
AO-07                60812.09452972 60812.10538976 10
AO-07                60812.43882001 60812.44618075 4
AO-07                60812.51462476 60812.52964745 45
AO-07                60812.59302257 60812.60768015 42
AO-07                60812.67220482 60812.68191478 9
AO-07                60812.89629605 60812.90772374 13
AO-07                60812.97146636 60812.98672526 59
AO-07                60813.05042669 60813.06484556 30
AO-07                60813.47361143 60813.48639711 17
AO-07                60813.55122549 60813.56666615 88
AO-07                60813.63002195 60813.64296285 21
AO-07                60813.70979190 60813.71504732 2
AO-07                60813.85813507 60813.86534946 4
AO-07                60813.93103483 60813.94481384 27
AO-07                60814.00796178 60814.02347791 71
AO-07                60814.08915367 60814.10066451 12
AO-07                60814.43456553 60814.44031410 2
AO-07                60814.50971871 60814.52458635 40
AO-07                60814.58804916 60814.60286683 46
AO-07                60814.66718111 60814.67736480 10
AO-07                60814.89170016 60814.90271001 12
AO-07                60814.96661677 60814.98175802 54
AO-07                60815.04531562 60815.05996284 34
AO-07                60815.46881287 60815.48112993 15
AO-07                60815.54628029 60815.56172730 83
AO-07                60815.62502881 60815.63826449 23
AO-07                60815.70467119 60815.71069337 3
AO-07                60815.85372486 60815.86026722 3
AO-07                60815.92631388 60815.93982331 25
AO-07                60816.00300082 60816.01853829 78
AO-07                60816.08382570 60816.09590608 14
AO-07                60816.50482204 60816.51950593 36
AO-07                60816.58307858 60816.59803843 50
AO-07                60816.66216243 60816.67279525 11
AO-07                60816.88712314 60816.89769189 11
AO-07                60816.96178261 60816.97678760 49
AO-07                60817.04022593 60817.05507032 38
LO-19                60803.52079134 60803.53093464 37
LO-19                60803.58982410 60803.59944859 27
LO-19                60803.92383564 60803.93003970 6
LO-19                60803.98990758 60804.00013843 51
LO-19                60804.05957231 60804.06865667 18
LO-19                60804.49829240 60804.50744415 18
LO-19                60804.56681032 60804.57711652 52
LO-19                60804.63692600 60804.64321146 6
LO-19                60804.96757855 60804.97712327 26
LO-19                60805.03608116 60805.04615898 37
LO-19                60805.47618937 60805.48332958 8
LO-19                60805.54393800 60805.55442387 77
LO-19                60805.61343466 60805.62180778 14
LO-19                60805.94564905 60805.95393973 14
LO-19                60806.01302060 60806.02344281 78
LO-19                60806.08414149 60806.09118253 8
LO-19                60806.52121981 60806.53136324 37
LO-19                60806.59025320 60806.59987470 27
LO-19                60806.92425068 60806.93047501 6
LO-19                60806.99032795 60807.00056956 52
LO-19                60807.05999482 60807.06908662 18
LO-19                60807.49871915 60807.50787234 18
LO-19                60807.56723814 60807.57754187 52
LO-19                60807.63735512 60807.64363387 6
LO-19                60807.96799666 60807.97755380 26
LO-19                60808.03650169 60808.04658808 37
LO-19                60808.47661397 60808.48375799 8
LO-19                60808.54436454 60808.55484844 77
LO-19                60808.61386199 60808.62222999 14
LO-19                60808.94606469 60808.95437005 14
LO-19                60809.01343924 60809.02387105 78
LO-19                60809.08456220 60809.09160988 8
LO-19                60809.52164500 60809.53178708 37
LO-19                60809.59067913 60809.60029625 27
LO-19                60809.92466266 60809.93090635 6
LO-19                60809.99074464 60810.00099699 52
LO-19                60810.06041358 60810.06951302 18
LO-19                60810.49914283 60810.50829561 18
LO-19                60810.56766276 60810.57796253 52
LO-19                60810.63778125 60810.64405166 6
LO-19                60810.96841140 60810.97798055 26
LO-19                60811.03691861 60811.04701353 37
LO-19                60811.47703576 60811.48418117 8
LO-19                60811.54478786 60811.55526834 77
LO-19                60811.61428617 60811.62264765 14
LO-19                60811.94647711 60811.95479646 14
LO-19                60812.01385436 60812.02429556 78
LO-19                60812.08497917 60812.09203367 8
LO-19                60812.52206698 60812.53220615 37
LO-19                60812.59110184 60812.60071323 26
LO-19                60812.92507169 60812.93133355 6
LO-19                60812.99115794 60813.00142062 52
LO-19                60813.06082855 60813.06993574 18
LO-19                60813.49956339 60813.50871398 18
LO-19                60813.56808411 60813.57837876 52
LO-19                60813.63820434 60813.64446481 6
LO-19                60813.96882286 60813.97840340 26
LO-19                60814.03733202 60814.04743522 37
LO-19                60814.47745466 60814.48459913 8
LO-19                60814.54520789 60814.55568358 77
LO-19                60814.61470713 60814.62306074 14
LO-19                60814.94688644 60814.95521884 14
LO-19                60815.01426607 60815.02471622 77
LO-19                60815.08539255 60815.09245373 8
LO-19                60815.52248568 60815.53262047 37
LO-19                60815.59152123 60815.60112566 26
LO-19                60815.92547792 60815.93175645 6
LO-19                60815.99156796 60816.00184033 52
LO-19                60816.06124022 60816.07035464 18
LO-19                60816.49998073 60816.50912748 18
LO-19                60816.56850210 60816.57879031 52
LO-19                60816.63862429 60816.64487333 6
LO-19                60816.96923115 60816.97882223 26
LO-19                60817.03774202 60817.04785302 37
LO-19                60817.47787054 60817.48501192 8
LO-19                60817.54562453 60817.55609418 77
LO-19                60817.61512477 60817.62346930 14
LO-19                60817.94729275 60817.95563704 14
LO-19                60818.01467447 60818.02513292 77
LO-19                60818.08580246 60818.09286990 8
LO-19                60818.52290100 60818.53303009 37
LO-19                60818.59193722 60818.60153354 26
LO-19                60818.92588144 60818.93217489 6
LO-19                60818.99197477 60819.00225598 52
LO-19                60819.06164849 60819.07076959 18
LO-19                60819.50039473 60819.50953613 18
LO-19                60819.56891663 60819.57919729 52
LO-19                60819.63904100 60819.64527725 6
LO-19                60819.96963634 60819.97923690 26
LO-19                60820.03814871 60820.04826681 37
LO-19                60820.47828328 60820.48541960 8
LO-19                60820.54603768 60820.55650019 77
LO-19                60820.61553899 60820.62387335 14
LO-19                60820.94769613 60820.95605094 14
LO-19                60821.01507964 60821.02554554 77
LO-19                60821.08620904 60821.09328202 8
LO-19                60821.52331283 60821.53343505 37
LO-19                60821.59234970 60821.60193693 26
LO-19                60821.92628234 60821.93258872 6
FO-29                60803.31674930 60803.32640120 16
FO-29                60803.66860751 60803.67840801 26
FO-29                60803.74116783 60803.75157939 35
FO-29                60804.20493046 60804.21624585 27
FO-29                60804.27782730 60804.28947662 43
FO-29                60804.35235047 60804.35860287 5
FO-29                60804.63211085 60804.63925901 8
FO-29                60804.70258334 60804.71329131 72
FO-29                60804.77718008 60804.78555136 12
FO-29                60805.16753729 60805.17591002 8
FO-29                60805.23930297 60805.25152470 66
FO-29                60805.31285998 60805.32294399 18
FO-29                60805.66501073 60805.67460653 24
FO-29                60805.73741821 60805.74783919 39
FO-29                60806.20117751 60806.21254096 26
FO-29                60806.27401186 60806.28592650 47
FO-29                60806.34838321 60806.35530098 6
FO-29                60806.62862179 60806.63540035 7
FO-29                60806.69890977 60806.70952126 65
FO-29                60806.77331489 60806.78187615 13
FO-29                60807.16386795 60807.17206535 8
FO-29                60807.23551757 60807.24790037 62
FO-29                60807.30900858 60807.31947794 20
FO-29                60807.66141109 60807.67080940 22
FO-29                60807.73366604 60807.74410244 42
FO-29                60808.19742928 60808.20883262 24
FO-29                60808.27020069 60808.28237415 52
FO-29                60808.34444103 60808.35197647 7
FO-29                60808.62513511 60808.63154201 6
FO-29                60808.69523277 60808.70575571 60
FO-29                60808.76941930 60808.77820286 14
FO-29                60809.16021090 60809.16820880 7
FO-29                60809.23173653 60809.24427353 59
FO-29                60809.30516404 60809.31600724 22
FO-29                60809.65780850 60809.66701733 20
FO-29                60809.72991131 60809.74036974 47
FO-29                60810.19368683 60810.20511986 23
FO-29                60810.26639443 60810.27881887 56
FO-29                60810.34051972 60810.34863366 8
FO-29                60810.62165153 60810.62768416 5
FO-29                60810.69155237 60810.70199561 54
FO-29                60810.76555765 60810.77452832 16
FO-29                60811.15656815 60811.16433785 6
FO-29                60811.22796040 60811.24064335 55
FO-29                60811.30132668 60811.31253127 25
FO-29                60811.65420313 60811.66323078 18
FO-29                60811.72615407 60811.73664167 52
FO-29                60811.80309642 60811.80737600 2
FO-29                60812.18995102 60812.20140163 22
FO-29                60812.26259371 60812.27525980 60
FO-29                60812.33661638 60812.34527531 10
FO-29                60812.61817178 60812.62382675 4
FO-29                60812.68786873 60812.69824130 49
FO-29                60812.76169740 60812.77085551 17
FO-29                60813.15294285 60813.16044961 5
FO-29                60813.22419007 60813.23700924 52
FO-29                60813.29749685 60813.30904976 27
FO-29                60813.65059517 60813.65945074 17
FO-29                60813.72239447 60813.73291873 57
FO-29                60813.79893339 60813.80394881 3
FO-29                60814.18622273 60814.19767685 20
FO-29                60814.25879909 60814.27169653 65
FO-29                60814.33272912 60814.34190308 11
FO-29                60814.61474595 60814.61997075 4
FO-29                60814.68418336 60814.69449325 45
FO-29                60814.75783851 60814.76718479 19
FO-29                60815.14933802 60815.15654049 5
FO-29                60815.22042616 60815.23336984 49
FO-29                60815.29367491 60815.30556207 30
FO-29                60815.64698494 60815.65567754 15
FO-29                60815.71863272 60815.72920136 63
FO-29                60815.79482173 60815.80047549 4
FO-29                60816.18250283 60816.19394436 19
FO-29                60816.25501115 60816.26812781 70
FO-29                60816.32885668 60816.33851803 13
FO-29                60816.61127858 60816.61611333 3
FO-29                60816.68049404 60816.69075219 41
FO-29                60816.75398078 60816.76351695 21
FO-29                60817.14575800 60817.15260593 4
FO-29                60817.21666930 60817.22972446 46
FO-29                60817.28986120 60817.30206760 32
FO-29                60817.36475429 60817.37009625 3
FO-29                60817.64337280 60817.65191172 14
FO-29                60817.71486913 60817.72549017 69
FO-29                60817.79074571 60817.79697237 5
FO-29                60818.17879227 60818.19020296 18
FO-29                60818.25123042 60818.26455302 74
FO-29                60818.32499816 60818.33512064 14
FO-29                60818.60781987 60818.61225456 3
FO-29                60818.67680228 60818.68701821 37
FO-29                60818.75012462 60818.75985248 24
FO-29                60819.14220813 60819.14863985 3
FO-29                60819.21292014 60819.22607216 43
FO-29                60819.28605605 60819.29856569 35
FO-29                60819.36072959 60819.36691869 4
FO-29                60819.63975897 60819.64815370 13
FO-29                60819.71110405 60819.72178502 76
FO-29                60819.78669673 60819.79344854 6
FO-29                60820.17509194 60820.18645139 17
SO-50                60803.49417571 60803.50146197 12
SO-50                60803.56220438 60803.57154899 67
SO-50                60803.63319616 60803.64063572 11
SO-50                60803.84689272 60803.85492129 13
SO-50                60803.91599933 60803.92578301 80
SO-50                60803.98614778 60803.99364333 11
SO-50                60804.50644528 60804.51509913 27
SO-50                60804.57563288 60804.58467420 32
SO-50                60804.64755505 60804.65361042 6
SO-50                60804.79106775 60804.79634123 4
SO-50                60804.85990724 60804.86891330 23
SO-50                60804.92923976 60804.93881870 47
SO-50                60805.00063730 60805.00485505 3
SO-50                60805.45255815 60805.45753074 4
SO-50                60805.51920258 60805.52846017 61
SO-50                60805.58938812 60805.59772589 17
SO-50                60805.66221197 60805.66655549 2
SO-50                60805.80400288 60805.81092006 8
SO-50                60805.87297397 60805.88257389 43
SO-50                60805.94264989 60805.95145455 22
SO-50                60806.46411277 60806.47167657 13
SO-50                60806.53233505 60806.54166480 60
SO-50                60806.60346713 60806.61072541 10
SO-50                60806.81697833 60806.82518113 14
SO-50                60806.88611385 60806.89589931 89
SO-50                60806.95637641 60806.96354814 10
SO-50                60807.47646069 60807.48524974 30
SO-50                60807.54580424 60807.55476862 29
SO-50                60807.61786317 60807.62368703 5
SO-50                60807.76113560 60807.76667921 4
SO-50                60807.82999105 60807.83911393 25
SO-50                60807.89936602 60807.90887040 42
SO-50                60808.42232332 60808.42784955 5
SO-50                60808.48927032 60808.49857327 69
SO-50                60808.55959913 60808.56780284 16
SO-50                60808.63255106 60808.63662102 2
SO-50                60808.77406609 60808.78120257 9
SO-50                60808.84305869 60808.85271544 48
SO-50                60808.91280202 60808.92142911 20
SO-50                60809.43404005 60809.44185196 15
SO-50                60809.50244589 60809.51175139 53
SO-50                60809.57371701 60809.58078760 9
SO-50                60809.71825639 60809.72223066 2
SO-50                60809.78703805 60809.79540531 15
SO-50                60809.85620385 60809.86598056 82
SO-50                60809.92664028 60809.93340473 8
SO-50                60810.44645984 60810.45536786 34
SO-50                60810.51595531 60810.52483463 26
SO-50                60810.58814919 60810.59373660 5
SO-50                60810.73117744 60810.73698174 5
SO-50                60810.80004922 60810.80927929 27
SO-50                60810.86946905 60810.87888629 37
SO-50                60811.39210532 60811.39810496 7
SO-50                60811.45931928 60811.46865610 78
SO-50                60811.52978939 60811.53785191 15
SO-50                60811.74410331 60811.75144938 9
SO-50                60811.81311823 60811.82282204 53
SO-50                60811.88293408 60811.89136502 17
SO-50                60812.40395609 60812.41199006 17
SO-50                60812.47253704 60812.48180893 47
SO-50                60812.54394546 60812.55082233 8
SO-50                60812.68827699 60812.69254770 2
SO-50                60812.75707189 60812.76559399 17
SO-50                60812.82626944 60812.83602681 73
SO-50                60812.89685266 60812.90321176 7
SO-50                60813.41644201 60813.42545368 38
SO-50                60813.48608591 60813.49487217 24
SO-50                60813.55841266 60813.56375906 4
SO-50                60813.70119326 60813.70724922 5
SO-50                60813.77008189 60813.77940956 30
SO-50                60813.83954915 60813.84886627 33
SO-50                60814.36189422 60814.36830576 8
SO-50                60814.42934911 60814.43870892 85
SO-50                60814.49995873 60814.50787319 14
SO-50                60814.71411440 60814.72166065 10
SO-50                60814.78315264 60814.79289383 59
SO-50                60814.85304678 60814.86126174 16
SO-50                60815.37385924 60815.38209209 19
SO-50                60815.44260808 60815.45183759 42
SO-50                60815.51415248 60815.52082966 7
SO-50                60815.65827171 60815.66283005 3
SO-50                60815.72708002 60815.73574732 18
SO-50                60815.79631075 60815.80603812 65
SO-50                60815.86706132 60815.87296398 6
SO-50                60816.38640697 60816.39550787 43
SO-50                60816.45619587 60816.46488172 22
SO-50                60816.52865345 60816.53375445 4
SO-50                60816.67118299 60816.67748124 6
SO-50                60816.74008899 60816.74950488 33
SO-50                60816.80960657 60816.81881020 30
SO-50                60817.33168364 60817.33845798 9
SO-50                60817.39935963 60817.40873198 81
SO-50                60817.47010697 60817.47786675 12
SO-50                60817.68409952 60817.69183631 11
SO-50                60817.75316200 60817.76293092 66
SO-50                60817.82314094 60817.83111849 14
SO-50                60818.34374827 60818.35215915 22
SO-50                60818.41265879 60818.42183752 38
SO-50                60818.48433762 60818.49080967 7
HO-68                60803.34266978 60803.35377017 16
HO-68                60803.41673752 60803.43037964 87
HO-68                60803.49213425 60803.50319897 17
HO-68                60803.78009293 60803.79015863 13
HO-68                60803.85224171 60803.86574306 66
HO-68                60803.92808647 60803.94016724 22
HO-68                60804.33122914 60804.34115918 11
HO-68                60804.40492433 60804.41855941 73
HO-68                60804.48016110 60804.49194965 23
HO-68                60804.76908755 60804.77810034 9
HO-68                60804.84060444 60804.85387545 51
HO-68                60804.91583032 60804.92853574 30
HO-68                60805.32000784 60805.32827308 6
HO-68                60805.39314197 60805.40664929 56
HO-68                60805.46821624 60805.48060124 29
HO-68                60805.54464902 60805.55044065 3
HO-68                60805.75827775 60805.76597581 6
HO-68                60805.82905646 60805.84198460 39
HO-68                60805.90369554 60805.91684490 40
HO-68                60806.30920308 60806.31488160 3
HO-68                60806.38139591 60806.39464390 42
HO-68                60806.45629640 60806.46915941 37
HO-68                60806.53236882 60806.53982814 6
HO-68                60806.74761468 60806.75373303 4
HO-68                60806.81759434 60806.83007029 30
HO-68                60806.89166727 60806.90510762 52
HO-68                60806.97032621 60806.97807490 5
HO-68                60807.36969125 60807.38253447 32
HO-68                60807.44440005 60807.45762849 48
HO-68                60807.52022237 60807.52900458 8
HO-68                60807.80622454 60807.81813156 24
HO-68                60807.87973593 60807.89333269 69
HO-68                60807.95733547 60807.96692267 10
HO-68                60808.35804413 60808.37030786 24
HO-68                60808.43252690 60808.44601057 63
HO-68                60808.50815119 60808.51802845 12
HO-68                60808.79495250 60808.80616551 18
HO-68                60808.86789550 60808.88152604 88
HO-68                60808.94467110 60808.95553972 14
HO-68                60809.34647126 60809.35794273 17
HO-68                60809.42067801 60809.43430684 81
HO-68                60809.49613007 60809.50692612 16
HO-68                60809.78378566 60809.79416690 14
HO-68                60809.85614250 60809.86969172 72
HO-68                60809.93221196 60809.94402299 20
HO-68                60810.33501000 60810.34540424 12
HO-68                60810.40885508 60810.42251676 79
HO-68                60810.48414608 60810.49571262 21
HO-68                60810.77273592 60810.78212639 10
HO-68                60810.84447538 60810.85783239 56
HO-68                60810.91990893 60810.93241627 27
HO-68                60811.32370681 60811.33262754 8
HO-68                60811.39706140 60811.41063805 61
HO-68                60811.47219202 60811.48439748 27
HO-68                60811.54879436 60811.55390377 2
HO-68                60811.76182189 60811.77002699 7
HO-68                60811.83289463 60811.84594955 43
HO-68                60811.90773414 60811.92074420 36
HO-68                60812.31271083 60812.31946006 4
HO-68                60812.38530214 60812.39866625 46
HO-68                60812.46026386 60812.47298727 34
HO-68                60812.53644002 60812.54339148 5
HO-68                60812.75113232 60812.75783485 4
HO-68                60812.82140383 60812.83404346 33
HO-68                60812.89567024 60812.90902177 48
HO-68                60812.97477256 60812.98169219 4
HO-68                60813.37358137 60813.38659399 35
HO-68                60813.44835955 60813.46148663 44
HO-68                60813.52425813 60813.53263010 7
HO-68                60813.74066132 60813.74545130 2
HO-68                60813.81000128 60813.82211351 26
HO-68                60813.88370610 60813.89725909 63
HO-68                60813.96163022 60813.97066521 8
HO-68                60814.36191334 60814.37440955 26
HO-68                60814.43647842 60814.44989835 57
HO-68                60814.51216541 60814.52170218 11
HO-68                60814.79869455 60814.81015746 20
HO-68                60814.87183459 60814.88546291 82
HO-68                60814.94887640 60814.95934585 13
HO-68                60815.35031208 60815.36209517 19
HO-68                60815.42462107 60815.43822408 74
HO-68                60815.50012929 60815.51064081 14
HO-68                60815.78749008 60815.79817101 15
HO-68                60815.86005146 60815.87363786 79
HO-68                60815.93635349 60815.94786877 18
HO-68                60816.33880323 60816.34962165 14
HO-68                60816.41278884 60816.42646383 86
HO-68                60816.48813380 60816.49946407 19
HO-68                60816.77639797 60816.78614664 11
HO-68                60816.84835454 60816.86178703 61
HO-68                60816.92400043 60816.93628963 24
HO-68                60817.32743968 60817.33693777 9
HO-68                60817.40098472 60817.41461595 67
HO-68                60817.47617022 60817.48818287 24
HO-68                60817.76543398 60817.77407046 8
HO-68                60817.83674368 60817.84991232 47
HO-68                60817.91178367 60817.92463791 33
HO-68                60818.31630917 60818.32393489 5
HO-68                60818.38921296 60818.40267679 51
AO-73                60803.39385391 60803.40160520 22
AO-73                60803.45981482 60803.46746114 23
AO-73                60803.84266376 60803.84983317 14
AO-73                60803.90771914 60803.91615523 44
AO-73                60804.39323987 60804.40095437 22
AO-73                60804.45917094 60804.46684516 24
AO-73                60804.84206199 60804.84917150 14
AO-73                60804.90707920 60804.91551167 45
AO-73                60805.39259845 60805.40028595 21
AO-73                60805.45850945 60805.46621254 25
AO-73                60805.84144420 60805.84849185 13
AO-73                60805.90642217 60805.91485075 46
AO-73                60806.39194003 60806.39959993 21
AO-73                60806.45783041 60806.46556330 25
AO-73                60806.84081042 60806.84779421 13
AO-73                60806.90574805 60806.91417249 48
AO-73                60807.39126467 60807.39889620 20
AO-73                60807.45713383 60807.46489741 26
AO-73                60807.84016067 60807.84707860 13
AO-73                60807.90505683 60807.91347689 49
AO-73                60808.39057239 60808.39817483 20
AO-73                60808.45641975 60808.46421486 27
AO-73                60808.83949500 60808.84634499 12
AO-73                60808.90434853 60808.91276398 51
AO-73                60809.38986325 60809.39743573 19
AO-73                60809.45568821 60809.46351559 28
AO-73                60809.83881343 60809.84559339 12
AO-73                60809.90362315 60809.91203377 52
AO-73                60810.38913730 60810.39667902 19
AO-73                60810.45493925 60810.46279958 28
AO-73                60810.83811599 60810.84482377 11
AO-73                60810.90288069 60810.91128626 54
AO-73                60811.38839459 60811.39590430 18
AO-73                60811.45417290 60811.46206680 29
AO-73                60811.83740272 60811.84403613 11
AO-73                60811.90212117 60811.91052148 56
AO-73                60812.38763518 60812.39511168 18
AO-73                60812.45338920 60812.46131720 30
AO-73                60812.83667367 60812.84323046 11
AO-73                60812.90134459 60812.90973943 58
AO-73                60812.97021412 60812.97372681 2
AO-73                60813.38685912 60813.39430111 17
AO-73                60813.45258819 60813.46055074 31
AO-73                60813.83592888 60813.84240672 10
AO-73                60813.90055098 60813.90894014 60
AO-73                60813.96932079 60813.97300199 2
AO-73                60814.38606648 60814.39347252 17
AO-73                60814.45176992 60814.45976739 32
AO-73                60814.83516841 60814.84156491 10
AO-73                60814.89974033 60814.90812361 63
AO-73                60814.96841288 60814.97225708 2
AO-73                60815.38525733 60815.39262584 16
AO-73                60815.45093442 60815.45896710 34
AO-73                60815.83439231 60815.84070499 9
AO-73                60815.89891268 60815.90728986 65
AO-73                60815.96749007 60815.97149236 3
AO-73                60816.38443173 60816.39176099 16
AO-73                60816.45008175 60816.45814982 35
AO-73                60816.83360067 60816.83982692 9
AO-73                60816.89806802 60816.90643889 68
AO-73                60816.96655227 60816.97070828 3
AO-73                60817.38358976 60817.39087790 15
AO-73                60817.44921193 60817.45731550 36
AO-73                60817.83279354 60817.83893068 9
AO-73                60817.89716181 60817.90556759 71
AO-73                60817.96559898 60817.96990484 3
AO-73                60818.38273149 60818.38997648 15
AO-73                60818.44832503 60818.45646410 37
AO-73                60818.83197101 60818.83801622 8
AO-73                60818.89628321 60818.90468225 73
AO-73                60818.96463031 60818.96908233 4
AO-73                60819.38185700 60819.38905664 14
AO-73                60819.44742108 60819.45559556 39
AO-73                60819.83113317 60819.83708354 8
AO-73                60819.89538768 60819.90377973 77
AO-73                60819.96364607 60819.96824089 4
AO-73                60820.38096639 60820.38811828 14
AO-73                60820.44650013 60820.45470984 41
AO-73                60820.83028012 60820.83613233 8
AO-73                60820.89447525 60820.90286003 80
AO-73                60820.96264614 60820.96738067 4
AO-73                60821.38005975 60821.38716131 13
AO-73                60821.44551835 60821.45380363 42
AO-73                60821.82941196 60821.83516288 7
AO-73                60821.89354594 60821.90192317 83
AO-73                60821.96163045 60821.96650179 4
AO-73                60822.37913716 60822.38618561 13
AO-73                60822.44456350 60822.45288339 44
AO-73                60822.82852885 60822.83417493 7
AO-73                60822.89259979 60822.90096915 87
AO-73                60822.96059895 60822.96560437 5
AO-73                60823.37819874 60823.38519105 12
AO-73                60823.44359179 60823.45194580 46
AO-73                60823.51118059 60823.51476418 2
AO-73                60823.82763088 60823.83316840 7
AO-73                60823.89163682 60823.89999797 89
AO-73                60823.95955158 60823.96468832 5
AO-73                60824.37724458 60824.38417752 12
AO-73                60824.44260325 60824.45099079 48
TITA                 60803.64253618 60803.64623642 2
TITA                 60803.70630762 60803.71446780 65
TITA                 60803.77256511 60803.77854416 9
TITA                 60804.15209828 60804.16003372 32
TITA                 60804.21804053 60804.22530705 16
TITA                 60804.70000490 60804.70810188 48
TITA                 60804.76606984 60804.77254400 11
TITA                 60805.14592356 60805.15363155 25
TITA                 60805.21151337 60805.21909038 21
TITA                 60805.69371078 60805.70169030 36
TITA                 60805.75959338 60805.76648366 15
TITA                 60806.13977314 60806.14719962 20
TITA                 60806.20501796 60806.21283538 27
TITA                 60806.68742536 60806.69523084 28
TITA                 60806.75313028 60806.76036937 19
TITA                 60807.13364983 60807.14073527 16
TITA                 60807.19855043 60807.20654574 35
TITA                 60807.68115168 60807.68872033 21
TITA                 60807.74668259 60807.75421156 24
TITA                 60808.12755780 60808.13423508 12
TITA                 60808.19210799 60808.20022428 46
TITA                 60808.67489349 60808.68215460 17
TITA                 60808.74023606 60808.74799976 30
TITA                 60809.12150305 60809.12769337 9
TITA                 60809.18568871 60809.19387292 62
TITA                 60809.25399894 60809.25756644 2
TITA                 60809.66865697 60809.67552695 13
TITA                 60809.73379534 60809.74174232 39
TITA                 60810.11549513 60810.12110105 7
TITA                 60810.17924672 60810.18749005 84
TITA                 60810.24693052 60810.25168328 4
TITA                 60810.66245115 60810.66882795 10
TITA                 60810.72731560 60810.73543750 52
TITA                 60810.79437214 60810.79816259 3
TITA                 60811.10955048 60811.11444211 5
TITA                 60811.17287027 60811.18108258 73
TITA                 60811.24002982 60811.24562827 7
TITA                 60811.65629091 60811.66204204 7
TITA                 60811.72088384 60811.72909184 70
TITA                 60811.78760125 60811.79233884 5
TITA                 60812.10375706 60812.10768331 3
TITA                 60812.16651535 60812.17464780 54
TITA                 60812.23322521 60812.23947263 9
TITA                 60812.65020310 60812.65514116 5
TITA                 60812.71445659 60812.72270229 86
TITA                 60812.78091340 60812.78638929 7
TITA                 60813.16018134 60813.16818565 41
TITA                 60813.22648646 60813.23324592 12
TITA                 60813.64425004 60813.64806058 2
TITA                 60813.70803439 60813.71626840 65
TITA                 60813.77427191 60813.78035102 9
TITA                 60814.15386955 60814.16169564 31
TITA                 60814.21979766 60814.22696395 16
TITA                 60814.70161552 60814.70978920 48
TITA                 60814.76765971 60814.77424146 12
TITA                 60815.14758137 60815.15517668 24
TITA                 60815.21314878 60815.22063598 21
TITA                 60815.69520595 60815.70326314 36
TITA                 60815.76106693 60815.76807066 15
TITA                 60816.14131891 60816.14862734 19
TITA                 60816.20653378 60816.21426858 27
TITA                 60816.68880586 60816.69668791 27
TITA                 60816.75448810 60816.76184479 19
TITA                 60817.13508528 60817.14204461 15
TITA                 60817.19994797 60817.20786571 35
TITA                 60817.68241842 60817.69006019 21
TITA                 60817.74792521 60817.75557434 25
TITA                 60818.12888497 60818.13542472 12
TITA                 60818.19338854 60818.20143037 47
TITA                 60818.67604755 60818.68337561 17
TITA                 60818.74136419 60818.74924881 32
TITA                 60819.12272474 60819.12876136 9
TITA                 60819.18685327 60819.19496463 64
TITA                 60819.25509575 60819.25868818 2
TITA                 60819.66969975 60819.67662710 13
TITA                 60819.73476560 60819.74287344 41
TITA                 60820.11661542 60820.12204409 6
TITA                 60820.18029701 60820.18846698 87
TITA                 60820.24791104 60820.25268959 4
TITA                 60820.66338456 60820.66980471 10
TITA                 60820.72821582 60820.73645587 55
TITA                 60820.79516915 60820.79929205 3
TITA                 60821.11057640 60821.11525401 4
TITA                 60821.17380702 60821.18194424 70
TITA                 60821.24089473 60821.24651911 7
TITA                 60821.65711771 60821.66289179 7
TITA                 60821.72167106 60821.72999326 74
TITA                 60821.78830876 60821.79333078 5
TITA                 60822.10470441 60822.10834954 2
TITA                 60822.16733966 60822.17539376 51
TITA                 60822.23397528 60822.24024788 10
TITA                 60822.65092878 60822.65585795 4
TITA                 60822.71513142 60822.72348556 82
TITA                 60822.78152066 60822.78725387 7
TITA                 60823.16089448 60823.16881543 38
TITA                 60823.22712243 60823.23390549 13
TITA                 60823.64488689 60823.64863097 2
TITA                 60823.70859759 60823.71693225 61
TITA                 60823.77477443 60823.78109212 10
NOAA-15              60803.57924448 60803.58953691 40
NOAA-15              60803.64868768 60803.65829977 25
NOAA-15              60803.98404633 60803.99066783 7
NOAA-15              60804.05061603 60804.06104958 57
NOAA-15              60804.12079655 60804.12986302 17
NOAA-15              60804.56134320 60804.57097604 23
NOAA-15              60804.63040025 60804.64064035 42
NOAA-15              60804.70116470 60804.70655111 4
NOAA-15              60805.03283447 60805.04281060 33
NOAA-15              60805.10207119 60805.11205258 30
NOAA-15              60805.54363170 60805.55208577 13
NOAA-15              60805.61220126 60805.62275279 74
NOAA-15              60805.68234922 60805.68982549 9
NOAA-15              60806.01528767 60806.02447696 20
NOAA-15              60806.08363520 60806.09408722 52
NOAA-15              60806.15626943 60806.16144226 3
NOAA-15              60806.52627894 60806.53268426 6
NOAA-15              60806.59409031 60806.60464249 64
NOAA-15              60806.66383312 60806.67266705 17
NOAA-15              60806.99801330 60807.00602018 12
NOAA-15              60807.06544154 60807.07601065 89
NOAA-15              60807.13656136 60807.14434403 10
NOAA-15              60807.57607842 60807.58629827 36
NOAA-15              60807.64545868 60807.65521228 27
NOAA-15              60807.98110154 60807.98735952 6
NOAA-15              60808.04747183 60808.05784195 51
NOAA-15              60808.11748312 60808.12673608 19
NOAA-15              60808.55820114 60808.56768592 21
NOAA-15              60808.62718492 60808.63751082 46
NOAA-15              60808.69782219 60808.70364925 5
NOAA-15              60809.02972666 60809.03958563 30
NOAA-15              60809.09880994 60809.10889260 32
NOAA-15              60809.54053097 60809.54872517 11
NOAA-15              60809.60899850 60809.61958322 81
NOAA-15              60809.67906873 60809.68682847 10
NOAA-15              60810.01222066 60810.02123151 18
NOAA-15              60810.08041515 60810.09090408 57
NOAA-15              60810.15272765 60810.15848606 4
NOAA-15              60810.52327629 60810.52919301 4
NOAA-15              60810.59090139 60810.60143233 58
NOAA-15              60810.66058034 60810.66961111 18
NOAA-15              60810.99499721 60811.00274608 10
NOAA-15              60811.06225804 60811.07280897 82
NOAA-15              60811.13317559 60811.14125473 11
NOAA-15              60811.57290687 60811.58304359 33
NOAA-15              60811.64222312 60811.65210964 30
NOAA-15              60811.97816453 60811.98402986 5
NOAA-15              60812.04432374 60812.05462333 47
NOAA-15              60812.11416942 60812.12359462 20
NOAA-15              60812.55505566 60812.56437735 19
NOAA-15              60812.62396273 60812.63436646 51
NOAA-15              60812.69448658 60812.70071840 6
NOAA-15              60813.02661541 60813.03634947 28
NOAA-15              60813.09554595 60813.10572029 36
NOAA-15              60813.53743200 60813.54534046 10
NOAA-15              60813.60578913 60813.61639882 88
NOAA-15              60813.67578521 60813.68381233 12
NOAA-15              60814.00915143 60814.01797426 17
NOAA-15              60814.07719140 60814.08770982 64
NOAA-15              60814.14921584 60814.15548570 5
NOAA-15              60814.52029917 60814.52565282 4
NOAA-15              60814.58770642 60814.59820676 52
NOAA-15              60814.65732204 60814.66653912 20
NOAA-15              60814.99198189 60814.99945736 9
NOAA-15              60815.05907046 60815.06959644 74
NOAA-15              60815.12979420 60815.13814653 12
NOAA-15              60815.56973036 60815.57977216 30
NOAA-15              60815.63898122 60815.64899170 33
NOAA-15              60815.97523841 60815.98067581 4
NOAA-15              60816.04117184 60816.05139387 42
NOAA-15              60816.11085476 60816.12043928 23
NOAA-15              60816.55190765 60816.56104945 17
NOAA-15              60816.62073423 60816.63120706 56
NOAA-15              60816.69112035 60816.69776366 7
NOAA-15              60817.02350122 60817.03310223 25
NOAA-15              60817.09227902 60817.10253598 39
NOAA-15              60817.53433679 60817.54192956 9
NOAA-15              60817.60257346 60817.61319924 84
NOAA-15              60817.67249835 60817.68077769 13
NOAA-15              60818.00608071 60818.01470482 15
NOAA-15              60818.07396388 60818.08450431 70
NOAA-15              60818.14572531 60818.15244996 6
NOAA-15              60818.51736165 60818.52204888 3
NOAA-15              60818.58450583 60818.59496514 48
NOAA-15              60818.65405833 60818.66345061 22
NOAA-15              60818.98896831 60818.99615361 8
NOAA-15              60819.05587916 60819.06637325 68
NOAA-15              60819.12638315 60819.13502295 14
NOAA-15              60819.56654949 60819.57648343 27
NOAA-15              60819.63573322 60819.64585827 36
NOAA-15              60819.70675720 60819.71131715 3
NOAA-15              60819.97238091 60819.97729420 3
NOAA-15              60820.03801743 60820.04815390 39
NOAA-15              60820.10753877 60820.11727063 25
NOAA-15              60820.54875805 60820.55770097 15
NOAA-15              60820.61749934 60820.62803258 62
NOAA-15              60820.68779064 60820.69478187 8
NOAA-15              60821.02038419 60821.02984393 23
NOAA-15              60821.08900903 60821.09934014 43
NOAA-18              60803.72248494 60803.73296097 33
NOAA-18              60803.79240693 60803.80267730 32
NOAA-18              60803.86424134 60803.86832454 2
NOAA-18              60804.13097298 60804.13806110 7
NOAA-18              60804.19812456 60804.20901720 56
NOAA-18              60804.26885151 60804.27849897 19
NOAA-18              60804.71364732 60804.72377328 26
NOAA-18              60804.78338336 60804.79393391 41
NOAA-18              60804.85475822 60804.86034778 4
NOAA-18              60805.12274625 60805.12877655 5
NOAA-18              60805.18931735 60805.20001734 43
NOAA-18              60805.25957496 60805.26970991 25
NOAA-18              60805.70485017 60805.71451041 20
NOAA-18              60805.77437967 60805.78513496 53
NOAA-18              60805.84541033 60805.85215917 7
NOAA-18              60806.11475440 60806.11935362 3
NOAA-18              60806.18056546 60806.19099689 34
NOAA-18              60806.25037459 60806.26087783 32
NOAA-18              60806.69610480 60806.70515995 15
NOAA-18              60806.76539547 60806.77628201 69
NOAA-18              60806.83618518 60806.84383561 9
NOAA-18              60807.17186868 60807.18195481 27
NOAA-18              60807.24124167 60807.25201079 41
NOAA-18              60807.68742921 60807.69570255 11
NOAA-18              60807.75643091 60807.76737533 87
NOAA-18              60807.82701768 60807.83541286 12
NOAA-18              60808.16323079 60808.17288900 21
NOAA-18              60808.23217028 60808.24311408 54
NOAA-18              60808.30529374 60808.31123661 4
NOAA-18              60808.67885546 60808.68610365 7
NOAA-18              60808.74748701 60808.75841439 71
NOAA-18              60808.81789154 60808.82690820 16
NOAA-18              60809.15465668 60809.16379613 16
NOAA-18              60809.22315643 60809.23419151 71
NOAA-18              60809.29549628 60809.30282450 7
NOAA-18              60809.67045203 60809.67629143 4
NOAA-18              60809.73856572 60809.74939771 54
NOAA-18              60809.80879750 60809.81833220 21
NOAA-18              60810.14615295 60810.15467046 13
NOAA-18              60810.21419756 60810.22524569 89
NOAA-18              60810.28587422 60810.29424793 11
NOAA-18              60810.72966738 60810.74032266 41
NOAA-18              60810.79972992 60810.80969139 26
NOAA-18              60811.13772952 60811.14550332 9
NOAA-18              60811.20529223 60811.21627831 69
NOAA-18              60811.27641905 60811.28556756 15
NOAA-18              60811.72079940 60811.73118517 31
NOAA-18              60811.79068531 60811.80099044 33
NOAA-18              60811.86242091 60811.86680044 2
NOAA-18              60812.12940336 60812.13627884 7
NOAA-18              60812.19644004 60812.20729033 53
NOAA-18              60812.26706944 60812.27681713 20
NOAA-18              60812.71196569 60812.72197925 24
NOAA-18              60812.78166159 60812.79223259 43
NOAA-18              60812.85297403 60812.85877102 5
NOAA-18              60813.12120588 60813.12696637 4
NOAA-18              60813.18764110 60813.19828198 41
NOAA-18              60813.25780618 60813.26801456 26
NOAA-18              60813.70317453 60813.71269593 18
NOAA-18              60813.77265765 60813.78341956 55
NOAA-18              60813.84364092 60813.85055123 7
NOAA-18              60814.11326938 60814.11749048 2
NOAA-18              60814.17889798 60814.18925282 32
NOAA-18              60814.24861713 60814.25917074 34
NOAA-18              60814.69443833 60814.70332160 14
NOAA-18              60814.76367323 60814.77455259 72
NOAA-18              60814.83442345 60814.84220421 10
NOAA-18              60815.17021043 60815.18020158 25
NOAA-18              60815.23949418 60815.25029326 44
NOAA-18              60815.31347851 60815.31778013 2
NOAA-18              60815.68577730 60815.69383433 10
NOAA-18              60815.75470868 60815.76563180 86
NOAA-18              60815.82526007 60815.83376167 13
NOAA-18              60816.16158283 60816.17112593 20
NOAA-18              60816.23043188 60816.24138690 57
NOAA-18              60816.30338205 60816.30962673 5
NOAA-18              60816.67722865 60816.68419458 6
NOAA-18              60816.74576512 60816.75665649 67
NOAA-18              60816.81613611 60816.82523963 17
NOAA-18              60817.15302028 60817.16202198 16
NOAA-18              60817.22142655 60817.23245525 75
NOAA-18              60817.29363080 60817.30116951 8
NOAA-18              60817.66887657 60817.67431412 3
NOAA-18              60817.73684479 60817.74762494 51
NOAA-18              60817.80704311 60817.81664731 21
NOAA-18              60818.14453006 60818.15288378 12
NOAA-18              60818.21247587 60818.22350070 85
NOAA-18              60818.28403626 60818.29256533 12
NOAA-18              60818.72794796 60818.73853426 39
NOAA-18              60818.79797587 60818.80799131 27
NOAA-18              60819.13612317 60819.14370102 9
NOAA-18              60819.20357860 60819.21452480 66
NOAA-18              60819.27460106 60819.28386520 16
NOAA-18              60819.71908251 60819.72938001 30
NOAA-18              60819.78893120 60819.79927583 35
NOAA-18              60819.86057418 60819.86524228 3
NOAA-18              60820.12781910 60820.13445568 6
NOAA-18              60820.19473448 60820.20552834 50
NOAA-18              60820.26526690 60820.27509926 21
NOAA-19              60803.65374706 60803.66276422 15
NOAA-19              60803.72302982 60803.73389874 69
NOAA-19              60803.79381735 60803.80145999 9
NOAA-19              60804.12964342 60804.13962422 27
NOAA-19              60804.19904314 60804.20967152 40
NOAA-19              60804.64522913 60804.65347652 11
NOAA-19              60804.71422467 60804.72515664 88
NOAA-19              60804.78481133 60804.79319539 12
NOAA-19              60805.12116029 60805.13072058 21
NOAA-19              60805.19013103 60805.20093699 53
NOAA-19              60805.26336126 60805.26896875 4
NOAA-19              60805.63681081 60805.64405039 7
NOAA-19              60805.70543959 60805.71636156 71
NOAA-19              60805.77584580 60805.78485083 16
NOAA-19              60806.11273886 60806.12179030 16
NOAA-19              60806.18127511 60806.19217674 69
NOAA-19              60806.25369738 60806.26074708 7
NOAA-19              60806.62855792 60806.63441678 4
NOAA-19              60806.69667648 60806.70751208 54
NOAA-19              60806.76691171 60806.77643658 20
NOAA-19              60807.10438539 60807.11282840 13
NOAA-19              60807.17247276 60807.18339339 89
NOAA-19              60807.24425222 60807.25234482 10
NOAA-19              60807.68793569 60807.69860568 41
NOAA-19              60807.75800354 60807.76795897 26
NOAA-19              60808.09610935 60808.10382611 10
NOAA-19              60808.16372246 60808.17458870 71
NOAA-19              60808.23491737 60808.24383797 14
NOAA-19              60808.67922406 60808.68963851 32
NOAA-19              60808.74911785 60808.75942253 33
NOAA-19              60808.82086417 60808.82520635 2
NOAA-19              60809.08792679 60809.09476862 7
NOAA-19              60809.15502369 60809.16576367 55
NOAA-19              60809.22571947 60809.23525617 19
NOAA-19              60809.67054549 60809.68060494 25
NOAA-19              60809.74025257 60809.75083045 42
NOAA-19              60809.81157522 60809.81733889 4
NOAA-19              60810.07986713 60810.08562722 4
NOAA-19              60810.14637660 60810.15691872 42
NOAA-19              60810.21660841 60810.22662057 24
NOAA-19              60810.66190762 60810.67149657 19
NOAA-19              60810.73140658 60810.74218439 55
NOAA-19              60810.80240110 60810.80928174 7
NOAA-19              60811.07205582 60811.07633309 2
NOAA-19              60811.13778322 60811.14805322 33
NOAA-19              60811.20757136 60811.21794288 32
NOAA-19              60811.65332194 60811.66230078 14
NOAA-19              60811.72257958 60811.73348562 71
NOAA-19              60811.79334192 60811.80109847 10
NOAA-19              60812.12924339 60812.13916647 26
NOAA-19              60812.19859986 60812.20923080 41
NOAA-19              60812.64480682 60812.65299769 10
NOAA-19              60812.71377169 60812.72473432 88
NOAA-19              60812.78433666 60812.79282084 13
NOAA-19              60813.12076129 60813.13025615 20
NOAA-19              60813.18968817 60813.20048959 54
NOAA-19              60813.26282723 60813.26858286 4
NOAA-19              60813.63639517 60813.64355206 7
NOAA-19              60813.70498428 60813.71592988 69
NOAA-19              60813.77537061 60813.78446460 17
NOAA-19              60814.11234132 60814.12131878 16
NOAA-19              60814.18083241 60814.19172294 71
NOAA-19              60814.25318417 60814.26033516 7
NOAA-19              60814.62815815 60814.63388926 4
NOAA-19              60814.69621897 60814.70707078 53
NOAA-19              60814.76643524 60814.77603956 21
NOAA-19              60815.10399019 60815.11234905 12
NOAA-19              60815.17203007 60815.18293340 89
NOAA-19              60815.24374960 60815.25191678 11
NOAA-19              60815.68747621 60815.69815441 40
NOAA-19              60815.75752533 60815.76755166 27
NOAA-19              60816.09571781 60816.10333777 9
NOAA-19              60816.16327974 60816.17412266 69
NOAA-19              60816.23442079 60816.24339788 15
NOAA-19              60816.67876309 60816.68917675 31
NOAA-19              60816.74863762 60816.75900530 34
NOAA-19              60816.82031594 60816.82488628 3
NOAA-19              60817.08754126 60817.09426920 7
NOAA-19              60817.15458094 60817.16529165 53
NOAA-19              60817.22522712 60817.23480632 19
NOAA-19              60817.67008366 60817.68013197 24
NOAA-19              60817.73977015 60817.75040336 44
NOAA-19              60817.81101646 60817.81698689 5
NOAA-19              60818.07949231 60818.08511218 4
NOAA-19              60818.14593388 60818.15644058 41
NOAA-19              60818.21611870 60818.22616225 25
NOAA-19              60818.66144584 60818.67101137 18
NOAA-19              60818.73092192 60818.74174770 56
NOAA-19              60818.80188366 60818.80890572 7
NOAA-19              60819.07170554 60819.07578905 2
NOAA-19              60819.13734085 60819.14756935 32
NOAA-19              60819.20708336 60819.21747696 33
NOAA-19              60819.65286154 60819.66180182 14
NOAA-19              60819.72209268 60819.73303928 73
NOAA-19              60819.79282833 60819.80070631 10
NOAA-19              60820.12880171 60820.13867634 25
NOAA-19              60820.19811295 60820.20875787 43
NOAA-19              60820.64435004 60820.65248246 10
NOAA-19              60820.71328274 60820.72427824 86
METOA                60803.31373067 60803.31809393 7
METOA                60803.73699859 60803.74601710 20
METOA                60803.80379069 60803.81367401 45
METOA                60803.87221016 60803.87785469 5
METOA                60804.19395936 60804.20254516 18
METOA                60804.26015237 60804.26998914 52
METOA                60804.33035143 60804.33526063 3
METOA                60804.75489227 60804.76460246 35
METOA                60804.82208287 60804.83138159 26
METOA                60805.21149546 60805.22091107 30
METOA                60805.27854893 60805.28797841 29
METOA                60805.70723931 60805.71330869 5
METOA                60805.77292077 60805.78291978 63
METOA                60805.84048040 60805.84883804 15
METOA                60806.16472353 60806.17097505 6
METOA                60806.22926630 60806.23917080 54
METOA                60806.29725947 60806.30580663 16
METOA                60806.72462921 60806.73262174 12
METOA                60806.79104813 60806.80100275 67
METOA                60806.85903217 60806.86598601 8
METOA                60807.18171405 60807.18961620 12
METOA                60807.24725701 60807.25733502 80
METOA                60807.31632377 60807.32337620 8
METOA                60807.74236552 60807.75143827 23
METOA                60807.80926543 60807.81886109 38
METOA                60807.87793462 60807.88265221 3
METOA                60808.19904887 60808.20805781 21
METOA                60808.26546854 60808.27539839 45
METOA                60808.33616208 60808.34031379 2
METOA                60808.76028546 60808.76993242 40
METOA                60808.82757616 60808.83648600 22
METOA                60809.15307990 60809.15766874 3
METOA                60809.21664488 60809.22637417 36
METOA                60809.28392313 60809.29333885 26
METOA                60809.71244170 60809.71890142 7
METOA                60809.77833048 60809.78816967 72
METOA                60809.84600470 60809.85384620 13
METOA                60810.16963130 60810.17655696 8
METOA                60810.23446695 60810.24459133 64
METOA                60810.30270894 60810.31110271 14
METOA                60810.72992320 60810.73805119 14
METOA                60810.79647144 60810.80617637 57
METOA                60810.86465987 60810.87085866 6
METOA                60811.18672732 60811.19510562 15
METOA                60811.25250690 60811.26271416 71
METOA                60811.32189510 60811.32856501 7
METOA                60811.74769841 60811.75676213 25
METOA                60811.81470347 60811.82395690 32
METOA                60812.20413163 60812.21348918 25
METOA                60812.27077072 60812.28073334 39
METOA                60812.76564194 60812.77517090 46
METOA                60812.83303579 60812.84149622 18
METOA                60813.15778243 60813.16329898 4
METOA                60813.22178161 60813.23175979 42
METOA                60813.28928712 60813.29862109 22
METOA                60813.71763298 60813.72436890 8
METOA                60813.78369881 60813.79333102 76
METOA                60813.85154286 60813.85874859 10
METOA                60814.17455816 60814.18203092 10
METOA                60814.23965426 60814.24993527 75
METOA                60814.30815711 60814.31631189 12
METOA                60814.73518357 60814.74338045 16
METOA                60814.80189938 60814.81126613 48
METOA                60814.87025362 60814.87560056 5
METOA                60815.19174030 60815.20050576 17
METOA                60815.25774340 60815.26801624 61
METOA                60815.32749239 60815.33364023 5
METOA                60815.75298969 60815.76199510 29
METOA                60815.82010045 60815.82896385 27
METOA                60816.20920617 60816.21883782 29
METOA                60816.27606132 60816.28598887 34
METOA                60816.70570303 60816.71017338 3
METOA                60816.77095038 60816.78032311 53
METOA                60816.83845865 60816.84641307 15
METOA                60817.16259438 60817.16878251 6
METOA                60817.22690755 60817.23706502 50
METOA                60817.29464438 60817.30381894 20
METOA                60817.72279702 60817.72972754 9
METOA                60817.78902004 60817.79840833 71
METOA                60817.85701778 60817.86354674 8
METOA                60818.17949343 60818.18740429 12
METOA                60818.24482843 60818.25519931 86
METOA                60818.31361044 60818.32142488 10
METOA                60818.74040109 60818.74861822 18
METOA                60818.80723291 60818.81626843 40
METOA                60818.87587938 60818.88017964 3
METOA                60819.19674864 60819.20581726 20
METOA                60819.26296737 60819.27323723 53
METOA                60819.33313884 60819.33857608 4
METOA                60819.75823196 60819.76714375 33
METOA                60819.82549214 60819.83388287 22
METOA                60820.15104446 60820.15521058 2
METOA                60820.21427042 60820.22410225 33
METOA                60820.28134200 60820.29116034 30
METOA                60820.71069542 60820.71563939 4
METOA                60820.77620733 60820.78539464 62
METOA                60820.84388159 60820.85123525 12
METOA                60821.16743366 60821.17414406 7
METOA                60821.23202080 60821.24228774 58
METOB                60803.60612422 60803.61257773 5
METOB                60803.67416110 60803.68487335 62
METOB                60803.74413496 60803.75320778 17
METOB                60804.07953944 60804.08782031 12
METOB                60804.14727603 60804.15803553 89
METOB                60804.21870937 60804.22660968 10
METOB                60804.65985390 60804.67031753 40
METOB                60804.72954729 60804.73935429 26
METOB                60805.06604446 60805.07305414 7
METOB                60805.13298034 60805.14362116 60
METOB                60805.20350696 60805.21265740 16
METOB                60805.64562550 60805.65559972 26
METOB                60805.71502272 60805.72534467 39
METOB                60805.78615464 60805.79126844 3
METOB                60806.05291830 60806.05807706 4
METOB                60806.11882428 60806.12915337 39
METOB                60806.18858975 60806.19853900 26
METOB                60806.63150242 60806.64068963 17
METOB                60806.70055311 60806.71119117 59
METOB                60806.77113402 60806.77810439 7
METOB                60807.10481018 60807.11463042 26
METOB                60807.17386569 60807.18431348 39
METOB                60807.61753951 60807.62552734 10
METOB                60807.68613630 60807.69689870 88
METOB                60807.75636192 60807.76461568 12
METOB                60808.09095094 60808.10004436 18
METOB                60808.15930406 60808.17000902 62
METOB                60808.23166803 60808.23801175 5
METOB                60808.60387296 60808.60996789 5
METOB                60808.67177580 60808.68246603 58
METOB                60808.74170541 60808.75091025 19
METOB                60809.07726981 60809.08537641 12
METOB                60809.14488884 60809.15564078 86
METOB                60809.21617549 60809.22429685 11
METOB                60809.65747778 60809.66788508 37
METOB                60809.72712697 60809.73702994 28
METOB                60810.06381312 60810.07058509 7
METOB                60810.13061299 60810.14121665 56
METOB                60810.20101654 60810.21031206 18
METOB                60810.64326197 60810.65313855 24
METOB                60810.71260982 60810.72299609 41
METOB                60810.78364163 60810.78909423 4
METOB                60811.05075591 60811.05555327 3
METOB                60811.11647707 60811.12673912 37
METOB                60811.18613054 60811.19617310 27
METOB                60811.62915759 60811.63819293 15
METOB                60811.69814693 60811.70881953 64
METOB                60811.76866552 60811.77586549 8
METOB                60812.10248458 60812.11220573 25
METOB                60812.17143163 60812.18193253 42
METOB                60812.61522641 60812.62298127 9
METOB                60812.68373711 60812.69450417 84
METOB                60812.75391407 60812.76233743 13
METOB                60813.08864960 60813.09760703 17
METOB                60813.15689194 60813.16761609 66
METOB                60813.22906377 60813.23574368 6
METOB                60813.60163148 60813.60733020 4
METOB                60813.66938452 60813.68004784 54
METOB                60813.73927002 60813.74860145 20
METOB                60814.07499792 60814.08292228 11
METOB                60814.14249710 60814.15323743 81
METOB                60814.21364151 60814.22197100 12
METOB                60814.65509615 60814.66544126 35
METOB                60814.72470048 60814.73469487 29
METOB                60815.06158196 60815.06810336 6
METOB                60815.12824116 60815.13880362 52
METOB                60815.19852349 60815.20795615 19
METOB                60815.64089366 60815.65066514 23
METOB                60815.71019065 60815.72063692 44
METOB                60815.78113121 60815.78690010 5
METOB                60816.04860478 60816.05300609 2
METOB                60816.11412569 60816.12431636 34
METOB                60816.18366763 60816.19379768 29
METOB                60816.62680924 60816.63568259 14
METOB                60816.69573453 60816.70643732 68
METOB                60816.76619362 60816.77361298 9
METOB                60817.10015507 60817.10977221 23
METOB                60817.16899332 60817.17954279 45
METOB                60817.24244048 60817.24676641 2
METOB                60817.61291352 60817.62041750 8
METOB                60817.68133180 60817.69209894 79
METOB                60817.75146109 60817.76004732 14
METOB                60818.08634502 60818.09516056 16
METOB                60818.15447533 60818.16521448 71
METOB                60818.22646559 60818.23345655 7
METOB                60818.59940459 60818.60466011 3
METOB                60818.66698744 60818.67761863 51
METOB                60818.73682883 60818.74628153 21
METOB                60819.07272387 60819.08045783 10
METOB                60819.14010080 60819.15082555 76
METOB                60819.21107483 60819.21963493 13
METOB                60819.65270916 60819.66298582 33
METOB                60819.72226792 60819.73234902 31
METOB                60820.05935195 60820.06560831 6
METOB                60820.12586482 60820.13638212 49
METOB                60820.19602764 60820.20558992 20
METOB                60820.63852086 60820.64817919 21
METOB                60820.70776530 60820.71826707 47
METOB                60820.77862201 60820.78468777 5
