iss                  60803.44005943 60803.44658503 15
iss                  60803.50669734 60803.51394375 27
iss                  60803.78150627 60803.78693386 7
iss                  60803.84787937 60803.85546698 84
iss                  60803.91629771 60803.92063049 4
iss                  60804.40702745 60804.41219917 7
iss                  60804.47270290 60804.48021998 57
iss                  60804.54158534 60804.54638537 5
iss                  60804.74818278 60804.75211789 3
iss                  60804.81410967 60804.82154297 38
iss                  60804.88170234 60804.88781738 11
iss                  60805.43888227 60805.44637361 61
iss                  60805.50694725 60805.51293922 9
iss                  60805.78041341 60805.78740404 20
iss                  60805.84747835 60805.85452086 22
iss                  60806.40525080 60806.41237707 27
iss                  60806.47253953 60806.47934380 17
iss                  60806.74676503 60806.75303664 11
iss                  60806.81343988 60806.82092845 48
iss                  60807.37185676 60807.37817184 13
iss                  60807.43832153 60807.44563120 31
iss                  60807.71323086 60807.71840847 6
iss                  60807.77951922 60807.78709836 72
iss                  60807.84772599 60807.85251771 5
iss                  60808.33877585 60808.34360841 5
iss                  60808.40427904 60808.41180455 67
iss                  60808.47298766 60808.47804590 6
iss                  60808.67988321 60808.68341719 2
iss                  60808.74568466 60808.75304985 33
iss                  60808.81315032 60808.81949961 13
iss                  60809.37041316 60809.37785016 51
iss                  60809.43831580 60809.44448662 11
iss                  60809.71192030 60809.71878338 18
iss                  60809.77889051 60809.78605592 26
iss                  60810.33674510 60810.34373571 23
iss                  60810.40386538 60810.41078714 19
iss                  60810.67821154 60810.68428161 10
iss                  60810.74479936 60810.75233104 58
iss                  60811.30333479 60811.30939124 11
iss                  60811.36960216 60811.37697151 35
iss                  60811.43903728 60811.44282213 3
iss                  60811.64462689 60811.64950409 5
iss                  60811.71081843 60811.71837276 60
iss                  60811.77882473 60811.78404152 6
iss                  60812.27029920 60812.27461913 4
iss                  60812.33551544 60812.34303927 80
iss                  60812.40403939 60812.40936097 6
iss                  60812.67692066 60812.68419585 28
iss                  60812.74425775 60812.75082981 15
iss                  60813.30160967 60813.30897306 42
iss                  60813.36933618 60813.37568913 12
iss                  60813.64307405 60813.64979595 15
iss                  60813.70996140 60813.71723796 30
iss                  60814.26791254 60814.27473430 20
iss                  60814.33484609 60814.34188431 21
iss                  60814.60932495 60814.61515369 9
iss                  60814.67581825 60814.68337807 71
iss                  60815.23450116 60815.24023686 9
iss                  60815.30054133 60815.30796366 42
iss                  60815.36974481 60815.37393077 3
iss                  60815.57569900 60815.58021462 4
iss                  60815.64177833 60815.64928809 49
iss                  60815.70959378 60815.71520235 8
iss                  60816.20156620 60816.20519993 3
iss                  60816.26641470 60816.27392289 83
iss                  60816.33474288 60816.34033029 7
iss                  60816.60781898 60816.61497830 24
iss                  60816.67502646 60816.68180566 17
iss                  60817.23247476 60817.23974028 35
iss                  60817.30001027 60817.30654601 14
iss                  60817.57391057 60817.58044034 13
iss                  60817.64069266 60817.64806509 37
iss                  60818.19875770 60818.20536915 16
iss                  60818.26548389 60818.27263448 25
iss                  60818.54010780 60818.54564916 7
iss                  60818.60649792 60818.61406739 87
iss                  60818.67503721 60818.67902863 3
iss                  60819.16536604 60819.17069977 7
iss                  60819.23114140 60819.23860653 51
iss                  60819.30010958 60819.30468643 4
iss                  60819.50645472 60819.51053105 3
iss                  60819.57240018 60819.57984204 40
iss                  60819.64003332 60819.64600001 10
iss                  60820.19697953 60820.20445375 66
iss                  60820.26510051 60820.27095311 9
iss                  60820.53838093 60820.54539477 21
iss                  60820.60545803 60820.61242502 21
iss                  60821.16301221 60821.17014933 28
iss                  60821.23034066 60821.23705641 16
iss                  60821.50441353 60821.51071264 12
iss                  60821.57108561 60821.57853492 45
iss                  60822.12928660 60822.13563514 14
iss                  60822.19578122 60822.20303644 29
iss                  60822.47056348 60822.47576279 6
iss                  60822.53683963 60822.54439662 75
iss                  60822.60507148 60822.60973136 5
iss                  60823.09587762 60823.10076304 5
iss                  60823.16140530 60823.16889867 65
iss                  60823.23013307 60823.23509013 5
AO-07                60803.27768337 60803.28766191 9
AO-07                60803.35230126 60803.36757171 68
AO-07                60803.43199638 60803.44486509 19
AO-07                60803.85992879 60803.87470212 37
AO-07                60803.93817477 60803.95274738 38
AO-07                60804.31187819 60804.32546076 26
AO-07                60804.38900055 60804.40417252 54
AO-07                60804.47245794 60804.47857851 3
AO-07                60804.81980780 60804.83095577 11
AO-07                60804.89629354 60804.91182589 86
AO-07                60804.97563232 60804.98759682 15
AO-07                60805.27332257 60805.28246986 7
AO-07                60805.34743487 60805.36260342 60
AO-07                60805.42678519 60805.44011081 21
AO-07                60805.85508505 60805.86961440 33
AO-07                60805.93316951 60805.94796387 42
AO-07                60806.01431694 60806.02039325 3
AO-07                60806.30718489 60806.32041411 23
AO-07                60806.38399594 60806.39927432 61
AO-07                60806.46661790 60806.47439143 4
AO-07                60806.81521928 60806.82555081 9
AO-07                60806.89136189 60806.90688497 78
AO-07                60806.97054130 60806.98299785 18
AO-07                60807.26895704 60807.27723131 6
AO-07                60807.34258481 60807.35762674 54
AO-07                60807.42160740 60807.43533102 25
AO-07                60807.85025886 60807.86450192 29
AO-07                60807.92817364 60807.94315977 47
AO-07                60808.00890935 60808.01623674 4
AO-07                60808.30251783 60808.31535540 20
AO-07                60808.37901081 60808.39436520 69
AO-07                60808.46098174 60808.47001309 6
AO-07                60808.81070427 60808.82006378 7
AO-07                60808.88644050 60808.90192538 70
AO-07                60808.96546648 60808.97836759 20
AO-07                60809.26467369 60809.27193025 4
AO-07                60809.33775397 60809.35264164 48
AO-07                60809.41645957 60809.43052877 28
AO-07                60809.84545248 60809.85936272 25
AO-07                60809.92318692 60809.93833535 53
AO-07                60810.00360267 60810.01196160 6
AO-07                60810.29787987 60810.31028315 18
AO-07                60810.37404473 60810.38944583 77
AO-07                60810.45547023 60810.46551997 8
AO-07                60810.80630214 60810.81446318 5
AO-07                60810.88152990 60810.89694686 62
AO-07                60810.96040600 60810.97370836 23
AO-07                60811.26050793 60811.26653199 3
AO-07                60811.33294315 60811.34764797 42
AO-07                60811.41133903 60811.42570696 32
AO-07                60811.84066811 60811.85419429 22
AO-07                60811.91820923 60811.93349151 60
AO-07                60811.99836062 60812.00760366 7
AO-07                60812.29327277 60812.30519560 15
AO-07                60812.36909741 60812.38451677 86
AO-07                60812.45004665 60812.46094752 11
AO-07                60812.80205991 60812.80868491 3
AO-07                60812.87663076 60812.89194897 55
AO-07                60812.95535841 60812.96902247 26
AO-07                60813.32815298 60813.34264566 38
AO-07                60813.40624368 60813.42086787 37
AO-07                60813.83590922 60813.84899315 19
AO-07                60813.91324053 60813.92862854 67
AO-07                60813.99316450 60814.00318192 9
AO-07                60814.28869960 60814.30009037 13
AO-07                60814.36416867 60814.37957846 86
AO-07                60814.44469032 60814.45631604 13
AO-07                60814.87174211 60814.88693112 49
AO-07                60814.95032262 60814.96431117 29
AO-07                60815.32337796 60815.33763425 34
AO-07                60815.40117184 60815.41601309 41
AO-07                60815.83118665 60815.84375534 16
AO-07                60815.90828087 60815.92374675 75
AO-07                60815.98800322 60815.99870775 11
AO-07                60816.28416406 60816.29496423 11
AO-07                60816.35925848 60816.37463123 77
AO-07                60816.43938820 60816.45163829 15
AO-07                60816.86686750 60816.88189255 43
AO-07                60816.94529775 60816.95957604 33
AO-07                60817.31863145 60817.33261336 30
AO-07                60817.39612218 60817.41114401 47
AO-07                60817.82649277 60817.83847524 14
AO-07                60817.90333028 60817.91884635 83
AO-07                60817.98286927 60817.99418901 13
AO-07                60818.27967159 60818.28981278 9
AO-07                60818.35436689 60818.36967535 69
AO-07                60818.43413139 60818.44692301 18
AO-07                60818.86200730 60818.87683233 38
AO-07                60818.94028316 60818.95481822 37
AO-07                60819.31390841 60819.32758240 26
AO-07                60819.39109365 60819.40626214 53
AO-07                60819.47473863 60819.48049635 2
AO-07                60819.82184145 60819.83314517 11
AO-07                60819.89838938 60819.91392745 88
AO-07                60819.97775824 60819.98963113 15
AO-07                60820.27522871 60820.28462960 8
AO-07                60820.34949403 60820.36471096 62
AO-07                60820.42891353 60820.44217639 21
AO-07                60820.85716245 60820.87174920 34
LO-19                60803.32590295 60803.33429302 14
LO-19                60803.39355819 60803.40379617 48
LO-19                60803.83940280 60803.84644635 8
LO-19                60803.90686705 60803.91715499 71
LO-19                60803.97766017 60803.98292261 4
LO-19                60804.30481886 60804.31037284 4
LO-19                60804.37067984 60804.38105645 73
LO-19                60804.44146616 60804.44847895 8
LO-19                60804.88411753 60804.89428727 48
LO-19                60804.95365933 60804.96189479 14
LO-19                60805.34824811 60805.35804482 31
LO-19                60805.41735706 60805.42663112 21
LO-19                60805.86169291 60805.87093576 21
LO-19                60805.93031298 60805.94000025 30
LO-19                60806.32633250 60806.33471649 14
LO-19                60806.39399085 60806.40421807 48
LO-19                60806.83982133 60806.84687774 8
LO-19                60806.90728988 60806.91758068 71
LO-19                60806.97808653 60806.98334260 4
LO-19                60807.30524609 60807.31079502 4
LO-19                60807.37111003 60807.38147764 73
LO-19                60807.44190286 60807.44889492 8
LO-19                60807.88453815 60807.89471307 49
LO-19                60807.95408209 60807.96231680 13
LO-19                60808.34867602 60808.35846502 32
LO-19                60808.41778877 60808.42704893 20
LO-19                60808.86211098 60808.87136222 21
LO-19                60808.93073344 60808.94042279 30
LO-19                60809.32675820 60809.33513555 14
LO-19                60809.39441955 60809.40463571 47
LO-19                60809.84023549 60809.84730598 8
LO-19                60809.90770827 60809.91800350 71
LO-19                60809.97850767 60809.98376037 4
LO-19                60810.30566971 60810.31121266 4
LO-19                60810.37153627 60810.38189457 74
LO-19                60810.44233534 60810.44930680 7
LO-19                60810.88495441 60810.89513595 49
LO-19                60810.95450019 60810.96273603 13
LO-19                60811.34909999 60811.35888096 32
LO-19                60811.41821634 60811.42746259 20
LO-19                60811.86252476 60811.87178549 21
LO-19                60811.93114943 60811.94084238 30
LO-19                60812.32717999 60812.33555034 14
LO-19                60812.39484414 60812.40504919 47
LO-19                60812.84064539 60812.84773103 8
LO-19                60812.90812230 60812.91842316 71
LO-19                60812.97892368 60812.98417589 4
LO-19                60813.30608954 60813.31162595 4
LO-19                60813.37195843 60813.38230734 74
LO-19                60813.44276344 60813.44971472 7
LO-19                60813.88536641 60813.89555568 49
LO-19                60813.95491372 60813.96315245 13
LO-19                60814.34951991 60814.35929276 32
LO-19                60814.41863965 60814.42787223 20
LO-19                60814.86293434 60814.87220556 21
LO-19                60814.93156106 60814.94125896 30
LO-19                60815.32759775 60815.33596099 14
LO-19                60815.39526453 60815.40545882 47
LO-19                60815.84105116 60815.84815282 8
LO-19                60815.90853208 60815.91883970 71
LO-19                60815.97933472 60815.98458910 4
LO-19                60816.30650540 60816.31203507 4
LO-19                60816.37237641 60816.38271608 74
LO-19                60816.44318719 60816.45011885 7
LO-19                60816.88577425 60816.89597220 49
LO-19                60816.95532280 60816.96356602 13
LO-19                60817.34993567 60817.35970053 32
LO-19                60817.41905856 60817.42827797 20
LO-19                60817.86333986 60817.87262234 21
LO-19                60817.93196842 60817.94167249 30
LO-19                60818.32801136 60818.33636764 14
LO-19                60818.39568058 60818.40586434 47
LO-19                60818.84145295 60818.84857126 8
LO-19                60818.90893772 60818.91925306 71
LO-19                60818.97974093 60818.98499990 4
LO-19                60819.30691713 60819.31244022 4
LO-19                60819.37279009 60819.38312091 74
LO-19                60819.44360605 60819.45051935 7
LO-19                60819.88617804 60819.89638544 49
LO-19                60819.95572756 60819.96397667 13
LO-19                60820.35034715 60820.36010441 32
LO-19                60820.41947297 60820.42867994 20
LO-19                60820.86374142 60820.87303576 21
LO-19                60820.93237165 60820.94208290 30
LO-19                60821.32842072 60821.33677043 14
LO-19                60821.39609221 60821.40626606 47
LO-19                60821.84185089 60821.84898623 8
LO-19                60821.90933934 60821.91966318 71
LO-19                60821.98014250 60821.98540818 4
LO-19                60822.30732460 60822.31284157 4
LO-19                60822.37319939 60822.38352194 74
LO-19                60822.44402008 60822.45091637 7
LO-19                60822.88657792 60822.89679534 49
LO-19                60822.95612813 60822.96438430 13
LO-19                60823.35075427 60823.36050453 32
LO-19                60823.41988277 60823.42907828 20
LO-19                60823.86413917 60823.87344572 21
LO-19                60823.93277086 60823.94249010 30
LO-19                60824.32882573 60824.33716949 14
FO-29                60803.57947713 60803.59184389 47
FO-29                60803.65281222 60803.66382386 21
FO-29                60803.99915080 60804.00895987 10
FO-29                60804.06916719 60804.08327259 72
FO-29                60804.14370136 60804.15502588 15
FO-29                60804.54214608 60804.55217040 14
FO-29                60804.61404227 60804.62649173 58
FO-29                60804.68888390 60804.69592850 5
FO-29                60805.03170615 60805.04463015 28
FO-29                60805.10394774 60805.11775610 46
FO-29                60805.57591173 60805.58800554 42
FO-29                60805.64915074 60805.66016992 22
FO-29                60805.99570026 60806.00520824 9
FO-29                60806.06547464 60806.07964662 68
FO-29                60806.13979196 60806.15154716 17
FO-29                60806.53869483 60806.54817876 12
FO-29                60806.61042617 60806.62273794 62
FO-29                60806.68512619 60806.69243093 6
FO-29                60807.02811677 60807.04095411 27
FO-29                60807.10017529 60807.11417506 50
FO-29                60807.17804030 60807.18332656 2
FO-29                60807.57234866 60807.58415520 38
FO-29                60807.64548949 60807.65650400 23
FO-29                60807.99227882 60808.00143670 8
FO-29                60808.06179744 60808.07601128 64
FO-29                60808.13590721 60808.14804880 19
FO-29                60808.53526041 60808.54415973 10
FO-29                60808.60680965 60808.61897431 66
FO-29                60808.68137662 60808.68891135 7
FO-29                60809.02454545 60809.03726680 25
FO-29                60809.09641898 60809.11058269 54
FO-29                60809.17372522 60809.18023155 3
FO-29                60809.56878766 60809.58029310 34
FO-29                60809.64182776 60809.65282717 25
FO-29                60809.98888917 60809.99764151 7
FO-29                60810.05813582 60810.07236578 60
FO-29                60810.13204547 60810.14453199 21
FO-29                60810.53184746 60810.54010925 9
FO-29                60810.60319207 60810.61520156 70
FO-29                60810.67763252 60810.68537255 7
FO-29                60811.02099285 60811.03356725 23
FO-29                60811.09267870 60811.10697904 59
FO-29                60811.16951654 60811.17701581 5
FO-29                60811.56522857 60811.57641939 31
FO-29                60811.63816426 60811.64914045 27
FO-29                60811.98553518 60811.99381843 6
FO-29                60812.05449001 60812.06870956 56
FO-29                60812.12820539 60812.14099757 23
FO-29                60812.52846178 60812.53602114 7
FO-29                60812.59957281 60812.61142039 72
FO-29                60812.67389176 60812.68181696 8
FO-29                60813.01745959 60813.02985449 21
FO-29                60813.08895432 60813.10336355 63
FO-29                60813.16540975 60813.17371729 6
FO-29                60813.56167181 60813.57253414 27
FO-29                60813.63449840 60813.64544487 29
FO-29                60813.98228521 60813.98996370 5
FO-29                60814.05086290 60814.06504207 52
FO-29                60814.12438583 60814.13744644 25
FO-29                60814.52512087 60814.53188550 5
FO-29                60814.59595133 60814.60763148 73
FO-29                60814.67015254 60814.67824653 9
FO-29                60815.01394632 60815.02612750 20
FO-29                60815.08524569 60815.09973598 69
FO-29                60815.16136569 60815.17036044 7
FO-29                60815.55811667 60815.56863728 24
FO-29                60815.63082946 60815.64174139 31
FO-29                60815.97902337 60815.98606463 4
FO-29                60816.04724915 60816.06136302 48
FO-29                60816.12058581 60816.13387883 28
FO-29                60816.52182577 60816.52768539 4
FO-29                60816.59232737 60816.60383549 70
FO-29                60816.66641337 60816.67466329 10
FO-29                60817.01045372 60817.02238522 18
FO-29                60817.08155265 60817.09609645 74
FO-29                60817.15737098 60817.16695759 8
FO-29                60817.55456385 60817.56472885 21
FO-29                60817.62715681 60817.63803098 33
FO-29                60817.97582344 60817.98211024 3
FO-29                60818.04365162 60818.05767164 45
FO-29                60818.11680445 60818.13029539 30
FO-29                60818.51861684 60818.52338674 2
FO-29                60818.58870030 60818.60003305 65
FO-29                60818.66267301 60818.67106882 11
FO-29                60819.00697499 60819.01862647 17
FO-29                60819.07787498 60819.09244445 79
FO-29                60819.15341743 60819.16351635 10
FO-29                60819.55101399 60819.56080841 19
FO-29                60819.62347992 60819.63431455 36
FO-29                60819.97270854 60819.97807712 2
FO-29                60820.04007039 60820.05396762 42
FO-29                60820.11304095 60820.12669649 33
FO-29                60820.58507016 60820.59622476 60
FO-29                60820.65893045 60820.66746465 12
FO-29                60821.00352603 60821.01484998 15
FO-29                60821.07421247 60821.08877996 85
FO-29                60821.14949895 60821.16004237 11
FO-29                60821.54746750 60821.55687557 17
FO-29                60821.61979834 60821.63059298 40
SO-50                60803.27756857 60803.28587443 21
SO-50                60803.34689623 60803.35529436 24
SO-50                60803.86220887 60803.87161213 42
SO-50                60803.93234475 60803.94054202 15
SO-50                60804.29046216 60804.29950549 51
SO-50                60804.36080477 60804.36736598 8
SO-50                60804.80792235 60804.81410686 6
SO-50                60804.87520050 60804.88486226 75
SO-50                60804.94693766 60804.95289040 5
SO-50                60805.23501834 60805.24197733 10
SO-50                60805.30361752 60805.31265158 56
SO-50                60805.81971457 60805.82822850 19
SO-50                60805.88865184 60805.89785067 30
SO-50                60806.24762873 60806.25609392 23
SO-50                60806.31708469 60806.32529514 21
SO-50                60806.83226623 60806.84175428 48
SO-50                60806.90262010 60806.91056255 13
SO-50                60807.19291493 60807.19736593 3
SO-50                60807.26055156 60807.26963955 60
SO-50                60807.33109937 60807.33721622 7
SO-50                60807.77774523 60807.78441812 8
SO-50                60807.84531917 60807.85495328 65
SO-50                60807.91735572 60807.92279637 4
SO-50                60808.20500857 60808.21226396 11
SO-50                60808.27373915 60808.28270557 48
SO-50                60808.78968179 60808.79840348 22
SO-50                60808.85883312 60808.86789462 26
SO-50                60809.21766632 60809.22627319 27
SO-50                60809.28725678 60809.29525460 18
SO-50                60809.80230797 60809.81186199 56
SO-50                60809.87288349 60809.88054686 11
SO-50                60810.16276541 60810.16780172 4
SO-50                60810.23061965 60810.23973586 70
SO-50                60810.30146265 60810.30700204 5
SO-50                60810.74757700 60810.75467122 10
SO-50                60810.81542092 60810.82501162 56
SO-50                60810.88778639 60810.89264115 3
SO-50                60811.17498325 60811.18250455 13
SO-50                60811.24384066 60811.25272166 41
SO-50                60811.75963731 60811.76854004 25
SO-50                60811.82899848 60811.83790560 23
SO-50                60812.18768341 60812.19641294 30
SO-50                60812.25741358 60812.26517176 15
SO-50                60812.77233432 60812.78193578 65
SO-50                60812.84313599 60812.85049418 10
SO-50                60813.13262690 60813.13816297 5
SO-50                60813.20066645 60813.20979469 82
SO-50                60813.27178621 60813.27671448 4
SO-50                60813.71741111 60813.72487237 11
SO-50                60813.78550562 60813.79503744 48
SO-50                60813.85834511 60813.86240846 2
SO-50                60814.14494117 60814.15270072 15
SO-50                60814.21392216 60814.22269955 35
SO-50                60814.72957988 60814.73863913 29
SO-50                60814.79914813 60814.80788325 21
SO-50                60815.15767964 60815.16651386 35
SO-50                60815.22755643 60815.23504546 13
SO-50                60815.67608154 60815.68042519 3
SO-50                60815.74234321 60815.75197608 75
SO-50                60815.81337894 60815.82040278 9
SO-50                60816.10248891 60816.10846098 6
SO-50                60816.17069200 60816.17981628 85
SO-50                60816.24214741 60816.24633232 3
SO-50                60816.68724287 60816.69502577 13
SO-50                60816.75557319 60816.76503085 42
SO-50                60817.11488108 60817.12285419 17
SO-50                60817.18398419 60817.19263942 30
SO-50                60817.69950845 60817.70870190 33
SO-50                60817.76928237 60817.77782765 18
SO-50                60818.12765463 60818.13657670 40
SO-50                60818.19768682 60818.20487378 11
SO-50                60818.64565463 60818.65077101 4
SO-50                60818.71233527 60818.72198326 86
SO-50                60818.78361416 60818.79027100 7
SO-50                60819.07234506 60819.07870226 7
SO-50                60819.14069606 60819.14980080 74
SO-50                60819.65706892 60819.66513477 15
SO-50                60819.72562339 60819.73499194 37
SO-50                60820.08480205 60820.09296607 19
SO-50                60820.15402696 60820.16254074 26
SO-50                60820.66942217 60820.67872916 38
SO-50                60820.73940155 60820.74773825 16
SO-50                60821.09760836 60821.10660156 46
SO-50                60821.16780733 60821.17465474 10
SO-50                60821.61527813 60821.62102151 5
SO-50                60821.68231004 60821.69195763 83
SO-50                60821.75384407 60821.76009628 6
SO-50                60822.04219115 60822.04889157 9
SO-50                60822.11067903 60822.11974838 63
SO-50                60822.62688667 60822.63520175 17
SO-50                60822.69565653 60822.70492074 33
SO-50                60823.05470200 60823.06303740 21
SO-50                60823.12405127 60823.13240315 23
SO-50                60823.63932029 60823.64872163 43
SO-50                60823.70950618 60823.71761466 14
SO-50                60824.00012026 60824.00400989 2
SO-50                60824.06754038 60824.07658903 53
SO-50                60824.13792062 60824.14438526 8
SO-50                60824.58492780 60824.59119811 7
HO-68                60803.20394115 60803.21683313 38
HO-68                60803.27874993 60803.29144310 30
HO-68                60803.68898473 60803.69807410 8
HO-68                60803.76186280 60803.77550996 83
HO-68                60803.83773711 60803.84797566 13
HO-68                60804.19250523 60804.20485018 28
HO-68                60804.26663231 60804.27984278 42
HO-68                60804.67828356 60804.68488138 4
HO-68                60804.75010325 60804.76365006 62
HO-68                60804.82556467 60804.83689854 19
HO-68                60805.18122351 60805.19278905 20
HO-68                60805.25463885 60805.26816280 58
HO-68                60805.33381799 60805.33964413 3
HO-68                60805.73840605 60805.75168142 45
HO-68                60805.81348541 60805.82565545 26
HO-68                60806.17010665 60806.18064103 14
HO-68                60806.24275584 60806.25641624 79
HO-68                60806.32044329 60806.32910774 7
HO-68                60806.72678635 60806.73959416 32
HO-68                60806.80147815 60806.81427392 35
HO-68                60807.15919080 60807.16837019 9
HO-68                60807.23097816 60807.24461089 78
HO-68                60807.30764211 60807.31805426 13
HO-68                60807.71526168 60807.72737056 23
HO-68                60807.78953175 60807.80277095 48
HO-68                60807.86689879 60807.87274554 3
HO-68                60808.14862712 60808.15589615 5
HO-68                60808.21930708 60808.23275070 57
HO-68                60808.29513211 60808.30675254 19
HO-68                60808.70386470 60808.71497851 16
HO-68                60808.77764099 60808.79115662 66
HO-68                60808.85420993 60808.86237961 7
HO-68                60809.20774120 60809.22083629 42
HO-68                60809.28281935 60809.29529468 27
HO-68                60809.69266217 60809.70235705 10
HO-68                60809.76580437 60809.77943663 87
HO-68                60809.84183597 60809.85161181 11
HO-68                60810.19629047 60810.20886463 31
HO-68                60810.27065868 60810.28372569 37
HO-68                60810.68177834 60810.68936476 5
HO-68                60810.75402423 60810.76761251 69
HO-68                60810.82962284 60810.84060131 17
HO-68                60811.18496770 60811.19682837 23
HO-68                60811.25862539 60811.27207086 52
HO-68                60811.74230425 60811.75568159 50
HO-68                60811.81751429 60811.82941113 23
HO-68                60812.17378654 60812.18471286 16
HO-68                60812.24670563 60812.26034575 71
HO-68                60812.32482068 60812.33270254 6
HO-68                60812.73065653 60812.74363629 36
HO-68                60812.80548359 60812.81807464 32
HO-68                60813.16279512 60813.17248995 11
HO-68                60813.23489243 60813.24855965 86
HO-68                60813.31187750 60813.32177525 11
HO-68                60813.71909641 60813.73146162 26
HO-68                60813.79351684 60813.80661170 43
HO-68                60814.15205425 60814.16009948 7
HO-68                60814.22318329 60814.23671775 64
HO-68                60814.29928297 60814.31054352 17
HO-68                60814.70765086 60814.71913165 18
HO-68                60814.78160710 60814.79503444 59
HO-68                60814.85840866 60814.86587529 6
HO-68                60815.14180789 60815.14737273 3
HO-68                60815.21158250 60815.22482178 47
HO-68                60815.28690959 60815.29913215 24
HO-68                60815.69636733 60815.70659798 12
HO-68                60815.76975151 60815.78335008 80
HO-68                60815.84595264 60815.85521842 10
HO-68                60816.20009144 60816.21287001 34
HO-68                60816.27470061 60816.28759736 33
HO-68                60816.68535450 60816.69375781 7
HO-68                60816.75795130 60816.77156151 76
HO-68                60816.83369234 60816.84428180 15
HO-68                60817.18872321 60817.20085687 25
HO-68                60817.26262590 60817.27596938 46
HO-68                60817.67490583 60817.68029210 2
HO-68                60817.74621086 60817.75966753 56
HO-68                60817.82155129 60817.83314858 21
HO-68                60818.17748846 60818.18877052 18
HO-68                60818.25066857 60818.26426672 64
HO-68                60818.32928011 60818.33622114 4
HO-68                60818.73453561 60818.74766238 40
HO-68                60818.80949545 60818.82185950 28
HO-68                60819.16642950 60819.17658861 13
HO-68                60819.23881940 60819.25250042 86
HO-68                60819.31615298 60819.32546079 9
HO-68                60819.72294298 60819.73553394 29
HO-68                60819.79750743 60819.81043819 39
HO-68                60820.15559165 60820.16426571 8
HO-68                60820.22707497 60820.24067694 71
HO-68                60820.30346013 60820.31431243 14
HO-68                60820.71145390 60820.72326079 21
HO-68                60820.78557812 60820.79889890 53
HO-68                60820.86265355 60820.86931241 4
HO-68                60821.14515974 60821.15169039 4
HO-68                60821.21543768 60821.22879916 52
HO-68                60821.29101974 60821.30295382 21
HO-68                60821.70010771 60821.71080404 14
HO-68                60821.77370381 60821.78725060 72
AO-73                60803.20767013 60803.21370899 8
AO-73                60803.27210828 60803.28045167 45
AO-73                60803.76242600 60803.77104178 41
AO-73                60803.82904579 60803.83570899 10
AO-73                60804.20704746 60804.21305952 8
AO-73                60804.27146390 60804.27983564 46
AO-73                60804.76180191 60804.77039386 40
AO-73                60804.82838724 60804.83510915 11
AO-73                60805.20643972 60805.21239177 8
AO-73                60805.27080273 60805.27920255 48
AO-73                60805.76116159 60805.76972760 38
AO-73                60805.82771217 60805.83449177 11
AO-73                60806.20581691 60806.21170556 7
AO-73                60806.27012481 60806.27855236 50
AO-73                60806.76050505 60806.76904297 37
AO-73                60806.82702040 60806.83385684 11
AO-73                60807.20517951 60807.21100058 7
AO-73                60807.26943022 60807.27788501 52
AO-73                60807.75983233 60807.76833992 36
AO-73                60807.82631193 60807.83320432 12
AO-73                60808.20452752 60808.21027704 7
AO-73                60808.26871900 60808.27720047 54
AO-73                60808.75914342 60808.76761841 35
AO-73                60808.82558675 60808.83253419 12
AO-73                60809.20386110 60809.20953463 7
AO-73                60809.26799122 60809.27649869 56
AO-73                60809.75843835 60809.76687841 33
AO-73                60809.82484485 60809.83184642 12
AO-73                60810.20318040 60810.20877317 6
AO-73                60810.26724695 60810.27577962 58
AO-73                60810.75771734 60810.76611987 32
AO-73                60810.82408624 60810.83114099 13
AO-73                60811.20248566 60811.20799248 6
AO-73                60811.26648623 60811.27504321 61
AO-73                60811.75698001 60811.76534275 31
AO-73                60811.82331090 60811.83041790 13
AO-73                60812.20177710 60812.20719235 6
AO-73                60812.26570914 60812.27428942 64
AO-73                60812.75622657 60812.76454701 30
AO-73                60812.82251884 60812.82967710 14
AO-73                60813.20105496 60813.20637257 5
AO-73                60813.26491573 60813.27351819 66
AO-73                60813.75545706 60813.76373261 29
AO-73                60813.82171003 60813.82891859 14
AO-73                60814.20031954 60814.20553287 5
AO-73                60814.26410607 60814.27272947 69
AO-73                60814.75467149 60814.76289948 28
AO-73                60814.82088448 60814.82814234 15
AO-73                60815.19957107 60815.20467291 5
AO-73                60815.26328020 60815.27192322 72
AO-73                60815.75386990 60815.76204760 27
AO-73                60815.82004218 60815.82734833 15
AO-73                60816.19880999 60816.20379257 5
AO-73                60816.26243821 60816.27109939 76
AO-73                60816.75305232 60816.76117689 25
AO-73                60816.81918311 60816.82653655 16
AO-73                60817.19803666 60817.20289114 4
AO-73                60817.26158013 60817.27025793 79
AO-73                60817.75221879 60817.76028732 24
AO-73                60817.81830728 60817.82570699 16
AO-73                60818.19725158 60818.20196835 4
AO-73                60818.26070604 60818.26939878 82
AO-73                60818.75136931 60818.75937882 23
AO-73                60818.81741466 60818.82485962 17
AO-73                60819.19645514 60819.20102365 4
AO-73                60819.25981600 60819.26852191 85
AO-73                60819.75050398 60819.75845134 22
AO-73                60819.81650527 60819.82399426 17
AO-73                60820.19564819 60820.20005638 3
AO-73                60820.25891005 60820.26762725 87
AO-73                60820.32751648 60820.33126959 2
AO-73                60820.74962282 60820.75750480 21
AO-73                60820.81557907 60820.82311125 18
AO-73                60821.19483143 60821.19906574 3
AO-73                60821.25798827 60821.26671476 85
AO-73                60821.32645398 60821.33047717 3
AO-73                60821.74872580 60821.75653914 21
AO-73                60821.81464192 60821.82221722 19
AO-73                60822.19400588 60822.19805080 3
AO-73                60822.25705071 60822.26578438 82
AO-73                60822.32538360 60822.32965881 3
AO-73                60822.74781314 60822.75555428 20
AO-73                60822.81368215 60822.82129848 19
AO-73                60823.19317281 60823.19701005 2
AO-73                60823.25609743 60823.26483608 79
AO-73                60823.32430392 60823.32881566 3
AO-73                60823.74688483 60823.75455015 19
AO-73                60823.81270557 60823.82036187 20
AO-73                60824.19233389 60824.19594191 2
AO-73                60824.25512848 60824.26386978 75
AO-73                60824.32321388 60824.32794885 4
AO-73                60824.74594095 60824.75352658 18
AO-73                60824.81171217 60824.81940742 21
AO-73                60825.25414391 60825.26288545 71
AO-73                60825.32211290 60825.32705917 4
AO-73                60825.74498157 60825.75248379 17
AO-73                60825.81070197 60825.81843502 22
AO-73                60826.25314374 60826.26188302 68
AO-73                60826.32100004 60826.32614709 5
TITA                 60803.52018399 60803.52802563 27
TITA                 60803.58623160 60803.59302175 12
TITA                 60804.00900307 60804.01404509 5
TITA                 60804.07297270 60804.08140071 62
TITA                 60804.51404634 60804.52160159 21
TITA                 60804.57963849 60804.58692287 17
TITA                 60805.00332317 60805.00697612 2
TITA                 60805.06664217 60805.07511010 84
TITA                 60805.13401083 60805.13783802 3
TITA                 60805.50794785 60805.51513162 16
TITA                 60805.57309612 60805.58076197 22
TITA                 60806.06032440 60806.06876843 68
TITA                 60806.12717984 60806.13217086 5
TITA                 60806.50189625 60806.50860855 12
TITA                 60806.56659563 60806.57454861 30
TITA                 60807.05402445 60807.06237481 48
TITA                 60807.12048421 60807.12632553 7
TITA                 60807.49590381 60807.50202106 9
TITA                 60807.56008851 60807.56828552 41
TITA                 60808.04774282 60808.05592729 35
TITA                 60808.11386256 60808.12036467 11
TITA                 60808.48999180 60808.49534853 6
TITA                 60808.55365534 60808.56198319 58
TITA                 60809.04148317 60809.04942259 26
TITA                 60809.10728853 60809.11431520 14
TITA                 60809.48420439 60809.48854726 3
TITA                 60809.54725241 60809.55564081 81
TITA                 60810.03525029 60810.04285553 19
TITA                 60810.10075429 60810.10819879 19
TITA                 60810.54087862 60810.54925978 72
TITA                 60810.60861135 60810.61292978 3
TITA                 60811.02905221 60811.03621838 14
TITA                 60811.09423990 60811.10201009 25
TITA                 60811.53453385 60811.54284057 51
TITA                 60811.60158799 60811.60705293 6
TITA                 60812.02290175 60812.02949818 10
TITA                 60812.08770305 60812.09575894 33
TITA                 60812.52821922 60812.53638273 37
TITA                 60812.59472246 60812.60101950 9
TITA                 60813.01682016 60813.02267303 7
TITA                 60813.08122706 60813.08945539 45
TITA                 60813.52193721 60813.52988481 28
TITA                 60813.58795601 60813.59488837 13
TITA                 60814.01085102 60814.01569828 4
TITA                 60814.07476748 60814.08309824 62
TITA                 60814.51569060 60814.52334404 21
TITA                 60814.58125119 60814.58867279 17
TITA                 60815.06832364 60815.07668850 84
TITA                 60815.13569617 60815.13941192 2
TITA                 60815.50948492 60815.51675617 16
TITA                 60815.57459813 60815.58239482 23
TITA                 60816.06189356 60816.07022619 66
TITA                 60816.12873587 60816.13364303 5
TITA                 60816.50332823 60816.51011367 12
TITA                 60816.56798742 60816.57606394 31
TITA                 60817.05548254 60817.06371027 46
TITA                 60817.12191900 60817.12768731 7
TITA                 60817.49723349 60817.50340466 9
TITA                 60817.56137087 60817.56968274 43
TITA                 60818.04909132 60818.05713851 33
TITA                 60818.11517923 60818.12161228 10
TITA                 60818.49122335 60818.49660715 6
TITA                 60818.55482964 60818.56326175 61
TITA                 60819.04272403 60819.05050718 24
TITA                 60819.10848885 60819.11544641 14
TITA                 60819.48534561 60819.48967376 3
TITA                 60819.54831978 60819.55680001 85
TITA                 60820.03638618 60820.04381050 18
TITA                 60820.10183929 60820.10921190 19
TITA                 60820.54184032 60820.55029883 69
TITA                 60820.60941950 60820.61407623 4
TITA                 60821.03008708 60821.03703899 13
TITA                 60821.09521081 60821.10290379 25
TITA                 60821.53539132 60821.54375852 49
TITA                 60821.60232369 60821.60805576 7
TITA                 60822.02384197 60822.03017766 9
TITA                 60822.08856047 60822.09653213 34
TITA                 60822.52897411 60822.53717846 36
TITA                 60822.59536667 60822.60188621 10
TITA                 60823.01767749 60823.02319890 6
TITA                 60823.08197201 60823.09010670 47
TITA                 60823.52259152 60823.53055688 27
TITA                 60823.58850311 60823.59562484 14
TITA                 60824.01165284 60824.01604242 3
TITA                 60824.07540080 60824.08362638 67
TITA                 60824.51624679 60824.52389057 20
TITA                 60824.58169888 60824.58928163 19
TITA                 60825.06884652 60825.07709205 83
TITA                 60825.13612252 60825.13993921 3
TITA                 60825.50994624 60825.51717458 15
TITA                 60825.57494510 60825.58287772 25
TITA                 60826.06230681 60826.07050348 60
TITA                 60826.12906305 60826.13403447 5
TITA                 60826.50369921 60826.51040016 11
TITA                 60826.56823362 60826.57642134 34
TITA                 60827.05578816 60827.06385929 42
TITA                 60827.12213974 60827.12794984 8
TITA                 60827.49752107 60827.50355300 8
TITA                 60827.56151611 60827.56991480 47
NOAA-15              60803.38336235 60803.39195005 14
NOAA-15              60803.45137294 60803.46181020 48
NOAA-15              60803.89910187 60803.90691610 10
NOAA-15              60803.96716115 60803.97768189 63
NOAA-15              60804.03855504 60804.04344014 3
NOAA-15              60804.36650115 60804.37308114 6
NOAA-15              60804.43317974 60804.44379171 87
NOAA-15              60804.50477963 60804.51123239 6
NOAA-15              60804.88248897 60804.88698491 2
NOAA-15              60804.94905613 60804.95962772 68
NOAA-15              60805.01931679 60805.02700321 10
NOAA-15              60805.41526028 60805.42560591 45
NOAA-15              60805.48538113 60805.49411834 15
NOAA-15              60805.93112464 60805.94129429 35
NOAA-15              60806.00063844 60806.00987223 20
NOAA-15              60806.39762728 60806.40724870 24
NOAA-15              60806.46658630 60806.47652063 28
NOAA-15              60806.91342348 60806.92263402 18
NOAA-15              60806.98221389 60806.99234769 37
NOAA-15              60807.38034577 60807.38867237 13
NOAA-15              60807.44814997 60807.45865964 54
NOAA-15              60807.89609765 60807.90350157 8
NOAA-15              60807.96397044 60807.97451923 70
NOAA-15              60808.03511971 60808.04061612 4
NOAA-15              60808.36359960 60808.36971177 5
NOAA-15              60808.43000220 60808.44060894 79
NOAA-15              60808.50130906 60808.50827890 7
NOAA-15              60808.94589189 60808.95641602 61
NOAA-15              60809.01601364 60809.02401173 11
NOAA-15              60809.41212796 60809.42239272 41
NOAA-15              60809.48203868 60809.49104759 16
NOAA-15              60809.92799202 60809.93802883 31
NOAA-15              60809.99738560 60810.00680050 22
NOAA-15              60810.39454722 60810.40400088 22
NOAA-15              60810.46331281 60810.47339318 31
NOAA-15              60810.91033869 60810.91929938 16
NOAA-15              60810.97899261 60810.98921758 41
NOAA-15              60811.37733651 60811.38537432 11
NOAA-15              60811.44492724 60811.45549375 61
NOAA-15              60811.89310892 60811.90004904 7
NOAA-15              60811.96077502 60811.97133879 79
NOAA-15              60812.03171307 60812.03773883 5
NOAA-15              60812.36071712 60812.36630253 4
NOAA-15              60812.42682468 60812.43741158 70
NOAA-15              60812.49786240 60812.50528642 9
NOAA-15              60812.94272131 60812.95318599 54
NOAA-15              60813.01271221 60813.02099489 13
NOAA-15              60813.40899658 60813.41916458 37
NOAA-15              60813.47870266 60813.48795574 18
NOAA-15              60813.92485711 60813.93474347 28
NOAA-15              60813.99412957 60814.00370877 24
NOAA-15              60814.39147028 60814.40073629 20
NOAA-15              60814.46004110 60814.47024894 35
NOAA-15              60814.90725696 60814.91594002 14
NOAA-15              60814.97576648 60814.98606954 45
NOAA-15              60815.37433637 60815.38205413 10
NOAA-15              60815.44170501 60815.45231268 69
NOAA-15              60815.51434312 60815.51889273 3
NOAA-15              60815.89014148 60815.89655234 6
NOAA-15              60815.95757483 60815.96814078 86
NOAA-15              60816.02832504 60816.03481843 6
NOAA-15              60816.35794609 60816.36284305 3
NOAA-15              60816.42364864 60816.43419942 63
NOAA-15              60816.49443415 60816.50226023 10
NOAA-15              60816.93954846 60816.94993800 48
NOAA-15              60817.00941094 60817.01795423 14
NOAA-15              60817.40586643 60817.41592095 33
NOAA-15              60817.47537183 60817.48484330 21
NOAA-15              60817.92172021 60817.93143785 25
NOAA-15              60817.99086972 60818.00059770 27
NOAA-15              60818.38839724 60818.39745390 18
NOAA-15              60818.45677090 60818.46708794 39
NOAA-15              60818.90417875 60818.91255431 13
NOAA-15              60818.97253537 60818.98290368 51
NOAA-15              60819.37134759 60819.37870940 9
NOAA-15              60819.43848292 60819.44911633 77
NOAA-15              60819.51069450 60819.51605934 4
NOAA-15              60819.88720471 60819.89300216 4
NOAA-15              60819.95436953 60819.96492539 83
NOAA-15              60820.02491624 60820.03186424 8
NOAA-15              60820.35517213 60820.35931065 2
NOAA-15              60820.42047171 60820.43097217 56
NOAA-15              60820.49098905 60820.49920676 12
NOAA-15              60820.93637142 60820.94667181 43
NOAA-15              60821.00610854 60821.01489112 16
NOAA-15              60821.40273791 60821.41266140 30
NOAA-15              60821.47204533 60821.48171121 23
NOAA-15              60821.91858179 60821.92811153 22
NOAA-15              60821.98760555 60821.99746792 30
NOAA-15              60822.38532901 60822.39415321 16
NOAA-15              60822.45350192 60822.46391046 44
NOAA-15              60822.90110652 60822.90914048 11
NOAA-15              60822.96929910 60822.97972043 57
NOAA-15              60823.04096271 60823.04513336 2
NOAA-15              60823.36837304 60823.37533734 7
NOAA-15              60823.43526116 60823.44590458 86
NOAA-15              60823.50711139 60823.51314522 5
NOAA-15              60823.88431416 60823.88938217 3
NOAA-15              60823.95115916 60823.96169281 74
NOAA-18              60803.52520499 60803.53336579 11
NOAA-18              60803.59333122 60803.60414680 64
NOAA-18              60803.66690855 60803.67109021 2
NOAA-18              60804.04538482 60804.05319786 9
NOAA-18              60804.11389588 60804.12483086 72
NOAA-18              60804.18558514 60804.19159325 5
NOAA-18              60804.51690890 60804.52402267 8
NOAA-18              60804.58436319 60804.59522860 87
NOAA-18              60804.65678010 60804.66314845 5
NOAA-18              60805.03706497 60805.04346559 5
NOAA-18              60805.10494164 60805.11592402 84
NOAA-18              60805.17608216 60805.18346842 8
NOAA-18              60805.50887109 60805.51451697 4
NOAA-18              60805.57546198 60805.58627020 69
NOAA-18              60805.64706416 60805.65481754 9
NOAA-18              60806.09602730 60806.10695115 62
NOAA-18              60806.16675625 60806.17515166 12
NOAA-18              60806.56662458 60806.57727257 50
NOAA-18              60806.63752530 60806.64630233 14
NOAA-18              60807.08715284 60807.09791025 45
NOAA-18              60807.15752342 60807.16670265 17
NOAA-18              60807.55785480 60807.56823491 37
NOAA-18              60807.62815656 60807.63766703 19
NOAA-18              60808.07832748 60808.08879682 33
NOAA-18              60808.14835791 60808.15814929 23
NOAA-18              60808.54915761 60808.55915439 27
NOAA-18              60808.61889505 60808.62894713 26
NOAA-18              60809.06955787 60809.07960328 24
NOAA-18              60809.13924573 60809.14950818 30
NOAA-18              60809.54054037 60809.55002542 20
NOAA-18              60809.60972197 60809.62016145 36
NOAA-18              60810.06085739 60810.07031670 18
NOAA-18              60810.13017886 60810.14078922 41
NOAA-18              60810.53201507 60810.54083820 15
NOAA-18              60810.60062601 60810.61132161 49
NOAA-18              60811.05224686 60811.06091563 13
NOAA-18              60811.12115285 60811.13199893 56
NOAA-18              60811.19341317 60811.19796504 3
NOAA-18              60811.52360137 60811.53157549 11
NOAA-18              60811.59160042 60811.60243491 69
NOAA-18              60811.66488930 60811.66962811 3
NOAA-18              60812.04376451 60812.05136100 8
NOAA-18              60812.11216542 60812.12314108 76
NOAA-18              60812.18369967 60812.19008427 6
NOAA-18              60812.51533480 60812.52220427 7
NOAA-18              60812.58264150 60812.59350590 88
NOAA-18              60812.65487515 60812.66157017 6
NOAA-18              60813.03549449 60813.04156725 5
NOAA-18              60813.10321665 60813.11421728 79
NOAA-18              60813.17426301 60813.18190521 9
NOAA-18              60813.50734971 60813.51264856 4
NOAA-18              60813.57374930 60813.58453703 65
NOAA-18              60813.64517674 60813.65319251 10
NOAA-18              60814.09430796 60814.10522721 58
NOAA-18              60814.16495770 60814.17355360 13
NOAA-18              60814.56492109 60814.57552894 47
NOAA-18              60814.63569553 60814.64464464 15
NOAA-18              60815.08543980 60815.09616839 42
NOAA-18              60815.15573829 60815.16507730 18
NOAA-18              60815.55616161 60815.56648043 35
NOAA-18              60815.62634661 60815.63598761 21
NOAA-18              60816.07662235 60816.08703580 31
NOAA-18              60816.14658244 60816.15650090 24
NOAA-18              60816.54747581 60816.55738824 26
NOAA-18              60816.61710033 60816.62725058 28
NOAA-18              60817.06786280 60817.07782090 23
NOAA-18              60817.13747778 60817.14783917 32
NOAA-18              60817.53887194 60817.54824613 19
NOAA-18              60817.60793974 60817.61845051 38
NOAA-18              60818.05917586 60818.06850955 17
NOAA-18              60818.12841719 60818.13910128 44
NOAA-18              60818.53036318 60818.53904311 14
NOAA-18              60818.59885464 60818.60959814 53
NOAA-18              60819.05058471 60819.05907764 12
NOAA-18              60819.11939677 60819.13029299 60
NOAA-18              60819.19147628 60819.19649814 3
NOAA-18              60819.52197134 60819.52975995 10
NOAA-18              60819.58983895 60819.60069998 73
NOAA-18              60819.66286576 60819.66811575 3
NOAA-18              60820.04213339 60820.04948041 7
NOAA-18              60820.11041478 60820.12141761 81
NOAA-18              60820.18183288 60820.18853029 6
NOAA-18              60820.51372923 60820.52035831 6
NOAA-18              60820.58088953 60820.59176017 83
NOAA-18              60820.65294568 60820.65996238 7
NOAA-18              60821.03392378 60821.03961370 4
NOAA-18              60821.10147152 60821.11247634 75
NOAA-18              60821.17242799 60821.18030459 10
NOAA-18              60821.50581299 60821.51074512 3
NOAA-18              60821.57200678 60821.58278079 61
NOAA-18              60821.64329020 60821.65153949 11
NOAA-18              60822.09256710 60822.10346843 54
NOAA-18              60822.16314125 60822.17191981 14
NOAA-18              60822.56318836 60822.57376217 44
NOAA-18              60822.63383629 60822.64296291 16
NOAA-18              60823.08370768 60823.09439095 40
NOAA-18              60823.15393428 60823.16341691 19
NOAA-18              60823.55443973 60823.56470255 33
NOAA-18              60823.62450691 60823.63428460 22
NOAA-19              60803.52416627 60803.53494119 51
NOAA-19              60803.59507595 60803.60395957 14
NOAA-19              60804.04488696 60804.05563355 45
NOAA-19              60804.11524820 60804.12443511 17
NOAA-19              60804.51555237 60804.52607341 38
NOAA-19              60804.58587395 60804.59548645 19
NOAA-19              60805.03622617 60805.04668137 33
NOAA-19              60805.10625297 60805.11603388 23
NOAA-19              60805.50700816 60805.51716466 28
NOAA-19              60805.57677619 60805.58693078 26
NOAA-19              60806.02761964 60806.03765097 24
NOAA-19              60806.09730898 60806.10754738 30
NOAA-19              60806.49854047 60806.50820973 21
NOAA-19              60806.56776453 60806.57831061 36
NOAA-19              60807.01908022 60807.02852989 18
NOAA-19              60807.08840867 60807.09898518 41
NOAA-19              60807.49016004 60807.49920007 16
NOAA-19              60807.55882802 60807.56963742 49
NOAA-19              60808.01062795 60808.01929754 13
NOAA-19              60808.07954780 60808.09035325 55
NOAA-19              60808.15183878 60808.15627877 2
NOAA-19              60808.48188402 60808.49012102 11
NOAA-19              60808.54996004 60808.56091818 67
NOAA-19              60808.62330803 60808.62805803 3
NOAA-19              60809.00229921 60809.00991672 8
NOAA-19              60809.07072421 60809.08165542 75
NOAA-19              60809.14228500 60809.14855936 5
NOAA-19              60809.47374249 60809.48094484 8
NOAA-19              60809.54115691 60809.55215751 89
NOAA-19              60809.61345114 60809.62017060 6
NOAA-19              60809.99417298 60810.00030717 5
NOAA-19              60810.06193798 60810.07289323 81
NOAA-19              60810.13301046 60810.14053947 9
NOAA-19              60810.46585171 60810.47161277 4
NOAA-19              60810.53241852 60810.54335793 68
NOAA-19              60810.60391035 60810.61196237 10
NOAA-19              60811.05319039 60811.06406642 60
NOAA-19              60811.12386729 60811.13234751 13
NOAA-19              60811.52374184 60811.53452029 50
NOAA-19              60811.59458555 60811.60358352 14
NOAA-19              60812.04448194 60812.05517273 43
NOAA-19              60812.11480956 60812.12403170 17
NOAA-19              60812.51513123 60812.52564372 37
NOAA-19              60812.58539226 60812.59509538 20
NOAA-19              60813.03582205 60813.04620749 32
NOAA-19              60813.10581476 60813.11561669 23
NOAA-19              60813.50659092 60813.51672574 27
NOAA-19              60813.57630069 60813.58652715 27
NOAA-19              60814.02721764 60814.03716271 24
NOAA-19              60814.09687041 60814.10711743 31
NOAA-19              60814.49812810 60814.50776089 21
NOAA-19              60814.56729377 60814.57789605 37
NOAA-19              60815.01868232 60815.02802533 17
NOAA-19              60815.08796929 60815.09854303 42
NOAA-19              60815.48975398 60815.49874013 15
NOAA-19              60815.55836112 60815.56921258 50
NOAA-19              60816.01023749 60816.01877321 12
NOAA-19              60816.07910740 60816.08989932 57
NOAA-19              60816.15132010 60816.15593454 3
NOAA-19              60816.48148666 60816.48964785 11
NOAA-19              60816.54949651 60816.56048379 69
NOAA-19              60816.62270030 60816.62774850 3
NOAA-19              60817.00192268 60817.00936598 8
NOAA-19              60817.07028282 60817.08118987 77
NOAA-19              60817.14179249 60817.14817392 6
NOAA-19              60817.47335818 60817.48045440 7
NOAA-19              60817.54069653 60817.55171388 88
NOAA-19              60817.61289558 60817.61980237 6
NOAA-19              60817.99382655 60817.99971341 4
NOAA-19              60818.06149564 60818.07241602 78
NOAA-19              60818.13252741 60818.14013034 9
NOAA-19              60818.46549112 60818.47109520 4
NOAA-19              60818.53196130 60818.54290520 66
NOAA-19              60818.60337662 60818.61156531 10
NOAA-19              60819.05274765 60819.06357732 58
NOAA-19              60819.12338825 60819.13192037 13
NOAA-19              60819.52328799 60819.53405842 48
NOAA-19              60819.59406481 60819.60316698 15
NOAA-19              60820.04403905 60820.05467124 42
NOAA-19              60820.11433202 60820.12358933 18
NOAA-19              60820.51468118 60820.52517246 36
NOAA-19              60820.58488017 60820.59466374 21
NOAA-19              60821.03538006 60821.04569278 31
NOAA-19              60821.10533739 60821.11516070 24
NOAA-19              60821.50614540 60821.51624458 27
NOAA-19              60821.57579487 60821.58608264 28
NOAA-19              60822.02677786 60822.03663345 23
NOAA-19              60822.09639245 60822.10664882 32
NOAA-19              60822.49768816 60822.50726901 20
NOAA-19              60822.56679283 60822.57744024 38
NOAA-19              60823.01824693 60823.02747938 16
NOAA-19              60823.08749033 60823.09806237 43
NOAA-19              60823.48932130 60823.49823615 15
NOAA-19              60823.55786425 60823.56874637 52
NOAA-19              60824.00981015 60824.01820674 12
NOAA-19              60824.07862724 60824.08940699 59
NOAA-19              60824.15076225 60824.15555172 3
NOAA-19              60824.48106400 60824.48912920 11
NOAA-19              60824.54900324 60824.56000766 71
METOA                60803.54903262 60803.55359052 4
METOA                60803.61343300 60803.62240532 78
METOA                60803.68335527 60803.68722478 2
METOA                60804.11301115 60804.12139805 31
METOA                60804.18061834 60804.18758579 12
METOA                60804.56576860 60804.57263249 11
METOA                60804.63173194 60804.64037930 38
METOA                60805.13093336 60805.13971835 71
METOA                60805.19953859 60805.20446630 5
METOA                60805.58311813 60805.59119205 23
METOA                60805.65031371 60805.65810008 17
METOA                60806.08304739 60806.08930570 8
METOA                60806.14905514 60806.15773151 48
METOA                60806.60083730 60806.60949788 49
METOA                60806.66938789 60806.67542703 7
METOA                60807.10040942 60807.10834223 18
METOA                60807.16740437 60807.17542941 22
METOA                60807.55402343 60807.55909015 5
METOA                60807.61886106 60807.62760281 67
METOA                60808.11814589 60808.12690112 39
METOA                60808.18596807 60808.19274862 11
METOA                60808.57092948 60808.57797409 13
METOA                60808.63722983 60808.64550322 30
METOA                60809.07115096 60809.07538661 3
METOA                60809.13611512 60809.14512426 81
METOA                60809.20502334 60809.20942632 3
METOA                60809.58836590 60809.59645390 27
METOA                60809.65591217 60809.66311839 14
METOA                60810.08795495 60810.09503872 11
METOA                60810.15427056 60810.16304750 40
METOA                60810.60615143 60810.61469609 61
METOA                60810.67520188 60810.68022367 5
METOA                60811.10544746 60811.11389425 23
METOA                60811.17265723 60811.18065009 19
METOA                60811.55899788 60811.56449829 6
METOA                60811.62423791 60811.63273693 53
METOA                60812.12324699 60812.13233940 50
METOA                60812.19127958 60812.19784786 9
METOA                60812.57604474 60812.58325182 15
METOA                60812.64268003 60812.65055895 23
METOA                60813.07576842 60813.08136511 5
METOA                60813.14125655 60813.15046936 71
METOA                60813.21051297 60813.21427849 2
METOA                60813.59356070 60813.60165732 32
METOA                60813.66148338 60813.66805881 10
METOA                60814.09287257 60814.10066340 14
METOA                60814.15948714 60814.16830758 33
METOA                60814.61141012 60814.61983713 76
METOA                60814.68109589 60814.68483428 2
METOA                60815.11046419 60815.11936926 29
METOA                60815.17787195 60815.18580869 17
METOA                60815.56394131 60815.56983132 8
METOA                60815.62955986 60815.63781253 42
METOA                60816.12831736 60816.13770988 62
METOA                60816.19656062 60816.20287638 8
METOA                60816.58110906 60816.58847279 18
METOA                60816.64808003 60816.65555053 18
METOA                60817.08049840 60817.08713069 8
METOA                60817.14636389 60817.15574986 59
METOA                60817.59869970 60817.60680803 39
METOA                60817.66702124 60817.67290582 7
METOA                60818.09779016 60818.10618975 18
METOA                60818.16462281 60818.17349239 29
METOA                60818.55227585 60818.55597660 2
METOA                60818.61661034 60818.62492625 81
METOA                60819.11546034 60819.12476654 36
METOA                60819.18305454 60819.19089945 15
METOA                60819.56884478 60819.57510009 10
METOA                60819.63486575 60819.64283742 33
METOA                60820.06855465 60820.07306140 3
METOA                60820.13336148 60820.14300922 76
METOA                60820.20182100 60820.20782499 6
METOA                60820.58611887 60820.59364281 21
METOA                60820.65342888 60820.66048117 15
METOA                60821.08527859 60821.09274638 11
METOA                60821.15144108 60821.16096128 50
METOA                60821.60377895 60821.61191105 49
METOA                60821.67254063 60821.67765877 5
METOA                60822.10270252 60822.11162192 22
METOA                60822.16969853 60822.17861668 25
METOA                60822.55690579 60822.56140877 4
METOA                60822.62174989 60822.62996812 65
METOA                60823.12043684 60823.13008367 45
METOA                60823.18821122 60823.19591571 13
METOA                60823.57370334 60823.58031264 12
METOA                60823.64006980 60823.64781005 26
METOA                60824.07306270 60824.07890412 5
METOA                60824.13837894 60824.14823351 82
METOA                60824.20707259 60824.21268115 5
METOA                60824.59107224 60824.59876638 26
METOA                60824.65872663 60824.66535388 12
METOA                60825.09008332 60825.09823668 14
METOA                60825.15653433 60825.16610310 42
METOA                60825.60879825 60825.61697044 62
METOA                60825.67806233 60825.68230039 3
METOA                60826.10760673 60826.11696153 28
METOA                60826.17478452 60826.18366281 22
METOA                60826.56154323 60826.56673559 6
METOA                60826.62682816 60826.63496656 51
METOB                60803.47703198 60803.48668132 23
METOB                60803.54615226 60803.55627338 30
METOB                60803.99468958 60804.00406746 19
METOB                60804.06375751 60804.07401563 37
METOB                60804.46330060 60804.47193932 14
METOB                60804.53151052 60804.54209131 50
METOB                60804.98087203 60804.98894489 11
METOB                60805.04925532 60805.05988790 61
METOB                60805.12097884 60805.12578669 3
METOB                60805.44987236 60805.45698825 8
METOB                60805.51705155 60805.52778847 84
METOB                60805.58921490 60805.59525300 5
METOB                60805.96747584 60805.97333521 4
METOB                60806.03485519 60806.04558703 81
METOB                60806.10560443 60806.11285117 8
METOB                60806.43705106 60806.44159179 3
METOB                60806.50276472 60806.51338061 59
METOB                60806.57362879 60806.58181705 11
METOB                60807.02055850 60807.03111482 48
METOB                60807.09067100 60807.09939536 15
METOB                60807.48864915 60807.49887027 35
METOB                60807.55852938 60807.56797889 20
METOB                60808.00638439 60808.01645797 29
METOB                60808.07593872 60808.08564445 24
METOB                60808.47472488 60808.48424626 22
METOB                60808.54370705 60808.55392371 32
METOB                60808.99236937 60809.00158098 17
METOB                60809.06134171 60809.07167366 39
METOB                60809.46103207 60809.46947682 13
METOB                60809.52909375 60809.53971974 55
METOB                60809.97859706 60809.98640055 9
METOB                60810.04685408 60810.05751694 66
METOB                60810.11839029 60810.12367152 4
METOB                60810.44766296 60810.45447932 7
METOB                60810.51466025 60810.52539853 89
METOB                60810.58659096 60810.59304971 6
METOB                60810.96531042 60810.97066730 4
METOB                60811.03246838 60811.04318827 75
METOB                60811.10310782 60811.11062307 9
METOB                60811.50039829 60811.51097345 54
METOB                60811.57109804 60811.57952644 12
METOB                60812.01818744 60812.02868728 44
METOB                60812.08821133 60812.09711209 16
METOB                60812.48630950 60812.49644504 33
METOB                60812.55604762 60812.56564585 21
METOB                60813.00403348 60813.01399772 27
METOB                60813.07350128 60813.08332231 26
METOB                60813.47241640 60813.48179992 20
METOB                60813.54125947 60813.55156288 35
METOB                60813.99004790 60813.99907918 16
METOB                60814.05892074 60814.06931965 43
METOB                60814.45876436 60814.46700111 12
METOB                60814.52667404 60814.53733777 59
METOB                60814.97632552 60814.98383572 8
METOB                60815.04444765 60815.05513425 72
METOB                60815.11581731 60815.12152275 4
METOB                60815.44546052 60815.45195133 6
METOB                60815.51226583 60815.52299839 83
METOB                60815.58398080 60815.59081935 7
METOB                60815.96317494 60815.96795133 3
METOB                60816.03007652 60816.04077769 69
METOB                60816.10061090 60816.10837769 10
METOB                60816.49802911 60816.50855609 50
METOB                60816.56856935 60816.57722037 13
METOB                60817.01581179 60817.02624727 41
METOB                60817.08574809 60817.09481493 17
METOB                60817.48396761 60817.49400925 30
METOB                60817.55356468 60817.56330048 23
METOB                60818.00167903 60818.01152416 25
METOB                60818.07105909 60818.08098771 28
METOB                60818.47010686 60818.47934201 19
METOB                60818.53880947 60818.54919108 38
METOB                60818.98772470 60818.99656202 15
METOB                60819.05649477 60819.06695376 46
METOB                60819.45649811 60819.46451155 11
METOB                60819.52425140 60819.53494532 64
METOB                60819.97405890 60819.98124897 7
METOB                60820.04203592 60820.05273992 77
METOB                60820.11325480 60820.11934569 5
METOB                60820.44326717 60820.44940206 5
METOB                60820.50986857 60820.52058797 77
METOB                60820.58138098 60820.58856506 8
METOB                60821.02767965 60821.03835533 64
METOB                60821.09811286 60821.10611570 11
METOB                60821.49565721 60821.50612814 46
METOB                60821.56604182 60821.57489944 15
METOB                60822.01343166 60822.02379513 38
METOB                60822.08328094 60822.09250454 19
METOB                60822.48162365 60822.49156261 28
METOB                60822.55108035 60822.56094296 25
METOB                60822.99932123 60823.00903713 23
METOB                60823.06861196 60823.07864086 30
METOB                60823.46779657 60823.47687198 17
METOB                60823.53635697 60823.54680820 41
METOB                60823.98540073 60823.99402867 13
METOB                60824.05406331 60824.06457634 50
METOB                60824.45423406 60824.46200747 10
METOB                60824.52182578 60824.53254236 70
METOB                60824.59465869 60824.59944762 3
