iss                  60832.88540127 60832.89216155 18
iss                  60832.95246001 60832.95910772 16
iss                  60833.29775618 60833.30317157 7
iss                  60833.36390812 60833.37130386 43
iss                  60833.85163475 60833.85710339 8
iss                  60833.91764826 60833.92494393 34
iss                  60834.32941797 60834.33691045 68
iss                  60834.39806925 60834.40195903 3
iss                  60834.88308427 60834.89056458 88
iss                  60834.95205911 60834.95600981 3
iss                  60835.29509864 60835.30224403 27
iss                  60835.36258117 60835.36861257 10
iss                  60835.84875189 60835.85596602 32
iss                  60835.91647962 60835.92236828 9
iss                  60836.26093129 60836.26726719 12
iss                  60836.32761732 60836.33466741 24
iss                  60836.81468772 60836.82109363 14
iss                  60836.88138182 60836.88830112 20
iss                  60837.22707043 60837.23185584 5
iss                  60837.29291844 60837.30038505 61
iss                  60837.78098146 60837.78577402 5
iss                  60837.84657659 60837.85398678 47
iss                  60838.25840818 60838.26582418 48
iss                  60838.32658767 60838.33138281 5
iss                  60838.81201068 60838.81945922 62
iss                  60838.88050714 60838.88527083 5
iss                  60839.22404419 60839.23098115 20
iss                  60839.29125145 60839.29769929 14
iss                  60839.77768369 60839.78469918 24
iss                  60839.84505045 60839.85136710 12
iss                  60840.18990100 60840.19579843 9
iss                  60840.25631256 60840.26355148 32
iss                  60840.74361117 60840.74962503 10
iss                  60840.80998286 60840.81713051 26
iss                  60841.15613927 60841.16007332 3
iss                  60841.22160501 60841.22909403 87
iss                  60841.71012754 60841.71395277 3
iss                  60841.77518489 60841.78266455 67
iss                  60842.18707707 60842.19435996 35
iss                  60842.25485653 60842.26035859 8
iss                  60842.74062243 60842.74798233 43
iss                  60842.80868384 60842.81411539 7
iss                  60843.15269827 60843.15932832 16
iss                  60843.21961321 60843.22640353 18
iss                  60843.70631377 60843.71304677 18
iss                  60843.77330975 60843.77999402 16
iss                  60844.11858034 60844.12391068 7
iss                  60844.18468806 60844.19206148 44
iss                  60844.67230639 60844.67773527 7
iss                  60844.73826720 60844.74559340 35
iss                  60845.14997036 60845.15742682 65
iss                  60845.21854880 60845.22252030 3
iss                  60845.70347773 60845.71097309 84
iss                  60845.77235877 60845.77646704 3
iss                  60846.11542848 60846.12251176 25
iss                  60846.18284770 60846.18891891 11
iss                  60846.66892650 60846.67612735 31
iss                  60846.73657294 60846.74256446 10
iss                  60847.08104638 60847.08727441 12
iss                  60847.14766358 60847.15472638 25
iss                  60847.63465520 60847.64099599 13
iss                  60847.70125864 60847.70824940 21
iss                  60848.04699615 60848.05157324 4
iss                  60848.11274474 60848.12019441 66
iss                  60848.60077291 60848.60538279 5
iss                  60848.66623789 60848.67368716 51
iss                  60849.07801736 60849.08537845 44
iss                  60849.14607433 60849.15103912 6
iss                  60849.63146087 60849.63890721 56
iss                  60849.69981183 60849.70480418 5
iss                  60850.04344117 60850.05027046 19
iss                  60850.11054731 60850.11707777 15
iss                  60850.59693193 60850.60388499 22
iss                  60850.66416743 60850.67062726 13
iss                  60851.00910181 60851.01480278 8
iss                  60851.07540174 60851.08266716 35
iss                  60851.56267647 60851.56852547 9
iss                  60851.62889888 60851.63613202 29
iss                  60851.97521145 60851.97871875 2
iss                  60852.04048468 60852.04794653 83
iss                  60852.52911098 60852.53246600 2
iss                  60852.59389936 60852.60140775 77
iss                  60852.66313676 60852.66659351 2
iss                  60853.00574987 60853.01294278 30
iss                  60853.07337302 60853.07908671 9
iss                  60853.55914100 60853.56646020 37
iss                  60853.62701414 60853.63270923 8
iss                  60853.97117210 60853.97762622 14
iss                  60854.03794966 60854.04484202 21
iss                  60854.52465139 60854.53124282 16
iss                  60854.59146439 60854.59830847 18
iss                  60854.93688699 60854.94188685 6
iss                  60855.00282774 60855.01022438 53
iss                  60855.49050265 60855.49560255 6
iss                  60855.55623406 60855.56364017 42
iss                  60855.96791022 60855.97531295 54
iss                  60856.03621524 60856.04067462 4
iss                  60856.52125701 60856.52875014 69
iss                  60856.58984694 60856.59444709 4
AO-07                60832.90822564 60832.92113269 20
AO-07                60833.27608565 60833.28915203 21
AO-07                60833.35295167 60833.36811779 55
AO-07                60833.78870708 60833.80161031 19
AO-07                60833.86574813 60833.88100730 59
AO-07                60833.94725212 60833.95422520 4
AO-07                60834.23876702 60834.24471163 3
AO-07                60834.31146210 60834.32657409 55
AO-07                60834.39068493 60834.40376347 20
AO-07                60834.82426846 60834.83943481 51
AO-07                60834.90310702 60834.91647412 23
AO-07                60835.27144412 60835.28403491 18
AO-07                60835.34795598 60835.36324184 63
AO-07                60835.43077167 60835.43708977 3
AO-07                60835.78404560 60835.79638602 16
AO-07                60835.86077722 60835.87614230 67
AO-07                60835.94176696 60835.95005103 5
AO-07                60836.30662702 60836.32158212 48
AO-07                60836.38551352 60836.39904773 24
AO-07                60836.81941702 60836.83441011 45
AO-07                60836.89802384 60836.91178344 26
AO-07                60837.26684090 60837.27889219 16
AO-07                60837.34297997 60837.35835040 71
AO-07                60837.42500006 60837.43297440 5
AO-07                60837.77942899 60837.79111720 13
AO-07                60837.85581998 60837.87125745 75
AO-07                60837.93639685 60837.94574590 7
AO-07                60838.30181373 60838.31657609 42
AO-07                60838.38037344 60838.39430185 27
AO-07                60838.81458584 60838.82936426 39
AO-07                60838.89295980 60838.90706303 30
AO-07                60839.26228172 60839.27371933 13
AO-07                60839.33802330 60839.35344422 80
AO-07                60839.41942525 60839.42866422 7
AO-07                60839.77486727 60839.78579431 11
AO-07                60839.85087669 60839.86635320 85
AO-07                60839.93110271 60839.94134889 9
AO-07                60840.29701725 60840.31155576 37
AO-07                60840.37526150 60840.38952961 31
AO-07                60840.80977497 60840.82429577 34
AO-07                60840.88791325 60840.90231544 34
AO-07                60841.25777342 60841.26850991 11
AO-07                60841.33308582 60841.34852388 89
AO-07                60841.41397022 60841.42423410 9
AO-07                60841.77037927 60841.78040309 8
AO-07                60841.84594711 60841.86142982 86
AO-07                60841.92586383 60841.93688125 12
AO-07                60842.29225101 60842.30652022 33
AO-07                60842.37017526 60842.38473381 36
AO-07                60842.80498636 60842.81920316 30
AO-07                60842.88288294 60842.89754244 39
AO-07                60843.25332654 60843.26325463 9
AO-07                60843.32816744 60843.34358981 81
AO-07                60843.40859925 60843.41971943 11
AO-07                60843.76598067 60843.77492013 6
AO-07                60843.84103183 60843.85648745 77
AO-07                60843.92066768 60843.93235641 14
AO-07                60844.28751108 60844.30146847 29
AO-07                60844.36511281 60844.37991671 41
AO-07                60844.80022245 60844.81408441 26
AO-07                60844.87786791 60844.89274592 45
AO-07                60845.24895618 60845.25793863 7
AO-07                60845.32326875 60845.33864228 72
AO-07                60845.40329220 60845.41514061 14
AO-07                60845.76170870 60845.76930258 4
AO-07                60845.83613130 60845.85152605 68
AO-07                60845.91550606 60845.92778332 16
AO-07                60846.28279909 60846.29639918 25
AO-07                60846.36007272 60846.37508012 47
AO-07                60846.79548625 60846.80893697 23
AO-07                60846.87286748 60846.88792684 51
AO-07                60847.24475468 60847.25253817 5
AO-07                60847.31839211 60847.33368141 64
AO-07                60847.39803638 60847.41051059 17
AO-07                60847.75767801 60847.76344987 2
AO-07                60847.83124626 60847.84654540 60
AO-07                60847.91037330 60847.92316853 19
AO-07                60848.27811789 60848.29131039 22
AO-07                60848.35505387 60848.37022569 54
AO-07                60848.79078163 60848.80375705 19
AO-07                60848.86788114 60848.88308634 58
AO-07                60848.94951805 60848.95613841 3
AO-07                60849.24064672 60849.24699984 3
AO-07                60849.31353304 60849.32870720 56
AO-07                60849.39282322 60849.40583835 20
AO-07                60849.82637757 60849.84154511 53
AO-07                60849.90526529 60849.91851684 22
AO-07                60850.27346992 60850.28619993 19
AO-07                60850.35005545 60850.36535449 61
AO-07                60850.43305120 60850.43902356 3
AO-07                60850.78611346 60850.79854039 16
AO-07                60850.86290859 60850.87822528 65
AO-07                60850.94399990 60850.95200105 5
AO-07                60851.30869477 60851.32371946 50
AO-07                60851.38764663 60851.40113045 23
AO-07                60851.82152407 60851.83652449 46
AO-07                60851.90017902 60851.91383229 26
AO-07                60852.26885970 60852.28106460 16
AO-07                60852.34507686 60852.36046754 69
LO-19                60832.86918947 60832.87695947 48
LO-19                60833.32591648 60833.33600656 47
LO-19                60833.39598457 60833.40364509 10
LO-19                60833.84389325 60833.85422622 62
LO-19                60833.91415356 60833.92109083 8
LO-19                60834.30375169 60834.31273287 19
LO-19                60834.37215246 60834.38174469 27
LO-19                60834.82146445 60834.83100580 25
LO-19                60834.89033044 60834.89958618 22
LO-19                60835.28237550 60835.28882824 6
LO-19                60835.34898736 60835.35926609 69
LO-19                60835.79964652 60835.80711501 9
LO-19                60835.86711020 60835.87735361 53
LO-19                60836.32630549 60836.33639073 47
LO-19                60836.39637573 60836.40402719 10
LO-19                60836.84427731 60836.85461879 62
LO-19                60836.91453714 60836.92148308 8
LO-19                60837.30413878 60837.31311613 19
LO-19                60837.37254090 60837.38212691 27
LO-19                60837.82184703 60837.83139767 25
LO-19                60837.89071346 60837.89997686 22
LO-19                60838.28276072 60838.28921046 6
LO-19                60838.34937371 60838.35964772 69
LO-19                60838.80002687 60838.80750694 9
LO-19                60838.86749222 60838.87774311 53
LO-19                60839.32668991 60839.33677155 47
LO-19                60839.39676182 60839.40440633 10
LO-19                60839.84465819 60839.85500722 62
LO-19                60839.91491740 60839.92187147 8
LO-19                60840.30452133 60840.31349605 19
LO-19                60840.37292454 60840.38250594 27
LO-19                60840.82222656 60840.83178522 25
LO-19                60840.89109322 60840.90036355 22
LO-19                60841.28314137 60841.28958946 6
LO-19                60841.34975537 60841.36002610 69
LO-19                60841.80040444 60841.80789425 9
LO-19                60841.86787105 60841.87812849 53
LO-19                60842.32706973 60842.33714911 47
LO-19                60842.39714282 60842.40478258 10
LO-19                60842.84503596 60842.85539139 62
LO-19                60842.91529443 60842.92225587 8
LO-19                60843.30489933 60843.31387273 19
LO-19                60843.37330337 60843.38288187 27
LO-19                60843.82260310 60843.83216835 25
LO-19                60843.89146978 60843.90074612 22
LO-19                60844.28351746 60844.28996532 6
LO-19                60844.35013236 60844.36040131 69
LO-19                60844.80077932 60844.80827682 9
LO-19                60844.86824674 60844.87850963 53
LO-19                60845.32744496 60845.33752347 47
LO-19                60845.39751873 60845.40515604 10
LO-19                60845.84541065 60845.85577119 62
LO-19                60845.91566831 60845.92263613 8
LO-19                60846.30527279 60846.31424623 19
LO-19                60846.37367739 60846.38325477 27
LO-19                60846.82297670 60846.83254694 25
LO-19                60846.89184319 60846.90112447 22
LO-19                60847.28388901 60847.29033809 6
LO-19                60847.35050468 60847.36077340 69
LO-19                60847.80115153 60847.80865452 9
LO-19                60847.86861931 60847.87888644 53
LO-19                60848.32781563 60848.33789469 47
LO-19                60848.39788957 60848.40552676 10
LO-19                60848.84578229 60848.85614654 62
LO-19                60848.91603908 60848.92301214 8
LO-19                60849.30564177 60849.31461659 19
LO-19                60849.37404664 60849.38362469 27
LO-19                60849.82334736 60849.83292091 25
LO-19                60849.89221347 60849.90149851 22
LO-19                60850.28425606 60850.29070782 6
LO-19                60850.35087239 60850.36114242 69
LO-19                60850.80152110 60850.80902726 9
LO-19                60850.86898879 60850.87925883 53
LO-19                60851.32818178 60851.33826280 47
LO-19                60851.39825538 60851.40589478 10
LO-19                60851.84615090 60851.85651736 62
LO-19                60851.91640679 60851.92338380 8
LO-19                60852.30600630 60852.31498383 19
LO-19                60852.37441117 60852.38399165 27
LO-19                60852.82371509 60852.83329019 25
LO-19                60852.89258064 60852.90186815 22
LO-19                60853.28461870 60853.29107451 6
LO-19                60853.35123552 60853.36150839 69
LO-19                60853.80188802 60853.80939496 9
LO-19                60853.86935517 60853.87962673 53
LO-19                60854.32854347 60854.33862781 47
LO-19                60854.39861623 60854.40626013 10
LO-19                60854.84651645 60854.85688359 62
LO-19                60854.91677142 60854.92375103 8
LO-19                60855.30636647 60855.31534796 19
LO-19                60855.37477105 60855.38435568 27
LO-19                60855.82407988 60855.83365471 25
LO-19                60855.89294469 60855.90223332 22
LO-19                60856.28497701 60856.29143814 6
LO-19                60856.35159416 60856.36187131 69
LO-19                60856.80225228 60856.80975757 9
LO-19                60856.86971843 60856.87999009 53
LO-19                60857.32890078 60857.33898972 47
LO-19                60857.39897220 60857.40662279 10
FO-29                60832.97755432 60832.98975922 21
FO-29                60833.04917207 60833.06332743 53
FO-29                60833.52664465 60833.53701311 49
FO-29                60833.60082605 60833.60819783 9
FO-29                60833.94306177 60833.94884484 3
FO-29                60834.01099899 60834.02508063 56
FO-29                60834.08482792 60834.09697074 19
FO-29                60834.48950165 60834.49738387 10
FO-29                60834.56127258 60834.57149352 42
FO-29                60834.97410795 60834.98593246 19
FO-29                60835.04550751 60835.05965627 57
FO-29                60835.12284283 60835.12837677 2
FO-29                60835.52294933 60835.53324281 43
FO-29                60835.59689757 60835.60468307 10
FO-29                60836.00743123 60836.02133370 51
FO-29                60836.08106163 60836.09339137 21
FO-29                60836.48594980 60836.49345369 9
FO-29                60836.55749812 60836.56782161 47
FO-29                60836.97067206 60836.98208440 17
FO-29                60837.04185624 60837.05597028 62
FO-29                60837.11868698 60837.12517026 3
FO-29                60837.51925252 60837.52947222 38
FO-29                60837.59300676 60837.60115532 12
FO-29                60838.00387744 60838.01757210 47
FO-29                60838.07731276 60838.08979183 23
FO-29                60838.48241182 60838.48950934 7
FO-29                60838.55372179 60838.56415003 54
FO-29                60838.96726694 60838.97821336 15
FO-29                60839.03821751 60839.05227001 66
FO-29                60839.11464243 60839.12186444 4
FO-29                60839.51555511 60839.52570175 34
FO-29                60839.58912201 60839.59761919 14
FO-29                60840.00033740 60840.01379568 43
FO-29                60840.07357979 60840.08617332 24
FO-29                60840.47889116 60840.48554741 6
FO-29                60840.54994402 60840.56047882 61
FO-29                60840.96388676 60840.97431716 13
FO-29                60841.03459093 60841.04855537 71
FO-29                60841.11066245 60841.11849024 5
FO-29                60841.51185784 60841.52193129 30
FO-29                60841.58524228 60841.59407617 16
FO-29                60841.99681082 60842.01000437 39
FO-29                60842.06986132 60842.08253690 26
FO-29                60842.47539412 60842.48156302 5
FO-29                60842.54616547 60842.55680850 69
FO-29                60842.96053369 60842.97039293 11
FO-29                60843.03097534 60843.04482708 75
FO-29                60843.10673085 60843.11506316 6
FO-29                60843.50816154 60843.51816072 27
FO-29                60843.58136752 60843.59052741 18
FO-29                60843.99329766 60844.00619805 35
FO-29                60844.06615602 60844.07888362 29
FO-29                60844.47192831 60844.47754875 4
FO-29                60844.54238643 60844.55313887 76
FO-29                60844.95721185 60844.96643663 9
FO-29                60845.02737027 60845.04108544 78
FO-29                60845.10283702 60845.11159318 7
FO-29                60845.50446712 60845.51438980 25
FO-29                60845.57749719 60845.58697430 21
FO-29                60845.98979737 60846.00237639 32
FO-29                60846.06246265 60846.07521446 31
FO-29                60846.46850591 60846.47349283 3
FO-29                60846.53860766 60846.54947026 81
FO-29                60846.61423620 60846.61881136 3
FO-29                60846.95392633 60846.96244254 8
FO-29                60847.02377500 60847.03733085 77
FO-29                60847.09897423 60847.10808711 9
FO-29                60847.50077553 60847.51061817 22
FO-29                60847.57363127 60847.58341721 24
FO-29                60847.98630999 60847.99853937 28
FO-29                60848.05878002 60848.07153057 33
FO-29                60848.53482980 60848.54580256 78
FO-29                60848.61006918 60848.61559233 4
FO-29                60848.95068527 60848.95840184 6
FO-29                60849.02018883 60849.03356372 74
FO-29                60849.09513687 60849.10455017 10
FO-29                60849.49708796 60849.50684533 20
FO-29                60849.56976981 60849.57985691 27
FO-29                60849.98283556 60849.99468659 25
FO-29                60850.05510697 60850.06783238 36
FO-29                60850.53105359 60850.54213563 71
FO-29                60850.60597284 60850.61230280 5
FO-29                60850.94750283 60850.95429985 5
FO-29                60851.01661108 60851.02978445 69
FO-29                60851.09132077 60851.10098601 11
FO-29                60851.49340540 60851.50307067 18
FO-29                60851.56591298 60851.57629387 30
FO-29                60851.97937421 60851.99081761 23
FO-29                60852.05144237 60852.06412097 38
FO-29                60852.52727982 60852.53846926 64
FO-29                60852.60189693 60852.60897005 7
FO-29                60852.94447792 60852.95010954 3
FO-29                60853.01304249 60853.02599348 64
FO-29                60853.08752256 60853.09739806 12
FO-29                60853.48972923 60853.49929338 17
FO-29                60853.56206103 60853.57272812 34
FO-29                60853.97592634 60853.98693181 20
FO-29                60854.04778517 60854.06039699 42
FO-29                60854.52350703 60854.53480311 58
SO-50                60832.91199937 60832.91958784 14
SO-50                60832.98087166 60832.98941171 27
SO-50                60833.42420800 60833.43024817 6
SO-50                60833.49156268 60833.50118243 62
SO-50                60833.92450142 60833.93334273 37
SO-50                60833.99474667 60834.00147902 9
SO-50                60834.43590257 60834.44446856 20
SO-50                60834.50503464 60834.51390623 23
SO-50                60834.86985630 60834.87501580 4
SO-50                60834.93743488 60834.94651617 70
SO-50                60835.44840508 60835.45794931 53
SO-50                60835.51919097 60835.52611270 8
SO-50                60835.88173237 60835.88957282 16
SO-50                60835.95078585 60835.95916360 23
SO-50                60836.39377713 60836.40032647 7
SO-50                60836.46142985 60836.47099731 53
SO-50                60836.89429469 60836.90322552 44
SO-50                60836.96477225 60836.97109071 7
SO-50                60837.40562095 60837.41439015 22
SO-50                60837.47497223 60837.48365345 20
SO-50                60837.83943993 60837.84514422 6
SO-50                60837.90727409 60837.91631780 59
SO-50                60838.41819504 60838.42779231 62
SO-50                60838.48925345 60838.49574439 7
SO-50                60838.85145091 60838.85951397 18
SO-50                60838.92068373 60838.92887623 20
SO-50                60839.36335594 60839.37034319 9
SO-50                60839.43127975 60839.44077787 46
SO-50                60839.86406893 60839.87307042 51
SO-50                60839.93479975 60839.94064439 6
SO-50                60840.37532628 60840.38427229 26
SO-50                60840.44489548 60840.45336420 18
SO-50                60840.80903318 60840.81520335 7
SO-50                60840.87709421 60840.88608267 50
SO-50                60841.38796782 60841.39760026 72
SO-50                60841.45931872 60841.46532252 5
SO-50                60841.82115317 60841.82941280 21
SO-50                60841.89056621 60841.89854890 17
SO-50                60842.33293740 60842.34030520 11
SO-50                60842.40111228 60842.41052416 40
SO-50                60842.83382383 60842.84287795 60
SO-50                60842.90491261 60842.91013065 5
SO-50                60843.34501738 60843.35411586 29
SO-50                60843.41480515 60843.42303769 15
SO-50                60843.77863747 60843.78520502 8
SO-50                60843.84689644 60843.85581080 43
SO-50                60844.35772307 60844.36737354 83
SO-50                60844.42947945 60844.43483846 4
SO-50                60844.79083935 60844.79927066 24
SO-50                60844.86043421 60844.86818069 15
SO-50                60845.30251613 60845.31021712 12
SO-50                60845.37092757 60845.38023617 35
SO-50                60845.80355911 60845.81264856 71
SO-50                60845.87498503 60845.87953701 3
SO-50                60846.31469329 60846.32392200 33
SO-50                60846.38470212 60846.39267306 13
SO-50                60846.74822361 60846.75514901 10
SO-50                60846.81667836 60846.82550199 37
SO-50                60847.26086004 60847.26545156 3
SO-50                60847.32746034 60847.33711249 85
SO-50                60847.39958840 60847.40428095 3
SO-50                60847.76050806 60847.76908863 27
SO-50                60847.83028896 60847.83777054 13
SO-50                60848.27208866 60848.28008277 14
SO-50                60848.34072557 60848.34991382 30
SO-50                60848.77327452 60848.78238259 82
SO-50                60848.84511255 60848.84883388 2
SO-50                60849.28435321 60849.29369155 38
SO-50                60849.35458755 60849.36226912 12
SO-50                60849.71780182 60849.72504292 11
SO-50                60849.78644142 60849.79515651 32
SO-50                60850.23024915 60850.23551388 4
SO-50                60850.29718084 60850.30681737 74
SO-50                60850.36974746 60850.37362414 2
SO-50                60850.73015836 60850.73886760 31
SO-50                60850.80013206 60850.80731664 11
SO-50                60851.24165231 60851.24990452 16
SO-50                60851.31050682 60851.31955700 27
SO-50                60851.67577898 60851.68010646 3
SO-50                60851.74297001 60851.75208035 85
SO-50                60852.25399648 60852.26342521 44
SO-50                60852.32446291 60852.33182467 10
SO-50                60852.68736900 60852.69488988 13
SO-50                60852.75618617 60852.76477398 28
SO-50                60853.19961943 60853.20548154 6
SO-50                60853.26688204 60853.27648840 65
SO-50                60853.69979003 60853.70860840 36
SO-50                60853.76996530 60853.77681715 9
SO-50                60854.21120485 60854.21968452 19
SO-50                60854.28027129 60854.28916551 24
SO-50                60854.64515641 60854.65013844 4
SO-50                60854.71264545 60854.72174207 74
SO-50                60855.22362253 60855.23312356 51
SO-50                60855.29432993 60855.30133741 9
SO-50                60855.65692302 60855.66469203 15
SO-50                60855.72591275 60855.73435408 24
SO-50                60856.16901039 60856.17537797 7
SO-50                60856.23656491 60856.24612575 56
SO-50                60856.66940240 60856.67831190 41
HO-68                60833.14644132 60833.15783505 19
HO-68                60833.21990524 60833.23330232 51
HO-68                60833.63681372 60833.64445735 5
HO-68                60833.70868013 60833.72224335 81
HO-68                60833.78504886 60833.79446489 10
HO-68                60834.13539961 60834.14552432 12
HO-68                60834.20799554 60834.22161504 72
HO-68                60834.28632798 60834.29295986 4
HO-68                60834.69696027 60834.71037319 58
HO-68                60834.77265975 60834.78352092 16
HO-68                60835.12465219 60835.13298455 7
HO-68                60835.19619495 60835.20984194 83
HO-68                60835.27321206 60835.28242073 9
HO-68                60835.68533037 60835.69839036 41
HO-68                60835.76044265 60835.77234553 23
HO-68                60836.11453243 60836.11996166 3
HO-68                60836.18450515 60836.19798811 60
HO-68                60836.26056813 60836.27141430 15
HO-68                60836.67381012 60836.68628264 29
HO-68                60836.74834734 60836.76099718 33
HO-68                60837.17292789 60837.18605333 42
HO-68                60837.24818156 60837.26015625 22
HO-68                60837.66242645 60837.67402607 20
HO-68                60837.73634928 60837.74950778 47
HO-68                60838.16147712 60838.17403120 30
HO-68                60838.23597308 60838.24872946 32
HO-68                60838.65123038 60838.66157367 13
HO-68                60838.72443658 60838.73789576 66
HO-68                60838.80209447 60838.80841530 4
HO-68                60839.15016763 60839.16190725 21
HO-68                60839.22390458 60839.23717618 45
HO-68                60839.64032865 60839.64882200 7
HO-68                60839.71260455 60839.72617144 89
HO-68                60839.78924099 60839.79802744 8
HO-68                60840.13904933 60840.14965216 14
HO-68                60840.21195623 60840.22552010 64
HO-68                60840.29095503 60840.29622867 2
HO-68                60840.63005609 60840.63543914 2
HO-68                60840.70085476 60840.71433870 65
HO-68                60840.77677082 60840.78718656 14
HO-68                60841.12818621 60841.13720485 9
HO-68                60841.20011889 60841.21377512 88
HO-68                60841.27752579 60841.28599465 7
HO-68                60841.68919201 60841.70239547 46
HO-68                60841.76450194 60841.77608206 21
HO-68                60842.11781420 60842.12440369 4
HO-68                60842.18839166 60842.20194827 67
HO-68                60842.26475820 60842.27511022 13
HO-68                60842.67763171 60842.69033259 32
HO-68                60842.75236808 60842.76478869 29
HO-68                60843.17677425 60843.19004112 48
HO-68                60843.25229581 60843.26392527 19
HO-68                60843.66619662 60843.67813089 22
HO-68                60843.74033813 60843.75334526 41
HO-68                60844.16527865 60844.17804953 34
HO-68                60844.24003200 60844.25254986 28
HO-68                60844.65492814 60844.66575314 15
HO-68                60844.72839665 60844.74177388 58
HO-68                60844.80658047 60844.81165124 2
HO-68                60845.15392237 60845.16596233 24
HO-68                60845.22791852 60845.24103615 40
HO-68                60845.64390633 60845.65312257 9
HO-68                60845.71653664 60845.73008747 81
HO-68                60845.79347233 60845.80154089 7
HO-68                60846.14272878 60846.15375630 16
HO-68                60846.21593060 60846.22941286 57
HO-68                60846.63333921 60846.64003286 4
HO-68                60846.70475781 60846.71829197 73
HO-68                60846.78090262 60846.79082266 12
HO-68                60847.13176732 60847.14138453 10
HO-68                60847.20405596 60847.21769681 80
HO-68                60847.28190865 60847.28949896 5
HO-68                60847.69306359 60847.70638738 52
HO-68                60847.76857475 60847.77979736 18
HO-68                60848.12115121 60848.12873514 6
HO-68                60848.19228978 60848.20589712 75
HO-68                60848.26898361 60848.27877000 11
HO-68                60848.68146597 60848.69436708 36
HO-68                60848.75639889 60848.76856337 26
HO-68                60849.18063535 60849.19401717 54
HO-68                60849.25643359 60849.26767029 17
HO-68                60849.66998420 60849.68221625 25
HO-68                60849.74433530 60849.75716829 37
HO-68                60850.16909667 60850.18205498 38
HO-68                60850.24410887 60850.25635215 25
HO-68                60850.65865194 60850.66990495 17
HO-68                60850.73236413 60850.74563925 52
HO-68                60851.15769015 60851.17000175 27
HO-68                60851.23194748 60851.24488145 36
HO-68                60851.64753148 60851.65737435 11
HO-68                60851.72047636 60851.73399148 73
HO-68                60851.79775655 60851.80499167 5
HO-68                60852.14643420 60852.15783945 19
HO-68                60852.21991846 60852.23329288 51
HO-68                60852.63676643 60852.64448435 6
HO-68                60852.70866908 60852.72223324 82
HO-68                60852.78505941 60852.79442474 10
HO-68                60853.13538729 60853.14553138 12
HO-68                60853.20800594 60853.22160685 71
AO-73                60833.17809622 60833.18494992 11
AO-73                60833.24306737 60833.25134950 29
AO-73                60833.67424923 60833.67798063 2
AO-73                60833.73783622 60833.74612822 60
AO-73                60834.17702453 60834.18376043 10
AO-73                60834.24190100 60834.25023629 31
AO-73                60834.73668446 60834.74498053 65
AO-73                60835.17594043 60835.18254989 10
AO-73                60835.24071935 60835.24910444 33
AO-73                60835.73551625 60835.74381464 69
AO-73                60836.17484431 60836.18131795 9
AO-73                60836.23947983 60836.24795053 35
AO-73                60836.73433186 60836.74263050 74
AO-73                60837.17373634 60837.18006423 8
AO-73                60837.23826754 60837.24678134 37
AO-73                60837.73313114 60837.74142809 79
AO-73                60838.17261735 60838.17878828 8
AO-73                60838.23704007 60838.24559340 39
AO-73                60838.73191210 60838.74020737 84
AO-73                60839.17148770 60839.17748957 7
AO-73                60839.23579746 60839.24438668 42
AO-73                60839.73067870 60839.73896828 86
AO-73                60840.17034794 60840.17616739 7
AO-73                60840.23453974 60840.24316113 45
AO-73                60840.72942915 60840.73771078 82
AO-73                60841.16919899 60841.17482119 6
AO-73                60841.23326694 60841.24191672 48
AO-73                60841.72816351 60841.73643483 76
AO-73                60842.16804163 60842.17344991 5
AO-73                60842.23197910 60842.24065343 51
AO-73                60842.72688187 60842.73514035 71
AO-73                60843.16687705 60843.17205240 5
AO-73                60843.23067626 60843.23937120 55
AO-73                60843.72558428 60843.73382731 65
AO-73                60843.79354330 60843.79697393 2
AO-73                60844.16570674 60844.17062724 4
AO-73                60844.22935845 60844.23807002 59
AO-73                60844.72427083 60844.73249562 60
AO-73                60844.79205649 60844.79583581 3
AO-73                60845.16453261 60845.16917233 4
AO-73                60845.22802572 60845.23674983 64
AO-73                60845.72294160 60845.73114523 56
AO-73                60845.79056838 60845.79466436 3
AO-73                60846.16335731 60846.16768511 3
AO-73                60846.22667812 60846.23541059 68
AO-73                60846.72159668 60846.72977605 51
AO-73                60846.78907561 60846.79346287 4
AO-73                60847.16218463 60847.16616158 3
AO-73                60847.22531569 60847.23405227 74
AO-73                60847.72023616 60847.72838800 47
AO-73                60847.78757592 60847.79223374 4
AO-73                60848.16102073 60848.16459586 2
AO-73                60848.22393847 60848.23267482 79
AO-73                60848.71886015 60848.72698099 44
AO-73                60848.78606768 60848.79097858 5
AO-73                60849.22254653 60849.23127819 85
AO-73                60849.71746877 60849.72555493 40
AO-73                60849.78454964 60849.78969846 5
AO-73                60850.22113994 60850.22986235 87
AO-73                60850.71606212 60850.72410972 37
AO-73                60850.78302109 60850.78839458 6
AO-73                60851.21971787 60851.22842723 82
AO-73                60851.71464034 60851.72264523 34
AO-73                60851.78148104 60851.78706742 7
AO-73                60852.21828189 60852.22697280 76
AO-73                60852.71320359 60852.72116134 32
AO-73                60852.77992908 60852.78571762 8
AO-73                60853.21683137 60853.22549900 71
AO-73                60853.28513980 60853.28891004 2
AO-73                60853.71175197 60853.71965791 30
AO-73                60853.77836476 60853.78434562 8
AO-73                60854.21536640 60854.22400576 65
AO-73                60854.28346246 60854.28761533 3
AO-73                60854.71028567 60854.71813481 27
AO-73                60854.77678769 60854.78295196 9
AO-73                60855.21388706 60855.22249303 60
AO-73                60855.28178840 60855.28628300 3
AO-73                60855.70880487 60855.71659186 25
AO-73                60855.77519759 60855.78153672 10
AO-73                60856.21239369 60856.22096073 55
AO-73                60856.28011334 60856.28491736 4
AO-73                60856.70730975 60856.71502889 24
AO-73                60856.77359420 60856.78010025 11
AO-73                60857.21088559 60857.21940878 50
AO-73                60857.27843439 60857.28352136 5
AO-73                60857.70580053 60857.71344565 22
AO-73                60857.77198255 60857.77864996 12
AO-73                60858.20936365 60858.21783712 46
AO-73                60858.27674959 60858.28209681 5
AO-73                60858.70427743 60858.71184202 20
AO-73                60858.77035209 60858.77717157 13
AO-73                60859.20782800 60859.21624566 42
AO-73                60859.27505722 60859.28064548 6
AO-73                60859.70274071 60859.71021790 19
AO-73                60859.76870785 60859.77567248 14
AO-73                60860.20627818 60860.21463431 39
AO-73                60860.27335629 60860.27916843 7
AO-73                60860.70119046 60860.70857264 17
AO-73                60860.76704967 60860.77415284 15
TITA                 60833.01784819 60833.02595297 73
TITA                 60833.45575501 60833.46027164 4
TITA                 60833.51897476 60833.52741141 59
TITA                 60834.01124316 60834.01925587 49
TITA                 60834.07830128 60834.08263890 4
TITA                 60834.51229789 60834.52078628 85
TITA                 60835.00466957 60835.01249740 33
TITA                 60835.07113248 60835.07657533 7
TITA                 60835.50565561 60835.51411060 66
TITA                 60835.57350500 60835.57723697 2
TITA                 60835.99813236 60836.00567309 23
TITA                 60836.06410367 60836.07034636 10
TITA                 60836.49905050 60836.50738432 45
TITA                 60836.56607864 60836.57127501 5
TITA                 60836.99163952 60836.99877553 17
TITA                 60837.05715012 60837.06399301 14
TITA                 60837.49248477 60837.50060576 32
TITA                 60837.55888171 60837.56506413 9
TITA                 60837.98520474 60837.99179145 12
TITA                 60838.05025217 60838.05754875 20
TITA                 60838.48596242 60838.49377123 23
TITA                 60838.55181222 60838.55871895 13
TITA                 60838.97885160 60838.98469744 8
TITA                 60839.04335492 60839.05102457 28
TITA                 60839.47949145 60839.48687429 17
TITA                 60839.54481929 60839.55226628 18
TITA                 60839.97262843 60839.97744488 5
TITA                 60840.03653402 60840.04443510 41
TITA                 60840.47308362 60840.47990359 12
TITA                 60840.53788747 60840.54573482 24
TITA                 60841.02974450 60841.03778207 61
TITA                 60841.46676002 60841.47283935 8
TITA                 60841.53096297 60841.53913333 34
TITA                 60842.02298244 60842.03106803 87
TITA                 60842.46056209 60842.46564088 5
TITA                 60842.52412293 60842.53247589 49
TITA                 60843.01625107 60843.02429360 59
TITA                 60843.08367601 60843.08724387 2
TITA                 60843.45459869 60843.45819810 2
TITA                 60843.51732201 60843.52576362 72
TITA                 60844.00955099 60844.01745753 39
TITA                 60844.07626877 60844.08122076 5
TITA                 60844.51055788 60844.51899891 78
TITA                 60845.00288622 60845.01055647 27
TITA                 60845.06906197 60845.07495829 8
TITA                 60845.50383188 60845.51218242 53
TITA                 60845.57118932 60845.57575822 4
TITA                 60845.99626328 60846.00358429 19
TITA                 60846.06196447 60846.06856168 12
TITA                 60846.49714507 60846.50531310 37
TITA                 60846.56379452 60846.56953507 7
TITA                 60846.98969367 60846.99653014 14
TITA                 60847.05492935 60847.06205400 18
TITA                 60847.49050160 60847.49838795 26
TITA                 60847.55656083 60847.56313159 11
TITA                 60847.98319619 60847.98937551 9
TITA                 60848.04794355 60848.05546175 25
TITA                 60848.48390808 60848.49140142 19
TITA                 60848.54943121 60848.55661768 15
TITA                 60848.97680730 60848.98208388 6
TITA                 60849.04095529 60849.04879355 35
TITA                 60849.47737560 60849.48434346 13
TITA                 60849.54236702 60849.55000783 21
TITA                 60849.97061583 60849.97456464 3
TITA                 60850.03404248 60850.04206138 53
TITA                 60850.47092198 60850.47719697 9
TITA                 60850.53535833 60850.54332532 30
TITA                 60851.02716118 60851.03526592 80
TITA                 60851.46458263 60851.46992786 6
TITA                 60851.52835354 60851.53657643 42
TITA                 60852.02030763 60852.02840859 68
TITA                 60852.45844147 60852.46245157 3
TITA                 60852.52143286 60852.52977303 63
TITA                 60853.01348772 60853.02148884 45
TITA                 60853.08038712 60853.08502062 4
TITA                 60853.51455102 60853.52291514 87
TITA                 60854.00670287 60854.01450405 31
TITA                 60854.07302067 60854.07871867 8
TITA                 60854.50770835 60854.51600397 59
TITA                 60854.57535007 60854.57930280 3
TITA                 60854.99995892 60855.00744903 22
TITA                 60855.06578529 60855.07225995 11
TITA                 60855.50090640 60855.50903894 40
TITA                 60855.56775002 60855.57307462 6
TITA                 60855.99326551 60856.00031423 15
TITA                 60856.05862249 60856.06567931 16
TITA                 60856.49414813 60856.50201742 28
TITA                 60856.56036516 60856.56662399 9
TITA                 60856.98663938 60856.99308390 11
TITA                 60857.05151469 60857.05900786 23
TITA                 60857.48744005 60857.49493428 20
TITA                 60857.55309303 60857.56002978 14
TITA                 60857.98011070 60857.98572774 7
TITA                 60858.04440812 60858.05225621 33
TITA                 60858.48079277 60858.48777994 14
TITA                 60858.54590096 60858.55333737 19
TITA                 60858.97374712 60858.97817732 4
TITA                 60859.03737910 60859.04543787 49
TITA                 60859.47422332 60859.48053814 10
NOAA-15              60832.92857467 60832.93864929 37
NOAA-15              60833.32416714 60833.32822038 2
NOAA-15              60833.38962499 60833.40021432 74
NOAA-15              60833.46099594 60833.46736291 6
NOAA-15              60833.84328356 60833.84929461 5
NOAA-15              60833.91030493 60833.92078506 77
NOAA-15              60833.98223585 60833.98642210 2
NOAA-15              60834.37178071 60834.38193533 36
NOAA-15              60834.44162149 60834.45041318 15
NOAA-15              60834.89226728 60834.90262708 52
NOAA-15              60834.96257998 60834.97020228 10
NOAA-15              60835.35427619 60835.36339643 18
NOAA-15              60835.42287467 60835.43288929 31
NOAA-15              60835.87448759 60835.88416182 26
NOAA-15              60835.94375326 60835.95305461 21
NOAA-15              60836.33726458 60836.34446564 8
NOAA-15              60836.40448998 60836.41504236 63
NOAA-15              60836.85706841 60836.86529756 12
NOAA-15              60836.92527582 60836.93546145 42
NOAA-15              60837.38640255 60837.39695009 65
NOAA-15              60837.45746539 60837.46438097 7
NOAA-15              60837.84037562 60837.84567531 4
NOAA-15              60837.90704735 60837.91754278 86
NOAA-15              60837.97859274 60837.98363171 3
NOAA-15              60838.36861072 60838.37862684 32
NOAA-15              60838.43822856 60838.44729195 17
NOAA-15              60838.88904847 60838.89933160 46
NOAA-15              60838.95916326 60838.96715630 11
NOAA-15              60839.35117501 60839.36003067 16
NOAA-15              60839.41955221 60839.42969894 35
NOAA-15              60839.87131879 60839.88080447 23
NOAA-15              60839.94040934 60839.94991318 24
NOAA-15              60840.33428457 60840.34099443 7
NOAA-15              60840.40121993 60840.41180317 71
NOAA-15              60840.85398283 60840.86184688 10
NOAA-15              60840.92197692 60840.93225600 48
NOAA-15              60841.38318091 60841.39366810 57
NOAA-15              60841.45396200 60841.46135333 9
NOAA-15              60841.83753994 60841.84196265 2
NOAA-15              60841.90378634 60841.91428360 83
NOAA-15              60841.97501455 60841.98075350 5
NOAA-15              60842.36544347 60842.37529939 28
NOAA-15              60842.43484219 60842.44414603 20
NOAA-15              60842.88582757 60842.89601872 40
NOAA-15              60842.95575254 60842.96408246 13
NOAA-15              60843.34808217 60843.35664127 14
NOAA-15              60843.41623146 60843.42648915 39
NOAA-15              60843.86815134 60843.87742640 20
NOAA-15              60843.93706411 60843.94675197 27
NOAA-15              60844.33132588 60844.33747860 5
NOAA-15              60844.39795030 60844.40854632 80
NOAA-15              60844.47042659 60844.47465410 2
NOAA-15              60844.85090986 60844.85836427 9
NOAA-15              60844.91867475 60844.92903338 54
NOAA-15              60845.37996018 60845.39036864 50
NOAA-15              60845.45047898 60845.45828690 10
NOAA-15              60845.90052219 60845.91100771 74
NOAA-15              60845.97147560 60845.97781353 6
NOAA-15              60846.36227940 60846.37195250 25
NOAA-15              60846.43146095 60846.44097701 22
NOAA-15              60846.88260474 60846.89268781 35
NOAA-15              60846.95234631 60846.96098287 15
NOAA-15              60847.34499915 60847.35322643 12
NOAA-15              60847.41291215 60847.42326057 44
NOAA-15              60847.86498649 60847.87402637 18
NOAA-15              60847.93371749 60847.94357159 30
NOAA-15              60848.32841585 60848.33390650 4
NOAA-15              60848.39468091 60848.40527194 89
NOAA-15              60848.46668670 60848.47182810 3
NOAA-15              60848.84785479 60848.85484507 7
NOAA-15              60848.91536947 60848.92579364 62
NOAA-15              60849.37674060 60849.38705147 44
NOAA-15              60849.44697930 60849.45518927 12
NOAA-15              60849.89725540 60849.90771481 65
NOAA-15              60849.96796279 60849.97482513 7
NOAA-15              60850.35911910 60850.36858562 22
NOAA-15              60850.42808358 60850.43778607 25
NOAA-15              60850.87938088 60850.88933870 31
NOAA-15              60850.94894292 60850.95785916 17
NOAA-15              60851.34192797 60851.34978414 11
NOAA-15              60851.40959336 60851.42001349 50
NOAA-15              60851.86182585 60851.87060342 15
NOAA-15              60851.93036885 60851.94037250 34
NOAA-15              60852.32556766 60852.33025728 3
NOAA-15              60852.39141170 60852.40198021 80
NOAA-15              60852.46302903 60852.46890120 5
NOAA-15              60852.84482384 60852.85128255 6
NOAA-15              60852.91206120 60852.92253689 71
NOAA-15              60853.37352187 60853.38371629 39
NOAA-15              60853.44352235 60853.45205888 14
NOAA-15              60853.89398334 60853.90440507 57
NOAA-15              60853.96443690 60853.97179910 9
NOAA-15              60854.35596321 60854.36519813 20
NOAA-15              60854.42470901 60854.43457424 28
NOAA-15              60854.87615688 60854.88597067 28
NOAA-15              60854.94554141 60854.95471280 20
NOAA-15              60855.33887174 60855.34631125 9
NOAA-15              60855.40627484 60855.41674843 57
NOAA-15              60855.85867140 60855.86715542 13
NOAA-18              60832.99764058 60833.00506873 8
NOAA-18              60833.06574968 60833.07666167 65
NOAA-18              60833.53142955 60833.54214337 53
NOAA-18              60833.60261131 60833.61061918 10
NOAA-18              60833.98952672 60833.99523234 4
NOAA-18              60834.05677869 60834.06775905 88
NOAA-18              60834.12872630 60834.13467846 5
NOAA-18              60834.52263818 60834.53308499 38
NOAA-18              60834.59314478 60834.60214327 15
NOAA-18              60835.04786258 60835.05878679 65
NOAA-18              60835.11907844 60835.12658633 8
NOAA-18              60835.51392653 60835.52396605 27
NOAA-18              60835.58381532 60835.59353676 22
NOAA-18              60836.03900075 60836.04974370 46
NOAA-18              60836.10966006 60836.11825682 13
NOAA-18              60836.50530608 60836.51477752 20
NOAA-18              60836.57459013 60836.58483336 30
NOAA-18              60837.03020382 60837.04062535 33
NOAA-18              60837.10036583 60837.10977390 18
NOAA-18              60837.49679590 60837.50550313 14
NOAA-18              60837.56545137 60837.57605231 43
NOAA-18              60838.02148002 60838.03142310 24
NOAA-18              60838.09116102 60838.10117508 26
NOAA-18              60838.48842921 60838.49611244 9
NOAA-18              60838.55638899 60838.56720510 60
NOAA-18              60839.01284638 60839.02212152 17
NOAA-18              60839.08202744 60839.09248136 35
NOAA-18              60839.48026642 60839.48653930 5
NOAA-18              60839.54739756 60839.55829876 85
NOAA-18              60839.62024529 60839.62526335 3
NOAA-18              60840.00433174 60840.01269278 11
NOAA-18              60840.07295509 60840.08370532 50
NOAA-18              60840.53847590 60840.54933684 70
NOAA-18              60840.61029704 60840.61726060 7
NOAA-18              60840.99599215 60841.00308171 7
NOAA-18              60841.06393856 60841.07485445 70
NOAA-18              60841.13670246 60841.14080305 2
NOAA-18              60841.52962355 60841.54032014 49
NOAA-18              60841.60064985 60841.60893083 11
NOAA-18              60841.98796997 60841.99314447 3
NOAA-18              60842.05497615 60842.06593278 84
NOAA-18              60842.12675931 60842.13305755 5
NOAA-18              60842.52084512 60842.53124673 35
NOAA-18              60842.59121438 60842.60041920 17
NOAA-18              60843.04606704 60843.05694136 60
NOAA-18              60843.11715943 60843.12490199 9
NOAA-18              60843.51214838 60843.52211130 25
NOAA-18              60843.58190674 60843.59178621 23
NOAA-18              60844.03721680 60844.04787835 43
NOAA-18              60844.10776762 60844.11653198 14
NOAA-18              60844.50354598 60844.51290376 18
NOAA-18              60844.57269848 60844.58306160 33
NOAA-18              60845.02843181 60845.03873850 30
NOAA-18              60845.09849079 60845.10801842 20
NOAA-18              60845.49505918 60845.50360566 13
NOAA-18              60845.56357388 60845.57426241 46
NOAA-18              60846.01972300 60846.02951188 22
NOAA-18              60846.08929875 60846.09939421 27
NOAA-18              60846.48672584 60846.49418205 8
NOAA-18              60846.55452414 60846.56539898 65
NOAA-18              60847.01110961 60847.02018081 15
NOAA-18              60847.08017541 60847.09067813 38
NOAA-18              60847.47861945 60847.48455326 5
NOAA-18              60847.54554472 60847.55647741 89
NOAA-18              60847.61812142 60847.62369778 4
NOAA-18              60848.00262481 60848.01071350 10
NOAA-18              60848.07111190 60848.08188167 53
NOAA-18              60848.53663495 60848.54750067 65
NOAA-18              60848.60827074 60848.61559190 8
NOAA-18              60848.99433585 60849.00104289 6
NOAA-18              60849.06210373 60849.07301138 75
NOAA-18              60849.13461532 60849.13925811 3
NOAA-18              60849.52779515 60849.53846902 46
NOAA-18              60849.59866907 60849.60721066 12
NOAA-18              60849.98643365 60849.99097479 2
NOAA-18              60850.05314971 60850.06407066 79
NOAA-18              60850.12477926 60850.13138962 6
NOAA-18              60850.51903058 60850.52937984 33
NOAA-18              60850.58926288 60850.59866510 18
NOAA-18              60851.04424931 60851.05505994 56
NOAA-18              60851.11522041 60851.12317735 10
NOAA-18              60851.51034990 60851.52022701 24
NOAA-18              60851.57997633 60851.59000657 25
NOAA-18              60852.03540928 60852.04597673 40
NOAA-18              60852.10585243 60852.11476969 15
NOAA-18              60852.50176713 60852.51099912 17
NOAA-18              60852.57078480 60852.58126101 35
NOAA-18              60853.02663666 60853.03681474 28
NOAA-18              60853.09659157 60853.10622690 21
NOAA-18              60853.49330632 60853.50167518 12
NOAA-18              60853.56167447 60853.57244369 50
NOAA-18              60854.01794383 60854.02756273 20
NOAA-18              60854.08741145 60854.09757814 29
NOAA-18              60854.48500247 60854.49221464 8
NOAA-18              60854.55263765 60854.56356378 70
NOAA-18              60855.00935244 60855.01820055 14
NOAA-18              60855.07829776 60855.08884024 41
NOAA-18              60855.47697110 60855.48251948 4
NOAA-18              60855.54367068 60855.55462663 84
NOAA-19              60833.00137036 60833.01206283 52
NOAA-19              60833.07223500 60833.08031572 11
NOAA-19              60833.46754289 60833.47738082 23
NOAA-19              60833.53706244 60833.54724085 27
NOAA-19              60833.99270183 60834.00313180 37
NOAA-19              60834.06305592 60834.07203977 16
NOAA-19              60834.45913959 60834.46830760 16
NOAA-19              60834.52805649 60834.53864240 37
NOAA-19              60834.98410306 60834.99412229 26
NOAA-19              60835.05397586 60835.06363795 22
NOAA-19              60835.45085873 60835.45913685 11
NOAA-19              60835.51912757 60835.52997572 52
NOAA-19              60835.97558508 60835.98502201 19
NOAA-19              60836.04497176 60836.05513578 31
NOAA-19              60836.44273817 60836.44982576 7
NOAA-19              60836.51026912 60836.52124916 74
NOAA-19              60836.96717081 60836.97580942 13
NOAA-19              60837.03603106 60837.04654841 43
NOAA-19              60837.43490094 60837.44026811 4
NOAA-19              60837.50147815 60837.51246726 81
NOAA-19              60837.57367602 60837.58003914 5
NOAA-19              60837.95890197 60837.96644393 8
NOAA-19              60838.02714660 60838.03788524 60
NOAA-19              60838.49275506 60838.50363193 58
NOAA-19              60838.56409456 60838.57196192 9
NOAA-19              60838.95087040 60838.95683323 5
NOAA-19              60839.01831538 60839.02915131 84
NOAA-19              60839.09050298 60839.09578857 4
NOAA-19              60839.48410069 60839.49474253 42
NOAA-19              60839.55475770 60839.56366625 14
NOAA-19              60840.00953740 60840.02034897 70
NOAA-19              60840.08092605 60840.08793818 7
NOAA-19              60840.47552167 60840.48579551 30
NOAA-19              60840.54556345 60840.55523355 20
NOAA-19              60841.00081192 60841.01147770 50
NOAA-19              60841.07161614 60841.07981008 11
NOAA-19              60841.46702755 60841.47678389 22
NOAA-19              60841.53647585 60841.54670061 28
NOAA-19              60841.99214772 60842.00253403 35
NOAA-19              60842.06244458 60842.07151427 17
NOAA-19              60842.45863408 60842.46769436 16
NOAA-19              60842.52747547 60842.53808824 39
NOAA-19              60842.98355243 60842.99351064 25
NOAA-19              60843.05336877 60843.06309626 23
NOAA-19              60843.45036743 60843.45850355 11
NOAA-19              60843.51855120 60843.52940879 54
NOAA-19              60843.97504013 60843.98439451 18
NOAA-19              60844.04436719 60844.05457992 32
NOAA-19              60844.44227793 60844.44916351 7
NOAA-19              60844.50969697 60844.52067007 76
NOAA-19              60844.58293574 60844.58725564 2
NOAA-19              60844.96663524 60844.97516245 13
NOAA-19              60845.03542805 60845.04597977 44
NOAA-19              60845.43448199 60845.43955080 3
NOAA-19              60845.50091015 60845.51187628 78
NOAA-19              60845.57299896 60845.57954988 6
NOAA-19              60845.95838274 60845.96577036 8
NOAA-19              60846.02654465 60846.03730418 63
NOAA-19              60846.49219136 60846.50302901 56
NOAA-19              60846.56344446 60846.57143580 10
NOAA-19              60846.95038675 60846.95611413 4
NOAA-19              60847.01771472 60847.02855836 87
NOAA-19              60847.08979104 60847.09532801 4
NOAA-19              60847.48354203 60847.49412731 40
NOAA-19              60847.55412261 60847.56311626 15
NOAA-19              60848.00893786 60848.01974415 67
NOAA-19              60848.08024776 60848.08743048 8
NOAA-19              60848.47496909 60848.48516719 29
NOAA-19              60848.54493803 60848.55466512 21
NOAA-19              60849.00021393 60849.01086071 48
NOAA-19              60849.07095291 60849.07927496 12
NOAA-19              60849.46648278 60849.47614094 21
NOAA-19              60849.53585733 60849.54611669 29
NOAA-19              60849.99155252 60850.00190417 34
NOAA-19              60850.06178946 60850.07095916 17
NOAA-19              60850.45809995 60850.46703437 15
NOAA-19              60850.52686231 60850.53749039 40
NOAA-19              60850.98296104 60850.99286666 24
NOAA-19              60851.05271846 60851.06252443 24
NOAA-19              60851.44984902 60851.45782163 10
NOAA-19              60851.51794249 60851.52879817 57
NOAA-19              60851.97445506 60851.98373429 17
NOAA-19              60852.04371991 60852.05399354 33
NOAA-19              60852.44178607 60852.44844925 6
NOAA-19              60852.50909246 60852.52004721 79
NOAA-19              60852.58216293 60852.58679520 3
NOAA-19              60852.96606046 60852.97448214 12
NOAA-19              60853.03478283 60853.04538022 46
NOAA-19              60853.43405000 60853.43877036 3
NOAA-19              60853.50030973 60853.51124142 75
NOAA-19              60853.57229177 60853.57901415 6
NOAA-19              60853.95782618 60853.96506217 8
NOAA-19              60854.02590113 60854.03669221 65
NOAA-19              60854.49159533 60854.50238206 53
NOAA-19              60854.56276194 60854.57086557 10
NOAA-19              60854.94986908 60854.95535665 4
NOAA-19              60855.01707257 60855.02793424 89
NOAA-19              60855.08903680 60855.09483714 4
NOAA-19              60855.48295113 60855.49346769 38
METOA                60833.03536731 60833.04290261 10
METOA                60833.10110665 60833.11123478 53
METOA                60833.54931652 60833.55667789 19
METOA                60833.61665152 60833.62336411 12
METOA                60834.05255684 60834.06178307 21
METOA                60834.11937932 60834.12883927 26
METOA                60834.56688328 60834.57498167 46
METOA                60834.63589543 60834.64014936 3
METOA                60835.07014968 60835.08021766 43
METOA                60835.13795066 60835.14605321 13
METOA                60835.58479269 60835.59299968 63
METOA                60836.02346400 60836.02869648 4
METOA                60836.08801114 60836.09833205 89
METOA                60836.15710698 60836.16259438 4
METOA                60836.53680300 60836.54314310 10
METOA                60836.60306858 60836.61073536 24
METOA                60837.04006279 60837.04816863 12
METOA                60837.10609838 60837.11615506 44
METOA                60837.55402639 60837.56171387 24
METOA                60837.62172018 60837.62808227 10
METOA                60838.05737025 60838.06689384 25
METOA                60838.12442663 60838.13365885 22
METOA                60838.57166979 60838.57993251 60
METOA                60839.07502953 60839.08522342 52
METOA                60839.14308698 60839.15073469 10
METOA                60839.52466673 60839.52922644 4
METOA                60839.58964061 60839.59787572 50
METOA                60840.02793525 60840.03411410 5
METOA                60840.09294067 60840.10324773 76
METOA                60840.16249901 60840.16696408 3
METOA                60840.54135534 60840.54824786 13
METOA                60840.60798341 60840.61552725 20
METOA                60841.04477610 60841.05330604 15
METOA                60841.11107591 60841.12098004 37
METOA                60841.55869034 60841.56670172 30
METOA                60841.62673924 60841.63273751 8
METOA                60842.06217818 60842.07189920 30
METOA                60842.12946523 60842.13837689 18
METOA                60842.57640389 60842.58484023 75
METOA                60843.07989817 60843.09013148 62
METOA                60843.14826841 60843.15529038 8
METOA                60843.52897159 60843.53449110 6
METOA                60843.59443455 60843.60270947 40
METOA                60844.03248401 60844.03933968 7
METOA                60844.09785398 60844.10806781 63
METOA                60844.54587994 60844.55328999 16
METOA                60844.61284617 60844.62027436 17
METOA                60845.04949417 60845.05832499 17
METOA                60845.11603880 60845.12570744 31
METOA                60845.56331048 60845.57164150 37
METOA                60845.63172482 60845.63734064 6
METOA                60846.06697478 60846.07680209 35
METOA                60846.13449719 60846.14298888 15
METOA                60846.58108936 60846.58970389 79
METOA                60847.08474661 60847.09494261 74
METOA                60847.15344182 60847.15970886 6
METOA                60847.53330568 60847.53963903 9
METOA                60847.59921784 60847.60750276 33
METOA                60848.03706849 60848.04441271 9
METOA                60848.10274872 60848.11279192 52
METOA                60848.55037600 60848.55827195 21
METOA                60848.61765731 60848.62496686 15
METOA                60849.05420672 60849.06323322 20
METOA                60849.12098577 60849.13033549 25
METOA                60849.56788998 60849.57653203 47
METOA                60849.63668257 60849.64187679 5
METOA                60850.07175424 60850.08160551 42
METOA                60850.13952480 60850.14748896 12
METOA                60850.52116816 60850.52555786 3
METOA                60850.58572941 60850.59452123 66
METOA                60851.02520102 60851.02986057 3
METOA                60851.08957382 60851.09965830 81
METOA                60851.15866810 60851.16395698 4
METOA                60851.53764656 60851.54469400 11
METOA                60851.60391637 60851.61224641 28
METOA                60852.04166500 60852.04935481 11
METOA                60852.10762163 60852.11742033 43
METOA                60852.55484433 60852.56319435 26
METOA                60852.62243265 60852.62961486 12
METOA                60853.05890477 60853.06803685 24
METOA                60853.12591541 60853.13486273 21
METOA                60853.57243243 60853.58137104 59
METOA                60853.64162778 60853.64633331 4
METOA                60854.07651062 60854.08631280 49
METOA                60854.14458777 60854.15186713 10
METOA                60854.52524184 60854.53079793 5
METOA                60854.59032954 60854.59928927 55
METOA                60855.02956460 60855.03495190 4
METOA                60855.09437511 60855.10428033 74
METOA                60855.16401622 60855.16796273 2
METOA                60855.54198442 60855.54966672 15
METOA                60855.60857547 60855.61693936 24
METOA                60856.04625676 60856.05418018 13
METOA                60856.11251447 60856.12195790 35
METOA                60856.55928647 60856.56805587 32
METOA                60856.62717453 60856.63420574 11
METOA                60857.06358013 60857.07274198 27
METOA                60857.13086403 60857.13928503 17
METOA                60857.57694150 60857.58615503 72
METOB                60832.92818369 60832.93531055 7
METOB                60832.99592645 60833.00654654 64
METOB                60833.45904903 60833.46953149 47
METOB                60833.52965810 60833.53783378 11
METOB                60833.98154038 60833.99221960 75
METOB                60834.05274086 60834.05928587 6
METOB                60834.44501253 60834.45492241 27
METOB                60834.51459451 60834.52409129 21
METOB                60834.96729825 60834.97771084 42
METOB                60835.03751909 60835.04597963 13
METOB                60835.43121288 60835.44013206 16
METOB                60835.49981370 60835.51008670 36
METOB                60835.95322848 60835.96300243 24
METOB                60836.02265413 60836.03227273 23
METOB                60836.41774932 60836.42507278 8
METOB                60836.48524413 60836.49589716 63
METOB                60836.93938808 60836.94804126 14
METOB                60837.00799008 60837.01830539 40
METOB                60837.40494134 60837.40942411 2
METOB                60837.47085926 60837.48155538 76
METOB                60837.54257155 60837.54889034 6
METOB                60837.92592567 60837.93268299 6
METOB                60837.99348197 60838.00413239 70
METOB                60838.45665610 60838.46707119 43
METOB                60838.52709250 60838.53552281 13
METOB                60838.97911696 60838.98977567 68
METOB                60839.05014505 60839.05705696 7
METOB                60839.44265201 60839.45243487 25
METOB                60839.51208014 60839.52172908 23
METOB                60839.96489794 60839.97523588 39
METOB                60840.03498853 60840.04366974 15
METOB                60840.42889521 60840.43760858 15
METOB                60840.49733439 60840.50769022 39
METOB                60840.95085758 60840.96049091 22
METOB                60841.02015886 60841.02991456 25
METOB                60841.41550143 60841.42248825 7
METOB                60841.48279362 60841.49347369 68
METOB                60841.93706158 60841.94547923 12
METOB                60842.00551981 60842.01591087 43
METOB                60842.46843621 60842.47910770 70
METOB                60842.53991886 60842.54665346 6
METOB                60842.92368756 60842.93002684 5
METOB                60842.99103307 60843.00170662 76
METOB                60843.06321353 60843.06758999 2
METOB                60843.45426104 60843.46459909 40
METOB                60843.52452935 60843.53319445 14
METOB                60843.97668747 60843.98732005 62
METOB                60844.04752437 60844.05480729 8
METOB                60844.44029061 60844.44993457 23
METOB                60844.50956476 60844.51935323 25
METOB                60844.96249404 60844.97274853 35
METOB                60845.03245675 60845.04134440 16
METOB                60845.42657986 60845.43506981 13
METOB                60845.49485270 60845.50528169 42
METOB                60845.94848500 60845.95796556 21
METOB                60846.01766017 60846.02754344 27
METOB                60846.41325588 60846.41988027 6
METOB                60846.48034034 60846.49103865 75
METOB                60846.93473742 60846.94289944 11
METOB                60847.00304535 60847.01350437 47
METOB                60847.46600998 60847.47664854 64
METOB                60847.53727895 60847.54438871 8
METOB                60847.92146731 60847.92733727 4
METOB                60847.98857998 60847.99926925 83
METOB                60848.06048107 60848.06548098 3
METOB                60848.45186389 60848.46211504 36
METOB                60848.52196815 60848.53084956 15
METOB                60848.97425556 60848.98485266 57
METOB                60849.04493864 60849.05253365 9
METOB                60849.43792856 60849.44742125 21
METOB                60849.50704804 60849.51696407 27
METOB                60849.96008699 60849.97024877 32
METOB                60850.02992334 60850.03900428 17
METOB                60850.42426667 60850.43251505 12
METOB                60850.49236870 60850.50286103 46
METOB                60850.94611118 60850.95542595 19
METOB                60851.01515796 60851.02515955 30
METOB                60851.41103948 60851.41724578 5
METOB                60851.47788422 60851.48859212 81
METOB                60851.55055538 60851.55502331 2
METOB                60851.93241689 60851.94030067 10
METOB                60852.00056670 60852.01108617 52
METOB                60852.46358103 60852.47417791 58
METOB                60852.53464878 60852.54209933 9
METOB                60852.91927189 60852.92460679 4
METOB                60852.98612252 60852.99682024 88
METOB                60853.05778271 60853.06332076 4
METOB                60853.44946479 60853.45961912 33
METOB                60853.51940781 60853.52848905 17
METOB                60853.97181983 60853.98237343 52
METOB                60854.04235575 60854.05024013 10
METOB                60854.43556615 60854.44489464 20
METOB                60854.50452963 60854.51456190 29
METOB                60854.95767718 60854.96773624 30
METOB                60855.02738797 60855.03664950 19
METOB                60855.42195702 60855.42994347 11
METOB                60855.48988183 60855.50042869 51
METOB                60855.94373676 60855.95287158 17
METOB                60856.01265217 60856.02276303 32
