iss                  60803.43420638 60803.43938442 6
iss                  60803.50018837 60803.50751165 37
iss                  60803.91768524 60803.92192090 4
iss                  60803.98314084 60803.99063905 58
iss                  60804.46631312 60804.47379362 80
iss                  60804.94935221 60804.95681321 51
iss                  60805.01781661 60805.02241463 4
iss                  60805.43264441 60805.43982587 30
iss                  60805.50042713 60805.50607625 8
iss                  60805.91577210 60805.92272502 21
iss                  60805.98309270 60805.98941977 12
iss                  60806.39917050 60806.40556111 13
iss                  60806.46597397 60806.47280529 19
iss                  60806.88241196 60806.88829540 9
iss                  60806.94879311 60806.95599128 27
iss                  60807.36608358 60807.37084434 5
iss                  60807.43183215 60807.43921315 44
iss                  60807.84960469 60807.85324037 3
iss                  60807.91475383 60807.92228338 71
iss                  60808.39791617 60808.40536699 65
iss                  60808.46675864 60808.47060195 3
iss                  60808.88092495 60808.88832647 42
iss                  60808.94911779 60808.95417497 6
iss                  60809.36420961 60809.37126438 25
iss                  60809.43176972 60809.43771549 10
iss                  60809.84731214 60809.85409580 18
iss                  60809.91442353 60809.92098582 14
iss                  60810.33071131 60810.33684330 11
iss                  60810.39730858 60810.40428990 22
iss                  60810.81394343 60810.81949030 8
iss                  60810.88010360 60810.88741329 32
iss                  60811.29767255 60811.30189476 4
iss                  60811.36313564 60811.37056311 55
iss                  60811.84602992 60811.85357163 88
iss                  60812.32918309 60812.33658392 52
iss                  60812.39768665 60812.40213114 4
iss                  60812.81216592 60812.81947771 34
iss                  60812.88008887 60812.88557142 7
iss                  60813.29544530 60813.30233867 21
iss                  60813.36277241 60813.36900331 12
iss                  60813.77849292 60813.78509355 15
iss                  60813.84541502 60813.85219842 17
iss                  60814.26193573 60814.26774569 9
iss                  60814.32830256 60814.33542373 26
iss                  60814.74517405 60814.75028819 6
iss                  60814.81107648 60814.81848071 40
iss                  60815.22900714 60815.23250070 2
iss                  60815.29410127 60815.30155907 70
iss                  60815.77697218 60815.78450100 73
iss                  60815.84597493 60815.84955253 2
iss                  60816.26011672 60816.26744128 41
iss                  60816.32829910 60816.33328087 6
iss                  60816.74307880 60816.75026334 28
iss                  60816.81073099 60816.81660446 9
iss                  60817.22635578 60817.23304396 17
iss                  60817.29343759 60817.29993736 14
iss                  60817.70938900 60817.71571328 12
iss                  60817.77607172 60817.78305528 21
iss                  60818.19285297 60818.19825801 7
iss                  60818.25895867 60818.26620428 33
iss                  60818.67612218 60818.68066995 4
iss                  60818.74171479 60818.74919079 51
iss                  60819.22473180 60819.23219816 89
iss                  60819.70758375 60819.71506833 56
iss                  60819.77616428 60819.78051655 4
iss                  60820.19072047 60820.19793545 32
iss                  60820.25859190 60820.26405750 7
iss                  60820.67366792 60820.68067844 22
iss                  60820.74104561 60820.74727397 11
iss                  60821.15690909 60821.16337296 14
iss                  60821.22376726 60821.23051553 17
iss                  60821.63997582 60821.64594556 10
iss                  60821.70639561 60821.71355406 26
iss                  60822.12347922 60822.12836300 5
iss                  60822.18927978 60822.19662863 42
iss                  60822.60682420 60822.61059785 3
iss                  60822.67202187 60822.67954075 67
iss                  60823.15503031 60823.16247703 68
iss                  60823.22392637 60823.22761561 3
iss                  60823.63786821 60823.64527000 43
iss                  60823.70606993 60823.71106698 5
iss                  60824.12099849 60824.12806132 25
iss                  60824.18856337 60824.19446428 9
iss                  60824.60393879 60824.61071744 18
iss                  60824.67103400 60824.67757927 14
iss                  60825.08718296 60825.09331864 11
iss                  60825.15376559 60825.16073555 22
iss                  60825.57026500 60825.57577744 8
iss                  60825.63638951 60825.64369229 32
iss                  60826.05384228 60826.05803109 4
iss                  60826.11926854 60826.12669406 56
iss                  60826.60200057 60826.60952752 89
iss                  60827.08500035 60827.09239168 50
iss                  60827.15343903 60827.15795749 4
iss                  60827.56782972 60827.57510164 32
iss                  60827.63567661 60827.64122405 8
iss                  60828.05095610 60828.05781303 20
iss                  60828.11821330 60828.12450257 12
iss                  60828.53386100 60828.54037182 14
AO-07                60803.42662759 60803.44165343 52
AO-07                60803.50567769 60803.51868042 21
AO-07                60803.86975927 60803.87909315 7
AO-07                60803.94458337 60803.96007599 82
AO-07                60804.02480830 60804.03575213 11
AO-07                60804.38663789 60804.39878734 16
AO-07                60804.46310360 60804.47833517 64
AO-07                60804.54533971 60804.55176158 3
AO-07                60804.90386645 60804.91783513 28
AO-07                60804.98150966 60804.99629259 40
AO-07                60805.42179090 60805.43663884 45
AO-07                60805.50053664 60805.51399177 24
AO-07                60805.86547728 60805.87360172 5
AO-07                60805.93968043 60805.95512546 72
AO-07                60806.01953760 60806.03122539 14
AO-07                60806.38205870 60806.39355760 13
AO-07                60806.45813465 60806.47344743 73
AO-07                60806.53967043 60806.54765877 5
AO-07                60806.89914835 60806.91272312 24
AO-07                60806.97647972 60806.99147782 46
AO-07                60807.41697591 60807.43160598 40
AO-07                60807.49542286 60807.50927048 28
AO-07                60807.86137144 60807.86794351 3
AO-07                60807.93479602 60807.95015760 64
AO-07                60808.01431417 60808.02664334 16
AO-07                60808.37753612 60808.38827986 11
AO-07                60808.45318293 60808.46854183 82
AO-07                60808.53417256 60808.54337641 7
AO-07                60808.89446358 60808.90758373 21
AO-07                60808.97146874 60808.98664166 53
AO-07                60809.41218398 60809.42655336 35
AO-07                60809.49033354 60809.50452024 32
AO-07                60809.92993159 60809.94517225 56
AO-07                60810.00912972 60810.02201498 19
AO-07                60810.37308457 60810.38294109 8
AO-07                60810.44824881 60810.46361889 88
AO-07                60810.52878039 60810.53897924 9
AO-07                60810.88981617 60810.90241343 18
AO-07                60810.96647600 60810.98178504 60
AO-07                60811.04908292 60811.05474576 2
AO-07                60811.40741721 60811.42148005 30
AO-07                60811.48526655 60811.49974374 37
AO-07                60811.92508600 60811.94016902 49
AO-07                60812.00397840 60812.01734675 22
AO-07                60812.36872523 60812.37751958 6
AO-07                60812.44333202 60812.45867890 78
AO-07                60812.52346250 60812.53449887 12
AO-07                60812.88520490 60812.89720716 15
AO-07                60812.96150105 60812.97690907 68
AO-07                60813.04330681 60813.05076305 4
AO-07                60813.40267800 60813.41638418 26
AO-07                60813.48022028 60813.49494318 42
AO-07                60813.92026154 60813.93514731 43
AO-07                60813.99885595 60814.01264402 26
AO-07                60814.36449826 60814.37197619 4
AO-07                60814.43843322 60814.45372201 69
AO-07                60814.51820100 60814.52995395 14
AO-07                60814.88065152 60814.89195785 12
AO-07                60814.95654363 60814.97201452 77
AO-07                60815.03775354 60815.04655047 6
AO-07                60815.39796954 60815.41126328 23
AO-07                60815.47519352 60815.49012049 48
AO-07                60815.91545978 60815.93010639 37
AO-07                60815.99375921 60816.00791019 30
AO-07                60816.36049251 60816.36621970 2
AO-07                60816.43355299 60816.44874817 61
AO-07                60816.51298454 60816.52535651 17
AO-07                60816.87616091 60816.88665514 10
AO-07                60816.95160354 60816.96710199 87
AO-07                60817.03232645 60817.04220223 8
AO-07                60817.39329523 60817.40611454 19
AO-07                60817.47018537 60817.48527688 55
AO-07                60817.91068211 60817.92504480 33
AO-07                60817.98868579 60818.00314848 34
AO-07                60818.42869262 60818.44375715 53
AO-07                60818.50780548 60818.52071498 20
AO-07                60818.87174893 60818.88128308 8
AO-07                60818.94668132 60818.96217188 83
AO-07                60819.02698432 60819.03775922 11
AO-07                60819.38865306 60819.40093362 16
AO-07                60819.46519519 60819.48041371 63
AO-07                60819.54760014 60819.55365155 3
AO-07                60819.90593082 60819.91996132 28
AO-07                60819.98363384 60819.99836129 39
AO-07                60820.42385143 60820.43874852 47
AO-07                60820.50265838 60820.51603561 23
AO-07                60820.86744372 60820.87581446 5
AO-07                60820.94177673 60820.95722440 74
AO-07                60821.02170496 60821.03324447 13
AO-07                60821.38406325 60821.39571499 14
AO-07                60821.46022260 60821.47553186 71
AO-07                60821.54188146 60821.54960135 5
AO-07                60821.90120857 60821.91485387 25
AO-07                60821.97860199 60821.99355076 45
AO-07                60822.41903180 60822.43372151 41
AO-07                60822.49753927 60822.51132274 27
AO-07                60822.86329825 60822.87019534 3
AO-07                60822.93689051 60822.95225960 65
AO-07                60823.01647485 60823.02867216 16
LO-19                60803.39219580 60803.39769494 4
LO-19                60803.45841637 60803.46881038 79
LO-19                60803.91347043 60803.92207621 16
LO-19                60803.98163281 60803.99134945 31
LO-19                60804.43580735 60804.44588446 40
LO-19                60804.50553079 60804.51357954 12
LO-19                60804.89240865 60804.89769055 4
LO-19                60804.95857323 60804.96887643 80
LO-19                60805.41372838 60805.42245963 16
LO-19                60805.48190926 60805.49170607 31
LO-19                60805.93596398 60805.94594515 39
LO-19                60806.00567667 60806.01364786 12
LO-19                60806.39262910 60806.39812282 4
LO-19                60806.45884772 60806.46923426 79
LO-19                60806.91388850 60806.92250765 16
LO-19                60806.98205500 60806.99177637 31
LO-19                60807.43623650 60807.44630776 40
LO-19                60807.50596452 60807.51399836 12
LO-19                60807.89281917 60807.89812708 4
LO-19                60807.95899306 60807.96930351 80
LO-19                60808.41415527 60808.42288233 16
LO-19                60808.48233947 60808.49212571 30
LO-19                60808.93638132 60808.94637244 39
LO-19                60809.00609700 60809.01407134 12
LO-19                60809.39305313 60809.39854543 4
LO-19                60809.45927547 60809.46965362 79
LO-19                60809.91430262 60809.92293577 16
LO-19                60809.98247295 60809.99220021 31
LO-19                60810.43666209 60810.44672648 40
LO-19                60810.50639455 60810.51441279 12
LO-19                60810.89322592 60810.89856017 4
LO-19                60810.95940880 60810.96972739 80
LO-19                60811.41457868 60811.42330034 16
LO-19                60811.48276597 60811.49254094 30
LO-19                60811.93679469 60811.94679642 40
LO-19                60812.00651299 60812.01449189 12
LO-19                60812.39347407 60812.39896293 4
LO-19                60812.45969953 60812.47006852 78
LO-19                60812.91471291 60812.92336049 16
LO-19                60812.98288678 60812.99262089 31
LO-19                60813.43708400 60813.44714069 40
LO-19                60813.50682073 60813.51482292 12
LO-19                60813.89362911 60813.89898967 4
LO-19                60813.95982056 60813.97014798 80
LO-19                60814.41499850 60814.42371375 16
LO-19                60814.48318863 60814.49295184 30
LO-19                60814.93720423 60814.94721701 40
LO-19                60815.00692477 60815.01490942 12
LO-19                60815.39389174 60815.39937547 4
LO-19                60815.46011976 60815.47047907 78
LO-19                60815.91511952 60815.92378171 16
LO-19                60815.98329661 60815.99303834 30
LO-19                60816.43750211 60816.44755051 40
LO-19                60816.50724292 60816.51522884 12
LO-19                60816.89402890 60816.89941541 4
LO-19                60816.96022847 60816.97056519 79
LO-19                60817.41541458 60817.42412268 16
LO-19                60817.48360732 60817.49335850 30
LO-19                60817.93761004 60817.94763410 40
LO-19                60818.00733248 60818.01532382 12
LO-19                60818.39430596 60818.39978322 4
LO-19                60818.46053604 60818.47088535 78
LO-19                60818.91552257 60818.92419930 16
LO-19                60818.98370258 60818.99345244 30
LO-19                60819.43791629 60819.44795602 40
LO-19                60819.50766098 60819.51563069 12
LO-19                60819.89442549 60819.89983721 4
LO-19                60819.96063265 60819.97097892 79
LO-19                60820.41582679 60820.42452724 16
LO-19                60820.48402192 60820.49376103 30
LO-19                60820.93801226 60820.94804759 40
LO-19                60821.00773626 60821.01573497 12
LO-19                60821.39471653 60821.40018637 4
LO-19                60821.46094825 60821.47128747 78
LO-19                60821.91592219 60821.92461313 16
LO-19                60821.98410481 60821.99386308 30
LO-19                60822.43832643 60822.44835736 40
LO-19                60822.50807475 60822.51602858 12
LO-19                60822.89481906 60822.90025488 4
LO-19                60822.96103322 60822.97138905 79
LO-19                60823.41623501 60823.42492757 16
LO-19                60823.48443231 60823.49415955 30
LO-19                60823.93841099 60823.94845736 40
LO-19                60824.00813626 60824.01614273 12
LO-19                60824.39512329 60824.40058512 4
LO-19                60824.46135628 60824.47168556 78
LO-19                60824.91631850 60824.92502309 16
LO-19                60824.98450341 60824.99427015 30
LO-19                60825.43873241 60825.44875463 40
LO-19                60825.50848415 60825.51642266 11
LO-19                60825.89520977 60825.90066824 4
LO-19                60825.96143029 60825.97179547 79
LO-19                60826.41663911 60826.42532380 16
LO-19                60826.48483836 60826.49455417 30
LO-19                60826.93880636 60826.94886329 40
LO-19                60827.00853262 60827.01654697 12
LO-19                60827.39552605 60827.40097965 4
LO-19                60827.46176001 60827.47207972 78
LO-19                60827.91671162 60827.92542902 16
FO-29                60803.58883380 60803.59490955 4
FO-29                60803.65869838 60803.67043042 73
FO-29                60803.73457450 60803.74003247 3
FO-29                60804.13828380 60804.15152536 52
FO-29                60804.21223517 60804.22297808 16
FO-29                60804.62108065 60804.63157354 25
FO-29                60804.69382336 60804.70439966 24
FO-29                60805.10119160 60805.11225038 16
FO-29                60805.17281627 60805.18607682 53
FO-29                60805.58569406 60805.59065848 3
FO-29                60805.65507911 60805.66664467 74
FO-29                60805.73062515 60805.73660674 4
FO-29                60806.13457564 60806.14789386 48
FO-29                60806.20832062 60806.21956377 18
FO-29                60806.61756947 60806.62767974 22
FO-29                60806.69011453 60806.70070707 26
FO-29                60807.09761452 60807.10850956 15
FO-29                60807.16903036 60807.18252354 59
FO-29                60807.65146008 60807.66285231 71
FO-29                60807.72670756 60807.73313928 5
FO-29                60808.13088195 60808.14425329 45
FO-29                60808.20442920 60808.21612931 20
FO-29                60808.61406483 60808.62377373 19
FO-29                60808.68640608 60808.69700659 29
FO-29                60809.09405979 60809.10475294 13
FO-29                60809.16525832 60809.17895989 65
FO-29                60809.24177260 60809.24755493 3
FO-29                60809.64783987 60809.65905401 66
FO-29                60809.72281289 60809.72963964 6
FO-29                60810.12720300 60810.14060272 41
FO-29                60810.20055925 60810.21267600 23
FO-29                60810.61056751 60810.61985491 16
FO-29                60810.68269729 60810.69329930 31
FO-29                60811.09052957 60811.10097832 12
FO-29                60811.16150056 60811.17538538 71
FO-29                60811.23753584 60811.24449478 4
FO-29                60811.64421949 60811.65525039 60
FO-29                60811.71893508 60811.72611429 7
FO-29                60812.12353946 60812.13694121 38
FO-29                60812.19670953 60812.20920477 26
FO-29                60812.60707926 60812.61592209 14
FO-29                60812.67898756 60812.68958627 35
FO-29                60813.08702660 60813.09718293 11
FO-29                60813.15775727 60813.17179950 76
FO-29                60813.23340715 60813.24132941 6
FO-29                60813.64059846 60813.65144202 53
FO-29                60813.71503810 60813.72257031 8
FO-29                60814.11989224 60814.13326779 35
FO-29                60814.19287903 60814.20571610 28
FO-29                60814.60360193 60814.61197401 12
FO-29                60814.67527658 60814.68586845 39
FO-29                60815.08355347 60815.09336354 10
FO-29                60815.15402865 60815.16820167 81
FO-29                60815.22935160 60815.23809241 7
FO-29                60815.63697672 60815.64762944 47
FO-29                60815.71118250 60815.71900693 9
FO-29                60816.11626162 60816.12958149 33
FO-29                60816.18906698 60816.20221075 31
FO-29                60816.60013822 60816.60800851 10
FO-29                60816.67156377 60816.68214679 43
FO-29                60817.08010802 60817.08951598 9
FO-29                60817.15031488 60817.16459157 83
FO-29                60817.22535087 60817.23480109 9
FO-29                60817.63335435 60817.64381311 41
FO-29                60817.70733429 60817.71542932 11
FO-29                60818.11264854 60818.12588130 30
FO-29                60818.18527275 60818.19868858 35
FO-29                60818.59669180 60818.60402240 8
FO-29                60818.66784904 60818.67842212 48
FO-29                60819.07670728 60819.08563528 7
FO-29                60819.14661616 60819.16096860 80
FO-29                60819.22139406 60819.23146597 11
FO-29                60819.62973157 60819.63999356 36
FO-29                60819.70349178 60819.71184016 12
FO-29                60820.10905373 60820.12216619 28
FO-29                60820.18149578 60820.19514997 38
FO-29                60820.59326803 60820.60001113 7
FO-29                60820.66413220 60820.67469523 55
FO-29                60821.07335217 60821.08171420 6
FO-29                60821.14293265 60821.15733207 75
FO-29                60821.21747402 60821.22809340 12
FO-29                60821.62610866 60821.63617093 32
FO-29                60821.69965363 60821.70824146 14
FO-29                60822.10547798 60822.11843487 26
FO-29                60822.17773561 60822.19159501 42
FO-29                60822.58987446 60822.59596742 5
FO-29                60822.66041337 60822.67096687 62
FO-29                60823.07005242 60823.07774263 5
FO-29                60823.13926449 60823.15368176 70
FO-29                60823.21358577 60823.22468803 14
FO-29                60823.62248606 60823.63234567 28
FO-29                60823.69581883 60823.70463498 16
FO-29                60824.10192216 60824.11468663 24
FO-29                60824.17399182 60824.18802377 46
FO-29                60824.58652400 60824.59187912 4
FO-29                60824.65669227 60824.66723767 71
FO-29                60825.06682320 60825.07370432 4
FO-29                60825.13561182 60825.15001711 65
FO-29                60825.20972562 60825.22125312 16
SO-50                60803.41864513 60803.42775068 83
SO-50                60803.85720593 60803.86393596 8
SO-50                60803.92508897 60803.93467204 49
SO-50                60804.36336498 60804.37072476 12
SO-50                60804.43205231 60804.44060180 26
SO-50                60804.86928175 60804.87818006 23
SO-50                60804.93876001 60804.94728518 18
SO-50                60805.37578697 60805.38458468 36
SO-50                60805.44612304 60805.45281895 9
SO-50                60805.88202238 60805.89170356 66
SO-50                60805.95336893 60805.95909205 5
SO-50                60806.32177199 60806.32616297 3
SO-50                60806.38876315 60806.39785100 70
SO-50                60806.82708905 60806.83428080 10
SO-50                60806.89524167 60806.90473381 42
SO-50                60807.33331375 60807.34098685 15
SO-50                60807.40224278 60807.41061449 22
SO-50                60807.83928845 60807.84837329 27
SO-50                60807.90899818 60807.91725027 15
SO-50                60808.34582464 60808.35473141 43
SO-50                60808.41644868 60808.42268558 7
SO-50                60808.85209632 60808.86180710 78
SO-50                60808.92383572 60808.92883020 4
SO-50                60809.29148533 60809.29664138 4
SO-50                60809.35886497 60809.36791351 58
SO-50                60809.79697588 60809.80456627 11
SO-50                60809.86537884 60809.87475769 36
SO-50                60810.30325449 60810.31120048 17
SO-50                60810.37242053 60810.38058664 19
SO-50                60810.80928168 60810.81852483 31
SO-50                60810.87922781 60810.88717118 13
SO-50                60811.31584698 60811.32483857 51
SO-50                60811.38678479 60811.39248828 5
SO-50                60811.75553888 60811.75976139 2
SO-50                60811.82215369 60811.83187297 88
SO-50                60811.89436869 60811.89845106 2
SO-50                60812.26126789 60812.26702138 6
SO-50                60812.32895168 60812.33793832 48
SO-50                60812.76686082 60812.77479760 13
SO-50                60812.83550074 60812.84474350 31
SO-50                60813.27318564 60813.28136805 20
SO-50                60813.34258672 60813.35051730 16
SO-50                60813.77926039 60813.78863587 36
SO-50                60813.84945107 60813.85704591 11
SO-50                60814.28585338 60814.29490707 61
SO-50                60814.35722657 60814.36221387 4
SO-50                60814.72515311 60814.73024656 4
SO-50                60814.79219416 60814.80190152 77
SO-50                60815.23104146 60815.23731841 7
SO-50                60815.29902113 60815.30792548 41
SO-50                60815.73674020 60815.74497897 16
SO-50                60815.80560768 60815.81469091 27
SO-50                60816.24310556 60816.25149171 23
SO-50                60816.31274261 60816.32040514 14
SO-50                60816.74922370 60816.75870738 42
SO-50                60816.81967066 60816.82687127 9
SO-50                60817.25584338 60817.26493749 73
SO-50                60817.32764296 60817.33184090 3
SO-50                60817.69482768 60817.70061390 5
SO-50                60817.76221784 60817.77189298 66
SO-50                60818.20082611 60818.20754916 9
SO-50                60818.26907468 60818.27787471 35
SO-50                60818.70661118 60818.71511327 18
SO-50                60818.77570041 60818.78459948 23
SO-50                60819.21301250 60819.22157312 27
SO-50                60819.28288998 60819.29024871 12
SO-50                60819.71917104 60819.72874016 50
SO-50                60819.78989084 60819.79664345 8
SO-50                60820.22581666 60820.23493029 87
SO-50                60820.66455542 60820.67089689 7
SO-50                60820.73222565 60820.74184754 56
SO-50                60821.17061376 60821.17772153 11
SO-50                60821.23911262 60821.24778621 30
SO-50                60821.67647103 60821.68520278 21
SO-50                60821.74577958 60821.75446842 20
SO-50                60822.18290530 60822.19161358 32
SO-50                60822.25303116 60822.26004534 10
SO-50                60822.68910181 60822.69873490 58
SO-50                60822.76011710 60822.76635641 6
SO-50                60823.19577295 60823.20488585 80
SO-50                60823.63426925 60823.64110460 8
SO-50                60823.70221533 60823.71176527 47
SO-50                60824.14039879 60824.14784095 13
SO-50                60824.20913536 60824.21765944 25
SO-50                60824.64631840 60824.65524951 24
SO-50                60824.71584610 60824.72429715 17
SO-50                60825.15278294 60825.16161421 37
SO-50                60825.22316903 60825.22979208 8
SO-50                60825.65901555 60825.66869217 68
SO-50                60825.73044045 60825.73599958 5
SO-50                60826.09864319 60826.10320685 3
SO-50                60826.16571210 60826.17480444 67
SO-50                60826.60398962 60826.61125046 10
SO-50                60826.67218826 60826.68164620 41
SO-50                60827.11017824 60827.11791108 15
SO-50                60827.17914350 60827.18749395 22
SO-50                60827.61615201 60827.62525466 28
SO-50                60827.68590117 60827.69408447 15
SO-50                60828.12264472 60828.13157615 44
HO-68                60803.27500094 60803.28709806 25
HO-68                60803.34916614 60803.36205817 36
HO-68                60803.76926609 60803.78087789 20
HO-68                60803.84307934 60803.85621738 44
HO-68                60804.26372702 60804.27482955 17
HO-68                60804.33716768 60804.35050959 52
HO-68                60804.75814564 60804.76850088 13
HO-68                60804.83113710 60804.84460541 62
HO-68                60805.25272922 60805.26235087 10
HO-68                60805.32527160 60805.33884724 74
HO-68                60805.40326963 60805.40975546 4
HO-68                60805.74732873 60805.75585414 7
HO-68                60805.81929595 60805.83288572 87
HO-68                60805.89657151 60805.90456923 6
HO-68                60806.24211668 60806.24951692 5
HO-68                60806.31347579 60806.32708165 80
HO-68                60806.39025539 60806.39933201 9
HO-68                60806.73710919 60806.74263901 3
HO-68                60806.80755511 60806.82106504 67
HO-68                60806.88384343 60806.89384515 12
HO-68                60807.30178247 60807.31521659 57
HO-68                60807.37768940 60807.38842383 15
HO-68                60807.79591947 60807.80914364 47
HO-68                60807.87142082 60807.88278027 18
HO-68                60808.29019887 60808.30324932 40
HO-68                60808.36536123 60808.37724701 22
HO-68                60808.78440102 60808.79711463 33
HO-68                60808.85918749 60808.87149802 27
HO-68                60809.27874222 60809.29116899 28
HO-68                60809.35319500 60809.36588461 32
HO-68                60809.77302315 60809.78496155 23
HO-68                60809.84709362 60809.86005537 39
HO-68                60810.26744216 60810.27895309 19
HO-68                60810.34115516 60810.35437896 46
HO-68                60810.76182621 60810.77265097 15
HO-68                60810.83511457 60810.84848311 55
HO-68                60811.25635131 60811.26655578 12
HO-68                60811.32922411 60811.34275389 65
HO-68                60811.40783847 60811.41299641 2
HO-68                60811.75088794 60811.76011277 9
HO-68                60811.82323901 60811.83679915 78
HO-68                60811.90095418 60811.90799722 5
HO-68                60812.24557387 60812.25387295 7
HO-68                60812.31739412 60812.33102282 89
HO-68                60812.39452976 60812.40287833 7
HO-68                60812.74039495 60812.74715862 4
HO-68                60812.81146313 60812.82501261 76
HO-68                60812.88805884 60812.89745294 10
HO-68                60813.23548182 60813.24055064 2
HO-68                60813.30566520 60813.31919172 64
HO-68                60813.38184895 60813.39209728 13
HO-68                60813.79979022 60813.81312596 53
HO-68                60813.87554966 60813.88648548 16
HO-68                60814.29404284 60814.30726014 45
HO-68                60814.36945180 60814.38099921 19
HO-68                60814.78822931 60814.80113482 37
HO-68                60814.86325835 60814.87526965 24
HO-68                60815.28254019 60815.29522034 32
HO-68                60815.35723578 60815.36969392 28
HO-68                60815.77679961 60815.78902683 26
HO-68                60815.85111980 60815.86387755 34
HO-68                60816.27118216 60816.28305458 22
HO-68                60816.34515559 60816.35823373 41
HO-68                60816.76553440 60816.77677532 18
HO-68                60816.83910279 60816.85234732 49
HO-68                60817.26001112 60817.27072709 15
HO-68                60817.33318884 60817.34664736 58
HO-68                60817.75449425 60817.76432665 11
HO-68                60817.82719214 60817.84070024 70
HO-68                60817.90544836 60817.91130778 3
HO-68                60818.24911176 60818.25816140 9
HO-68                60818.32132472 60818.33495140 82
HO-68                60818.39886809 60818.40635597 5
HO-68                60818.74380863 60818.75155209 6
HO-68                60818.81538159 60818.82894823 85
HO-68                60818.89231540 60818.90101323 8
HO-68                60819.23869493 60819.24514445 4
HO-68                60819.30956086 60819.32315412 73
HO-68                60819.38604064 60819.39573437 11
HO-68                60819.80367252 60819.81709596 60
HO-68                60819.87970185 60819.89016191 14
HO-68                60820.29790143 60820.31125727 51
HO-68                60820.37356359 60820.38472677 17
HO-68                60820.79207113 60820.80514162 42
HO-68                60820.86734524 60820.87902054 21
HO-68                60821.28635564 60821.29925570 36
HO-68                60821.36129280 60821.37348434 25
HO-68                60821.78059325 60821.79307560 29
HO-68                60821.85515843 60821.86768360 30
HO-68                60822.27494445 60822.28713597 25
HO-68                60822.34916975 60822.36207284 36
HO-68                60822.76926648 60822.78087726 20
HO-68                60822.84310164 60822.85619778 43
HO-68                60823.26370296 60823.27486963 17
HO-68                60823.33716593 60823.35052695 51
HO-68                60823.75813917 60823.76850479 13
HO-68                60823.83115520 60823.84458903 62
HO-68                60824.25269651 60824.26239894 11
HO-68                60824.32526766 60824.33886697 73
AO-73                60803.33414197 60803.34249306 84
AO-73                60803.83363049 60803.84233147 82
AO-73                60804.33350793 60804.34186735 81
AO-73                60804.83300215 60804.84168868 79
AO-73                60805.33285635 60805.34122447 78
AO-73                60805.83235739 60805.84102789 76
AO-73                60806.33218804 60806.34056436 75
AO-73                60806.83169622 60806.84034909 74
AO-73                60807.33150307 60807.33988698 72
AO-73                60807.83101866 60807.83965226 71
AO-73                60808.33080151 60808.33919227 69
AO-73                60808.83032472 60808.83893738 68
AO-73                60809.33008341 60809.33848019 66
AO-73                60809.82961442 60809.83820443 65
AO-73                60809.89780200 60809.90146359 2
AO-73                60810.32934885 60810.33775066 63
AO-73                60810.82888777 60810.83745338 62
AO-73                60810.89696843 60810.90082193 3
AO-73                60811.32859789 60811.33700364 60
AO-73                60811.39675523 60811.40030217 2
AO-73                60811.82814480 60811.83668421 59
AO-73                60811.89612197 60811.90015875 3
AO-73                60812.32783061 60812.33623907 58
AO-73                60812.39586201 60812.39966460 3
AO-73                60812.82738552 60812.83589690 56
AO-73                60812.89526211 60812.89947428 3
AO-73                60813.32704708 60813.33545688 55
AO-73                60813.39495912 60813.39900286 3
AO-73                60813.82660995 60813.83509143 54
AO-73                60813.89438842 60813.89876920 3
AO-73                60814.32624736 60814.33465699 53
AO-73                60814.39404546 60814.39831781 3
AO-73                60814.82581813 60814.83426778 51
AO-73                60814.89350056 60814.89804376 4
AO-73                60815.32543155 60815.33383936 50
AO-73                60815.39312022 60815.39761052 4
AO-73                60815.82501007 60815.83342592 49
AO-73                60815.89259826 60815.89729822 4
AO-73                60816.32459970 60816.33300390 48
AO-73                60816.39218277 60816.39688152 4
AO-73                60816.82418581 60816.83256581 46
AO-73                60816.89168128 60816.89653284 4
AO-73                60817.32375190 60817.33215055 46
AO-73                60817.39123264 60817.39613131 5
AO-73                60817.82334537 60817.83168744 44
AO-73                60817.89074943 60817.89574779 5
AO-73                60818.32288824 60818.33127922 43
AO-73                60818.39026943 60818.39536030 5
AO-73                60818.82248881 60818.83079078 42
AO-73                60818.88980252 60818.89494310 5
AO-73                60819.32200878 60819.33038985 41
AO-73                60819.38929276 60819.39456861 5
AO-73                60819.82161614 60819.82987578 39
AO-73                60819.88884036 60819.89411922 6
AO-73                60820.32111362 60820.32948235 39
AO-73                60820.38830267 60820.39375671 6
AO-73                60820.82072742 60820.82894242 37
AO-73                60820.88786311 60820.89327602 6
AO-73                60821.32020283 60821.32855663 38
AO-73                60821.38729858 60821.39292472 6
AO-73                60821.81982269 60821.82799065 35
AO-73                60821.88687028 60821.89241369 6
AO-73                60822.31927652 60822.32761261 36
AO-73                60822.38628048 60822.39207279 7
AO-73                60822.81890201 60822.82702044 34
AO-73                60822.88586196 60822.89153231 7
AO-73                60823.31833476 60823.32665021 34
AO-73                60823.38524824 60823.39120105 7
AO-73                60823.81796543 60823.82603174 32
AO-73                60823.88483807 60823.89063195 7
AO-73                60824.31737765 60824.32566933 32
AO-73                60824.38420172 60824.39030978 8
AO-73                60824.81701302 60824.82502450 30
AO-73                60824.88379853 60824.88971269 8
AO-73                60825.31640529 60825.32466987 31
AO-73                60825.38314082 60825.38939878 9
AO-73                60825.81604497 60825.82399867 29
AO-73                60825.88274330 60825.88877476 8
AO-73                60826.31541778 60826.32365173 29
AO-73                60826.38206546 60826.38846830 9
AO-73                60826.81506093 60826.82295418 27
AO-73                60826.88167231 60826.88781786 9
AO-73                60827.31441522 60827.32261481 28
AO-73                60827.38097556 60827.38751837 10
AO-73                60827.81406161 60827.82189098 26
AO-73                60827.88058554 60827.88684228 9
AO-73                60828.31339771 60828.32155900 27
AO-73                60828.37987111 60828.38654904 10
AO-73                60828.81304660 60828.82080899 24
AO-73                60828.87948809 60828.88585525 10
AO-73                60829.31236538 60829.32048418 25
AO-73                60829.37875200 60829.38556034 11
AO-73                60829.81201616 60829.81970813 23
AO-73                60829.87836969 60829.88484231 10
AO-73                60830.31131833 60830.31939024 24
AO-73                60830.37761800 60830.38455232 12
AO-73                60830.81097039 60830.81858827 22
AO-73                60830.87723540 60830.88381075 11
AO-73                60831.31025687 60831.31827703 23
TITA                 60803.58258445 60803.58901819 10
TITA                 60803.64743570 60803.65492384 22
TITA                 60804.07950483 60804.08575148 9
TITA                 60804.14407728 60804.15192655 27
TITA                 60804.57666688 60804.58233785 7
TITA                 60804.64093031 60804.64877447 30
TITA                 60805.07365615 60805.07899558 6
TITA                 60805.13760707 60805.14573200 37
TITA                 60805.57088599 60805.57550263 4
TITA                 60805.63450200 60805.64256711 43
TITA                 60806.06799283 60806.07203463 3
TITA                 60806.13121205 60806.13948281 54
TITA                 60806.62810662 60806.63630331 64
TITA                 60807.12484802 60807.13317892 78
TITA                 60807.62174065 60807.62998561 87
TITA                 60808.11851171 60808.12682169 72
TITA                 60808.61540618 60808.62361491 59
TITA                 60809.11220760 60809.12041096 49
TITA                 60809.17948755 60809.18381923 3
TITA                 60809.60910370 60809.61719054 41
TITA                 60809.67607931 60809.68091803 5
TITA                 60810.10593675 60810.11394496 34
TITA                 60810.17255329 60810.17803960 6
TITA                 60810.60283630 60810.61071015 29
TITA                 60810.66920214 60810.67506462 8
TITA                 60811.09970379 60811.10741995 24
TITA                 60811.16576951 60811.17208005 10
TITA                 60811.59660927 60811.60416909 21
TITA                 60811.66245160 60811.66906893 12
TITA                 60812.09351570 60812.10082946 17
TITA                 60812.15908056 60812.16600967 14
TITA                 60812.59043132 60812.59755985 15
TITA                 60812.65577383 60812.66296093 16
TITA                 60813.08738430 60813.09416230 12
TITA                 60813.15244881 60813.15984236 19
TITA                 60813.58431596 60813.59086899 11
TITA                 60813.64915218 60813.65677027 23
TITA                 60814.08132978 60814.08739913 9
TITA                 60814.14586471 60814.15360052 27
TITA                 60814.57828802 60814.58407258 7
TITA                 60814.64253351 60814.65050685 32
TITA                 60815.07539127 60815.08050102 5
TITA                 60815.13927762 60815.14729089 37
TITA                 60815.57239834 60815.57712006 4
TITA                 60815.63599318 60815.64418444 45
TITA                 60816.06966901 60816.07336613 2
TITA                 60816.13276728 60816.14092476 54
TITA                 60816.62948690 60816.63780446 67
TITA                 60817.12628800 60817.13450232 80
TITA                 60817.62301127 60817.63136941 84
TITA                 60818.11984105 60818.12802491 68
TITA                 60818.61656848 60818.62488008 57
TITA                 60818.68418366 60818.68792699 2
TITA                 60819.11342679 60819.12149222 46
TITA                 60819.18064665 60819.18495303 4
TITA                 60819.61015925 60819.61833562 39
TITA                 60819.67701053 60819.68217139 5
TITA                 60820.10704810 60820.11490209 32
TITA                 60820.17359582 60820.17905717 6
TITA                 60820.60378704 60820.61173335 28
TITA                 60820.67004734 60820.67617676 9
TITA                 60821.10071012 60821.10825009 22
TITA                 60821.16670256 60821.17298667 10
TITA                 60821.59745766 60821.60506815 20
TITA                 60821.66320083 60821.67004949 13
TITA                 60822.09442145 60822.10152878 16
TITA                 60822.15989515 60822.16678962 14
TITA                 60822.59118073 60822.59833165 15
TITA                 60822.65642297 60822.66381392 18
TITA                 60823.08819563 60823.09472471 11
TITA                 60823.15315103 60823.16050205 20
TITA                 60823.58497139 60823.59150882 10
TITA                 60823.64969963 60823.65749725 25
TITA                 60824.08205769 60824.08781376 7
TITA                 60824.14641402 60824.15413622 28
TITA                 60824.57885790 60824.58457230 7
TITA                 60824.64297830 60824.65110827 35
TITA                 60825.07605932 60825.08074441 4
TITA                 60825.13975844 60825.14770761 40
TITA                 60825.57290100 60825.57746147 4
TITA                 60825.63633598 60825.64466026 50
TITA                 60826.13313910 60826.14121845 60
TITA                 60826.62972839 60826.63815410 74
TITA                 60827.12655203 60827.13467176 87
TITA                 60827.62315232 60827.63159189 77
TITA                 60828.11999932 60828.12806854 61
TITA                 60828.61661078 60828.62497398 52
TITA                 60828.68393663 60828.68830199 3
TITA                 60829.11348163 60829.12140801 40
TITA                 60829.18050278 60829.18506219 4
TITA                 60829.61010499 60829.61829895 36
TITA                 60829.67674136 60829.68233929 7
TITA                 60830.10700260 60830.11468729 28
TITA                 60830.17337859 60830.17901895 7
TITA                 60830.60363920 60830.61156337 26
TITA                 60830.66971099 60830.67618234 10
TITA                 60831.10056875 60831.10790093 20
TITA                 60831.16638755 60831.17280117 11
TITA                 60831.59722066 60831.60476110 18
NOAA-15              60803.44989243 60803.45572046 5
NOAA-15              60803.51656508 60803.52710383 77
NOAA-15              60803.97363694 60803.98275977 18
NOAA-15              60804.04238203 60804.05216897 27
NOAA-15              60804.49856779 60804.50896653 51
NOAA-15              60804.56912569 60804.57655356 9
NOAA-15              60804.95660552 60804.96371539 8
NOAA-15              60805.02399692 60805.03442971 57
NOAA-15              60805.48086982 60805.49054305 25
NOAA-15              60805.55012881 60805.55943926 20
NOAA-15              60806.00589408 60806.01639682 70
NOAA-15              60806.07707542 60806.08331184 6
NOAA-15              60806.46357750 60806.47174436 12
NOAA-15              60806.53160011 60806.54184935 41
NOAA-15              60806.98807036 60806.99808618 33
NOAA-15              60807.05780545 60807.06649600 15
NOAA-15              60807.44708070 60807.45219810 3
NOAA-15              60807.51337440 60807.52393932 86
NOAA-15              60807.58548708 60807.58987883 2
NOAA-15              60807.97059682 60807.97944777 16
NOAA-15              60808.03913259 60808.04906316 31
NOAA-15              60808.49542284 60808.50575323 45
NOAA-15              60808.56570954 60808.57359379 11
NOAA-15              60808.95369417 60808.96027790 6
NOAA-15              60809.02079562 60809.03126764 65
NOAA-15              60809.47778120 60809.48727322 22
NOAA-15              60809.54683639 60809.55637236 23
NOAA-15              60810.00273573 60810.01318527 61
NOAA-15              60810.07363329 60810.08040437 7
NOAA-15              60810.46057887 60810.46838783 10
NOAA-15              60810.52836325 60810.53871876 47
NOAA-15              60810.98496369 60810.99482195 29
NOAA-15              60811.05449173 60811.06344474 17
NOAA-15              60811.44434826 60811.44857931 2
NOAA-15              60811.51018324 60811.52075777 84
NOAA-15              60811.58187100 60811.58714480 4
NOAA-15              60811.96756294 60811.97611152 14
NOAA-15              60812.03588225 60812.04593803 35
NOAA-15              60812.49227842 60812.50252216 40
NOAA-15              60812.56233733 60812.57059920 12
NOAA-15              60812.95081492 60812.95679054 5
NOAA-15              60813.01759220 60813.02808836 73
NOAA-15              60813.47469687 60813.48398259 20
NOAA-15              60813.54354683 60813.55328421 26
NOAA-15              60813.99957701 60814.00995656 54
NOAA-15              60814.07021363 60814.07745310 8
NOAA-15              60814.45759622 60814.46499931 9
NOAA-15              60814.52512658 60814.53556997 53
NOAA-15              60814.98185802 60814.99153844 26
NOAA-15              60815.05118099 60815.06037021 19
NOAA-15              60815.50699209 60815.51755890 74
NOAA-15              60815.57832713 60815.58431877 5
NOAA-15              60815.96453733 60815.97274931 12
NOAA-15              60816.03263065 60816.04279430 39
NOAA-15              60816.48913532 60816.49927283 35
NOAA-15              60816.55897546 60816.56757521 14
NOAA-15              60816.94798239 60816.95323864 4
NOAA-15              60817.01438666 60817.02489182 83
NOAA-15              60817.47161828 60817.48066963 17
NOAA-15              60817.54025958 60817.55017530 29
NOAA-15              60817.99641664 60818.00671052 47
NOAA-15              60818.06677859 60818.07446738 10
NOAA-15              60818.45463443 60818.46157399 7
NOAA-15              60818.52189004 60818.53240321 61
NOAA-15              60818.97875355 60818.98823525 23
NOAA-15              60819.04787199 60819.05727351 22
NOAA-15              60819.50379989 60819.51434234 65
NOAA-15              60819.57482883 60819.58142736 6
NOAA-15              60819.96152196 60819.96935904 11
NOAA-15              60820.02937746 60820.03963253 45
NOAA-15              60820.48599424 60820.49600442 31
NOAA-15              60820.55562217 60820.56452389 16
NOAA-15              60820.94522456 60820.94959380 2
NOAA-15              60821.01117876 60821.02167850 87
NOAA-15              60821.08300489 60821.08790938 3
NOAA-15              60821.46854701 60821.47733313 15
NOAA-15              60821.53697446 60821.54704601 33
NOAA-15              60821.99325494 60822.00344723 41
NOAA-15              60822.06338563 60822.07144644 12
NOAA-15              60822.45170063 60822.45810470 6
NOAA-15              60822.51865378 60822.52921802 69
NOAA-15              60822.97565130 60822.98491178 20
NOAA-15              60823.04456373 60823.05415601 25
NOAA-15              60823.50060903 60823.51110773 57
NOAA-15              60823.57136190 60823.57848489 8
NOAA-15              60823.95852034 60823.96593744 9
NOAA-15              60824.02612210 60824.03645339 51
NOAA-15              60824.48285590 60824.49271618 28
NOAA-15              60824.55227553 60824.56144702 19
NOAA-15              60825.00796868 60825.01844841 77
NOAA-15              60825.07942093 60825.08507596 4
NOAA-15              60825.46548518 60825.47397077 13
NOAA-15              60825.53369072 60825.54389669 38
NOAA-15              60825.99009229 60826.00016633 36
NOAA-15              60826.06000118 60826.06839669 13
NOAA-15              60826.44880548 60826.45458036 4
NOAA-15              60826.51541777 60826.52601451 79
NOAA-15              60826.97255240 60826.98156706 18
NOAA-15              60827.04125567 60827.05101871 28
NOAA-18              60803.59283688 60803.59717758 2
NOAA-18              60803.65920268 60803.67004409 82
NOAA-18              60803.73139316 60803.73716696 4
NOAA-18              60804.12052810 60804.12990476 18
NOAA-18              60804.18973748 60804.20007537 32
NOAA-18              60804.65032907 60804.66106323 57
NOAA-18              60804.72164556 60804.72908799 8
NOAA-18              60805.11205337 60805.12055535 12
NOAA-18              60805.18063772 60805.19133025 44
NOAA-18              60805.64152517 60805.65201519 40
NOAA-18              60805.71216899 60805.72074484 13
NOAA-18              60806.10375024 60806.11104603 8
NOAA-18              60806.17160772 60806.18251018 63
NOAA-18              60806.63279772 60806.64289495 29
NOAA-18              60806.70284102 60806.71224068 19
NOAA-18              60807.09573691 60807.10126016 4
NOAA-18              60807.16264303 60807.17362148 88
NOAA-18              60807.23517206 60807.24035379 3
NOAA-18              60807.62415971 60807.63369185 20
NOAA-18              60807.69361989 60807.70361945 27
NOAA-18              60808.15374367 60808.16466697 66
NOAA-18              60808.22533538 60808.23240290 7
NOAA-18              60808.61563240 60808.62438689 14
NOAA-18              60808.68448409 60808.69490501 38
NOAA-18              60809.14490934 60809.15564634 46
NOAA-18              60809.21576835 60809.22413406 12
NOAA-18              60809.60725425 60809.61494388 9
NOAA-18              60809.67542185 60809.68611135 54
NOAA-18              60810.13614869 60810.14655591 33
NOAA-18              60810.20639825 60810.21567989 17
NOAA-18              60810.59910854 60810.60528184 5
NOAA-18              60810.66642708 60810.67724671 77
NOAA-18              60811.12747103 60811.13738769 24
NOAA-18              60811.19714440 60811.20709759 24
NOAA-18              60811.65749777 60811.66831538 76
NOAA-18              60811.72949733 60811.73564104 5
NOAA-18              60812.11889359 60812.12812693 17
NOAA-18              60812.18798079 60812.19841569 34
NOAA-18              60812.64863336 60812.65931839 53
NOAA-18              60812.71980609 60812.72749448 9
NOAA-18              60813.11044595 60813.11874633 11
NOAA-18              60813.17889318 60813.18965061 48
NOAA-18              60813.63984011 60813.65025348 37
NOAA-18              60813.71035958 60813.71911167 14
NOAA-18              60814.10218532 60814.10919079 7
NOAA-18              60814.16987424 60814.18081218 68
NOAA-18              60814.63112544 60814.64111457 27
NOAA-18              60814.70105104 60814.71057898 20
NOAA-18              60815.09426018 60815.09931272 3
NOAA-18              60815.16092043 60815.17190593 86
NOAA-18              60815.23322206 60815.23888079 4
NOAA-18              60815.62250374 60815.63188981 19
NOAA-18              60815.69184409 60815.70193498 29
NOAA-18              60816.15203067 60816.16293401 61
NOAA-18              60816.22343699 60816.23084091 8
NOAA-18              60816.61399891 60816.62255755 13
NOAA-18              60816.68271957 60816.69320103 40
NOAA-18              60817.14320921 60817.15389547 43
NOAA-18              60817.21393718 60817.22252072 13
NOAA-18              60817.60565504 60817.61307594 8
NOAA-18              60817.67366733 60817.68438990 58
NOAA-18              60818.13446211 60818.14478582 31
NOAA-18              60818.20459149 60818.21403285 18
NOAA-18              60818.59757317 60818.60334573 4
NOAA-18              60818.66468164 60818.67550886 82
NOAA-18              60818.73758323 60818.74187713 2
NOAA-18              60819.12580091 60819.13559592 22
NOAA-18              60819.19535521 60819.20542419 26
NOAA-18              60819.65576172 60819.66656154 71
NOAA-18              60819.72757836 60819.73408065 6
NOAA-18              60820.11724505 60820.12630894 15
NOAA-18              60820.18620555 60820.19671993 36
NOAA-18              60820.64690702 60820.65754835 50
NOAA-18              60820.71793750 60820.72587287 10
NOAA-18              60821.10882743 60821.11689399 10
NOAA-18              60821.17713005 60821.18793503 51
NOAA-18              60821.63812482 60821.64846632 35
NOAA-18              60821.70851934 60821.71745251 15
NOAA-18              60822.10061640 60822.10728500 6
NOAA-18              60822.16812194 60822.17907813 73
NOAA-18              60822.62942373 60822.63930837 25
NOAA-18              60822.69922969 60822.70889222 22
NOAA-18              60823.09280626 60823.09728717 2
NOAA-18              60823.15917886 60823.17015405 81
NOAA-18              60823.23127550 60823.23734910 5
NOAA-18              60823.62081951 60823.63006120 18
NOAA-18              60823.69003682 60823.70022591 31
NOAA-18              60824.15030032 60824.16116430 57
NOAA-18              60824.22155573 60824.22923209 9
NOAA-18              60824.61233906 60824.62070016 12
NOAA-18              60824.68092390 60824.69147288 43
NOAA-18              60825.14149097 60825.15210722 40
NOAA-18              60825.21209038 60825.22086743 14
NOAA-18              60825.60403332 60825.61117657 7
NOAA-18              60825.67188150 60825.68264423 62
NOAA-18              60826.13275815 60826.14297752 29
NOAA-18              60826.20276710 60826.21234763 20
NOAA-18              60826.59602699 60826.60136703 4
NOAA-18              60826.66290538 60826.67374679 88
NOAA-19              60803.59036752 60803.60055048 29
NOAA-19              60803.66041534 60803.66988395 19
NOAA-19              60804.05350326 60804.05896241 4
NOAA-19              60804.12040903 60804.13132144 87
NOAA-19              60804.19297573 60804.19801687 3
NOAA-19              60804.58188194 60804.59152110 21
NOAA-19              60804.65135822 60804.66142574 27
NOAA-19              60805.11167253 60805.12252724 67
NOAA-19              60805.18329622 60805.19023140 7
NOAA-19              60805.57350208 60805.58239443 15
NOAA-19              60805.64238401 60805.65287650 38
NOAA-19              60806.10299912 60806.11366838 47
NOAA-19              60806.17389001 60806.18212429 11
NOAA-19              60806.56526286 60806.57313788 10
NOAA-19              60806.63348137 60806.64424989 53
NOAA-19              60807.09439723 60807.10474138 33
NOAA-19              60807.16468069 60807.17383155 17
NOAA-19              60807.55723693 60807.56368103 6
NOAA-19              60807.62464422 60807.63555387 75
NOAA-19              60808.08587571 60808.09573857 24
NOAA-19              60808.15558701 60808.16541104 23
NOAA-19              60808.61587050 60808.62679280 78
NOAA-19              60808.68790823 60808.69406326 5
NOAA-19              60809.07745092 60809.08664602 17
NOAA-19              60809.14658269 60809.15689153 32
NOAA-19              60809.60715966 60809.61796795 55
NOAA-19              60809.67837676 60809.68608523 9
NOAA-19              60810.06915079 60810.07743792 11
NOAA-19              60810.13765345 60810.14828968 46
NOAA-19              60810.59851702 60810.60907759 39
NOAA-19              60810.66908803 60810.67787180 14
NOAA-19              60811.06102861 60811.06806301 7
NOAA-19              60811.12879123 60811.13961531 65
NOAA-19              60811.58994926 60811.60011628 28
NOAA-19              60811.65993626 60811.66950919 20
NOAA-19              60812.05321871 60812.05838799 3
NOAA-19              60812.11999274 60812.13087416 88
NOAA-19              60812.19245332 60812.19768418 3
NOAA-19              60812.58146916 60812.59107395 20
NOAA-19              60812.65088496 60812.66103594 28
NOAA-19              60813.11125656 60813.12206862 64
NOAA-19              60813.18280659 60813.18985379 7
NOAA-19              60813.57309733 60813.58193203 14
NOAA-19              60813.64191494 60813.65247343 39
NOAA-19              60814.10258632 60814.11319809 45
NOAA-19              60814.17341398 60814.18172155 12
NOAA-19              60814.56487083 60814.57265581 9
NOAA-19              60814.63301559 60814.64383475 55
NOAA-19              60815.09398751 60815.10425862 32
NOAA-19              60815.16421194 60815.17341045 17
NOAA-19              60815.55686830 60815.56316887 5
NOAA-19              60815.62418135 60815.63512721 78
NOAA-19              60816.08547059 60816.09524214 23
NOAA-19              60816.15512255 60816.16497486 24
NOAA-19              60816.61541050 60816.62635489 76
NOAA-19              60816.68734490 60816.69373339 6
NOAA-19              60817.07705322 60817.08613337 16
NOAA-19              60817.14612093 60817.15644214 34
NOAA-19              60817.60670267 60817.61751871 54
NOAA-19              60817.67784145 60817.68571650 10
NOAA-19              60818.06876464 60818.07690501 11
NOAA-19              60818.13719350 60818.14782812 47
NOAA-19              60818.59806373 60818.60861666 38
NOAA-19              60818.66856761 60818.67747852 15
NOAA-19              60819.06066398 60819.06750011 7
NOAA-19              60819.12833275 60819.13914224 67
NOAA-19              60819.58950072 60819.59964282 27
NOAA-19              60819.65942482 60819.66909735 21
NOAA-19              60820.05290608 60820.05776421 3
NOAA-19              60820.11953563 60820.13038986 86
NOAA-19              60820.19188866 60820.19731547 4
NOAA-19              60820.58102708 60820.59058651 19
NOAA-19              60820.65037963 60820.66060862 29
NOAA-19              60821.11080108 60821.12157306 62
NOAA-19              60821.18227412 60821.18944123 8
NOAA-19              60821.57266462 60821.58142800 14
NOAA-19              60821.64141415 60821.65203254 41
NOAA-19              60822.10213308 60822.11269096 43
NOAA-19              60822.17289500 60822.18128393 12
NOAA-19              60822.56445288 60822.57213004 9
NOAA-19              60822.63251848 60822.64338106 57
NOAA-19              60823.09353751 60823.10373911 31
NOAA-19              60823.16370042 60823.17295446 18
NOAA-19              60823.55647793 60823.56260875 5
NOAA-19              60823.62368757 60823.63466143 81
NOAA-19              60823.69657853 60823.70102084 2
NOAA-19              60824.08502548 60824.09470875 22
NOAA-19              60824.15461548 60824.16450384 25
NOAA-19              60824.61492008 60824.62587723 73
NOAA-19              60824.68675378 60824.69336179 6
NOAA-19              60825.07661575 60825.08558373 15
NOAA-19              60825.14561669 60825.15595794 35
NOAA-19              60825.60621576 60825.61702907 52
NOAA-19              60825.67727648 60825.68530771 10
NOAA-19              60826.06833978 60826.07633429 10
NOAA-19              60826.13669123 60826.14733183 49
NOAA-19              60826.59758114 60826.60811460 37
NOAA-19              60826.66801676 60826.67704555 15
NOAA-19              60827.06026258 60827.06689772 6
METOA                60803.67654546 60803.68576378 45
METOA                60803.74492326 60803.75126743 7
METOA                60804.18518946 60804.19432851 66
METOA                60804.25457046 60804.25874357 3
METOA                60804.63030489 60804.63438934 2
METOA                60804.69455732 60804.70389738 70
METOA                60805.13797585 60805.14382919 6
METOA                60805.20329391 60805.21236514 49
METOA                60805.64681073 60805.65393845 11
METOA                60805.71290621 60805.72173522 31
METOA                60806.15495623 60806.16294881 16
METOA                60806.22173416 60806.23007329 22
METOA                60806.66416536 60806.67267335 25
METOA                60806.73155418 60806.73919212 14
METOA                60807.17249446 60807.18153038 36
METOA                60807.24055034 60807.24733284 9
METOA                60807.68193153 60807.69101893 56
METOA                60807.75082265 60807.75600120 4
METOA                60808.19037595 60808.19977355 79
METOA                60808.63520596 60808.64006667 4
METOA                60808.70000843 60808.70906045 56
METOA                60809.14276905 60809.14963919 9
METOA                60809.20854340 60809.21771775 40
METOA                60809.65198207 60809.65932885 13
METOA                60809.71843235 60809.72679159 24
METOA                60810.15995255 60810.16853797 21
METOA                60810.22705638 60810.23532058 18
METOA                60810.66943946 60810.67794182 29
METOA                60810.73720395 60810.74408896 10
METOA                60811.17758950 60811.18699924 46
METOA                60811.24599422 60811.25242033 7
METOA                60811.68727578 60811.69619377 69
METOA                60812.13103948 60812.13584597 3
METOA                60812.19553966 60812.20514786 74
METOA                60812.64014809 60812.64558238 5
METOA                60812.70541774 60812.71414190 44
METOA                60813.14761545 60813.15530643 12
METOA                60813.21381129 60813.22300346 33
METOA                60813.65712224 60813.66463067 15
METOA                60813.72392381 60813.73175765 19
METOA                60814.16494898 60814.17403610 27
METOA                60814.23236198 60814.24049025 16
METOA                60814.67467001 60814.68313305 35
METOA                60814.74285298 60814.74886014 7
METOA                60815.18267050 60815.19238974 58
METOA                60815.25144771 60815.25740300 6
METOA                60815.69257250 60815.70129387 78
METOA                60816.13561165 60816.14171397 6
METOA                60816.20068509 60816.21044708 61
METOA                60816.64509127 60816.65097907 7
METOA                60816.71078104 60816.71914628 34
METOA                60817.15249045 60817.16085328 16
METOA                60817.21901589 60817.22820129 28
METOA                60817.66222164 60817.66985401 18
METOA                60817.72937970 60817.73663433 14
METOA                60818.16994245 60818.17944415 33
METOA                60818.23765840 60818.24557373 13
METOA                60818.67985061 60818.68825403 44
METOA                60818.74852534 60818.75348115 5
METOA                60819.18773985 60819.19769885 73
METOA                60819.25693433 60819.26225633 4
METOA                60819.69781784 60819.70632514 66
METOA                60820.14030058 60820.14737104 8
METOA                60820.20581514 60820.21566650 50
METOA                60820.65001312 60820.65628020 9
METOA                60820.71613678 60820.72408050 26
METOA                60821.15738104 60821.16629040 20
METOA                60821.22417799 60821.23332520 24
METOA                60821.66727297 60821.67500803 22
METOA                60821.73479666 60821.74141392 11
METOA                60822.17493058 60822.18476177 41
METOA                60822.24295405 60822.25056099 11
METOA                60822.68497630 60822.69331118 56
METOA                60822.75428756 60822.75788639 2
METOA                60823.12864624 60823.13332766 3
METOA                60823.19279564 60823.20292332 85
METOA                60823.26249725 60823.26693540 3
METOA                60823.63833919 60823.64211940 2
METOA                60823.70300566 60823.71129268 51
METOA                60824.14504946 60824.15287245 11
METOA                60824.21093240 60824.22080135 42
METOA                60824.65490032 60824.66150158 11
METOA                60824.72139772 60824.72894242 20
METOA                60825.16227926 60825.17162310 24
METOA                60825.22936670 60825.23835678 20
METOA                60825.67227078 60825.68009984 27
METOA                60825.74019009 60825.74610645 8
METOA                60826.17991256 60826.18998770 51
METOA                60826.24825925 60826.25543934 9
METOA                60826.69004347 60826.69831026 72
METOA                60827.13311180 60827.13903254 5
METOA                60827.19784063 60827.20805961 75
METOA                60827.64291852 60827.64755431 4
METOA                60827.70813480 60827.71620141 40
METOA                60828.14983151 60828.15824178 14
METOA                60828.21603902 60828.22584692 35
METOA                60828.65974454 60828.66665417 14
METOA                60828.72660585 60828.73373846 16
METOA                60829.16717926 60829.17685371 30
METOB                60803.54324466 60803.55140096 11
METOB                60803.61142821 60803.62185519 44
METOB                60804.06960775 60804.07981255 34
METOB                60804.13963994 60804.14843793 15
METOB                60804.53007733 60804.53594937 5
METOB                60804.59695109 60804.60763946 79
METOB                60805.05568272 60805.06506108 20
METOB                60805.12477417 60805.13463995 27
METOB                60805.58264411 60805.59325124 59
METOB                60805.65371567 60805.66082469 8
METOB                60806.04205325 60806.05003657 11
METOB                60806.11013288 60806.12059785 46
METOB                60806.56851717 60806.57868942 33
METOB                60806.63849592 60806.64737441 16
METOB                60807.02896172 60807.03450470 4
METOB                60807.09567287 60807.10636407 83
METOB                60807.16817834 60807.17239931 2
METOB                60807.55460618 60807.56392677 19
METOB                60807.62364185 60807.63355840 27
METOB                60808.08138197 60808.09195791 56
METOB                60808.15233185 60808.15964948 8
METOB                60808.54099823 60808.54888561 10
METOB                60808.60900948 60808.61950301 48
METOB                60809.06727272 60809.07737593 32
METOB                60809.13715662 60809.14615426 17
METOB                60809.52795407 60809.53331361 4
METOB                60809.59455783 60809.60525841 85
METOB                60809.66694499 60809.67143593 3
METOB                60810.05338476 60810.06258737 18
METOB                60810.12232890 60810.13231171 29
METOB                60810.58027593 60810.59084252 54
METOB                60810.65113349 60810.65861276 9
METOB                60811.03981387 60811.04750565 9
METOB                60811.10771588 60811.11823631 51
METOB                60811.56617789 60811.57625075 31
METOB                60811.63600800 60811.64508748 17
METOB                60812.02686421 60812.03183400 3
METOB                60812.09328080 60812.10397358 89
METOB                60812.16546071 60812.17035326 3
METOB                60812.55230481 60812.56145062 18
METOB                60812.62119170 60812.63122747 30
METOB                60813.07901519 60813.08953954 51
METOB                60813.14975778 60813.15742109 9
METOB                60813.53875724 60813.54635097 9
METOB                60813.60658776 60813.61713914 53
METOB                60814.06493533 60814.07492682 29
METOB                60814.13467245 60814.14385572 18
METOB                60814.52586449 60814.53062961 3
METOB                60814.59216127 60814.60286577 87
METOB                60814.66423900 60814.66936959 3
METOB                60815.05108675 60815.06009890 17
METOB                60815.11988070 60815.12997070 31
METOB                60815.57790514 60815.58842206 49
METOB                60815.64858691 60815.65637648 10
METOB                60816.03758058 60816.04495418 8
METOB                60816.10529525 60816.11586274 56
METOB                60816.56383691 60816.57379943 28
METOB                60816.63351975 60816.64278539 19
METOB                60817.02481166 60817.02910272 2
METOB                60817.09088513 60817.10157154 83
METOB                60817.16278540 60817.16824834 4
METOB                60817.55000413 60817.55895950 16
METOB                60817.61873920 60817.62888374 33
METOB                60818.07664512 60818.08710919 47
METOB                60818.14721803 60818.15516966 11
METOB                60818.53652351 60818.54379516 8
METOB                60818.60416290 60818.61476313 58
METOB                60819.06259581 60819.07246500 27
METOB                60819.13218692 60819.14154251 20
METOB                60819.58976172 60819.60046143 81
METOB                60819.66157078 60819.66724989 4
METOB                60820.04878919 60820.05759558 15
METOB                60820.11742931 60820.12761718 34
METOB                60820.57553162 60820.58598939 45
METOB                60820.64604495 60820.65411989 11
METOB                60821.03535526 60821.04238032 7
METOB                60821.10287087 60821.11347750 61
METOB                60821.56149458 60821.57133510 26
METOB                60821.63103082 60821.64046865 20
METOB                60822.08848579 60822.09915803 76
METOB                60822.16013756 60822.16609956 5
METOB                60822.54770508 60822.55645302 15
METOB                60822.61628424 60822.62652735 36
METOB                60823.07427186 60823.08466722 43
METOB                60823.14468109 60823.15289953 12
METOB                60823.53429924 60823.54121590 7
METOB                60823.60173507 60823.61237521 63
METOB                60824.06025441 60824.06999031 24
METOB                60824.12969963 60824.13921530 22
METOB                60824.58735935 60824.59804526 74
METOB                60824.65892775 60824.66508883 5
METOB                60825.04649298 60825.05507658 14
METOB                60825.11497485 60825.12525135 37
METOB                60825.57315573 60825.58354467 41
METOB                60825.64350617 60825.65184448 12
METOB                60826.03314062 60826.03978155 6
METOB                60826.10044273 60826.11108075 67
METOB                60826.55915127 60826.56885736 24
METOB                60826.62854087 60826.63813756 22
