iss                  60802.96933402 60802.97599722 14
iss                  60803.03666240 60803.04405393 34
iss                  60803.10386779 60803.11113503 31
iss                  60803.73363837 60803.73955410 10
iss                  60803.79959939 60803.80719268 88
iss                  60803.86727659 60803.87433615 20
iss                  60803.93535241 60803.94193741 14
iss                  60804.00283484 60804.01003115 24
iss                  60804.06998178 60804.07748601 57
iss                  60804.13795313 60804.14288117 6
iss                  60804.70072105 60804.70517692 4
iss                  60804.76583928 60804.77332581 49
iss                  60804.83319768 60804.84047599 26
iss                  60804.90129689 60804.90789978 14
iss                  60804.96896034 60804.97594148 19
iss                  60805.03611743 60805.04368754 81
iss                  60805.10366189 60805.10983369 11
iss                  60805.73219588 60805.73938742 28
iss                  60805.79915059 60805.80661586 37
iss                  60805.86718143 60805.87389337 15
iss                  60805.93502557 60805.94181042 16
iss                  60806.00225277 60806.00976154 48
iss                  60806.06956118 60806.07646690 20
iss                  60806.69870214 60806.70534170 16
iss                  60806.76515802 60806.77274023 60
iss                  60806.83302645 60806.83991811 17
iss                  60806.90102008 60806.90766403 14
iss                  60806.96836969 60806.97572824 32
iss                  60807.03555322 60807.04288060 35
iss                  60807.66542303 60807.67112506 9
iss                  60807.73124091 60807.73883215 80
iss                  60807.79885722 60807.80596649 21
iss                  60807.86693949 60807.87352566 14
iss                  60807.93445182 60807.94160903 23
iss                  60808.00159135 60808.00912064 64
iss                  60808.06945175 60808.07467983 7
iss                  60808.63253109 60808.63657396 4
iss                  60808.69742051 60808.70487186 44
iss                  60808.76470023 60808.77202616 28
iss                  60808.83278819 60808.83941205 14
iss                  60808.90048440 60808.90742733 18
iss                  60808.96764670 60808.97521475 72
iss                  60809.03512782 60809.04147801 13
iss                  60809.66372402 60809.67083368 25
iss                  60809.73058037 60809.73808299 41
iss                  60809.79858029 60809.80533068 15
iss                  60809.86645394 60809.87320931 16
iss                  60809.93369805 60809.94118445 43
iss                  60810.00096869 60810.00798293 22
iss                  60810.63018832 60810.63667764 14
iss                  60810.69652020 60810.70412099 67
iss                  60810.76433771 60810.77127977 18
iss                  60810.83235087 60810.83898108 14
iss                  60810.89972752 60810.90705030 29
iss                  60810.96689131 60810.97427839 40
iss                  60811.03530339 60811.03900787 3
iss                  60811.59689086 60811.60232836 8
iss                  60811.66254074 60811.67012256 71
iss                  60811.73008670 60811.73725050 22
iss                  60811.79817246 60811.80476521 14
iss                  60811.86571879 60811.87283444 22
iss                  60811.93285355 60811.94040561 73
iss                  60812.00060720 60812.00613060 8
iss                  60812.56397790 60812.56756258 3
iss                  60812.62866492 60812.63606673 38
iss                  60812.69585387 60812.70322976 30
iss                  60812.76392526 60812.77057680 14
iss                  60812.83165722 60812.83856111 18
iss                  60812.89882831 60812.90639075 64
iss                  60812.96624760 60812.97277605 15
iss                  60813.59491964 60813.60192542 22
iss                  60813.66166393 60813.66920291 45
iss                  60813.72962558 60813.73642129 16
iss                  60813.79752975 60813.80425711 15
iss                  60813.86479509 60813.87225501 39
iss                  60813.93202959 60813.93915131 25
iss                  60814.56134986 60814.56765306 13
iss                  60814.62753923 60814.63515345 75
iss                  60814.69529690 60814.70229511 19
iss                  60814.76332801 60814.76994841 14
iss                  60814.83073625 60814.83801941 27
iss                  60814.89788265 60814.90532677 45
iss                  60814.96608760 60814.97033331 4
iss                  60815.52805030 60815.53315739 6
iss                  60815.59350101 60815.60106303 61
iss                  60815.66096620 60815.66818814 24
iss                  60815.72905121 60815.73565645 14
iss                  60815.79663552 60815.80370692 21
iss                  60815.86376876 60815.87133954 83
iss                  60815.93142116 60815.93723104 9
iss                  60816.55957350 60816.56690915 33
iss                  60816.62666009 60816.63408655 33
iss                  60816.69470835 60816.70139439 14
iss                  60816.76247845 60816.76934269 17
iss                  60816.82966246 60816.83721425 57
iss                  60816.89702246 60816.90372551 17
iss                  60817.52578613 60817.53266058 19
iss                  60817.59240301 60817.59997520 51
iss                  60817.66031797 60817.66716545 16
AO-07                60803.09954859 60803.11225304 17
AO-07                60803.17717951 60803.19264496 86
AO-07                60803.25590600 60803.26913833 23
AO-07                60803.33522280 60803.34188811 3
AO-07                60803.48418764 60803.49213745 5
AO-07                60803.55744628 60803.57133629 28
AO-07                60803.63443404 60803.64997091 71
AO-07                60803.71556660 60803.72727041 12
AO-07                60804.06047347 60804.06609373 2
AO-07                60804.13567566 60804.15049747 39
AO-07                60804.21398400 60804.22891871 49
AO-07                60804.29296790 60804.30372161 11
AO-07                60804.51799810 60804.52931145 13
AO-07                60804.59307111 60804.60825318 55
AO-07                60804.67178195 60804.68648017 34
AO-07                60805.09475289 60805.10697655 15
AO-07                60805.17223592 60805.18769616 79
AO-07                60805.25092164 60805.26442065 25
AO-07                60805.33018604 60805.33743252 4
AO-07                60805.47971548 60805.48710567 4
AO-07                60805.55271541 60805.56635196 26
AO-07                60805.62947140 60805.64503006 78
AO-07                60805.71025016 60805.72249449 14
AO-07                60806.13077834 60806.14540826 35
AO-07                60806.20901746 60806.22407742 54
AO-07                60806.28796831 60806.29911904 13
AO-07                60806.51339190 60806.52430913 12
AO-07                60806.58823207 60806.60328507 50
AO-07                60806.66669349 60806.68158258 38
AO-07                60807.08997532 60807.10166223 13
AO-07                60807.16729619 60807.18273203 72
AO-07                60807.24593919 60807.25968755 28
AO-07                60807.32515708 60807.33295681 5
AO-07                60807.47526405 60807.48206564 4
AO-07                60807.54800050 60807.56136533 24
AO-07                60807.62452456 60807.64008500 85
AO-07                60807.70497255 60807.71769433 17
AO-07                60808.12588959 60808.14029852 31
AO-07                60808.20405347 60808.21922163 59
AO-07                60808.28297101 60808.29450039 14
AO-07                60808.50880944 60808.51930415 10
AO-07                60808.58340805 60808.59831438 46
AO-07                60808.66162483 60808.67667701 42
AO-07                60808.74534171 60808.75245880 3
AO-07                60809.08522640 60809.09630414 11
AO-07                60809.16236089 60809.17775230 66
AO-07                60809.24095867 60809.25493937 30
AO-07                60809.32013433 60809.32846219 6
AO-07                60809.47083535 60809.47701497 3
AO-07                60809.54330114 60809.55637684 22
AO-07                60809.61959327 60809.63513603 88
AO-07                60809.69972927 60809.71287385 19
AO-07                60810.12101054 60810.13516738 28
AO-07                60810.19909217 60810.21435129 65
AO-07                60810.27797559 60810.28986559 15
AO-07                60810.50424401 60810.51429606 9
AO-07                60810.57859908 60810.59334119 42
AO-07                60810.65657507 60810.67176427 47
AO-07                60810.73963065 60810.74798516 5
AO-07                60811.08051383 60811.09089480 9
AO-07                60811.15743040 60811.17275661 60
AO-07                60811.23598014 60811.25017622 33
AO-07                60811.31511665 60811.32394946 7
AO-07                60811.46643260 60811.47194989 2
AO-07                60811.53861772 60811.55138614 20
AO-07                60811.61467731 60811.63018341 81
AO-07                60811.69451681 60811.70803616 21
AO-07                60812.11614237 60812.13001328 25
AO-07                60812.19413373 60812.20946639 71
AO-07                60812.27298248 60812.28521486 17
AO-07                60812.49969568 60812.50928446 8
AO-07                60812.57380520 60812.58836570 38
AO-07                60812.65154346 60812.66684504 52
AO-07                60812.73405002 60812.74340495 7
AO-07                60813.07584750 60813.08542254 7
AO-07                60813.15250513 60813.16774455 54
AO-07                60813.23100365 60813.24539822 36
AO-07                60813.31010322 60813.31941922 8
AO-07                60813.53395035 60813.54639327 18
AO-07                60813.60977653 60813.62522738 74
AO-07                60813.68933238 60813.70318347 24
AO-07                60814.11128671 60814.12483451 22
AO-07                60814.18917833 60814.20456689 78
AO-07                60814.26799135 60814.28054836 19
AO-07                60814.34747749 60814.35267725 2
AO-07                60814.49522021 60814.50427150 7
AO-07                60814.56902963 60814.58338791 35
AO-07                60814.64652933 60814.66191988 58
AO-07                60814.72855709 60814.73875515 8
AO-07                60815.07124442 60815.07987001 5
AO-07                60815.14758566 60815.16271561 49
AO-07                60815.22602926 60815.24060547 40
AO-07                60815.30509345 60815.31487196 9
AO-07                60815.52929918 60815.54139822 16
AO-07                60815.60489082 60815.62026815 67
AO-07                60815.68417371 60815.69831786 27
AO-07                60816.10644508 60816.11962876 20
AO-07                60816.18422617 60816.19965269 85
AO-07                60816.26300215 60816.27586626 21
LO-19                60803.10349181 60803.11062772 8
LO-19                60803.17127363 60803.18175902 74
LO-19                60803.24070095 60803.24926941 15
LO-19                60803.57336376 60803.58180312 15
LO-19                60803.64083122 60803.65124866 76
LO-19                60803.71194322 60803.71904812 8
LO-19                60804.14855646 60804.15867964 36
LO-19                60804.21756006 60804.22727728 28
LO-19                60804.55186847 60804.55841934 7
LO-19                60804.61812172 60804.62838185 54
LO-19                60804.68781628 60804.69691393 18
LO-19                60805.12604742 60805.13517639 18
LO-19                60805.19456626 60805.20490688 55
LO-19                60805.26450058 60805.27121369 7
LO-19                60805.59576241 60805.60538388 27
LO-19                60805.66432378 60805.67440016 37
LO-19                60806.10391880 60806.11106040 8
LO-19                60806.17170256 60806.18218743 74
LO-19                60806.24113048 60806.24969549 15
LO-19                60806.57378230 60806.58223625 15
LO-19                60806.64125277 60806.65167980 76
LO-19                60806.71236697 60806.71947835 8
LO-19                60807.14898404 60807.15910739 36
LO-19                60807.21798833 60807.22770265 28
LO-19                60807.55228337 60807.55885323 7
LO-19                60807.61854130 60807.62881220 54
LO-19                60807.68823802 60807.69734325 18
LO-19                60808.12647346 60808.13560370 18
LO-19                60808.19499329 60808.20533145 55
LO-19                60808.26492858 60808.27163567 7
LO-19                60808.59618015 60808.60581357 28
LO-19                60808.66474359 60808.67482856 37
LO-19                60809.10434277 60809.11148785 8
LO-19                60809.17212832 60809.18261119 74
LO-19                60809.24155691 60809.25011705 15
LO-19                60809.57419753 60809.58266558 15
LO-19                60809.64167074 60809.65210728 76
LO-19                60809.71278690 60809.71990509 8
LO-19                60810.14940848 60810.15953039 36
LO-19                60810.21841343 60810.22812346 28
LO-19                60810.55269540 60810.55928313 7
LO-19                60810.61895742 60810.62923883 54
LO-19                60810.68865607 60810.69776896 18
LO-19                60811.12689644 60811.13602609 18
LO-19                60811.19541711 60811.20575141 55
LO-19                60811.26535356 60811.27205305 7
LO-19                60811.59659435 60811.60623944 28
LO-19                60811.66515984 60811.67525328 37
LO-19                60812.10476393 60812.11191008 8
LO-19                60812.17255087 60812.18303027 74
LO-19                60812.24198017 60812.25053405 15
LO-19                60812.57460957 60812.58309097 15
LO-19                60812.64208523 60812.65253100 76
LO-19                60812.71320315 60812.72032820 8
LO-19                60813.14982972 60813.15994862 36
LO-19                60813.21883529 60813.22853970 28
LO-19                60813.55310449 60813.55970887 7
LO-19                60813.61937017 60813.62966161 54
LO-19                60813.68907036 60813.69819094 18
LO-19                60814.12731628 60814.13644358 18
LO-19                60814.19583765 60814.20616676 55
LO-19                60814.26577547 60814.27246581 7
LO-19                60814.59700530 60814.60666137 28
LO-19                60814.66557261 60814.67567418 37
LO-19                60815.10518218 60815.11232708 8
LO-19                60815.17297012 60815.18344469 74
LO-19                60815.24240020 60815.25094649 15
LO-19                60815.57501853 60815.58351229 15
LO-19                60815.64249635 60815.65295084 76
LO-19                60815.71361587 60815.72074752 8
LO-19                60816.15024766 60816.16036210 36
LO-19                60816.21925383 60816.22895138 28
LO-19                60816.55351076 60816.56013030 7
LO-19                60816.61977965 60816.63008043 54
LO-19                60816.68948139 60816.69860905 18
LO-19                60817.12773290 60817.13685619 18
LO-19                60817.19625483 60817.20657752 55
LO-19                60817.26619421 60817.27287396 7
LO-19                60817.59741310 60817.60707924 28
LO-19                60817.66598200 60817.67609115 37
LO-19                60818.10559740 60818.11273893 8
LO-19                60818.17338597 60818.18385446 74
LO-19                60818.24281691 60818.25135439 15
LO-19                60818.57542450 60818.58392941 15
LO-19                60818.64290417 60818.65336667 76
LO-19                60818.71402516 60818.72116288 8
LO-19                60819.15066222 60819.16077086 36
LO-19                60819.21966896 60819.22935852 28
LO-19                60819.55391430 60819.56054728 7
LO-19                60819.62018593 60819.63049516 54
LO-19                60819.68988906 60819.69902316 18
LO-19                60820.12814617 60820.13726396 18
LO-19                60820.19666854 60820.20698371 55
LO-19                60820.26660968 60820.27327754 7
LO-19                60820.59781782 60820.60749292 28
LO-19                60820.66638811 60820.67650406 37
LO-19                60821.10600947 60821.11314567 8
LO-19                60821.17379833 60821.18425964 74
LO-19                60821.24323018 60821.25175779 15
FO-29                60802.94681320 60802.95642685 17
FO-29                60803.29903528 60803.30899981 29
FO-29                60803.37177337 60803.38210729 33
FO-29                60803.83498339 60803.84629519 28
FO-29                60803.90791669 60803.91948318 43
FO-29                60803.98233118 60803.98872158 5
FO-29                60804.26235386 60804.26996809 10
FO-29                60804.33310663 60804.34384162 78
FO-29                60804.40786570 60804.41606293 11
FO-29                60804.79747951 60804.80606003 9
FO-29                60804.86938684 60804.88154018 68
FO-29                60804.94292925 60804.95296632 18
FO-29                60805.29542798 60805.30520432 26
FO-29                60805.36801707 60805.37836862 36
FO-29                60805.83122525 60805.84259239 27
FO-29                60805.90410129 60805.91593087 47
FO-29                60805.97838054 60805.98539949 6
FO-29                60806.25883950 60806.26612915 9
FO-29                60806.32942583 60806.34007441 72
FO-29                60806.40399195 60806.41238984 12
FO-29                60806.79379521 60806.80222711 8
FO-29                60806.86559908 60806.87791580 64
FO-29                60806.93908058 60806.94949500 20
FO-29                60807.29181716 60807.30141358 24
FO-29                60807.36425821 60807.37463353 39
FO-29                60807.82747174 60807.83888674 25
FO-29                60807.90028964 60807.91237685 51
FO-29                60807.97445097 60807.98205875 7
FO-29                60808.25532487 60808.26229312 8
FO-29                60808.32574124 60808.33631214 66
FO-29                60808.40012040 60808.40871665 13
FO-29                60808.79012728 60808.79838432 8
FO-29                60808.86181528 60808.87428943 60
FO-29                60808.93523800 60808.94601970 22
FO-29                60809.28820308 60809.29762829 22
FO-29                60809.36049678 60809.37090261 43
FO-29                60809.82372319 60809.83517730 24
FO-29                60809.89648242 60809.90882043 55
FO-29                60809.97053940 60809.97870264 9
FO-29                60810.25181019 60810.25846060 7
FO-29                60810.32205314 60810.33255508 60
FO-29                60810.39621853 60810.40504621 15
FO-29                60810.78646513 60810.79452964 7
FO-29                60810.85803605 60810.87066016 56
FO-29                60810.93140192 60810.94254020 25
FO-29                60811.28458574 60811.29384914 20
FO-29                60811.35673283 60811.36717642 47
FO-29                60811.81998062 60811.83146307 22
FO-29                60811.89268024 60811.90526078 60
FO-29                60811.96664364 60811.97533325 10
FO-29                60812.24829579 60812.25463216 6
FO-29                60812.31836167 60812.32880422 55
FO-29                60812.39235042 60812.40137523 16
FO-29                60812.78281743 60812.79066068 6
FO-29                60812.85426196 60812.86702746 53
FO-29                60812.92757273 60812.93905573 27
FO-29                60813.28096533 60813.29007653 19
FO-29                60813.35296649 60813.36345546 52
FO-29                60813.42971571 60813.43441264 3
FO-29                60813.81624485 60813.82774299 21
FO-29                60813.88888373 60813.90169740 64
FO-29                60813.96276227 60813.97195179 11
FO-29                60814.24478188 60814.25080833 5
FO-29                60814.31466702 60814.32505984 50
FO-29                60814.38848380 60814.39770668 18
FO-29                60814.77918648 60814.78677462 6
FO-29                60814.85049387 60814.86338999 50
FO-29                60814.92375086 60814.93556578 30
FO-29                60814.99870404 60815.00344859 2
FO-29                60815.27734214 60815.28631145 17
FO-29                60815.34919800 60815.35974018 57
FO-29                60815.42557896 60815.43095698 4
FO-29                60815.81251673 60815.82401598 20
FO-29                60815.88509347 60815.89812909 69
FO-29                60815.95889434 60815.96855910 13
FO-29                60816.24131618 60816.24699059 4
FO-29                60816.31097077 60816.32132238 45
FO-29                60816.38461852 60816.39404078 20
FO-29                60816.77557536 60816.78286805 5
FO-29                60816.84673238 60816.85974707 47
FO-29                60816.91993669 60816.93206971 32
FO-29                60816.99464805 60817.00029420 3
FO-29                60817.27371651 60817.28255410 16
FO-29                60817.34542765 60817.35603093 63
FO-29                60817.42148394 60817.42746594 5
FO-29                60817.80879716 60817.82028088 19
FO-29                60817.88131000 60817.89455524 73
FO-29                60817.95503920 60817.96515539 14
FO-29                60818.23780563 60818.24317738 4
FO-29                60818.30727092 60818.31759243 41
FO-29                60818.38075507 60818.39037823 22
FO-29                60818.77198810 60818.77893666 4
FO-29                60818.84297812 60818.85609776 44
FO-29                60818.91613059 60818.92856686 35
FO-29                60818.99065335 60818.99708223 4
FO-29                60819.27008887 60819.27880494 15
FO-29                60819.34165580 60819.35232823 69
FO-29                60819.41741926 60819.42395084 6
FO-29                60819.80508701 60819.81653649 18
SO-50                60803.15670929 60803.16553106 31
SO-50                60803.22605998 60803.23505910 30
SO-50                60803.29792841 60803.30414266 6
SO-50                60803.44074460 60803.44710393 6
SO-50                60803.50980373 60803.51911978 30
SO-50                60803.57926432 60803.58863729 35
SO-50                60804.10247695 60804.10824330 6
SO-50                60804.16954709 60804.17885855 70
SO-50                60804.23983786 60804.24813755 17
SO-50                60804.31242130 60804.31726077 3
SO-50                60804.45379696 60804.46145236 11
SO-50                60804.52291625 60804.53264305 58
SO-50                60804.59275269 60804.60112111 17
SO-50                60805.11428639 60805.12218364 16
SO-50                60805.18273796 60805.19205416 54
SO-50                60805.25390653 60805.26119022 10
SO-50                60805.39775382 60805.40290500 4
SO-50                60805.46684109 60805.47553125 19
SO-50                60805.53610325 60805.54584036 69
SO-50                60805.60668834 60805.61297625 7
SO-50                60806.12675026 60806.13568653 35
SO-50                60806.19624819 60806.20516793 27
SO-50                60806.26823283 60806.27424997 6
SO-50                60806.41084320 60806.41741577 7
SO-50                60806.47990654 60806.48931062 33
SO-50                60806.54941193 60806.55867974 32
SO-50                60807.07231513 60807.07852122 7
SO-50                60807.13963645 60807.14898074 78
SO-50                60807.21006193 60807.21823222 16
SO-50                60807.28273322 60807.28737634 3
SO-50                60807.35464305 60807.35865719 2
SO-50                60807.42388385 60807.43171710 12
SO-50                60807.49301952 60807.50277679 64
SO-50                60807.56293274 60807.57107960 15
SO-50                60808.08424679 60808.09235614 18
SO-50                60808.15286807 60808.16215280 48
SO-50                60808.22416293 60808.23127521 9
SO-50                60808.36784456 60808.37321777 4
SO-50                60808.43692116 60808.44574280 20
SO-50                60808.50621258 60808.51591412 61
SO-50                60808.57696553 60808.58278805 5
SO-50                60809.09677454 60809.10581003 39
SO-50                60809.16641564 60809.17524859 25
SO-50                60809.23851296 60809.24433183 5
SO-50                60809.38091429 60809.38769408 7
SO-50                60809.44998358 60809.45946673 36
SO-50                60809.51953690 60809.52868594 28
SO-50                60810.04215664 60810.04874807 8
SO-50                60810.10970657 60810.11907316 85
SO-50                60810.18026453 60810.18829958 14
SO-50                60810.25301625 60810.25746960 3
SO-50                60810.32474165 60810.32894758 2
SO-50                60810.39394394 60810.40194736 13
SO-50                60810.46309760 60810.47287588 72
SO-50                60810.53309446 60810.54099771 13
SO-50                60811.05419379 60811.06249322 20
SO-50                60811.12297786 60811.13222280 43
SO-50                60811.19439663 60811.20133370 8
SO-50                60811.33790591 60811.34349943 4
SO-50                60811.40697499 60811.41591981 22
SO-50                60811.47629772 60811.48595286 54
SO-50                60811.54724709 60811.55253719 4
SO-50                60812.06678060 60812.07590219 44
SO-50                60812.13656214 60812.14530157 23
SO-50                60812.20876803 60812.21438872 5
SO-50                60812.35095778 60812.35793868 8
SO-50                60812.42003472 60812.42958822 39
SO-50                60812.48963955 60812.49865570 25
SO-50                60813.01199625 60813.01892870 10
SO-50                60813.07975718 60813.08913604 81
SO-50                60813.15044543 60813.15833973 13
SO-50                60813.22326914 60813.22754122 2
SO-50                60813.29480694 60813.29921211 3
SO-50                60813.36397730 60813.37214306 14
SO-50                60813.43315065 60813.44294039 80
SO-50                60813.50323893 60813.51087451 12
SO-50                60814.02412626 60814.03259588 23
SO-50                60814.09306717 60814.10226430 39
SO-50                60814.16460738 60814.17136582 8
SO-50                60814.30793832 60814.31374946 5
SO-50                60814.37700264 60814.38606201 24
SO-50                60814.44635864 60814.45595658 48
SO-50                60814.51754445 60814.52221208 3
SO-50                60814.97053319 60814.97478323 3
SO-50                60815.03676841 60815.04596342 50
SO-50                60815.10668750 60815.11532680 21
SO-50                60815.17899753 60815.18442079 4
SO-50                60815.32097389 60815.32814945 9
SO-50                60815.39006034 60815.39967522 43
SO-50                60815.45972025 60815.46858857 23
SO-50                60815.98183026 60815.98906654 11
SO-50                60816.04978798 60816.05916962 73
SO-50                60816.12060438 60816.12835279 12
SO-50                60816.19349087 60816.19759194 2
SO-50                60816.26483995 60816.26944962 3
SO-50                60816.33398402 60816.34230425 15
SO-50                60816.40317863 60816.41297040 88
SO-50                60816.47336749 60816.48070843 10
SO-50                60816.99404325 60817.00266495 25
HO-68                60802.96274860 60802.97309433 12
HO-68                60803.03660881 60803.05025658 77
HO-68                60803.11184397 60803.12358415 22
HO-68                60803.40078711 60803.41050272 11
HO-68                60803.47270255 60803.48609740 58
HO-68                60803.54817716 60803.56069615 27
HO-68                60803.95139655 60803.96032066 8
HO-68                60804.02481559 60804.03836600 59
HO-68                60804.09990746 60804.11223766 28
HO-68                60804.17614577 60804.18222936 3
HO-68                60804.38980695 60804.39845333 8
HO-68                60804.46110803 60804.47422082 45
HO-68                60804.53600129 60804.54901467 36
HO-68                60804.94036151 60804.94717096 4
HO-68                60805.01305438 60805.02638366 45
HO-68                60805.08799261 60805.10080144 36
HO-68                60805.16394142 60805.17154211 6
HO-68                60805.37901721 60805.38634140 5
HO-68                60805.44960036 60805.46232378 35
HO-68                60805.52393421 60805.53728595 47
HO-68                60805.60297026 60805.61010696 4
HO-68                60806.00132973 60806.01430214 34
HO-68                60806.07609829 60806.08927905 46
HO-68                60806.15183884 60806.16067858 9
HO-68                60806.36836669 60806.37411479 3
HO-68                60806.43817688 60806.45040622 27
HO-68                60806.51196513 60806.52551958 62
HO-68                60806.58987127 60806.59901911 8
HO-68                60806.98965536 60807.00210975 26
HO-68                60807.06422444 60807.07767221 60
HO-68                60807.13979651 60807.14967981 12
HO-68                60807.42684374 60807.43846677 21
HO-68                60807.50008701 60807.51372202 80
HO-68                60807.57713582 60807.58766628 13
HO-68                60807.97804472 60807.98978908 19
HO-68                60808.05237202 60808.06598193 77
HO-68                60808.12779539 60808.13856549 16
HO-68                60808.41560574 60808.42650272 16
HO-68                60808.48829550 60808.50189778 80
HO-68                60808.56462114 60808.57616735 18
HO-68                60808.96652245 60808.97731179 14
HO-68                60809.04054264 60809.05420771 83
HO-68                60809.11582544 60809.12734721 20
HO-68                60809.40446999 60809.41450878 12
HO-68                60809.47658822 60809.49004996 63
HO-68                60809.55227106 60809.56457305 24
HO-68                60809.95513920 60809.96462848 9
HO-68                60810.02873937 60810.04234753 65
HO-68                60810.10388098 60810.11603255 26
HO-68                60810.18025011 60810.18573361 3
HO-68                60810.39344708 60810.40247615 9
HO-68                60810.46496433 60810.47818058 49
HO-68                60810.54005402 60810.55291066 33
HO-68                60810.94397712 60810.95163620 5
HO-68                60811.01696631 60811.03039748 50
HO-68                60811.09195887 60811.10462682 33
HO-68                60811.16799236 60811.17512496 5
HO-68                60811.38260453 60811.39039009 6
HO-68                60811.45342728 60811.46629055 38
HO-68                60811.52795069 60811.54119716 43
HO-68                60811.60747753 60811.61368024 3
HO-68                60812.00522770 60812.01835116 38
HO-68                60812.08005753 60812.09313379 43
HO-68                60812.15586209 60812.16431493 8
HO-68                60812.37188052 60812.37821108 4
HO-68                60812.44197325 60812.45438036 30
HO-68                60812.51594855 60812.52944299 56
HO-68                60812.59419757 60812.60274560 7
HO-68                60812.99353503 60813.00619856 29
HO-68                60813.06817657 60813.08155578 55
HO-68                60813.14380228 60813.15335957 11
HO-68                60813.43060817 60813.44244880 23
HO-68                60813.50403945 60813.51765566 73
HO-68                60813.58136334 60813.59146394 11
HO-68                60813.98190008 60813.99392464 21
HO-68                60814.05631645 60814.06989418 71
HO-68                60814.13178870 60814.14228311 14
HO-68                60814.41933643 60814.43049378 18
HO-68                60814.49221818 60814.50584029 87
HO-68                60814.56878085 60814.58000777 16
HO-68                60814.97034351 60814.98150558 16
HO-68                60815.04447901 60815.05814897 89
HO-68                60815.11980902 60815.13109945 19
HO-68                60815.40816398 60815.41851111 14
HO-68                60815.48048176 60815.49400042 68
HO-68                60815.55637838 60815.56844248 22
HO-68                60815.95890720 60815.96890121 11
HO-68                60816.03266633 60816.04631867 71
HO-68                60816.10785639 60816.11981714 24
HO-68                60816.18438470 60816.18919915 2
HO-68                60816.39710035 60816.40649339 10
HO-68                60816.46882884 60816.48213843 53
HO-68                60816.54411799 60816.55680140 30
HO-68                60816.94764896 60816.95603393 7
HO-68                60817.02088234 60817.03440009 54
HO-68                60817.09592695 60817.10844215 31
HO-68                60817.17205557 60817.17868643 4
HO-68                60817.38615987 60817.39442745 7
HO-68                60817.45725985 60817.47025573 41
AO-73                60802.99489556 60803.00070988 7
AO-73                60803.05989197 60803.06822713 75
AO-73                60803.12686186 60803.13206771 6
AO-73                60803.44487512 60803.44988108 5
AO-73                60803.50840891 60803.51696192 61
AO-73                60803.57558270 60803.58220815 10
AO-73                60803.99428771 60804.00003883 7
AO-73                60804.05926254 60804.06760249 77
AO-73                60804.12620758 60804.13148420 6
AO-73                60804.44430723 60804.44920679 4
AO-73                60804.50778933 60804.51631855 60
AO-73                60804.57492183 60804.58158605 10
AO-73                60804.99367271 60804.99934905 6
AO-73                60805.05861568 60805.06696092 80
AO-73                60805.12553553 60805.13088448 6
AO-73                60805.44372471 60805.44851321 4
AO-73                60805.50715295 60805.51565767 58
AO-73                60805.57424338 60805.58094677 10
AO-73                60805.99304170 60805.99864040 6
AO-73                60806.05795141 60806.06630238 82
AO-73                60806.12484577 60806.13026852 6
AO-73                60806.44312788 60806.44780020 4
AO-73                60806.50649979 60806.51497932 56
AO-73                60806.57354743 60806.58029031 11
AO-73                60806.99239479 60806.99791279 6
AO-73                60807.05726976 60807.06562686 84
AO-73                60807.12413836 60807.12963626 7
AO-73                60807.44251691 60807.44706758 4
AO-73                60807.50582986 60807.51428349 54
AO-73                60807.57283399 60807.57961668 11
AO-73                60807.99173211 60807.99716609 6
AO-73                60808.05657075 60808.06493432 86
AO-73                60808.12341334 60808.12898765 7
AO-73                60808.44189189 60808.44631517 4
AO-73                60808.50514311 60808.51357022 53
AO-73                60808.57210305 60808.57892589 11
AO-73                60808.99105381 60808.99640014 5
AO-73                60809.05585442 60809.06422475 88
AO-73                60809.12267078 60809.12832264 7
AO-73                60809.44125336 60809.44554273 3
AO-73                60809.50443969 60809.51283950 51
AO-73                60809.57135466 60809.57821794 12
AO-73                60809.99036003 60809.99561481 5
AO-73                60810.05512081 60810.06349811 86
AO-73                60810.12191072 60810.12764117 7
AO-73                60810.44065546 60810.44475033 3
AO-73                60810.50371994 60810.51209137 49
AO-73                60810.57058875 60810.57749284 12
AO-73                60810.98965096 60810.99480989 5
AO-73                60811.05436995 60811.06275437 84
AO-73                60811.12113322 60811.12694320 8
AO-73                60811.43999088 60811.44393685 3
AO-73                60811.50298285 60811.51132582 47
AO-73                60811.56980539 60811.57675060 12
AO-73                60811.98892679 60811.99398512 5
AO-73                60812.05360186 60812.06199349 81
AO-73                60812.12033834 60812.12622867 8
AO-73                60812.43931377 60812.44310239 3
AO-73                60812.50222908 60812.51054288 46
AO-73                60812.56900459 60812.57599122 13
AO-73                60812.98818774 60812.99314054 4
AO-73                60813.05281661 60813.06121544 79
AO-73                60813.11952612 60813.12549753 8
AO-73                60813.43862467 60813.44224639 2
AO-73                60813.50145858 60813.50974256 44
AO-73                60813.56818638 60813.57521472 13
AO-73                60813.98743408 60813.99227552 4
AO-73                60814.05201422 60814.06042017 76
AO-73                60814.11869663 60814.12474990 9
AO-73                60814.43792430 60814.44136799 2
AO-73                60814.50067136 60814.50892487 43
AO-73                60814.56735078 60814.57442109 13
AO-73                60814.98666609 60814.99138993 4
AO-73                60815.05119473 60815.05960765 73
AO-73                60815.11784991 60815.12398536 9
AO-73                60815.49986744 60815.50808982 41
AO-73                60815.56649781 60815.57361034 14
AO-73                60815.98588411 60815.99048342 4
AO-73                60816.05035818 60816.05877783 71
AO-73                60816.11698601 60816.12320409 9
AO-73                60816.49904683 60816.50723743 40
AO-73                60816.56562749 60816.57278247 14
AO-73                60816.98508854 60816.98955557 3
AO-73                60817.04950462 60817.05793066 68
AO-73                60817.11610500 60817.12240601 10
AO-73                60817.49820957 60817.50636770 38
AO-73                60817.56473984 60817.57193749 15
AO-73                60817.98427983 60817.98860589 3
AO-73                60818.04863409 60818.05706610 65
AO-73                60818.11520695 60818.12159105 10
AO-73                60818.49735572 60818.50548065 37
AO-73                60818.56383489 60818.57107540 15
AO-73                60818.98345854 60818.98763380 3
AO-73                60819.04774665 60819.05618408 63
AO-73                60819.11429186 60819.12075916 10
AO-73                60819.49648520 60819.50457628 35
AO-73                60819.56291266 60819.57019621 16
AO-73                60819.98262544 60819.98663867 3
AO-73                60820.04684225 60820.05528456 60
TITA                 60803.30912275 60803.31668481 22
TITA                 60803.37465853 60803.38219726 24
TITA                 60803.75585161 60803.76277027 14
TITA                 60803.82054460 60803.82868369 43
TITA                 60804.30290896 60804.31017308 17
TITA                 60804.36826864 60804.37602669 31
TITA                 60804.74981714 60804.75630198 11
TITA                 60804.81416823 60804.82238472 58
TITA                 60804.88255549 60804.88608481 2
TITA                 60805.29671408 60805.30360193 13
TITA                 60805.36188292 60805.36981232 40
TITA                 60805.74382081 60805.74979123 8
TITA                 60805.80776803 60805.81605509 77
TITA                 60805.87553656 60805.88024546 4
TITA                 60806.29054646 60806.29696290 10
TITA                 60806.35545661 60806.36355222 53
TITA                 60806.42238857 60806.42642560 3
TITA                 60806.73787330 60806.74322756 6
TITA                 60806.80143217 60806.80970197 81
TITA                 60806.86868350 60806.87423627 6
TITA                 60807.28441921 60807.29024219 7
TITA                 60807.34907708 60807.35725275 71
TITA                 60807.41571409 60807.42060116 5
TITA                 60807.73199384 60807.73659223 4
TITA                 60807.79511613 60807.80332264 61
TITA                 60807.86192528 60807.86812781 9
TITA                 60808.27835523 60808.28341576 5
TITA                 60808.34270073 60808.35091079 86
TITA                 60808.40910416 60808.41467003 7
TITA                 60808.72627979 60808.72984353 2
TITA                 60808.78882032 60808.79691723 45
TITA                 60808.85523195 60808.86194936 12
TITA                 60809.27240474 60809.27643182 3
TITA                 60809.33632812 60809.34452587 65
TITA                 60809.40253173 60809.40865957 9
TITA                 60809.78254441 60809.79048546 35
TITA                 60809.84858766 60809.85571656 15
TITA                 60810.32995768 60810.33809705 48
TITA                 60810.39598315 60810.40258358 12
TITA                 60810.77628998 60810.78402663 27
TITA                 60810.84198267 60810.84943860 20
TITA                 60811.32359506 60811.33162287 37
TITA                 60811.38945080 60811.39645027 15
TITA                 60811.77005847 60811.77753963 21
TITA                 60811.83541047 60811.84312199 25
TITA                 60812.31724025 60812.32510119 28
TITA                 60812.38292963 60812.39026484 20
TITA                 60812.76385222 60812.77102228 17
TITA                 60812.82886681 60812.83677066 33
TITA                 60813.31089594 60813.31852898 22
TITA                 60813.37642236 60813.38403717 25
TITA                 60813.75767461 60813.76447190 13
TITA                 60813.82234867 60813.83038764 43
TITA                 60814.30456637 60814.31190229 17
TITA                 60814.36991524 60814.37775644 32
TITA                 60814.75153044 60814.75788407 10
TITA                 60814.81585393 60814.82397504 58
TITA                 60815.29825655 60815.30521478 13
TITA                 60815.36341263 60815.37143074 41
TITA                 60815.74542706 60815.75125177 8
TITA                 60815.80933679 60815.81753131 78
TITA                 60815.87708735 60815.88171266 4
TITA                 60816.29197506 60816.29845778 10
TITA                 60816.35687031 60816.36505812 54
TITA                 60816.42374413 60816.42798338 3
TITA                 60816.73937649 60816.74456354 6
TITA                 60816.80288490 60816.81106356 79
TITA                 60816.87010608 60816.87559850 6
TITA                 60817.28573538 60817.29161720 7
TITA                 60817.35037529 60817.35864506 73
TITA                 60817.41696374 60817.42203917 5
TITA                 60817.73340127 60817.73779711 4
TITA                 60817.79645389 60817.80456918 58
TITA                 60817.86322473 60817.86938069 9
TITA                 60818.27956119 60818.28466773 5
TITA                 60818.34388409 60818.35218836 84
TITA                 60818.41024398 60818.41599124 8
TITA                 60818.79004415 60818.79804830 43
TITA                 60818.85641111 60818.86309075 12
TITA                 60819.27350480 60819.27755577 3
TITA                 60819.33739730 60819.34568752 63
TITA                 60819.40356033 60819.40986498 10
TITA                 60819.78365560 60819.79150059 33
TITA                 60819.84964837 60819.85674523 16
TITA                 60820.33091338 60820.33914152 47
TITA                 60820.39689993 60820.40367326 13
TITA                 60820.77728980 60820.78492524 26
TITA                 60820.84292626 60820.85035377 20
TITA                 60821.32443812 60821.33254878 36
TITA                 60821.39025550 60821.39742389 16
TITA                 60821.77094838 60821.77832114 20
TITA                 60821.83623844 60821.84392310 26
TITA                 60822.31797159 60822.32590701 27
TITA                 60822.38362226 60822.39112163 21
TITA                 60822.76463395 60822.77168578 16
TITA                 60822.82958010 60822.83745731 34
TITA                 60823.31151675 60823.31921300 21
TITA                 60823.37700306 60823.38477680 26
TITA                 60823.75835023 60823.76501620 13
NOAA-15              60803.15990698 60803.16715411 8
NOAA-15              60803.22806672 60803.23864517 75
NOAA-15              60803.29787130 60803.30647843 15
NOAA-15              60803.63204938 60803.64067347 15
NOAA-15              60803.69989821 60803.71047028 74
NOAA-15              60803.77144897 60803.77860620 8
NOAA-15              60804.21002219 60804.22037008 42
NOAA-15              60804.27948999 60804.28907004 25
NOAA-15              60804.61492951 60804.62215525 8
NOAA-15              60804.68184124 60804.69233700 65
NOAA-15              60804.75221865 60804.76108756 15
NOAA-15              60805.19208817 60805.20184603 25
NOAA-15              60805.26120546 60805.27141773 41
NOAA-15              60805.33188563 60805.33737676 4
NOAA-15              60805.59829578 60805.60336458 4
NOAA-15              60805.66400087 60805.67412245 38
NOAA-15              60805.73343751 60805.74329393 27
NOAA-15              60806.17432323 60806.18301413 14
NOAA-15              60806.24300243 60806.25354334 70
NOAA-15              60806.31311961 60806.32060791 9
NOAA-15              60806.64638232 60806.65582436 23
NOAA-15              60806.71495153 60806.72534262 46
NOAA-15              60806.78788624 60806.79255273 3
NOAA-15              60807.15685877 60807.16372976 7
NOAA-15              60807.22488027 60807.23545246 68
NOAA-15              60807.29462535 60807.30343654 16
NOAA-15              60807.62901243 60807.63742430 14
NOAA-15              60807.69670840 60807.70728126 81
NOAA-15              60807.76804016 60807.77554401 9
NOAA-15              60808.20684851 60808.21713544 39
NOAA-15              60808.27626058 60808.28598192 27
NOAA-15              60808.61194994 60808.61887113 8
NOAA-15              60808.67868583 60808.68913163 59
NOAA-15              60808.74889328 60808.75796291 17
NOAA-15              60809.18893772 60809.19856245 22
NOAA-15              60809.25798851 60809.26828857 45
NOAA-15              60809.32855419 60809.33446199 5
NOAA-15              60809.59542606 60809.59999525 3
NOAA-15              60809.66088027 60809.67090144 34
NOAA-15              60809.73016572 60809.74013519 29
NOAA-15              60810.17120821 60810.17966588 13
NOAA-15              60810.23979691 60810.25037528 77
NOAA-15              60810.30984269 60810.31760603 10
NOAA-15              60810.64329935 60810.65258575 21
NOAA-15              60810.71172135 60810.72216074 51
NOAA-15              60810.78430465 60810.78962443 4
NOAA-15              60811.15382095 60811.16027202 6
NOAA-15              60811.22168721 60811.23224493 62
NOAA-15              60811.29137348 60811.30037862 18
NOAA-15              60811.62597411 60811.63416245 13
NOAA-15              60811.69351447 60811.70408132 89
NOAA-15              60811.76463865 60811.77245979 10
NOAA-15              60812.20367092 60812.21388492 35
NOAA-15              60812.27302440 60812.28287886 29
NOAA-15              60812.60897353 60812.61557035 7
NOAA-15              60812.67552631 60812.68591577 53
NOAA-15              60812.74556766 60812.75482338 19
NOAA-15              60813.18578316 60813.19526108 20
NOAA-15              60813.25476457 60813.26514492 49
NOAA-15              60813.32519274 60813.33152322 6
NOAA-15              60813.59258332 60813.59658550 2
NOAA-15              60813.65775584 60813.66766966 31
NOAA-15              60813.72689128 60813.73696415 32
NOAA-15              60814.16809342 60814.17629526 11
NOAA-15              60814.23658453 60814.24719258 84
NOAA-15              60814.30656214 60814.31458567 12
NOAA-15              60814.64021374 60814.64933586 19
NOAA-15              60814.70848742 60814.71896765 56
NOAA-15              60814.78076246 60814.78664290 5
NOAA-15              60815.15079882 60815.15677538 5
NOAA-15              60815.21848783 60815.22902222 56
NOAA-15              60815.28811581 60815.29730495 20
NOAA-15              60815.62293488 60815.63088776 11
NOAA-15              60815.69031640 60815.70087072 84
NOAA-15              60815.76124254 60815.76935595 11
NOAA-15              60816.20048814 60816.21061821 32
NOAA-15              60816.26978169 60816.27976072 32
NOAA-15              60816.34086643 60816.34502159 2
NOAA-15              60816.60600134 60816.61225172 6
NOAA-15              60816.67236274 60816.68268939 49
NOAA-15              60816.74224158 60816.75166984 21
NOAA-15              60817.18262527 60817.19194111 19
NOAA-15              60817.25153386 60817.26198640 54
NOAA-15              60817.32186812 60817.32855695 7
NOAA-15              60817.65462782 60817.66442723 29
NOAA-15              60817.72361397 60817.73378119 35
NOAA-15              60818.16498006 60818.17290056 10
NOAA-15              60818.23336567 60818.24399488 87
NOAA-15              60818.30327774 60818.31154737 13
NOAA-15              60818.63712519 60818.64607448 18
NOAA-15              60818.70524969 60818.71576382 62
NOAA-15              60818.77724690 60818.78362095 6
NOAA-15              60819.14780034 60819.15323160 4
NOAA-15              60819.21528254 60819.22578392 51
NOAA-15              60819.28485246 60819.29421505 21
NOAA-15              60819.61989533 60819.62760001 10
NOAA-15              60819.68711423 60819.69764964 77
NOAA-15              60819.75785038 60819.76623379 13
NOAA-15              60820.19730045 60820.20733454 29
NOAA-18              60803.29968442 60803.30593072 5
NOAA-18              60803.36799045 60803.37886188 55
NOAA-18              60803.43820831 60803.44781126 21
NOAA-18              60803.77585886 60803.78469582 14
NOAA-18              60803.84410626 60803.85516723 85
NOAA-18              60803.91593668 60803.92415042 10
NOAA-18              60804.29151234 60804.29584912 2
NOAA-18              60804.35909124 60804.36979484 42
NOAA-18              60804.42915255 60804.43916450 27
NOAA-18              60804.76738802 60804.77556632 11
NOAA-18              60804.83518554 60804.84620901 75
NOAA-18              60804.90643623 60804.91547656 14
NOAA-18              60805.35021583 60805.36066730 33
NOAA-18              60805.42011731 60805.43046022 34
NOAA-18              60805.49163735 60805.49649740 3
NOAA-18              60805.75899911 60805.76639380 8
NOAA-18              60805.82631650 60805.83723155 58
NOAA-18              60805.89707311 60805.90673033 19
NOAA-18              60806.34137385 60806.35147390 25
NOAA-18              60806.41110091 60806.42170105 43
NOAA-18              60806.48224255 60806.48838617 5
NOAA-18              60806.75071105 60806.75716016 6
NOAA-18              60806.81749912 60806.82823539 45
NOAA-18              60806.88779689 60806.89793206 24
NOAA-18              60807.33257063 60807.34220648 19
NOAA-18              60807.40210248 60807.41288859 55
NOAA-18              60807.47299131 60807.48011822 8
NOAA-18              60807.74261452 60807.74782905 4
NOAA-18              60807.80873536 60807.81922037 35
NOAA-18              60807.87859509 60807.88909309 32
NOAA-18              60808.32381681 60808.33285298 15
NOAA-18              60808.39312191 60808.40402372 72
NOAA-18              60808.46380643 60808.47174255 10
NOAA-18              60808.80002399 60808.81018591 28
NOAA-18              60808.86945935 60808.88022104 41
NOAA-18              60809.31513020 60809.32339469 11
NOAA-18              60809.38415941 60809.39510649 87
NOAA-18              60809.45466687 60809.46328097 14
NOAA-18              60809.79136911 60809.80113028 22
NOAA-18              60809.86038393 60809.87132095 53
NOAA-18              60809.93346769 60809.93954423 5
NOAA-18              60810.30654079 60810.31379865 7
NOAA-18              60810.37521646 60810.38613617 69
NOAA-18              60810.44556116 60810.45474586 17
NOAA-18              60810.78277395 60810.79205092 17
NOAA-18              60810.85136493 60810.86239649 70
NOAA-18              60810.92369467 60810.93109620 8
NOAA-18              60811.29811290 60811.30399728 4
NOAA-18              60811.36629470 60811.37711113 52
NOAA-18              60811.43648250 60811.44614481 22
NOAA-18              60811.77424394 60811.78294344 14
NOAA-18              60811.84239976 60811.85345018 89
NOAA-18              60811.91411486 60811.92249497 11
NOAA-18              60812.35739463 60812.36802868 40
NOAA-18              60812.42742666 60812.43748325 28
NOAA-18              60812.76578677 60812.77380115 10
NOAA-18              60812.83348691 60812.84448373 72
NOAA-18              60812.90463443 60812.91380122 15
NOAA-18              60813.34852342 60813.35888473 31
NOAA-18              60813.41839103 60813.42876471 35
NOAA-18              60813.48984073 60813.49493489 3
NOAA-18              60813.75741498 60813.76461262 8
NOAA-18              60813.82462571 60813.83549815 55
NOAA-18              60813.89528698 60813.90503924 20
NOAA-18              60814.33968501 60814.34967333 24
NOAA-18              60814.40937407 60814.41999160 45
NOAA-18              60814.48046599 60814.48678728 6
NOAA-18              60814.74915027 60814.75535680 5
NOAA-18              60814.81581631 60814.82649383 43
NOAA-18              60814.88602360 60814.89622801 26
NOAA-18              60815.33088737 60815.34038574 18
NOAA-18              60815.40037505 60815.41116540 58
NOAA-18              60815.47122428 60815.47849397 8
NOAA-18              60815.74109201 60815.74598912 3
NOAA-18              60815.80706078 60815.81747053 34
NOAA-18              60815.87683275 60815.88737773 33
NOAA-18              60816.32214239 60816.33100874 14
NOAA-18              60816.39139395 60816.40228681 76
NOAA-18              60816.46204431 60816.47009776 11
NOAA-18              60816.79835821 60816.80842736 27
NOAA-18              60816.86770668 60816.87849561 43
NOAA-18              60816.94160085 60816.94613748 2
NOAA-18              60817.31346938 60817.32152121 10
NOAA-18              60817.38243129 60817.39335574 84
NOAA-18              60817.45290724 60817.46161825 14
NOAA-18              60817.78971283 60817.79936251 21
NOAA-18              60817.85864007 60817.86958619 56
NOAA-18              60817.93155826 60817.93791797 5
NOAA-18              60818.30490370 60818.31188550 6
NOAA-18              60818.37348847 60818.38437127 65
NOAA-18              60818.44380263 60818.45306679 18
NOAA-18              60818.78112822 60818.79027308 17
NOAA-18              60818.84962931 60818.86065295 73
NOAA-18              60818.92182764 60818.92942869 8
NOAA-18              60819.29652390 60819.30201904 4
NOAA-18              60819.36456720 60819.37533158 49
NOAA-18              60819.43472424 60819.44445051 23
NOAA-18              60819.77261033 60819.78115410 13
NOAA-18              60819.84067203 60819.85169822 87
NOAA-19              60803.29895566 60803.30901845 25
NOAA-19              60803.36867729 60803.37925744 43
NOAA-19              60803.43981547 60803.44595510 5
NOAA-19              60803.70841238 60803.71476302 6
NOAA-19              60803.77522025 60803.78584298 45
NOAA-19              60803.84554774 60803.85552554 24
NOAA-19              60804.29031107 60804.29991877 19
NOAA-19              60804.35983864 60804.37060804 56
NOAA-19              60804.43072677 60804.43784257 8
NOAA-19              60804.70046644 60804.70559393 3
NOAA-19              60804.76661323 60804.77698981 35
NOAA-19              60804.83650568 60804.84684957 31
NOAA-19              60805.28171478 60805.29073486 15
NOAA-19              60805.35101736 60805.36190751 72
NOAA-19              60805.42170308 60805.42962487 10
NOAA-19              60805.75805688 60805.76811744 28
NOAA-19              60805.82752856 60805.83814038 40
NOAA-19              60806.27318398 60806.28144868 11
NOAA-19              60806.34221384 60806.35315587 88
NOAA-19              60806.41272387 60806.42132320 14
NOAA-19              60806.74955511 60806.75922441 22
NOAA-19              60806.81861058 60806.82940311 52
NOAA-19              60806.89181696 60806.89752590 4
NOAA-19              60807.26474726 60807.27202872 7
NOAA-19              60807.33342896 60807.34435240 69
NOAA-19              60807.40377792 60807.41294962 17
NOAA-19              60807.74111094 60807.75030828 18
NOAA-19              60807.80974777 60807.82064151 67
NOAA-19              60807.88217313 60807.88927135 7
NOAA-19              60808.25646526 60808.26241133 4
NOAA-19              60808.32466477 60808.33549557 53
NOAA-19              60808.39485853 60808.40451152 22
NOAA-19              60808.73272953 60808.74136485 14
NOAA-19              60808.80093746 60808.81185817 87
NOAA-19              60808.87273605 60808.88084892 10
NOAA-19              60809.31592159 60809.32658282 41
NOAA-19              60809.38596153 60809.39601421 28
NOAA-19              60809.72441809 60809.73238792 11
NOAA-19              60809.79217804 60809.80305484 74
NOAA-19              60809.86340395 60809.87232797 14
NOAA-19              60810.30720611 60810.31761030 31
NOAA-19              60810.37708432 60810.38746114 35
NOAA-19              60810.44854632 60810.45359804 3
NOAA-19              60810.71618834 60810.72336682 8
NOAA-19              60810.78346871 60810.79423262 57
NOAA-19              60810.85420585 60810.86373580 19
NOAA-19              60811.29852209 60811.30857248 24
NOAA-19              60811.36822534 60811.37885467 45
NOAA-19              60811.43932947 60811.44561351 5
NOAA-19              60811.70806032 60811.71428218 5
NOAA-19              60811.77480958 60811.78539200 44
NOAA-19              60811.84509259 60811.85509245 24
NOAA-19              60812.28987684 60812.29946124 19
NOAA-19              60812.35938386 60812.37019628 57
NOAA-19              60812.43024548 60812.43748403 8
NOAA-19              60812.70012844 60812.70509405 3
NOAA-19              60812.76620247 60812.77653280 35
NOAA-19              60812.83605187 60812.84640905 31
NOAA-19              60813.28128108 60813.29026440 14
NOAA-19              60813.35055978 60813.36148670 74
NOAA-19              60813.42122332 60813.42925259 11
NOAA-19              60813.75764631 60813.76765435 27
NOAA-19              60813.82707550 60813.83769295 41
NOAA-19              60814.27275275 60814.28096308 10
NOAA-19              60814.34175345 60814.35272589 86
NOAA-19              60814.41224399 60814.42093886 14
NOAA-19              60814.74914501 60814.75875507 22
NOAA-19              60814.81815788 60814.82894919 53
NOAA-19              60814.89127495 60814.89713080 4
NOAA-19              60815.26432212 60815.27152411 7
NOAA-19              60815.33296616 60815.34391310 67
NOAA-19              60815.40329696 60815.41255421 18
NOAA-19              60815.74070181 60815.74983240 17
NOAA-19              60815.80929516 60815.82018139 69
NOAA-19              60815.88165077 60815.88885156 7
NOAA-19              60816.25605434 60816.26187909 4
NOAA-19              60816.32419969 60816.33504667 51
NOAA-19              60816.39437592 60816.40410570 23
NOAA-19              60816.73232202 60816.74088191 13
NOAA-19              60816.80048479 60816.81139205 89
NOAA-19              60816.87222393 60816.88041356 11
NOAA-19              60817.31545455 60817.32612396 40
NOAA-19              60817.38547692 60817.39559837 28
NOAA-19              60817.72401318 60817.73189721 10
NOAA-19              60817.79172524 60817.80258287 72
NOAA-19              60817.86289790 60817.87188088 15
NOAA-19              60818.30673741 60818.31714097 31
NOAA-19              60818.37659749 60818.38703551 36
NOAA-19              60818.44800880 60818.45325204 4
NOAA-19              60818.71578765 60818.72286672 7
NOAA-19              60818.78301574 60818.79375489 55
NOAA-19              60818.85370375 60818.86327919 19
NOAA-19              60819.29805240 60819.30809198 24
NOAA-19              60819.36773619 60819.37841943 46
NOAA-19              60819.43880427 60819.44524237 6
NOAA-19              60819.70766679 60819.71377000 5
NOAA-19              60819.77435664 60819.78490860 43
NOAA-19              60819.84459308 60819.85462757 25
NOAA-19              60820.28940706 60820.29896855 18
METOA                60803.33104224 60803.33673446 4
METOA                60803.39658986 60803.40665321 55
METOA                60803.46402083 60803.47284741 19
METOA                60803.78904019 60803.79510072 6
METOA                60803.85351953 60803.86329606 49
METOA                60803.92132028 60803.93003858 18
METOA                60804.34836976 60804.35618234 11
METOA                60804.41470066 60804.42480908 78
METOA                60804.48248883 60804.49014119 11
METOA                60804.80602529 60804.81374498 12
METOA                60804.87148637 60804.88148259 81
METOA                60804.94032294 60804.94770209 10
METOA                60805.36608254 60805.37508791 20
METOA                60805.43289564 60805.44274586 46
METOA                60805.50119383 60805.50707297 5
METOA                60805.82334981 60805.83219390 20
METOA                60805.88966730 60805.89957616 50
METOA                60805.95990293 60805.96489824 3
METOA                60806.38398753 60806.39365751 35
METOA                60806.45117279 60806.46046145 27
METOA                60806.77740374 60806.78184088 3
METOA                60806.84093066 60806.85052280 33
METOA                60806.90808022 60806.91755882 28
METOA                60807.33624231 60807.34241959 6
METOA                60807.40201886 60807.41196632 63
METOA                60807.46954547 60807.47793658 16
METOA                60807.79395995 60807.80072428 8
METOA                60807.85873298 60807.86875765 58
METOA                60807.92677048 60807.93538891 16
METOA                60808.35368017 60808.36168294 13
METOA                60808.42014245 60808.43004639 68
METOA                60808.48805458 60808.49512287 9
METOA                60808.81105215 60808.81927489 14
METOA                60808.87674779 60808.88690473 77
METOA                60808.94587575 60808.95296406 8
METOA                60809.37143656 60809.38047622 23
METOA                60809.43834966 60809.44790772 38
METOA                60809.50686334 60809.51188230 4
METOA                60809.82844586 60809.83766639 23
METOA                60809.89497868 60809.90495705 43
METOA                60809.96570136 60809.96993437 2
METOA                60810.38936457 60810.39895757 40
METOA                60810.45664273 60810.46554336 23
METOA                60810.78211755 60810.78751571 4
METOA                60810.84608034 60810.85595041 39
METOA                60810.91344918 60810.92289171 25
METOA                60811.34144499 60811.34796587 7
METOA                60811.40740996 60811.41718843 71
METOA                60811.47504236 60811.48292668 13
METOA                60811.79890028 60811.80624008 9
METOA                60811.86393220 60811.87414516 69
METOA                60811.93224796 60811.94065563 14
METOA                60812.35896312 60812.36707732 14
METOA                60812.42554504 60812.43519418 57
METOA                60812.49364586 60812.49998759 7
METOA                60812.81607863 60812.82471696 16
METOA                60812.88199465 60812.89225255 67
METOA                60812.95144186 60812.95812668 7
METOA                60813.37675370 60813.38576938 26
METOA                60813.44376472 60813.45297991 32
METOA                60813.51259054 60813.51650644 2
METOA                60813.83353339 60813.84305773 27
METOA                60813.90027695 60813.91026155 38
METOA                60814.32963353 60814.33366787 2
METOA                60814.39470233 60814.40416795 46
METOA                60814.46207645 60814.47053309 19
METOA                60814.78694414 60814.79304162 6
METOA                60814.85121864 60814.86129963 46
METOA                60814.91880899 60814.92814412 22
METOA                60815.34663022 60815.35339331 8
METOA                60815.41275740 60815.42232369 76
METOA                60815.48054964 60815.48781423 11
METOA                60815.80385011 60815.81165600 11
METOA                60815.86911779 60815.87945484 80
METOA                60815.93769215 60815.94583530 12
METOA                60816.36420890 60816.37237455 16
METOA                60816.43094996 60816.44025979 48
METOA                60816.49919370 60816.50473014 5
METOA                60816.82110082 60816.83007143 19
METOA                60816.88722825 60816.89752157 58
METOA                60816.95703583 60816.96317241 5
METOA                60817.38202652 60817.39097389 29
METOA                60817.44917672 60817.45796296 27
METOA                60817.77537760 60817.77954296 2
METOA                60817.83861118 60817.84836630 31
METOA                60817.90556402 60817.91548483 33
METOA                60818.33462485 60818.33922780 3
METOA                60818.39998975 60818.40929402 53
METOA                60818.46751025 60818.47542964 16
METOA                60818.79179993 60818.79844520 7
METOA                60818.85634445 60818.86656778 54
METOA                60818.92416262 60818.93331013 19
METOA                60819.35178272 60819.35871682 9
METOA                60819.41805544 60819.42737682 72
METOA                60819.48598844 60819.49260201 8
METOA                60819.80880128 60819.81697603 13
METOA                60819.87428999 60819.88468349 87
METOA                60819.94314238 60819.95091637 10
METOA                60820.36940866 60820.37758317 18
METOB                60803.25285165 60803.26153374 13
METOB                60803.32172881 60803.33246218 76
METOB                60803.39203334 60803.39991925 11
METOB                60803.72664427 60803.73625514 23
METOB                60803.79544698 60803.80603804 48
METOB                60803.86854292 60803.87360675 3
METOB                60804.23897894 60804.24622145 7
METOB                60804.30734205 60804.31809199 71
METOB                60804.37736356 60804.38626896 16
METOB                60804.71283143 60804.72165965 16
METOB                60804.78094846 60804.79170214 74
METOB                60804.85276407 60804.86010929 8
METOB                60805.22553290 60805.23037243 3
METOB                60805.29301152 60805.30358163 46
METOB                60805.36277302 60805.37244206 24
METOB                60805.69919731 60805.70698218 10
METOB                60805.76658906 60805.77731061 73
METOB                60805.83745016 60805.84621885 14
METOB                60806.27874549 60806.28891896 30
METOB                60806.34824243 60806.35846174 35
METOB                60806.41938033 60806.42426473 3
METOB                60806.68579322 60806.69217553 6
METOB                60806.75236443 60806.76286898 48
METOB                60806.82244939 60806.83213706 22
METOB                60807.26456972 60807.27408068 20
METOB                60807.33376311 60807.34434018 53
METOB                60807.40436003 60807.41112243 7
METOB                60807.67281873 60807.67709804 2
METOB                60807.73827688 60807.74837789 32
METOB                60807.80765478 60807.81793817 33
METOB                60808.25052244 60808.25902267 12
METOB                60808.31933245 60808.33008304 81
METOB                60808.38958977 60808.39765547 11
METOB                60808.72433106 60808.73383378 22
METOB                60808.79302854 60808.80365636 51
METOB                60808.86588264 60808.87139658 4
METOB                60809.23669117 60809.24364994 7
METOB                60809.30495248 60809.31569028 67
METOB                60809.37493281 60809.38397429 17
METOB                60809.71054222 60809.71922589 15
METOB                60809.77855055 60809.78930992 79
METOB                60809.85020848 60809.85780812 9
METOB                60810.22337652 60810.22765512 2
METOB                60810.29062994 60810.30115603 43
METOB                60810.36035104 60810.37012118 25
METOB                60810.69693793 60810.70453107 9
METOB                60810.76421063 60810.77490899 69
METOB                60810.83494445 60810.84387935 15
METOB                60811.27637425 60811.28646661 28
METOB                60811.34582735 60811.35611694 37
METOB                60811.41686566 60811.42209349 4
METOB                60811.68357643 60811.68969491 5
METOB                60811.75000536 60811.76045824 45
METOB                60811.81997760 60811.82977486 23
METOB                60812.26221361 60812.27159657 18
METOB                60812.33135415 60812.34197285 57
METOB                60812.40189096 60812.40888593 7
METOB                60812.73593780 60812.74595805 30
METOB                60812.80520941 60812.81556010 35
METOB                60813.24819055 60813.25649672 11
METOB                60813.31692968 60813.32769345 86
METOB                60813.38714105 60813.39537997 12
METOB                60813.72201376 60813.73140358 20
METOB                60813.79060563 60813.80126593 55
METOB                60813.86323830 60813.86915758 4
METOB                60814.23440652 60814.24105760 6
METOB                60814.30255661 60814.31327789 62
METOB                60814.37249614 60814.38166883 18
METOB                60814.70824980 60814.71678276 14
METOB                60814.77614802 60814.78690916 84
METOB                60814.84765420 60814.85549265 10
METOB                60815.28824042 60815.29871914 40
METOB                60815.35792281 60815.36778966 27
METOB                60815.69467665 60815.70206946 9
METOB                60815.76182754 60815.77249894 64
METOB                60815.83243648 60815.84152902 16
METOB                60816.27399779 60816.28400249 26
METOB                60816.34340590 60816.35376178 40
METOB                60816.41435406 60816.41990213 4
METOB                60816.68136141 60816.68720032 5
METOB                60816.74764176 60816.75803924 42
METOB                60816.81750233 60816.82740299 25
METOB                60817.25985337 60817.26909945 17
METOB                60817.32893881 60817.33959507 61
METOB                60817.39941842 60817.40663587 8
METOB                60817.73359447 60817.74352966 28
METOB                60817.80275988 60817.81317296 38
METOB                60818.24585680 60818.25395521 10
METOB                60818.31452072 60818.32529328 87
METOB                60818.38468715 60818.39309269 13
METOB                60818.71969247 60818.72896456 19
METOB                60818.78817823 60818.79886684 59
METOB                60818.86060563 60818.86689438 5
METOB                60819.23212701 60819.23844233 5
METOB                60819.30015476 60819.31085466 58
METOB                60819.37005360 60819.37935213 19
METOB                60819.70595435 60819.71433021 13
METOB                60819.77374086 60819.78449993 89
METOB                60819.84510051 60819.85316348 10
