iss                  60803.60033437 60803.60785653 70
iss                  60803.66880022 60803.67397564 6
iss                  60803.94483500 60803.94934622 4
iss                  60804.01072483 60804.01822549 87
iss                  60804.07960932 60804.08297299 2
iss                  60804.56672025 60804.57390793 28
iss                  60804.63422514 60804.64065022 13
iss                  60804.97698193 60804.98429594 35
iss                  60805.04471183 60805.05042476 9
iss                  60805.53335616 60805.53971968 13
iss                  60805.59993863 60805.60710367 25
iss                  60805.94335775 60805.95011529 17
iss                  60806.01037352 60806.01721185 19
iss                  60806.50032503 60806.50512951 5
iss                  60806.56587429 60806.57338765 55
iss                  60806.63531873 60806.63882366 2
iss                  60806.90985366 60806.91563778 9
iss                  60806.97628454 60806.98365967 43
iss                  60807.53201186 60807.53950675 58
iss                  60807.60027227 60807.60575065 7
iss                  60807.87663285 60807.88073100 3
iss                  60807.94235669 60807.94984520 73
iss                  60808.01093498 60808.01493684 3
iss                  60808.49836142 60808.50543522 24
iss                  60808.56567971 60808.57229324 14
iss                  60808.90855654 60808.91578656 30
iss                  60808.97612049 60808.98211617 10
iss                  60809.46498096 60809.47110270 11
iss                  60809.53135866 60809.53863004 28
iss                  60809.87485464 60809.88146814 15
iss                  60809.94176099 60809.94874521 22
iss                  60810.43199724 60810.43629518 4
iss                  60810.49725511 60810.50480005 67
iss                  60810.56640083 60810.57044487 3
iss                  60810.84133208 60810.84683580 7
iss                  60810.90762804 60810.91505612 53
iss                  60811.46335494 60811.47080088 47
iss                  60811.53139926 60811.53717568 8
iss                  60811.80813222 60811.81170645 2
iss                  60811.87364741 60811.88110959 59
iss                  60811.94194782 60811.94651624 4
iss                  60812.42967593 60812.43659948 21
iss                  60812.49679018 60812.50358741 17
iss                  60812.83977244 60812.84691600 26
iss                  60812.90718731 60812.91345638 12
iss                  60813.39629442 60813.40210823 9
iss                  60813.46243788 60813.46980594 34
iss                  60813.80603970 60813.81245338 13
iss                  60813.87280618 60813.87992782 27
iss                  60814.36341692 60814.36702309 3
iss                  60814.42829940 60814.43585864 83
iss                  60814.49715562 60814.50169493 4
iss                  60814.77248713 60814.77765138 6
iss                  60814.83863003 60814.84609883 66
iss                  60815.39436713 60815.40173627 38
iss                  60815.46218426 60815.46824933 10
iss                  60815.80459876 60815.81201590 48
iss                  60815.87264145 60815.87772013 6
iss                  60816.36066892 60816.36739641 17
iss                  60816.42755973 60816.43453104 19
iss                  60816.77067071 60816.77768159 22
iss                  60816.83791594 60816.84444301 15
iss                  60817.32724845 60817.33272490 7
iss                  60817.39317949 60817.40062937 41
iss                  60817.73689399 60817.74306553 11
iss                  60817.80351067 60817.81075693 32
iss                  60818.35901059 60818.36656121 79
iss                  60818.42758138 60818.43257895 5
iss                  60818.70332668 60818.70807474 5
iss                  60818.76929227 60818.77678501 84
iss                  60819.32505278 60819.33230976 31
iss                  60819.39263065 60819.39897002 12
iss                  60819.73521249 60819.74256096 38
iss                  60819.80301248 60819.80855296 8
iss                  60820.29134687 60820.29782046 14
iss                  60820.35799154 60820.36512244 23
iss                  60820.70125616 60820.70807985 18
iss                  60820.76830795 60820.77507335 18
iss                  60821.25796826 60821.26293985 6
iss                  60821.32358667 60821.33109841 52
iss                  60821.66742170 60821.67329838 9
iss                  60821.73387647 60821.74122949 41
iss                  60822.28939215 60822.29690522 61
iss                  60822.35767809 60822.36309943 7
iss                  60822.63386388 60822.63809039 4
iss                  60822.69961670 60822.70711153 76
iss                  60822.76824435 60822.77209949 3
iss                  60823.25541662 60823.26251762 25
iss                  60823.32274117 60823.32933671 14
iss                  60823.66549081 60823.67274129 31
iss                  60823.73305934 60823.73901615 10
iss                  60824.22171841 60824.22786397 11
iss                  60824.28808882 60824.29535977 28
iss                  60824.63149135 60824.63810477 15
iss                  60824.69836405 60824.70534479 22
iss                  60825.18843019 60825.19272389 4
iss                  60825.25366283 60825.26121092 67
iss                  60825.32277540 60825.32684491 3
iss                  60825.59762880 60825.60314395 7
AO-07                60803.47188638 60803.48601629 30
AO-07                60803.54951813 60803.56444752 42
AO-07                60803.98237236 60803.99548646 20
AO-07                60804.05968069 60804.07480288 58
AO-07                60804.14063759 60804.14827641 5
AO-07                60804.43307303 60804.44289304 8
AO-07                60804.50766502 60804.52311271 74
AO-07                60804.58770621 60804.59986661 15
AO-07                60805.01813465 60805.03326898 54
AO-07                60805.09696505 60805.11025075 23
AO-07                60805.46716371 60805.48096498 27
AO-07                60805.54447770 60805.55959152 48
AO-07                60805.97766063 60805.99027056 17
AO-07                60806.05470575 60806.06994044 65
AO-07                60806.13527704 60806.14400041 6
AO-07                60806.42876434 60806.43761633 7
AO-07                60806.50278916 60806.51814962 66
AO-07                60806.58245344 60806.59519182 18
AO-07                60807.01326105 60807.02824682 47
AO-07                60807.09189719 60807.10555628 26
AO-07                60807.46247196 60807.47589813 23
AO-07                60807.53945875 60807.55471966 54
AO-07                60807.97298595 60807.98501393 15
AO-07                60808.04974213 60808.06505854 74
AO-07                60808.12999196 60808.13963118 8
AO-07                60808.42448805 60808.43226503 5
AO-07                60808.49793011 60808.51317513 58
AO-07                60808.57724163 60808.59047984 21
AO-07                60809.00840457 60809.02320377 42
AO-07                60809.08684470 60809.10083432 30
AO-07                60809.45781021 60809.47081462 20
AO-07                60809.53446044 60809.54983305 61
AO-07                60809.61730844 60809.62416506 3
AO-07                60809.96835642 60809.97970905 12
AO-07                60810.04479008 60810.06015757 82
AO-07                60810.12476082 60810.13519131 10
AO-07                60810.42034453 60810.42680094 3
AO-07                60810.49309152 60810.50818919 51
AO-07                60810.57206539 60810.58573642 24
AO-07                60811.00356515 60811.01813860 36
AO-07                60811.08180634 60811.09608690 34
AO-07                60811.45318142 60811.46571194 18
AO-07                60811.52948218 60811.54493262 69
AO-07                60811.61157830 60811.61994807 5
AO-07                60811.96378248 60811.97434506 10
AO-07                60812.03984942 60812.05523775 88
AO-07                60812.11957040 60812.13069422 12
AO-07                60812.48827406 60812.50319163 45
AO-07                60812.56692070 60812.58096554 27
AO-07                60812.99874455 60813.01304996 32
AO-07                60813.07678118 60813.09131556 39
AO-07                60813.44858874 60813.46058750 15
AO-07                60813.52452354 60813.54001910 78
AO-07                60813.60601780 60813.61556704 7
AO-07                60813.95928751 60813.96890540 8
AO-07                60814.03492071 60814.05029917 79
AO-07                60814.11441236 60814.12614915 15
AO-07                60814.48347236 60814.49818203 40
AO-07                60814.56180448 60814.57617068 31
AO-07                60814.99394481 60815.00793607 28
AO-07                60815.07176852 60815.08652155 44
AO-07                60815.44403680 60815.45543758 13
AO-07                60815.51958427 60815.53509310 87
AO-07                60815.60056663 60815.61108060 9
AO-07                60815.95488779 60815.96336235 5
AO-07                60816.03000440 60816.04534175 71
AO-07                60816.10928102 60816.12156246 17
AO-07                60816.47869961 60816.49316016 35
AO-07                60816.55671435 60816.57135455 36
AO-07                60816.98916863 60817.00279469 24
AO-07                60817.06676784 60817.08170604 50
AO-07                60817.14834462 60817.15430685 3
AO-07                60817.43953137 60817.45025699 11
AO-07                60817.51466426 60817.53015507 84
AO-07                60817.59519469 60817.60651844 12
AO-07                60817.95063962 60817.95766184 3
AO-07                60818.02510100 60818.04036530 63
AO-07                60818.10417232 60818.11693903 20
AO-07                60818.47395065 60818.48812515 31
AO-07                60818.55164842 60818.56651891 41
AO-07                60818.98441886 60818.99762272 21
AO-07                60819.06177880 60819.07686964 56
AO-07                60819.14282871 60819.15020811 4
AO-07                60819.43508045 60819.44503833 9
AO-07                60819.50976352 60819.52520536 75
AO-07                60819.58988430 60819.60189819 14
AO-07                60820.02021149 60820.03536943 55
AO-07                60820.09908327 60820.11228248 23
AO-07                60820.46922754 60820.48307621 27
AO-07                60820.54660523 60820.56166593 46
AO-07                60820.97969994 60820.99241649 18
AO-07                60821.05680119 60821.07201328 64
AO-07                60821.13744706 60821.14595817 6
AO-07                60821.43075855 60821.43977179 7
AO-07                60821.50488536 60821.52024416 67
AO-07                60821.58462399 60821.59723142 17
AO-07                60822.01533463 60822.03035357 49
AO-07                60822.09401165 60822.10759593 26
AO-07                60822.46453176 60822.47801223 24
LO-19                60803.49785391 60803.50753186 29
LO-19                60803.56696710 60803.57602992 19
LO-19                60804.01361415 60804.02337931 28
LO-19                60804.08260884 60804.09181646 21
LO-19                60804.47601727 60804.48408692 12
LO-19                60804.54357191 60804.55371448 46
LO-19                60804.99160943 60804.99961676 11
LO-19                60805.05941091 60805.06963341 49
LO-19                60805.45533597 60805.45975774 3
LO-19                60805.52068821 60805.53100466 72
LO-19                60805.59161785 60805.59806888 6
LO-19                60806.03655497 60806.04695606 69
LO-19                60806.10677895 60806.11372204 8
LO-19                60806.49827364 60806.50796344 30
LO-19                60806.56739007 60806.57645854 19
LO-19                60807.01404277 60807.02380549 28
LO-19                60807.08303997 60807.09223915 21
LO-19                60807.47643338 60807.48451935 12
LO-19                60807.54399255 60807.55414294 46
LO-19                60807.99203582 60808.00004281 11
LO-19                60808.05983992 60808.07005590 49
LO-19                60808.45574274 60808.46019678 3
LO-19                60808.52110658 60808.53143286 73
LO-19                60808.59203925 60808.59849421 6
LO-19                60809.03698213 60809.04737804 69
LO-19                60809.10721006 60809.11413912 8
LO-19                60809.49868951 60809.50839158 30
LO-19                60809.56780877 60809.57688396 19
LO-19                60810.01446810 60810.02422689 28
LO-19                60810.08346772 60810.09265731 21
LO-19                60810.47684592 60810.48494823 12
LO-19                60810.54440929 60810.55456805 46
LO-19                60810.99245909 60811.00046385 11
LO-19                60811.06026551 60811.07047382 48
LO-19                60811.45614638 60811.46063191 3
LO-19                60811.52152119 60811.53185761 73
LO-19                60811.59245642 60811.59891652 6
LO-19                60812.03740587 60812.04779540 69
LO-19                60812.10763775 60812.11455170 8
LO-19                60812.49910176 60812.50881617 30
LO-19                60812.56822374 60812.57730606 19
LO-19                60813.01489005 60813.02464356 28
LO-19                60813.08389196 60813.09307098 21
LO-19                60813.47725502 60813.48537343 12
LO-19                60813.54482225 60813.55498973 46
LO-19                60813.99287913 60814.00087996 11
LO-19                60814.06068757 60814.07088722 48
LO-19                60814.45654708 60814.46106292 3
LO-19                60814.52193215 60814.53227880 73
LO-19                60814.59286953 60814.59933566 6
LO-19                60815.03782608 60815.04820817 70
LO-19                60815.10806190 60815.11495984 8
LO-19                60815.49951050 60815.50923708 30
LO-19                60815.56863490 60815.57772473 19
LO-19                60816.01530851 60816.02505557 28
LO-19                60816.08431259 60816.09348022 21
LO-19                60816.47766082 60816.48579480 13
LO-19                60816.54523155 60816.55540785 46
LO-19                60816.99329581 60817.00129121 11
LO-19                60817.06110599 60817.07129635 48
LO-19                60817.45694504 60817.46148960 3
LO-19                60817.52233958 60817.53269631 73
LO-19                60817.59327876 60817.59975147 6
LO-19                60818.03824264 60818.04861645 70
LO-19                60818.10848236 60818.11536361 8
LO-19                60818.49991586 60818.50965421 30
LO-19                60818.56904239 60818.57813985 19
LO-19                60819.01572335 60819.02546300 28
LO-19                60819.08472947 60819.09388509 20
LO-19                60819.47806343 60819.48621221 13
LO-19                60819.54563731 60819.55582228 46
LO-19                60819.99370898 60820.00169772 11
LO-19                60820.06152066 60820.07170089 48
LO-19                60820.45734044 60820.46191174 3
LO-19                60820.52274358 60820.53311003 73
LO-19                60820.59368426 60820.60016377 6
LO-19                60821.03865544 60821.04902029 70
LO-19                60821.10889898 60821.11576312 8
LO-19                60821.50031794 60821.51006742 30
LO-19                60821.56944632 60821.57855128 19
LO-19                60822.01613444 60822.02586594 28
LO-19                60822.08514249 60822.09428569 20
LO-19                60822.47846298 60822.48662551 13
LO-19                60822.54603963 60822.55623290 46
LO-19                60822.99411851 60823.00209959 11
LO-19                60823.06193145 60823.07210114 48
LO-19                60823.45773345 60823.46232914 3
LO-19                60823.52314426 60823.53351983 73
LO-19                60823.59408618 60823.60057242 6
LO-19                60824.03906434 60824.04941981 70
LO-19                60824.10931161 60824.11615849 8
LO-19                60824.50071683 60824.51047659 30
LO-19                60824.56984681 60824.57895889 19
LO-19                60825.01654166 60825.02626449 28
LO-19                60825.08555151 60825.09468212 20
LO-19                60825.47885955 60825.48703458 13
LO-19                60825.54643861 60825.55663959 46
LO-19                60825.99452425 60826.00249695 11
LO-19                60826.06233823 60826.07249718 48
FO-29                60803.69220329 60803.70300945 17
FO-29                60803.76435888 60803.77677675 49
FO-29                60804.18229790 60804.19157595 17
FO-29                60804.25430430 60804.26501367 35
FO-29                60804.72597407 60804.73868488 52
FO-29                60804.79970459 60804.81010240 17
FO-29                60805.21587202 60805.22681231 58
FO-29                60805.29051678 60805.29833896 9
FO-29                60805.68854609 60805.69926550 16
FO-29                60805.76054879 60805.77323603 54
FO-29                60806.17880398 60806.18768296 15
FO-29                60806.25059099 60806.26127925 39
FO-29                60806.72223142 60806.73505023 48
FO-29                60806.79581232 60806.80668386 19
FO-29                60807.21225368 60807.22300833 51
FO-29                60807.28662035 60807.29473190 10
FO-29                60807.68490390 60807.69551044 15
FO-29                60807.75674866 60807.76968829 59
FO-29                60807.83248996 60807.83815161 3
FO-29                60808.17531694 60808.18378154 13
FO-29                60808.24687684 60808.25754260 43
FO-29                60808.71849908 60808.73140838 44
FO-29                60808.79193662 60808.80325098 21
FO-29                60809.20863461 60809.21920296 46
FO-29                60809.28276341 60809.29111191 11
FO-29                60809.68127860 60809.69174232 14
FO-29                60809.75295887 60809.76613250 65
FO-29                60809.82833289 60809.83505171 5
FO-29                60810.17183109 60810.17987085 11
FO-29                60810.24316168 60810.25380458 48
FO-29                60810.71477745 60810.72775857 41
FO-29                60810.78807664 60810.79980401 24
FO-29                60811.20501479 60811.21539648 41
FO-29                60811.27891264 60811.28748323 13
FO-29                60811.67767166 60811.68795903 12
FO-29                60811.74917980 60811.76256824 70
FO-29                60811.82425824 60811.83187192 6
FO-29                60812.16836226 60812.17594982 9
FO-29                60812.23944502 60812.25006597 54
FO-29                60812.71106748 60812.72409981 38
FO-29                60812.78423182 60812.79634335 27
FO-29                60813.20139429 60813.21158976 36
FO-29                60813.27506685 60813.28384767 14
FO-29                60813.67408543 60813.68415822 11
FO-29                60813.74541183 60813.75899483 75
FO-29                60813.82024061 60813.82863629 8
FO-29                60814.16490596 60814.17201668 8
FO-29                60814.23572691 60814.24632752 60
FO-29                60814.70736982 60814.72043109 35
FO-29                60814.78040171 60814.79286913 30
FO-29                60815.19777333 60815.20778321 32
FO-29                60815.27122508 60815.28020677 16
FO-29                60815.67052234 60815.68033717 10
FO-29                60815.74165534 60815.75541159 79
FO-29                60815.81626656 60815.82535771 9
FO-29                60816.16146518 60816.16806891 6
FO-29                60816.23200725 60816.24258994 68
FO-29                60816.70368533 60816.71675135 33
FO-29                60816.77658601 60816.78938119 33
FO-29                60817.19415216 60817.20397727 28
FO-29                60817.26738662 60817.27656207 18
FO-29                60817.66698560 60817.67649243 9
FO-29                60817.73791069 60817.75181782 80
FO-29                60817.81232789 60817.82204381 11
FO-29                60818.15804530 60818.16410261 5
FO-29                60818.22828609 60818.23885363 77
FO-29                60818.70001473 60818.71305951 31
FO-29                60818.77278449 60818.78587973 36
FO-29                60819.19053117 60819.20017235 25
FO-29                60819.26355093 60819.27291444 20
FO-29                60819.66348578 60819.67262042 8
FO-29                60819.73417823 60819.74821283 78
FO-29                60819.80841922 60819.81869936 12
FO-29                60820.15471256 60820.16011242 4
FO-29                60820.22456467 60820.23511961 86
FO-29                60820.30093929 60820.30512451 2
FO-29                60820.69635879 60820.70935446 28
FO-29                60820.76899698 60820.78236416 40
FO-29                60821.18691086 60821.19636877 23
FO-29                60821.25971768 60821.26926512 23
FO-29                60821.66001326 60821.66871568 7
FO-29                60821.73045831 60821.74459583 74
FO-29                60821.80453682 60821.81532774 14
FO-29                60822.15136115 60822.15608628 3
FO-29                60822.22084106 60822.23138816 84
FO-29                60822.29674553 60822.30181135 3
FO-29                60822.69271852 60822.70563485 26
FO-29                60822.76522334 60822.77883440 43
FO-29                60823.18329184 60823.19256679 20
FO-29                60823.25588664 60823.26561501 26
FO-29                60823.65658166 60823.66477156 6
FO-29                60823.72675123 60823.74096644 69
FO-29                60823.80067796 60823.81193118 16
FO-29                60824.21711653 60824.22765972 75
FO-29                60824.29262552 60824.29842603 5
FO-29                60824.68909446 60824.70189996 24
FO-29                60824.76146347 60824.77529018 47
FO-29                60825.17967478 60825.18876635 18
FO-29                60825.25205775 60825.26196487 29
SO-50                60803.44767090 60803.45711788 37
SO-50                60803.51762643 60803.52559382 14
SO-50                60803.96271522 60803.96908124 8
SO-50                60804.03049734 60804.03957014 47
SO-50                60804.39278587 60804.39896346 6
SO-50                60804.46069414 60804.47045064 83
SO-50                60804.53247030 60804.53680480 3
SO-50                60804.97471514 60804.98312177 24
SO-50                60805.04417395 60805.05235877 18
SO-50                60805.40501334 60805.41351306 17
SO-50                60805.47405371 60805.48328844 30
SO-50                60805.98742503 60805.99657058 68
SO-50                60806.05857775 60806.06464062 6
SO-50                60806.41774388 60806.42729141 42
SO-50                60806.48788885 60806.49551667 11
SO-50                60806.93258034 60806.93938529 10
SO-50                60807.00064739 60807.00964790 40
SO-50                60807.36269881 60807.36935355 7
SO-50                60807.43080779 60807.44054071 72
SO-50                60807.94471039 60807.95329599 27
SO-50                60808.01440353 60808.02236942 16
SO-50                60808.37502238 60808.38374384 20
SO-50                60808.44421624 60808.45329076 26
SO-50                60808.95749354 60808.96667323 80
SO-50                60809.02895604 60809.03452153 5
SO-50                60809.38779888 60809.39742574 49
SO-50                60809.45814499 60809.46538893 10
SO-50                60809.90244983 60809.90963412 11
SO-50                60809.97078173 60809.97969124 35
SO-50                60810.33261064 60810.33968267 9
SO-50                60810.40090189 60810.41059282 61
SO-50                60810.91469313 60810.92343146 32
SO-50                60810.98462147 60810.99234244 14
SO-50                60811.34501454 60811.35393165 22
SO-50                60811.41436223 60811.42325288 23
SO-50                60811.86107452 60811.86510126 2
SO-50                60811.92754607 60811.93674107 85
SO-50                60811.99934888 60812.00433830 4
SO-50                60812.35783421 60812.36752140 57
SO-50                60812.42839876 60812.43520700 8
SO-50                60812.87231851 60812.87983285 13
SO-50                60812.94090047 60812.94969997 30
SO-50                60813.30251958 60813.30995892 10
SO-50                60813.37097766 60813.38060706 53
SO-50                60813.88466229 60813.89352948 37
SO-50                60813.95482890 60813.96227691 12
SO-50                60814.31498923 60814.32407745 25
SO-50                60814.38449246 60814.39317400 20
SO-50                60814.83072221 60814.83552852 4
SO-50                60814.89758321 60814.90677445 73
SO-50                60814.96986934 60814.97407374 3
SO-50                60815.26063000 60815.26512567 3
SO-50                60815.32784958 60815.33757885 66
SO-50                60815.39872016 60815.40496390 6
SO-50                60815.84218249 60815.84998492 16
SO-50                60815.91100381 60815.91967434 26
SO-50                60816.27241300 60816.28018078 12
SO-50                60816.34103299 60816.35058343 45
SO-50                60816.85461699 60816.86359061 43
SO-50                60816.92502721 60816.93217121 10
SO-50                60817.28494411 60817.29418245 29
SO-50                60817.35460793 60817.36305348 17
SO-50                60817.80036917 60817.80584181 5
SO-50                60817.86760298 60817.87677365 63
SO-50                60818.23033724 60818.23554118 4
SO-50                60818.29784491 60818.30759847 77
SO-50                60818.36899588 60818.37465328 5
SO-50                60818.81203891 60818.82009332 18
SO-50                60818.88109183 60818.88961392 23
SO-50                60819.24229449 60819.25035431 14
SO-50                60819.31106927 60819.32052190 39
SO-50                60819.82455650 60819.83361577 51
SO-50                60819.89521826 60819.90202369 9
SO-50                60820.25488125 60820.26424750 33
SO-50                60820.32470973 60820.33289012 15
SO-50                60820.77004880 60820.77607406 7
SO-50                60820.83760605 60820.84673888 53
SO-50                60821.20007236 60821.20586607 5
SO-50                60821.26781987 60821.27758059 87
SO-50                60821.33929903 60821.34425968 4
SO-50                60821.78188557 60821.79016009 21
SO-50                60821.85116509 60821.85951846 20
SO-50                60822.21216195 60822.22048176 16
SO-50                60822.28108680 60822.29042232 34
SO-50                60822.79448019 60822.80360558 60
SO-50                60822.86540455 60822.87183178 7
SO-50                60823.22479876 60823.23427335 38
SO-50                60823.29479944 60823.30268247 13
SO-50                60823.73974500 60823.74623978 8
SO-50                60823.80759234 60823.81667029 46
SO-50                60824.16981863 60824.17611771 6
SO-50                60824.23777472 60824.24752545 80
SO-50                60824.30965792 60824.31375471 2
SO-50                60824.75172074 60824.76018691 24
SO-50                60824.82122396 60824.82938757 18
SO-50                60825.18201382 60825.19056498 18
SO-50                60825.25108579 60825.26028447 29
SO-50                60825.76438760 60825.77356057 71
SO-50                60825.83558949 60825.84159192 6
HO-68                60803.39139101 60803.40496850 82
HO-68                60803.46906022 60803.47726973 7
HO-68                60803.87800818 60803.89109198 40
HO-68                60803.95301270 60803.96518937 26
HO-68                60804.30835351 60804.31632880 6
HO-68                60804.37961613 60804.39315729 73
HO-68                60804.45621912 60804.46636047 12
HO-68                60804.86646284 60804.87896533 28
HO-68                60804.94097279 60804.95380626 36
HO-68                60805.29826635 60805.30336221 2
HO-68                60805.36797040 60805.38127729 53
HO-68                60805.44370286 60805.45514995 18
HO-68                60805.85504255 60805.86668732 19
HO-68                60805.92901118 60805.94229309 50
HO-68                60806.35643784 60806.36932707 38
HO-68                60806.43139583 60806.44375431 27
HO-68                60806.84379574 60806.85421167 13
HO-68                60806.91712052 60806.93066292 70
HO-68                60806.99407983 60807.00173283 6
HO-68                60807.34503319 60807.35730039 27
HO-68                60807.41924607 60807.43222747 38
HO-68                60807.83282228 60807.84143915 7
HO-68                60807.90529857 60807.91892295 86
HO-68                60807.98153142 60807.99108429 10
HO-68                60808.33377015 60808.34518262 19
HO-68                60808.40722649 60808.42059881 53
HO-68                60808.82242770 60808.82806666 3
HO-68                60808.89354817 60808.90707501 62
HO-68                60808.96921692 60808.98012483 16
HO-68                60809.32269740 60809.33294579 13
HO-68                60809.39532259 60809.40888592 74
HO-68                60809.47348189 60809.48077480 5
HO-68                60809.88187415 60809.89511564 44
HO-68                60809.95704476 60809.96895451 23
HO-68                60810.31187629 60810.32053073 8
HO-68                60810.38352817 60810.39709880 82
HO-68                60810.46047010 60810.47002735 10
HO-68                60810.87029295 60810.88303471 32
HO-68                60810.94497511 60810.95762059 32
HO-68                60811.30153951 60811.30777988 4
HO-68                60811.37184414 60811.38524226 59
HO-68                60811.44786034 60811.45890190 16
HO-68                60811.85882560 60811.87081260 22
HO-68                60811.93298804 60811.94615003 45
HO-68                60812.36027063 60812.37331664 42
HO-68                60812.43548874 60812.44756202 23
HO-68                60812.84751151 60812.85841247 15
HO-68                60812.92107369 60812.93455878 63
HO-68                60812.99835501 60813.00517109 4
HO-68                60813.34881994 60813.36131716 30
HO-68                60813.42328850 60813.43607600 33
HO-68                60813.83642633 60813.84575985 9
HO-68                60813.90922813 60813.92285595 86
HO-68                60813.98568177 60813.99467524 9
HO-68                60814.33750268 60814.34923275 22
HO-68                60814.41122596 60814.42448002 47
HO-68                60814.82576734 60814.83266311 4
HO-68                60814.89745269 60814.91104512 70
HO-68                60814.97330289 60814.98380593 14
HO-68                60815.32636117 60815.33704109 15
HO-68                60815.39928307 60815.41279464 66
HO-68                60815.47802251 60815.48417240 3
HO-68                60815.88575112 60815.89912470 50
HO-68                60815.96108846 60815.97270057 21
HO-68                60816.31544267 60816.32469701 10
HO-68                60816.38745110 60816.40103224 90
HO-68                60816.46476379 60816.47365202 8
HO-68                60816.87413653 60816.88708723 36
HO-68                60816.94898695 60816.96141868 29
HO-68                60817.30492653 60817.31209352 5
HO-68                60817.37572932 60817.38919928 66
HO-68                60817.45204325 60817.46262924 14
HO-68                60817.86262673 60817.87491656 25
HO-68                60817.93697334 60817.94999258 40
HO-68                60818.36411583 60818.37729762 48
HO-68                60818.43959962 60818.45135287 21
HO-68                60818.85125402 60818.86258344 17
HO-68                60818.92503479 60818.93844117 56
HO-68                60819.00271083 60819.00851897 3
HO-68                60819.35262117 60819.36532435 34
HO-68                60819.42734506 60819.43991205 30
HO-68                60819.84007743 60819.85003037 11
HO-68                60819.91316607 60819.92677580 77
HO-68                60819.98986394 60819.99822487 7
HO-68                60820.34125298 60820.35327091 24
HO-68                60820.41523750 60820.42835099 42
HO-68                60820.82922908 60820.83712526 6
HO-68                60820.90136633 60820.91500180 78
HO-68                60820.97740746 60820.98745968 12
HO-68                60821.33004856 60821.34111957 17
HO-68                60821.40325459 60821.41669460 59
HO-68                60821.88963992 60821.90311937 56
HO-68                60821.96514525 60821.97642579 18
HO-68                60822.31904494 60822.32883525 11
HO-68                60822.39138479 60822.40495773 81
HO-68                60822.46911217 60822.47722343 6
HO-68                60822.87799279 60822.89112322 40
HO-68                60822.95300918 60822.96519946 26
HO-68                60823.30832774 60823.31634007 7
AO-73                60803.37203898 60803.37944080 16
AO-73                60803.43758050 60803.44543210 21
AO-73                60803.86614627 60803.87037915 3
AO-73                60803.93011278 60803.93837608 60
AO-73                60804.37141434 60804.37879388 16
AO-73                60804.43693745 60804.44481156 22
AO-73                60804.86557394 60804.86966244 3
AO-73                60804.92946381 60804.93774385 62
AO-73                60805.37080616 60805.37811756 15
AO-73                60805.43627738 60805.44417353 22
AO-73                60805.86498954 60805.86892313 3
AO-73                60805.92879773 60805.93709462 65
AO-73                60806.37018248 60806.37742259 15
AO-73                60806.43560032 60806.44351801 23
AO-73                60806.86439403 60806.86816055 2
AO-73                60806.92811456 60806.93642834 67
AO-73                60807.36954336 60807.37670894 14
AO-73                60807.43490627 60807.44284500 24
AO-73                60807.86378843 60807.86737349 2
AO-73                60807.92741435 60807.93574498 70
AO-73                60808.36888886 60808.37597656 13
AO-73                60808.43419523 60808.44215450 24
AO-73                60808.92669716 60808.93504448 73
AO-73                60809.36821906 60809.37522538 13
AO-73                60809.43346722 60809.44144650 25
AO-73                60809.92596299 60809.93432679 77
AO-73                60810.36753404 60810.37445533 12
AO-73                60810.43272225 60810.44072100 26
AO-73                60810.92521208 60810.93359188 80
AO-73                60811.36683387 60811.37366636 12
AO-73                60811.43196034 60811.43997800 27
AO-73                60811.92444426 60811.93283967 83
AO-73                60812.36611865 60812.37285837 11
AO-73                60812.43118148 60812.43921748 28
AO-73                60812.92365971 60812.93207012 87
AO-73                60813.36538849 60813.37203129 11
AO-73                60813.43038571 60813.43843946 29
AO-73                60813.92285848 60813.93128318 90
AO-73                60814.36464350 60814.37118502 10
AO-73                60814.42957285 60814.43764393 30
AO-73                60814.92204061 60814.93047877 86
AO-73                60815.36388382 60815.37031944 10
AO-73                60815.42874328 60815.43683088 31
AO-73                60815.92120386 60815.92965684 82
AO-73                60816.36310960 60816.36943444 9
AO-73                60816.42789684 60816.43600031 32
AO-73                60816.92035274 60816.92881733 79
AO-73                60816.98829711 60816.99187501 2
AO-73                60817.36232103 60817.36852987 9
AO-73                60817.42699085 60817.43514911 34
AO-73                60817.91948517 60817.92796017 75
AO-73                60817.98731675 60817.99114737 3
AO-73                60818.36151806 60818.36760557 8
AO-73                60818.42611066 60818.43428353 35
AO-73                60818.91860120 60818.92708529 71
AO-73                60818.98632657 60818.99039571 3
AO-73                60819.36070130 60819.36666140 8
AO-73                60819.42521367 60819.43340043 37
AO-73                60819.91770090 60819.92619262 68
AO-73                60819.98532550 60819.98962089 3
AO-73                60820.35987077 60820.36569695 7
AO-73                60820.42429989 60820.43249980 39
AO-73                60820.91678434 60820.92528209 64
AO-73                60820.98431274 60820.98882391 4
AO-73                60821.35902675 60821.36471227 7
AO-73                60821.42336941 60821.43158163 41
AO-73                60821.91585159 60821.92435363 61
AO-73                60821.98328767 60821.98800531 4
AO-73                60822.35816957 60822.36370691 6
AO-73                60822.42242213 60822.43064593 43
AO-73                60822.91490272 60822.92340716 58
AO-73                60822.98224979 60822.98716556 5
AO-73                60823.35729958 60823.36268054 6
AO-73                60823.42145818 60823.42969267 45
AO-73                60823.91393779 60823.92244259 55
AO-73                60823.98119880 60823.98630487 5
AO-73                60824.35641743 60824.36163275 5
AO-73                60824.42047758 60824.42872186 47
AO-73                60824.91295687 60824.92145985 52
AO-73                60824.98013440 60824.98542388 6
AO-73                60825.35552331 60825.36056296 5
AO-73                60825.41948028 60825.42773348 50
AO-73                60825.91196005 60825.92045885 49
AO-73                60825.97905615 60825.98452254 6
AO-73                60826.35461807 60826.35947086 5
AO-73                60826.41846660 60826.42672753 53
AO-73                60826.91094739 60826.91943951 47
AO-73                60826.97796397 60826.98360112 7
AO-73                60827.35370235 60827.35835538 4
AO-73                60827.41743623 60827.42570400 56
AO-73                60827.90991898 60827.91840173 44
AO-73                60827.97685768 60827.98265977 7
AO-73                60828.35277727 60828.35721571 4
AO-73                60828.41638940 60828.42466287 60
AO-73                60828.90887488 60828.91734543 42
AO-73                60828.97573714 60828.98169860 8
AO-73                60829.35184397 60829.35605064 3
AO-73                60829.41532610 60829.42360413 64
AO-73                60829.90781519 60829.91627050 40
TITA                 60803.68416730 60803.69241299 54
TITA                 60803.75154343 60803.75619112 4
TITA                 60804.17472319 60804.18175204 15
TITA                 60804.24004729 60804.24729111 19
TITA                 60804.67794930 60804.68603266 38
TITA                 60804.74468250 60804.75036188 7
TITA                 60805.16865083 60805.17513696 11
TITA                 60805.23357774 60805.24117364 25
TITA                 60805.67176578 60805.67960686 28
TITA                 60805.73795813 60805.74439264 10
TITA                 60806.16265105 60806.16841805 7
TITA                 60806.22709330 60806.23499108 35
TITA                 60806.66562060 60806.67313210 21
TITA                 60806.73131297 60806.73831670 14
TITA                 60807.15676709 60807.16155119 4
TITA                 60807.22067405 60807.22875371 49
TITA                 60807.65952045 60807.66660211 15
TITA                 60807.72472878 60807.73216458 19
TITA                 60808.21427642 60808.22246111 71
TITA                 60808.65347638 60808.66000717 11
TITA                 60808.71819271 60808.72594975 26
TITA                 60809.20789746 60809.21611448 80
TITA                 60809.64750665 60809.65332963 8
TITA                 60809.71165452 60809.71967712 36
TITA                 60810.20154123 60810.20971377 56
TITA                 60810.26853665 60810.27308834 4
TITA                 60810.64164670 60810.64653496 5
TITA                 60810.70519383 60810.71335814 51
TITA                 60811.19520804 60811.20325763 39
TITA                 60811.26169983 60811.26726225 7
TITA                 60811.63598606 60811.63953220 2
TITA                 60811.69876628 60811.70699286 74
TITA                 60812.18890106 60812.19674320 28
TITA                 60812.25497024 60812.26128976 10
TITA                 60812.69236993 60812.70058301 77
TITA                 60813.18262560 60813.19016575 20
TITA                 60813.24831162 60813.25522070 14
TITA                 60813.68600590 60813.69412907 53
TITA                 60813.75339571 60813.75789068 4
TITA                 60814.17638923 60814.18351720 15
TITA                 60814.24169338 60814.24906154 19
TITA                 60814.67967453 60814.68763028 37
TITA                 60814.74639937 60814.75196367 7
TITA                 60815.17020517 60815.17678507 11
TITA                 60815.23510964 60815.24283131 26
TITA                 60815.67337993 60815.68108448 27
TITA                 60815.73954416 60815.74588032 10
TITA                 60816.16409572 60816.16994683 7
TITA                 60816.22851169 60816.23653463 36
TITA                 60816.66712614 60816.67448773 20
TITA                 60816.73277736 60816.73969348 14
TITA                 60817.15810529 60817.16295735 4
TITA                 60817.22197991 60817.23018206 51
TITA                 60817.66092064 60817.66783306 14
TITA                 60817.72607446 60817.73342821 19
TITA                 60818.21547066 60818.22377302 74
TITA                 60818.65477601 60818.66110923 10
TITA                 60818.71942167 60818.72709822 27
TITA                 60819.20898108 60819.21730865 77
TITA                 60819.27650461 60819.28001809 2
TITA                 60819.64871366 60819.65429548 7
TITA                 60819.71276868 60819.72070945 37
TITA                 60820.20251539 60820.21078874 53
TITA                 60820.26939212 60820.27428094 5
TITA                 60820.64277754 60820.64734850 4
TITA                 60820.70619448 60820.71427316 54
TITA                 60821.19607412 60821.20421174 37
TITA                 60821.26246880 60821.26831378 8
TITA                 60821.69965500 60821.70778953 79
TITA                 60822.18966078 60822.19757446 27
TITA                 60822.25564202 60822.26221058 11
TITA                 60822.69314811 60822.70126025 72
TITA                 60823.18328122 60823.19087150 20
TITA                 60823.24888186 60823.25601467 16
TITA                 60823.68667521 60823.69468565 49
TITA                 60823.75393468 60823.75854545 4
TITA                 60824.17694382 60824.18409442 14
TITA                 60824.24216008 60824.24973004 21
TITA                 60824.68023767 60824.68806467 34
TITA                 60824.74683915 60824.75248680 7
TITA                 60825.17066339 60825.17722868 10
TITA                 60825.23547200 60825.24337516 29
TITA                 60825.67383927 60825.68139463 24
TITA                 60825.73987937 60825.74627763 11
TITA                 60826.16446548 60826.17024862 7
TITA                 60826.22876916 60826.23695351 40
TITA                 60826.66748519 60826.67467097 18
TITA                 60826.73300618 60826.73996725 15
TITA                 60827.15840325 60827.16310006 4
TITA                 60827.22213313 60827.23047542 57
TITA                 60827.66118434 60827.66788524 13
TITA                 60827.72619637 60827.73357943 21
TITA                 60828.21552036 60828.22393992 82
TITA                 60828.65495186 60828.66102351 9
TITA                 60828.71943673 60828.72712730 29
TITA                 60829.20892793 60829.21734779 70
TITA                 60829.27617971 60829.28035239 3
TITA                 60829.64881561 60829.65405909 6
TITA                 60829.71267752 60829.72061653 41
NOAA-15              60803.55616921 60803.56608231 31
NOAA-15              60803.62569650 60803.63490146 19
NOAA-15              60804.07436137 60804.08442831 33
NOAA-15              60804.14391974 60804.15294324 18
NOAA-15              60804.53875964 60804.54754054 16
NOAA-15              60804.60707455 60804.61723815 37
NOAA-15              60805.05674878 60805.06574441 17
NOAA-15              60805.12542135 60805.13547060 35
NOAA-15              60805.52185792 60805.52861698 7
NOAA-15              60805.58878506 60805.59931221 75
NOAA-15              60805.66141151 60805.66556317 2
NOAA-15              60806.03960306 60806.04652855 7
NOAA-15              60806.10715156 60806.11766490 70
NOAA-15              60806.17891084 60806.18325646 2
NOAA-15              60806.57078503 60806.58117657 55
NOAA-15              60806.64143698 60806.64914327 10
NOAA-15              60807.08908147 60807.09956922 59
NOAA-15              60807.15940882 60807.16700498 10
NOAA-15              60807.55308108 60807.56283552 28
NOAA-15              60807.62240038 60807.63180900 21
NOAA-15              60808.07123119 60808.08117677 30
NOAA-15              60808.14064040 60808.14989928 20
NOAA-15              60808.53573983 60808.54424079 14
NOAA-15              60808.60383874 60808.61409208 42
NOAA-15              60809.05367633 60809.06241981 15
NOAA-15              60809.12218401 60809.13236139 39
NOAA-15              60809.51895393 60809.52521246 6
NOAA-15              60809.58559750 60809.59612611 84
NOAA-15              60809.65776144 60809.66279740 3
NOAA-15              60810.03665284 60810.04306622 6
NOAA-15              60810.10394733 60810.11450234 78
NOAA-15              60810.17537092 60810.18051024 4
NOAA-15              60810.56764402 60810.57795398 48
NOAA-15              60810.63802211 60810.64611794 11
NOAA-15              60811.08591026 60811.09635551 52
NOAA-15              60811.15606412 60811.16403128 11
NOAA-15              60811.54999337 60811.55957245 25
NOAA-15              60811.61910592 60811.62869754 24
NOAA-15              60812.06810068 60812.07790598 26
NOAA-15              60812.13736090 60812.14683448 23
NOAA-15              60812.53272577 60812.54092013 12
NOAA-15              60812.60060182 60812.61093029 47
NOAA-15              60813.05060960 60813.05906998 13
NOAA-15              60813.11894423 60813.12923426 44
NOAA-15              60813.51608610 60813.52176480 4
NOAA-15              60813.58240800 60813.59292537 86
NOAA-15              60813.65418745 60813.65993774 4
NOAA-15              60814.03373545 60814.03955131 4
NOAA-15              60814.10074044 60814.11132266 87
NOAA-15              60814.17188573 60814.17768702 5
NOAA-15              60814.56450167 60814.57471655 43
NOAA-15              60814.63464701 60814.64306357 13
NOAA-15              60815.08273709 60815.09312425 46
NOAA-15              60815.15272589 60815.16103001 13
NOAA-15              60815.54690661 60815.55629289 22
NOAA-15              60815.61581229 60815.62556807 27
NOAA-15              60816.06497101 60816.07461501 24
NOAA-15              60816.13408092 60816.14374941 25
NOAA-15              60816.52971929 60816.53757730 11
NOAA-15              60816.59736310 60816.60775327 53
NOAA-15              60817.04755089 60817.05569264 11
NOAA-15              60817.11570220 60817.12608917 50
NOAA-15              60817.51325896 60817.51826173 3
NOAA-15              60817.57921655 60817.58971023 77
NOAA-15              60817.65065992 60817.65701414 6
NOAA-15              60818.03086733 60818.03596683 3
NOAA-15              60818.09753096 60818.10812554 83
NOAA-15              60818.16843531 60818.17480702 6
NOAA-15              60818.56135812 60818.57146447 38
NOAA-15              60818.63127880 60818.63998513 15
NOAA-15              60819.07956234 60819.08987466 41
NOAA-15              60819.14939231 60819.15800278 15
NOAA-15              60819.54382136 60819.55299649 20
NOAA-15              60819.61251884 60819.62242143 30
NOAA-15              60820.06184284 60820.07130279 21
NOAA-15              60820.13080020 60820.14064431 28
NOAA-15              60820.52672218 60820.53421018 9
NOAA-15              60820.59412260 60820.60456133 60
NOAA-15              60821.04450334 60821.05228490 10
NOAA-15              60821.11245771 60821.12292593 56
NOAA-15              60821.51056683 60821.51467917 2
NOAA-15              60821.57602363 60821.58648070 68
NOAA-15              60821.64716395 60821.65404173 7
NOAA-15              60822.02807926 60822.03228036 2
NOAA-15              60822.09431936 60822.10491059 74
NOAA-15              60822.16497723 60822.17188389 7
NOAA-15              60822.55821367 60822.56819754 34
NOAA-15              60822.62791552 60822.63688451 17
NOAA-15              60823.07638675 60823.08660601 37
NOAA-15              60823.14606217 60823.15495081 17
NOAA-15              60823.54073848 60823.54968257 18
NOAA-15              60823.60922508 60823.61925833 34
NOAA-15              60824.05871758 60824.06796806 19
NOAA-15              60824.12751854 60824.13751938 32
NOAA-15              60824.52373765 60824.53081643 8
NOAA-15              60824.59088020 60824.60135488 68
NOAA-15              60825.04147025 60825.04884266 8
NOAA-15              60825.10921130 60825.11974461 63
NOAA-15              60825.57282822 60825.58323731 60
NOAA-18              60803.69924709 60803.70932444 26
NOAA-18              60803.76898541 60803.77905615 25
NOAA-18              60804.22221798 60804.23253828 32
NOAA-18              60804.29230044 60804.30179655 20
NOAA-18              60804.69065327 60804.70016448 19
NOAA-18              60804.75980479 60804.77031308 34
NOAA-18              60805.21348852 60805.22333812 23
NOAA-18              60805.28314893 60805.29318495 28
NOAA-18              60805.68216428 60805.69092961 14
NOAA-18              60805.75070527 60805.76150505 48
NOAA-18              60806.20484179 60806.21403852 17
NOAA-18              60806.27405637 60806.28448605 38
NOAA-18              60806.67380863 60806.68159421 9
NOAA-18              60806.74167897 60806.75264081 67
NOAA-18              60807.19630516 60807.20461238 11
NOAA-18              60807.26501554 60807.27570941 52
NOAA-18              60807.66564229 60807.67210474 6
NOAA-18              60807.73272200 60807.74372574 89
NOAA-18              60807.80514187 60807.81134823 5
NOAA-18              60808.18793151 60808.19500720 7
NOAA-18              60808.25602274 60808.26686067 73
NOAA-18              60808.32819006 60808.33328910 3
NOAA-18              60808.65787796 60808.66231146 2
NOAA-18              60808.72383399 60808.73476255 65
NOAA-18              60808.79536380 60808.80311891 9
NOAA-18              60809.17985140 60809.18508977 3
NOAA-18              60809.24707710 60809.25794264 81
NOAA-18              60809.31849295 60809.32532494 7
NOAA-18              60809.71501378 60809.72575169 47
NOAA-18              60809.78584420 60809.79466687 14
NOAA-18              60810.23817814 60810.24895558 58
NOAA-18              60810.30905810 60810.31708258 11
NOAA-18              60810.70626639 60810.71669122 34
NOAA-18              60810.77647499 60810.78607889 19
NOAA-18              60811.22933209 60811.23989715 41
NOAA-18              60811.29975551 60811.30867233 15
NOAA-18              60811.69759885 60811.70757643 25
NOAA-18              60811.76721783 60811.77739351 27
NOAA-18              60812.22054440 60812.23076181 30
NOAA-18              60812.29054309 60812.30013894 21
NOAA-18              60812.68902238 60812.69839842 18
NOAA-18              60812.75805189 60812.76863233 37
NOAA-18              60813.21182640 60813.22153950 22
NOAA-18              60813.28139967 60813.29150620 29
NOAA-18              60813.68055548 60813.68914129 13
NOAA-18              60813.74896512 60813.75980806 51
NOAA-18              60814.20319567 60814.21221322 15
NOAA-18              60814.27231355 60814.28278828 40
NOAA-18              60814.67222290 60814.67977562 9
NOAA-18              60814.73995067 60814.75092899 71
NOAA-18              60814.81333553 60814.81768398 2
NOAA-18              60815.19468348 60815.20275246 10
NOAA-18              60815.26327831 60815.27399396 56
NOAA-18              60815.66410565 60815.67023723 5
NOAA-18              60815.73100484 60815.74199979 84
NOAA-18              60815.80322937 60815.80979255 6
NOAA-18              60816.18635141 60816.19309477 6
NOAA-18              60816.25429081 60816.26512822 78
NOAA-18              60816.32629178 60816.33177152 4
NOAA-18              60816.72212826 60816.73302268 61
NOAA-18              60816.79350605 60816.80150313 10
NOAA-18              60817.17836906 60817.18306730 3
NOAA-18              60817.24535068 60817.25619336 76
NOAA-18              60817.31664996 60817.32373575 7
NOAA-18              60817.71331999 60817.72399762 44
NOAA-18              60817.78401865 60817.79301484 15
NOAA-18              60818.23645757 60818.24718913 54
NOAA-18              60818.30724170 60818.31545233 12
NOAA-18              60818.70458584 60818.71492216 32
NOAA-18              60818.77467172 60818.78440062 21
NOAA-18              60819.22761876 60819.23811250 39
NOAA-18              60819.29795498 60819.30701225 16
NOAA-18              60819.69593358 60819.70579079 23
NOAA-18              60819.76543164 60819.77569432 28
NOAA-18              60820.21884015 60820.22895744 28
NOAA-18              60820.28875330 60820.29845487 23
NOAA-18              60820.68737564 60820.69659349 17
NOAA-18              60820.75627985 60820.76691514 39
NOAA-18              60821.21013441 60821.21971253 20
NOAA-18              60821.27961788 60821.28980138 31
NOAA-18              60821.67893273 60821.68731209 12
NOAA-18              60821.74720553 60821.75807500 55
NOAA-18              60822.20152095 60822.21035865 14
NOAA-18              60822.27053814 60822.28106466 43
NOAA-18              60822.67063439 60822.67791240 8
NOAA-18              60822.73820258 60822.74918112 76
NOAA-18              60822.81130091 60822.81619895 3
NOAA-18              60823.19303543 60823.20086087 9
NOAA-18              60823.26150867 60823.27225286 60
NOAA-18              60823.66257617 60823.66831547 4
NOAA-18              60823.72926812 60823.74023768 79
NOAA-18              60823.80130939 60823.80818814 6
NOAA-18              60824.18475119 60824.19114463 5
NOAA-18              60824.25252663 60824.26337019 83
NOAA-18              60824.32437020 60824.33021828 5
NOAA-18              60824.72040292 60824.73124644 57
NOAA-18              60824.79163344 60824.79984597 11
NOAA-18              60825.24359232 60825.25441849 71
NOAA-18              60825.31477677 60825.32211828 8
NOAA-19              60803.63150711 60803.63920526 9
NOAA-19              60803.69938837 60803.71024827 66
NOAA-19              60804.15398661 60804.16234406 11
NOAA-19              60804.22270401 60804.23342983 53
NOAA-19              60804.62349430 60804.62988049 6
NOAA-19              60804.69059260 60804.70149393 89
NOAA-19              60804.76308135 60804.76905372 5
NOAA-19              60805.14575859 60805.15292045 7
NOAA-19              60805.21387082 60805.22474707 73
NOAA-19              60805.28603244 60805.29116746 3
NOAA-19              60805.61587842 60805.62025559 2
NOAA-19              60805.68186421 60805.69269233 66
NOAA-19              60805.75347895 60805.76099836 8
NOAA-19              60806.13780572 60806.14320362 4
NOAA-19              60806.20508341 60806.21599672 82
NOAA-19              60806.27650518 60806.28335819 7
NOAA-19              60806.67320139 60806.68384396 47
NOAA-19              60806.74408446 60806.75271784 13
NOAA-19              60807.19634333 60807.20717913 59
NOAA-19              60807.26723403 60807.27527688 11
NOAA-19              60807.66460932 60807.67494708 34
NOAA-19              60807.73487062 60807.74429617 18
NOAA-19              60808.18764998 60808.19829218 42
NOAA-19              60808.25809273 60808.26703065 15
NOAA-19              60808.65609449 60808.66599719 25
NOAA-19              60808.72576906 60808.73577606 25
NOAA-19              60809.17901514 60809.18933086 31
NOAA-19              60809.24904005 60809.25866330 21
NOAA-19              60809.64766747 60809.65698599 18
NOAA-19              60809.71675826 60809.72717970 35
NOAA-19              60810.17044647 60810.18028614 22
NOAA-19              60810.24005513 60810.25019816 29
NOAA-19              60810.63934561 60810.64789853 13
NOAA-19              60810.70782574 60810.71852042 49
NOAA-19              60811.16196016 60811.17114270 16
NOAA-19              60811.23112638 60811.24164920 39
NOAA-19              60811.63115145 60811.63870750 9
NOAA-19              60811.69896432 60811.70980649 68
NOAA-19              60812.15358391 60812.16187330 11
NOAA-19              60812.22224733 60812.23302528 55
NOAA-19              60812.62316008 60812.62935449 5
NOAA-19              60812.69017009 60812.70104290 87
NOAA-19              60812.76256251 60812.76868607 5
NOAA-19              60813.14537004 60813.15242529 7
NOAA-19              60813.21341471 60813.22433132 76
NOAA-19              60813.28547629 60813.29087392 4
NOAA-19              60813.61561216 60813.61966499 2
NOAA-19              60813.68144322 60813.69223212 64
NOAA-19              60813.75298325 60813.76059936 9
NOAA-19              60814.13745039 60814.14266478 3
NOAA-19              60814.20462790 60814.21556990 79
NOAA-19              60814.27598193 60814.28301892 7
NOAA-19              60814.67278244 60814.68337444 46
NOAA-19              60814.74360009 60814.75229902 13
NOAA-19              60815.19588650 60815.20674110 57
NOAA-19              60815.26672526 60815.27491127 11
NOAA-19              60815.66419297 60815.67446776 33
NOAA-19              60815.73439308 60815.74386241 19
NOAA-19              60816.18719652 60816.19784256 41
NOAA-19              60816.25759170 60816.26664559 16
NOAA-19              60816.65568175 60816.66550743 24
NOAA-19              60816.72529590 60816.73532990 26
NOAA-19              60817.17856376 60817.18886892 30
NOAA-19              60817.24854354 60817.25826233 22
NOAA-19              60817.64725995 60817.65648443 18
NOAA-19              60817.71628811 60817.72672263 36
NOAA-19              60818.16999852 60818.17981070 22
NOAA-19              60818.23956140 60818.24978317 30
NOAA-19              60818.63894596 60818.64738277 13
NOAA-19              60818.70735780 60818.71805337 50
NOAA-19              60819.16151769 60819.17065174 16
NOAA-19              60819.23063445 60819.24122149 41
NOAA-19              60819.63076453 60819.63817300 8
NOAA-19              60819.69849815 60819.70933004 71
NOAA-19              60820.15315057 60820.16136316 11
NOAA-19              60820.22175667 60820.23258525 57
NOAA-19              60820.62279707 60820.62879031 5
NOAA-19              60820.68970562 60820.70055733 85
NOAA-19              60820.76199822 60820.76828629 5
NOAA-19              60821.14495341 60821.15188834 6
NOAA-19              60821.21292513 60821.22387949 78
NOAA-19              60821.28488965 60821.29054250 4
NOAA-19              60821.68098048 60821.69173752 61
NOAA-19              60821.75244248 60821.76016805 9
NOAA-19              60822.13707324 60822.14207757 3
NOAA-19              60822.20413943 60822.21510635 77
NOAA-19              60822.27542557 60822.28264403 8
NOAA-19              60822.67232183 60822.68287072 44
NOAA-19              60822.74307116 60822.75184768 14
NOAA-19              60823.19539931 60823.20626568 55
NOAA-19              60823.26618326 60823.27451009 12
NOAA-19              60823.66373517 60823.67395448 32
NOAA-19              60823.73387142 60823.74339601 20
NOAA-19              60824.18671124 60824.19735483 40
NOAA-19              60824.25705758 60824.26622482 17
NOAA-19              60824.65522783 60824.66498366 23
NOAA-19              60824.72477900 60824.73485106 27
NOAA-19              60825.17808126 60825.18836805 29
NOAA-19              60825.24801420 60825.25782494 23
METOA                60803.71519440 60803.72268919 12
METOA                60803.78120612 60803.79040024 39
METOA                60804.21814004 60804.22391299 5
METOA                60804.28334206 60804.29305603 69
METOA                60804.35281389 60804.35677623 2
METOA                60804.73250763 60804.74134113 25
METOA                60804.79974383 60804.80811881 19
METOA                60805.23520344 60805.24320312 14
METOA                60805.30166672 60805.31087827 33
METOA                60805.75020028 60805.75970801 52
METOA                60805.81875475 60805.82542690 8
METOA                60806.25279920 60806.26189325 29
METOA                60806.32018040 60806.32834742 16
METOA                60806.70325407 60806.70938238 6
METOA                60806.76819415 60806.77785151 69
METOA                60807.27069015 60807.28021758 62
METOA                60807.33907916 60807.34532272 7
METOA                60807.72016510 60807.72833044 15
METOA                60807.78651564 60807.79576697 33
METOA                60808.22324982 60808.22951179 7
METOA                60808.28880590 60808.29823897 56
METOA                60808.73759310 60808.74686993 31
METOA                60808.80514357 60808.81339863 16
METOA                60809.24046539 60809.24860326 17
METOA                60809.30717533 60809.31595138 26
METOA                60809.75536354 60809.76515673 64
METOA                60809.82430373 60809.83054742 6
METOA                60810.25813173 60810.26717690 35
METOA                60810.32577480 60810.33329096 13
METOA                60810.70805862 60810.71509883 9
METOA                60810.77342415 60810.78322843 58
METOA                60811.27607270 60811.28540553 73
METOA                60811.34486865 60811.35000948 4
METOA                60811.72514733 60811.73387420 19
METOA                60811.79178098 60811.80106885 28
METOA                60812.22836139 60812.23497972 8
METOA                60812.29423089 60812.30333260 44
METOA                60812.74267245 60812.75231720 38
METOA                60812.81053740 60812.81859535 13
METOA                60813.24569563 60813.25390715 19
METOA                60813.31265607 60813.32093578 21
METOA                60813.69635634 60813.70148681 4
METOA                60813.76051423 60813.77052891 78
METOA                60813.82988484 60813.83554688 5
METOA                60814.26342286 60814.27237374 41
METOA                60814.33135493 60814.33811831 9
METOA                60814.71291004 60814.72068177 12
METOA                60814.77864072 60814.78852897 48
METOA                60815.21681920 60815.22068390 2
METOA                60815.28140856 60815.29050954 74
METOA                60815.35077911 60815.35444328 2
METOA                60815.73013530 60815.73932386 24
METOA                60815.79707128 60815.80628785 24
METOA                60816.23345374 60816.24033812 10
METOA                60816.29961263 60816.30834064 35
METOA                60816.74774488 60816.75768102 47
METOA                60816.81593378 60816.82369865 11
METOA                60817.25088451 60817.25912410 23
METOA                60817.31810065 60817.32582612 16
METOA                60817.70099006 60817.70719177 6
METOA                60817.76565416 60817.77582059 81
METOA                60817.83553397 60817.84038759 3
METOA                60818.26866607 60818.27749026 50
METOA                60818.33693017 60818.34281887 7
METOA                60818.71778808 60818.72614793 15
METOA                60818.78384664 60818.79374799 40
METOA                60819.22163018 60819.22624295 3
METOA                60819.28669461 60819.29553497 63
METOA                60819.73512460 60819.74468044 29
METOA                60819.80235619 60819.81141953 20
METOA                60820.23851218 60820.24560245 12
METOA                60820.30499053 60820.31327052 28
METOA                60820.75280996 60820.76295893 58
METOA                60820.82134284 60820.82869639 9
METOA                60821.25602432 60821.26426256 27
METOA                60821.32350834 60821.33062292 13
METOA                60821.70570924 60821.71271910 8
METOA                60821.77078434 60821.78102812 69
METOA                60822.27385531 60822.28253333 62
METOA                60822.34252381 60822.34736935 4
METOA                60822.72268099 60822.73150607 18
METOA                60822.78904410 60822.79888046 34
METOA                60823.22646556 60823.23164882 5
METOA                60823.29192596 60823.30048701 50
METOA                60823.74011191 60823.74994417 35
METOA                60823.80764037 60823.81645650 17
METOA                60824.24352592 60824.25078486 14
METOA                60824.31027253 60824.31811944 22
METOA                60824.69412125 60824.69881223 3
METOA                60824.75786687 60824.76814892 70
METOA                60824.82677835 60824.83357203 7
METOA                60825.26110873 60825.26933024 32
METOA                60825.32888071 60825.33532507 10
METOA                60825.71047410 60825.71810567 10
METOA                60825.77590510 60825.78614784 58
METOA                60826.27898563 60826.28750897 75
METOA                60826.34819925 60826.35170631 2
METOA                60826.72758049 60826.73676101 21
METOA                60826.79423528 60826.80392159 28
METOB                60803.65076103 60803.66130709 53
METOB                60803.72155545 60803.72960593 11
METOB                60804.17103471 60804.18168436 62
METOB                60804.24166046 60804.24931045 10
METOB                60804.63668813 60804.64675641 31
METOB                60804.70645311 60804.71584912 19
METOB                60805.15682878 60805.16711970 36
METOB                60805.22671898 60805.23578496 17
METOB                60805.62282958 60805.63205868 19
METOB                60805.69164220 60805.70184087 33
METOB                60806.14278936 60806.15234603 21
METOB                60806.21199425 60806.22196351 29
METOB                60806.60925070 60806.61715829 11
METOB                60806.67704699 60806.68765992 57
METOB                60807.12898324 60807.13729767 12
METOB                60807.19742189 60807.20792030 49
METOB                60807.59612603 60807.60189160 4
METOB                60807.66263704 60807.67334090 84
METOB                60807.73456349 60807.74071514 5
METOB                60808.11559387 60808.12179167 5
METOB                60808.18297815 60808.19368825 84
METOB                60808.25445675 60808.26020055 5
METOB                60808.64840599 60808.65889660 49
METOB                60808.71902919 60808.72733169 12
METOB                60809.16865748 60809.17927777 57
METOB                60809.23916075 60809.24707723 11
METOB                60809.63436234 60809.64432370 29
METOB                60809.70397866 60809.71352622 21
METOB                60810.15447493 60810.16468183 33
METOB                60810.22425885 60810.23349656 19
METOB                60810.62054005 60810.62959788 17
METOB                60810.68920287 60810.69948630 36
METOB                60811.14046429 60811.14986995 19
METOB                60811.20955913 60811.21963582 31
METOB                60811.60701399 60811.61465505 9
METOB                60811.67463605 60811.68528103 62
METOB                60812.12670395 60812.13476669 11
METOB                60812.19500633 60812.20556057 53
METOB                60812.59398792 60812.59929251 4
METOB                60812.66025225 60812.67094077 78
METOB                60812.73194715 60812.73851478 6
METOB                60813.11341691 60813.11914880 4
METOB                60813.18058026 60813.19129906 88
METOB                60813.25188079 60813.25804540 5
METOB                60813.64604774 60813.65647577 45
METOB                60813.71650482 60813.72504123 13
METOB                60814.16627817 60814.17685932 52
METOB                60814.23666139 60814.24482697 12
METOB                60814.63203415 60814.64187987 27
METOB                60814.70150245 60814.71119075 23
METOB                60815.15211791 60815.16223110 30
METOB                60815.22179586 60815.23119433 20
METOB                60815.61824993 60815.62712471 16
METOB                60815.68676045 60815.69712068 39
METOB                60816.13813791 60816.14737938 18
METOB                60816.20712002 60816.21729580 34
METOB                60816.60478099 60816.61213498 8
METOB                60816.67222156 60816.68289164 68
METOB                60817.12442831 60817.13221654 10
METOB                60817.19258629 60817.20318886 58
METOB                60817.59195095 60817.59665523 3
METOB                60817.65786488 60817.66853033 71
METOB                60817.72934323 60817.73628760 7
METOB                60818.11126497 60818.11646444 3
METOB                60818.17817818 60818.18889815 82
METOB                60818.24931542 60818.25586260 6
METOB                60818.64368634 60818.65404441 41
METOB                60818.71398127 60818.72273542 14
METOB                60819.16389514 60819.17442883 48
METOB                60819.23416179 60819.24256023 13
METOB                60819.62970377 60819.63942483 25
METOB                60819.69902420 60819.70884306 25
METOB                60820.14975802 60820.15976745 28
METOB                60820.21932990 60820.22887859 22
METOB                60820.61595966 60820.62463850 15
METOB                60820.68431483 60820.69474405 42
METOB                60821.13581083 60821.14487351 16
METOB                60821.20467689 60821.21494339 37
METOB                60821.60254558 60821.60959687 7
METOB                60821.66980349 60821.68049186 74
METOB                60821.74275113 60821.74694953 2
METOB                60822.12215742 60822.12964547 8
METOB                60822.19016199 60822.20080531 64
METOB                60822.58988882 60822.59396605 2
METOB                60822.65547304 60822.66610963 66
METOB                60822.72674824 60822.73403684 8
METOB                60823.10915050 60823.11372571 2
METOB                60823.17577197 60823.18648536 76
METOB                60823.24672626 60823.25365785 7
METOB                60823.64132189 60823.65160248 38
METOB                60823.71145828 60823.72041495 16
METOB                60824.16150831 60824.17198586 44
METOB                60824.23166143 60824.24027755 14
METOB                60824.62737148 60824.63695848 23
METOB                60824.69654367 60824.70648347 27
METOB                60825.14739583 60825.15729042 26
METOB                60825.21686083 60825.22654947 24
METOB                60825.61366978 60825.62213895 13
METOB                60825.68186593 60825.69235662 46
