iss                  60803.50630058 60803.51370547 42
iss                  60803.57385613 60803.58064392 16
iss                  60803.64350197 60803.64704569 2
iss                  60803.77938902 60803.78501518 8
iss                  60803.84602120 60803.85358485 54
iss                  60803.91371228 60803.91965700 10
iss                  60804.47278781 60804.47971181 21
iss                  60804.53968906 60804.54693662 26
iss                  60804.60883993 60804.61341816 4
iss                  60804.74575093 60804.75046520 5
iss                  60804.81225984 60804.81957427 28
iss                  60804.87951095 60804.88641874 19
iss                  60805.43951495 60805.44551548 11
iss                  60805.50565250 60805.51316273 48
iss                  60805.57426472 60805.57976167 7
iss                  60805.71210331 60805.71578151 2
iss                  60805.77852450 60805.78538981 17
iss                  60805.84547736 60805.85289230 38
iss                  60806.40658420 60806.41093843 4
iss                  60806.47175630 60806.47930660 80
iss                  60806.53979564 60806.54606657 11
iss                  60806.74480379 60806.75103727 11
iss                  60806.81154137 60806.81914202 83
iss                  60806.87979287 60806.88438668 4
iss                  60807.43801600 60807.44534419 36
iss                  60807.50544483 60807.51232418 17
iss                  60807.57499633 60807.57872877 3
iss                  60807.71106995 60807.71652234 7
iss                  60807.77766732 60807.78519586 47
iss                  60807.84524958 60807.85142839 11
iss                  60808.40446428 60808.41123574 18
iss                  60808.47122005 60808.47852455 29
iss                  60808.54026315 60808.54501807 5
iss                  60808.67735217 60808.68185840 4
iss                  60808.74383194 60808.75106793 26
iss                  60808.81100803 60808.81804555 22
iss                  60809.37117607 60809.37690138 9
iss                  60809.43712875 60809.44465542 56
iss                  60809.50562303 60809.51127553 8
iss                  60809.64362404 60809.64706342 2
iss                  60809.71002082 60809.71676558 16
iss                  60809.77691702 60809.78439016 44
iss                  60810.33830702 60810.34210151 3
iss                  60810.40318200 60810.41069919 68
iss                  60810.47109351 60810.47749218 12
iss                  60810.67622276 60810.68229518 10
iss                  60810.74291550 60810.75051676 84
iss                  60810.81098399 60810.81599962 6
iss                  60811.36939764 60811.37662939 31
iss                  60811.43668528 60811.44365920 19
iss                  60811.50613066 60811.51006965 3
iss                  60811.64241036 60811.64766249 6
iss                  60811.70897128 60811.71644960 41
iss                  60811.77644522 60811.78284918 13
iss                  60812.33581494 60812.34239973 16
iss                  60812.40240615 60812.40976614 33
iss                  60812.47132961 60812.47627523 5
iss                  60812.60861330 60812.61288255 4
iss                  60812.67506271 60812.68220118 23
iss                  60812.74216246 60812.74932121 25
iss                  60813.30252750 60813.30791293 7
iss                  60813.36826379 60813.37579977 66
iss                  60813.43662799 60813.44244596 8
iss                  60813.64117614 60813.64777824 14
iss                  60813.70801435 60813.71553463 53
iss                  60814.33427076 60814.34174072 56
iss                  60814.40204120 60814.40857354 13
iss                  60814.60730120 60814.61318712 9
iss                  60814.67394778 60814.68153543 71
iss                  60814.74184433 60814.74725092 7
iss                  60815.30044829 60815.30755902 26
iss                  60815.36757907 60815.37464887 22
iss                  60815.43690586 60815.44106906 3
iss                  60815.57341051 60815.57843451 5
iss                  60815.63993390 60815.64734443 35
iss                  60815.70730082 60815.71391725 15
iss                  60816.26684399 60816.27320026 13
iss                  60816.33324912 60816.34066084 38
iss                  60816.40204078 60816.40718986 6
iss                  60816.53953452 60816.54353667 3
iss                  60816.60595249 60816.61297262 20
iss                  60816.67297556 60816.68024353 30
iss                  60817.23358060 60817.23854039 6
iss                  60817.29905966 60817.30659505 79
iss                  60817.36728109 60817.37327327 9
iss                  60817.57199079 60817.57842629 13
iss                  60817.63877031 60817.64632388 64
iss                  60817.70735466 60817.71109228 3
iss                  60818.26502522 60818.27242988 46
iss                  60818.33264052 60818.33931059 15
iss                  60818.53802061 60818.54371073 8
iss                  60818.60463953 60818.61219626 59
iss                  60818.67237387 60818.67814067 9
iss                  60819.23117140 60819.23813085 22
iss                  60819.29812802 60819.30529289 24
iss                  60819.36732320 60819.37172727 4
iss                  60819.50407058 60819.50883705 5
iss                  60819.57055571 60819.57787867 30
iss                  60819.63781772 60819.64463060 18
AO-07                60803.28100852 60803.28900577 5
AO-07                60803.35438417 60803.36913725 44
AO-07                60803.43275773 60803.44730423 35
AO-07                60803.85988920 60803.87271085 17
AO-07                60803.93723392 60803.95272049 78
AO-07                60804.01654310 60804.02812609 14
AO-07                60804.31454300 60804.32689398 17
AO-07                60804.39055845 60804.40598586 87
AO-07                60804.47129344 60804.48290391 13
AO-07                60804.89576938 60804.91082626 44
AO-07                60804.97417163 60804.98864892 36
AO-07                60805.05478677 60805.06112996 3
AO-07                60805.27668573 60805.28377842 4
AO-07                60805.34958471 60805.36414662 39
AO-07                60805.42767167 60805.44243796 39
AO-07                60805.85514389 60805.86744517 15
AO-07                60805.93228293 60805.94781251 86
AO-07                60806.01147479 60806.02353705 16
AO-07                60806.30992399 60806.32183783 15
AO-07                60806.38563014 60806.40104253 85
AO-07                60806.46598111 60806.47819321 15
AO-07                60806.89089073 60806.90576490 39
AO-07                60806.96917405 60806.98387124 40
AO-07                60807.04950227 60807.05688091 4
AO-07                60807.27244935 60807.27848308 3
AO-07                60807.34480415 60807.35914975 35
AO-07                60807.42260755 60807.43755970 44
AO-07                60807.85043269 60807.86213580 13
AO-07                60807.92733956 60807.94288701 86
AO-07                60808.00641858 60808.01892036 18
AO-07                60808.30533292 60808.31677011 13
AO-07                60808.38071939 60808.39609248 77
AO-07                60808.46071267 60808.47344938 17
AO-07                60808.88602432 60808.90068185 34
AO-07                60808.96418331 60808.97907458 45
AO-07                60809.04428189 60809.05255056 6
AO-07                60809.34004353 60809.35414648 32
AO-07                60809.41756426 60809.43267026 49
AO-07                60809.50128107 60809.50741711 3
AO-07                60809.84576262 60809.85677466 10
AO-07                60809.92240363 60809.93794390 78
AO-07                60810.00137312 60810.01427779 20
AO-07                60810.30077175 60810.31168894 12
AO-07                60810.37582619 60810.39113596 69
AO-07                60810.45548226 60810.46867794 20
AO-07                60810.88117196 60810.89557529 30
AO-07                60810.95919928 60810.97425918 50
AO-07                60811.03910530 60811.04815901 7
AO-07                60811.33530335 60811.34913655 28
AO-07                60811.41254092 60811.42777087 55
AO-07                60811.49543998 60811.50317334 4
AO-07                60811.84114456 60811.85135031 8
AO-07                60811.91747576 60811.93298295 70
AO-07                60811.99633736 60812.00961070 23
AO-07                60812.29624356 60812.30659205 10
AO-07                60812.37095060 60812.38617316 62
AO-07                60812.45028546 60812.46388325 23
AO-07                60812.87633525 60812.89044394 27
AO-07                60812.95422192 60812.96942549 56
AO-07                60813.03396097 60813.04371777 8
AO-07                60813.33058416 60813.34411963 25
AO-07                60813.40753684 60813.42286224 62
AO-07                60813.48979177 60813.49874954 6
AO-07                60813.83659551 60813.84584494 6
AO-07                60813.91255643 60813.92800387 63
AO-07                60813.99131046 60814.00492059 25
AO-07                60814.29181007 60814.30147831 8
AO-07                60814.36609598 60814.38120421 56
AO-07                60814.44511885 60814.45906833 26
AO-07                60814.87151632 60814.88528566 24
AO-07                60814.94925123 60814.96457380 62
AO-07                60815.02884165 60815.03923466 10
AO-07                60815.32588051 60815.33909505 23
AO-07                60815.40255144 60815.41794505 69
AO-07                60815.48426432 60815.49421906 8
AO-07                60815.83214469 60815.84022858 5
AO-07                60815.90764612 60815.92300623 56
AO-07                60815.98629177 60816.00020817 28
AO-07                60816.28736171 60816.29633839 7
AO-07                60816.36125608 60816.37622906 50
AO-07                60816.43997974 60816.45423591 30
AO-07                60816.86671730 60816.88009768 21
AO-07                60816.94428727 60816.95970435 69
AO-07                60817.02374257 60817.03471438 12
AO-07                60817.32120641 60817.33406241 20
AO-07                60817.39758432 60817.41301985 77
AO-07                60817.47882290 60817.48961485 10
AO-07                60817.82784984 60817.83444081 3
AO-07                60817.90274565 60817.91798950 50
AO-07                60817.98128081 60817.99547452 32
AO-07                60818.28296253 60818.29116767 6
AO-07                60818.35643467 60818.37124808 45
AO-07                60818.43486600 60818.44938803 34
AO-07                60818.86194749 60818.87487714 18
AO-07                60818.93933016 60818.95481727 76
AO-07                60819.01865993 60819.03016106 14
AO-07                60819.31655656 60819.32902083 18
AO-07                60819.39263516 60819.40808713 85
AO-07                60819.47344794 60819.48495599 12
LO-19                60803.32861310 60803.33504777 6
LO-19                60803.39489674 60803.40529046 76
LO-19                60803.46558047 60803.47298901 9
LO-19                60803.90626758 60803.91627911 38
LO-19                60803.97544201 60803.98447631 20
LO-19                60804.37242590 60804.38231249 34
LO-19                60804.44156466 60804.45095827 22
LO-19                60804.88388480 60804.89277323 17
LO-19                60804.95229578 60804.96231897 42
LO-19                60805.35041295 60805.35909066 16
LO-19                60805.41821856 60805.42847085 48
LO-19                60805.86208283 60805.86849489 6
LO-19                60805.92937986 60805.93972238 85
LO-19                60805.99934673 60806.00648886 9
LO-19                60806.32904184 60806.33547068 6
LO-19                60806.39532823 60806.40571276 76
LO-19                60806.46601779 60806.47340695 9
LO-19                60806.90668990 60806.91670597 38
LO-19                60806.97586619 60806.98489948 20
LO-19                60807.37285511 60807.38273372 34
LO-19                60807.44199750 60807.45137746 22
LO-19                60807.88430456 60807.89320058 17
LO-19                60807.95271782 60807.96274247 42
LO-19                60808.35083998 60808.35951068 16
LO-19                60808.41864847 60808.42888972 48
LO-19                60808.86249840 60808.86892437 6
LO-19                60808.92979986 60808.94014599 86
LO-19                60808.99976869 60809.00690843 9
LO-19                60809.32946685 60809.33588922 6
LO-19                60809.39575553 60809.40613084 76
LO-19                60809.46645087 60809.47382081 9
LO-19                60809.90710778 60809.91712972 38
LO-19                60809.97628573 60809.98531978 20
LO-19                60810.37328033 60810.38315075 34
LO-19                60810.44242618 60810.45179252 22
LO-19                60810.88471992 60810.89362479 17
LO-19                60810.95313535 60810.96316297 42
LO-19                60811.35126305 60811.35992649 16
LO-19                60811.41907425 60811.42930446 48
LO-19                60811.86290954 60811.86935073 6
LO-19                60811.93021543 60811.94056653 86
LO-19                60812.00018582 60812.00732537 9
LO-19                60812.32988791 60812.33630355 6
LO-19                60812.39617892 60812.40654480 76
LO-19                60812.46687954 60812.47423072 9
LO-19                60812.90752130 60812.91755032 38
LO-19                60812.97670071 60812.98573719 20
LO-19                60813.37370145 60813.38356368 34
LO-19                60813.44285056 60813.45220359 22
LO-19                60813.88513096 60813.89404582 17
LO-19                60813.95354844 60813.96358046 42
LO-19                60814.35168202 60814.36033824 16
LO-19                60814.41949578 60814.42971519 48
LO-19                60814.86331638 60814.86977391 6
LO-19                60814.93062667 60814.94098396 86
LO-19                60815.00059823 60815.00773967 9
LO-19                60815.33030490 60815.33671386 6
LO-19                60815.39659809 60815.40695477 76
LO-19                60815.46730364 60815.47463684 9
LO-19                60815.90793056 60815.91796776 38
LO-19                60815.97711121 60815.98615169 20
LO-19                60816.37411836 60816.38397265 34
LO-19                60816.44327051 60816.45261078 22
LO-19                60816.88553781 60816.89446362 17
LO-19                60816.95395721 60816.96399490 42
LO-19                60817.35209678 60817.36074606 16
LO-19                60817.41991295 60817.43012204 48
LO-19                60817.86371905 60817.87019385 6
LO-19                60817.93103368 60817.94139824 86
LO-19                60818.00100603 60818.00815127 9
LO-19                60818.33071768 60818.33712029 6
LO-19                60818.39701292 60818.40736087 76
LO-19                60818.46772305 60818.47503933 9
LO-19                60818.90833568 60818.91838197 38
LO-19                60818.97751737 60818.98656324 20
LO-19                60819.37453096 60819.38437777 34
LO-19                60819.44368592 60819.45301423 21
LO-19                60819.88594058 60819.89487813 17
LO-19                60819.95436177 60819.96440624 42
LO-19                60820.35250725 60820.36115008 16
LO-19                60820.42032565 60820.43052512 48
LO-19                60820.86411771 60820.87061043 6
LO-19                60820.93143658 60820.94180932 86
LO-19                60821.00140934 60821.00856011 9
LO-19                60821.33112613 60821.33752302 6
LO-19                60821.39742331 60821.40776321 76
LO-19                60821.46813762 60821.47543834 9
LO-19                60821.90873676 60821.91879289 38
LO-19                60821.97791929 60821.98697176 20
LO-19                60822.37493916 60822.38477917 34
LO-19                60822.44409670 60822.45341407 21
LO-19                60822.88633940 60822.89528927 17
LO-19                60822.95476222 60822.96481441 42
LO-19                60823.35291332 60823.36155044 16
LO-19                60823.42073381 60823.43092476 48
LO-19                60823.86451252 60823.87102354 6
LO-19                60823.93183547 60823.94221712 86
LO-19                60824.00180832 60824.00896610 9
LO-19                60824.33153015 60824.33792220 6
FO-29                60803.18824306 60803.19448816 8
FO-29                60803.57907257 60803.59032154 21
FO-29                60803.65147255 60803.66410281 50
FO-29                60803.72605343 60803.73346230 6
FO-29                60804.00240313 60804.00994095 5
FO-29                60804.07096801 60804.08473490 44
FO-29                60804.14410020 60804.15745965 32
FO-29                60804.54288705 60804.54894869 3
FO-29                60804.61320778 60804.62582089 54
FO-29                60804.68657196 60804.69766356 21
FO-29                60805.03413070 60805.04587976 18
FO-29                60805.10519169 60805.11951564 79
FO-29                60805.18049061 60805.19104245 11
FO-29                60805.57556423 60805.58639130 19
FO-29                60805.64785612 60805.66036789 54
FO-29                60805.72233681 60805.72995303 6
FO-29                60805.99906607 60806.00613193 4
FO-29                60806.06733454 60806.08108258 42
FO-29                60806.14029444 60806.15388946 35
FO-29                60806.53976417 60806.54457620 2
FO-29                60806.60962994 60806.62199754 50
FO-29                60806.68292260 60806.69401059 22
FO-29                60807.03060950 60807.04217993 17
FO-29                60807.10148286 60807.11589291 83
FO-29                60807.17654736 60807.18757123 13
FO-29                60807.57206473 60807.58244214 16
FO-29                60807.64423959 60807.65662246 57
FO-29                60807.71862595 60807.72642422 7
FO-29                60807.99577373 60808.00228684 4
FO-29                60808.06371699 60808.07742057 39
FO-29                60808.13650582 60808.15030729 38
FO-29                60808.60605082 60808.61816273 45
FO-29                60808.67927291 60808.69034597 23
FO-29                60809.02710858 60809.03846698 15
FO-29                60809.09778914 60809.11226040 84
FO-29                60809.17263256 60809.18407672 15
FO-29                60809.56857521 60809.57847255 14
FO-29                60809.64062219 60809.65286715 61
FO-29                60809.71491871 60809.72287799 7
FO-29                60809.99253631 60809.99839454 3
FO-29                60810.06011566 60810.07374818 36
FO-29                60810.13273399 60810.14671308 41
FO-29                60810.60247452 60810.61431689 41
FO-29                60810.67562190 60810.68667071 24
FO-29                60811.02362851 60811.03473964 14
FO-29                60811.09411060 60811.10861738 81
FO-29                60811.16874373 60811.18056111 16
FO-29                60811.56509670 60811.57448125 12
FO-29                60811.63700320 60811.64910275 65
FO-29                60811.71121318 60811.71931617 8
FO-29                60811.98937276 60811.99443561 2
FO-29                60812.05653081 60812.07006477 34
FO-29                60812.12897863 60812.14310676 44
FO-29                60812.20715259 60812.21254911 2
FO-29                60812.59889870 60812.61046038 37
FO-29                60812.67196868 60812.68298578 26
FO-29                60813.02017066 60813.03099649 13
FO-29                60813.09044724 60813.10496386 77
FO-29                60813.16487888 60813.17702581 18
FO-29                60813.56163164 60813.57046563 11
FO-29                60813.63338210 60813.64532997 69
FO-29                60813.70750784 60813.71574060 9
FO-29                60814.05296267 60814.06636975 32
FO-29                60814.12523939 60814.13948815 48
FO-29                60814.20289105 60814.20936844 3
FO-29                60814.59532309 60814.60659347 33
FO-29                60814.66831271 60814.67929215 28
FO-29                60815.01672794 60815.02723613 12
FO-29                60815.08679904 60815.10129925 72
FO-29                60815.16103635 60815.17347202 19
FO-29                60815.55819040 60815.56642263 9
FO-29                60815.62975799 60815.64154950 72
FO-29                60815.70380154 60815.71215280 9
FO-29                60816.04941139 60816.06266252 30
FO-29                60816.12151593 60816.13585737 52
FO-29                60816.19871743 60816.20608436 4
FO-29                60816.59174752 60816.60271638 30
FO-29                60816.66465280 60816.67559078 30
FO-29                60817.01331730 60817.02345671 11
FO-29                60817.08316588 60817.09762349 67
FO-29                60817.15721475 60817.16990065 21
FO-29                60817.55476326 60817.56234744 7
FO-29                60817.62613066 60817.63776206 73
FO-29                60817.70009264 60817.70855424 10
FO-29                60818.04587719 60818.05894252 28
FO-29                60818.11780789 60818.13221425 55
FO-29                60818.19463841 60818.20272569 5
FO-29                60818.58817215 60818.59882929 27
FO-29                60818.66098851 60818.67188258 32
FO-29                60819.00993246 60819.01965624 10
FO-29                60819.07954769 60819.09393593 63
FO-29                60819.15341282 60819.16631239 23
FO-29                60819.55136460 60819.55823269 6
FO-29                60819.62249955 60819.63396831 72
FO-29                60819.69638034 60819.70494629 11
FO-29                60820.04236016 60820.05520901 26
FO-29                60820.11411488 60820.12855887 60
FO-29                60820.19061678 60820.19931352 6
FO-29                60820.58459667 60820.59493225 24
SO-50                60803.27601763 60803.28358917 13
SO-50                60803.34494635 60803.35397764 53
SO-50                60803.86362545 60803.87116635 12
SO-50                60803.93170457 60803.94128925 55
SO-50                60804.00364327 60804.00953433 5
SO-50                60804.28884362 60804.29753075 28
SO-50                60804.35839916 60804.36662473 21
SO-50                60804.87585243 60804.88489070 28
SO-50                60804.94529047 60804.95427064 24
SO-50                60805.23349852 60805.23941514 6
SO-50                60805.30186529 60805.31100537 68
SO-50                60805.37231357 60805.37860792 7
SO-50                60805.82219394 60805.82699368 4
SO-50                60805.88863548 60805.89825096 70
SO-50                60805.95934726 60805.96705098 12
SO-50                60806.24607064 60806.25385504 14
SO-50                60806.31508697 60806.32404655 45
SO-50                60806.83355138 60806.84139538 14
SO-50                60806.90185417 60806.91138275 48
SO-50                60806.97404763 60806.97949843 4
SO-50                60807.25891840 60807.26771199 31
SO-50                60807.32858102 60807.33660420 18
SO-50                60807.84586936 60807.85503984 32
SO-50                60807.91549724 60807.92432713 22
SO-50                60808.20348550 60808.20975199 7
SO-50                60808.27195945 60808.28111244 78
SO-50                60808.34265750 60808.34843249 6
SO-50                60808.79190425 60808.79737150 5
SO-50                60808.85871327 60808.86835149 80
SO-50                60808.92962584 60808.93706229 10
SO-50                60809.21610085 60809.22408037 16
SO-50                60809.28520616 60809.29407815 39
SO-50                60809.80347043 60809.81158208 16
SO-50                60809.87198579 60809.88144512 42
SO-50                60809.94445216 60809.94941447 3
SO-50                60810.22897054 60810.23785582 35
SO-50                60810.29874591 60810.30654243 16
SO-50                60810.81587128 60810.82515443 37
SO-50                60810.88568699 60810.89435247 20
SO-50                60811.17345737 60811.18004113 8
SO-50                60811.24203077 60811.25118287 87
SO-50                60811.31295697 60811.31819264 5
SO-50                60811.76164732 60811.76767052 6
SO-50                60811.82877359 60811.83842011 88
SO-50                60811.89989080 60811.90703922 9
SO-50                60812.18610942 60812.19426587 18
SO-50                60812.25530433 60812.26407215 34
SO-50                60812.77338039 60812.78172847 18
SO-50                60812.84209963 60812.85147646 37
SO-50                60812.91486366 60812.91927454 3
SO-50                60813.13115458 60813.13538463 3
SO-50                60813.19899983 60813.20796223 40
SO-50                60813.26889492 60813.27643849 14
SO-50                60813.78585748 60813.79523515 42
SO-50                60813.85585982 60813.86434624 18
SO-50                60814.14341220 60814.15028476 9
SO-50                60814.21207966 60814.22121681 78
SO-50                60814.28327717 60814.28787450 3
SO-50                60814.73140713 60814.73790496 7
SO-50                60814.79881611 60814.80845708 79
SO-50                60814.87014299 60814.87698108 8
SO-50                60815.15609615 60815.16441225 20
SO-50                60815.22538165 60815.23402873 30
SO-50                60815.74327933 60815.75183623 20
SO-50                60815.81219542 60815.82147685 33
SO-50                60816.10099780 60816.10574797 3
SO-50                60816.16900615 60816.17803175 46
SO-50                60816.23902930 60816.24629073 12
SO-50                60816.75582735 60816.76528254 48
SO-50                60816.82601592 60816.83430836 16
SO-50                60817.11334261 60817.12048702 10
SO-50                60817.18210711 60817.19121435 68
SO-50                60817.25364274 60817.25745329 2
SO-50                60817.70117421 60817.70808364 9
SO-50                60817.76884072 60817.77846265 69
SO-50                60817.84038345 60817.84688666 7
SO-50                60818.12606061 60818.13452015 23
SO-50                60818.19543876 60818.20394737 26
SO-50                60818.71316586 60818.72190668 23
SO-50                60818.78227314 60818.79144634 30
SO-50                60819.07084223 60819.07604671 4
SO-50                60819.13898942 60819.14806469 53
SO-50                60819.20915124 60819.21609757 10
SO-50                60819.72578095 60819.73529711 55
SO-50                60819.79615551 60819.80423858 14
SO-50                60820.08325833 60820.09064433 12
SO-50                60820.15211108 60820.16117559 59
SO-50                60820.67094215 60820.67821228 10
SO-50                60820.73884705 60820.74843703 61
SO-50                60820.81061385 60820.81675438 6
SO-50                60821.09600253 60821.10459010 25
SO-50                60821.16547596 60821.17382777 23
SO-50                60821.68303879 60821.69194112 26
SO-50                60821.75233277 60821.76138498 26
SO-50                60822.04068037 60822.04628872 5
SO-50                60822.10894967 60822.11806130 61
SO-50                60822.17926281 60822.18585661 9
SO-50                60822.62961422 60822.63376449 3
SO-50                60822.69571651 60822.70527927 63
HO-68                60803.20623938 60803.21814295 23
HO-68                60803.27984701 60803.29337591 56
HO-68                60803.35877638 60803.36550447 4
HO-68                60803.76133497 60803.77443483 38
HO-68                60803.83618298 60803.84891732 34
HO-68                60804.19499619 60804.20610257 17
HO-68                60804.26794832 60804.28161851 76
HO-68                60804.34558133 60804.35468743 8
HO-68                60804.74971850 60804.76227844 28
HO-68                60804.82424847 60804.83742746 45
HO-68                60804.90102761 60804.90778023 4
HO-68                60805.18392285 60805.19397900 12
HO-68                60805.25615125 60805.26981372 82
HO-68                60805.33283811 60805.34349426 13
HO-68                60805.73819288 60805.74998016 20
HO-68                60805.81235627 60805.82583356 61
HO-68                60805.88860313 60805.89718657 8
HO-68                60806.17304338 60806.18175050 8
HO-68                60806.24445283 60806.25796567 62
HO-68                60806.32034946 60806.33210311 20
HO-68                60806.72679897 60806.73750343 14
HO-68                60806.80050593 60806.81414005 81
HO-68                60806.87636493 60806.88632001 12
HO-68                60807.16249088 60807.16934595 5
HO-68                60807.23285633 60807.24607609 46
HO-68                60807.30804216 60807.32058395 27
HO-68                60807.71559127 60807.72477788 9
HO-68                60807.78869866 60807.80234819 77
HO-68                60807.86423500 60807.87526299 17
HO-68                60808.22136088 60808.23414421 34
HO-68                60808.29587843 60808.30897278 37
HO-68                60808.70474094 60808.71163155 4
HO-68                60808.77693882 60808.79045620 57
HO-68                60808.85217963 60808.86405442 23
HO-68                60809.20997652 60809.22216684 26
HO-68                60809.28383660 60809.29729056 51
HO-68                60809.36336910 60809.36893499 3
HO-68                60809.76523061 60809.77845865 42
HO-68                60809.84018161 60809.85271664 31
HO-68                60810.19871479 60810.21013670 19
HO-68                60810.27190387 60810.28555057 69
HO-68                60810.34992094 60810.35835189 7
HO-68                60810.75358860 60810.76634513 31
HO-68                60810.82823166 60810.84126372 41
HO-68                60810.90526429 60810.91119760 3
HO-68                60811.18758717 60811.19804048 14
HO-68                60811.26007304 60811.27376114 89
HO-68                60811.33706007 60811.34725546 12
HO-68                60811.74202884 60811.75409815 22
HO-68                60811.81632498 60811.82970452 55
HO-68                60811.89273358 60811.90073967 7
HO-68                60812.17663808 60812.18585301 9
HO-68                60812.24834111 60812.26192733 68
HO-68                60812.32449581 60812.33592095 17
HO-68                60812.73058691 60812.74168757 16
HO-68                60812.80446006 60812.81804458 74
HO-68                60812.88044335 60812.88995390 10
HO-68                60813.16597942 60813.17352268 6
HO-68                60813.23671044 60813.25005165 51
HO-68                60813.31213211 60813.32444006 24
HO-68                60813.71930259 60813.72905806 10
HO-68                60813.79263743 60813.80628619 84
HO-68                60813.86828076 60813.87895637 15
HO-68                60814.15565191 60814.16089459 2
HO-68                60814.22517908 60814.23813432 38
HO-68                60814.29992248 60814.31285718 34
HO-68                60814.70829889 60814.71608773 6
HO-68                60814.78086048 60814.79442864 63
HO-68                60814.85620185 60814.86779668 21
HO-68                60815.21375584 60815.22617273 29
HO-68                60815.28784091 60815.30119709 46
HO-68                60815.76913321 60815.78246784 47
HO-68                60815.84418512 60815.85650115 28
HO-68                60816.20245064 60816.21416144 21
HO-68                60816.27587207 60816.28947542 62
HO-68                60816.35432287 60816.36196156 5
HO-68                60816.75746717 60816.77039538 34
HO-68                60816.83221906 60816.84508615 37
HO-68                60816.90957489 60816.91452948 2
HO-68                60817.19127954 60817.20208955 16
HO-68                60817.26400709 60817.27770188 83
HO-68                60817.34131679 60817.35098844 10
HO-68                60817.74587667 60817.75819624 25
HO-68                60817.82029757 60817.83356257 50
HO-68                60817.89689048 60817.90425399 5
HO-68                60818.18026025 60818.18993710 11
HO-68                60818.25224149 60818.26588254 75
HO-68                60818.32866621 60818.33972045 15
HO-68                60818.73438632 60818.74584574 18
HO-68                60818.80841812 60818.82193656 67
HO-68                60818.88453587 60818.89356161 9
HO-68                60819.16945292 60819.17766330 7
HO-68                60819.24057467 60819.25402071 56
HO-68                60819.31624082 60819.32828280 22
HO-68                60819.72304352 60819.73329937 12
HO-68                60819.79658042 60819.81021164 87
HO-68                60819.87233546 60819.88262969 13
HO-68                60820.15901962 60820.16516965 4
HO-68                60820.22901068 60820.24211741 42
AO-73                60803.27338533 60803.28184219 59
AO-73                60803.34089870 60803.34658903 6
AO-73                60803.76227144 60803.76943911 12
AO-73                60803.82757045 60803.83612854 39
AO-73                60804.27275349 60804.28121711 57
AO-73                60804.34020850 60804.34600603 7
AO-73                60804.76166361 60804.76876696 12
AO-73                60804.82693053 60804.83550211 40
AO-73                60805.27210683 60805.28057480 55
AO-73                60805.33950163 60805.34540559 7
AO-73                60805.76104042 60805.76807539 11
AO-73                60805.82627397 60805.83485796 41
AO-73                60806.27144372 60806.27991522 54
AO-73                60806.33877817 60806.34478783 8
AO-73                60806.76040195 60806.76736429 11
AO-73                60806.82560076 60806.83419604 42
AO-73                60807.27076425 60807.27923833 52
AO-73                60807.33803345 60807.34414512 8
AO-73                60807.75974827 60807.76663355 11
AO-73                60807.82491089 60807.83351634 44
AO-73                60808.27006848 60808.27854408 50
AO-73                60808.33727693 60808.34349213 8
AO-73                60808.75907947 60808.76588308 10
AO-73                60808.82420438 60808.83281882 45
AO-73                60809.26935647 60809.27783243 48
AO-73                60809.33650398 60809.34282157 9
AO-73                60809.75839565 60809.76511273 10
AO-73                60809.82348121 60809.83210346 47
AO-73                60810.26862831 60810.27710333 47
AO-73                60810.33571469 60810.34213336 9
AO-73                60810.75769691 60810.76432237 9
AO-73                60810.82274139 60810.83137024 48
AO-73                60811.26788396 60811.27635674 45
AO-73                60811.33490909 60811.34142745 9
AO-73                60811.75698337 60811.76351187 9
AO-73                60811.82198491 60811.83061913 50
AO-73                60812.26712350 60812.27559260 44
AO-73                60812.33408721 60812.34070382 10
AO-73                60812.75625515 60812.76268105 9
AO-73                60812.82121177 60812.82985012 52
AO-73                60813.26634713 60813.27481088 42
AO-73                60813.33324892 60813.33996243 10
AO-73                60813.75551244 60813.76182973 8
AO-73                60813.82042196 60813.82906318 54
AO-73                60814.26555483 60814.27401151 41
AO-73                60814.33239462 60814.33920324 11
AO-73                60814.75475538 60814.76095772 8
AO-73                60814.81961548 60814.82825828 56
AO-73                60815.26474665 60815.27319444 39
AO-73                60815.33152420 60815.33842621 11
AO-73                60815.75398419 60815.76006478 7
AO-73                60815.81879233 60815.82743542 58
AO-73                60816.26392267 60816.27235964 38
AO-73                60816.33063769 60816.33763132 12
AO-73                60816.75319907 60816.75915070 7
AO-73                60816.81795250 60816.82659456 60
AO-73                60816.88584286 60816.88931050 2
AO-73                60817.26308294 60817.27150703 37
AO-73                60817.32973512 60817.33681854 12
AO-73                60817.75240032 60817.75821502 6
AO-73                60817.81709599 60817.82573569 63
AO-73                60817.88490666 60817.88855562 2
AO-73                60818.26222754 60818.27063658 35
AO-73                60818.32881654 60818.33598783 13
AO-73                60818.75158823 60818.75725769 6
AO-73                60818.81622280 60818.82485878 66
AO-73                60818.88395742 60818.88777937 2
AO-73                60819.26135652 60819.26974823 34
AO-73                60819.32788199 60819.33513916 14
AO-73                60819.75076295 60819.75627815 6
AO-73                60819.81533293 60819.82396382 68
AO-73                60819.88299460 60819.88698222 3
AO-73                60820.26046995 60820.26884191 33
AO-73                60820.32693151 60820.33427249 14
AO-73                60820.74992528 60820.75527594 5
AO-73                60820.81442637 60820.82305078 71
AO-73                60820.88201779 60820.88616474 3
AO-73                60821.25956790 60821.26791758 32
AO-73                60821.32596512 60821.33338780 15
AO-73                60821.74907578 60821.75425054 5
AO-73                60821.81350312 60821.82211965 74
AO-73                60821.88102662 60821.88532707 3
AO-73                60822.25865044 60822.26697518 30
AO-73                60822.32498287 60822.33248487 15
AO-73                60822.74821459 60822.75320136 4
AO-73                60822.81256319 60822.82117041 77
AO-73                60822.88002081 60822.88446954 4
AO-73                60823.25771763 60823.26601465 29
AO-73                60823.32398478 60823.33156404 16
AO-73                60823.74734273 60823.75212737 4
AO-73                60823.81160658 60823.82020303 80
AO-73                60823.87900011 60823.88359237 4
AO-73                60824.25676954 60824.26503592 28
AO-73                60824.32297089 60824.33062511 17
AO-73                60824.74646116 60824.75102772 4
AO-73                60824.81063330 60824.81921749 83
AO-73                60824.87796430 60824.88269575 4
AO-73                60825.25580625 60825.26403895 27
AO-73                60825.32194122 60825.32966809 18
TITA                 60803.52225351 60803.52892584 12
TITA                 60803.58683861 60803.59492964 37
TITA                 60804.07238263 60804.08053227 30
TITA                 60804.13823683 60804.14536165 15
TITA                 60804.51628120 60804.52240011 9
TITA                 60804.58039155 60804.58867114 50
TITA                 60805.06616723 60805.07405470 23
TITA                 60805.13177436 60805.13928482 19
TITA                 60805.51037618 60805.51580362 6
TITA                 60805.57401452 60805.58237993 69
TITA                 60806.05997539 60806.06751646 18
TITA                 60806.12533620 60806.13315619 24
TITA                 60806.50456983 60806.50910536 4
TITA                 60806.56766398 60806.57605434 85
TITA                 60806.63553532 60806.63981115 3
TITA                 60807.05381434 60807.06090940 13
TITA                 60807.11890692 60807.12696615 32
TITA                 60807.56133950 60807.56969522 63
TITA                 60807.62856485 60807.63395091 6
TITA                 60808.04769625 60808.05422139 10
TITA                 60808.11244584 60808.12072131 42
TITA                 60808.55504087 60808.56330274 46
TITA                 60808.62173969 60808.62793780 9
TITA                 60809.04164168 60809.04743110 7
TITA                 60809.10603980 60809.11442983 57
TITA                 60809.54876928 60809.55687637 34
TITA                 60809.61500398 60809.62182726 12
TITA                 60810.03569145 60810.04049662 4
TITA                 60810.09964458 60810.10808923 78
TITA                 60810.16674662 60810.17099714 3
TITA                 60810.54252663 60810.55041482 26
TITA                 60810.60833192 60810.61564492 16
TITA                 60811.09326029 60811.10169960 75
TITA                 60811.15996087 60811.16518279 6
TITA                 60811.53631580 60811.54391574 20
TITA                 60811.60170945 60811.60940477 21
TITA                 60812.08688502 60812.09526028 55
TITA                 60812.15326673 60812.15923296 8
TITA                 60812.53014112 60812.53737574 16
TITA                 60812.59512745 60812.60311583 28
TITA                 60813.08052499 60813.08876976 40
TITA                 60813.14662664 60813.15318648 11
TITA                 60813.52400954 60813.53078878 12
TITA                 60813.58858038 60813.59678374 37
TITA                 60814.07418104 60814.08222552 30
TITA                 60814.14002213 60814.14706201 14
TITA                 60814.51793012 60814.52414575 9
TITA                 60814.58202138 60814.59040910 51
TITA                 60815.06785647 60815.07562369 22
TITA                 60815.13344914 60815.14087737 19
TITA                 60815.51191996 60815.51743053 6
TITA                 60815.57553384 60815.58400115 71
TITA                 60816.06155749 60816.06895854 17
TITA                 60816.12688972 60816.13462528 24
TITA                 60816.50601177 60816.51061123 4
TITA                 60816.56907403 60816.57755812 84
TITA                 60816.63684490 60816.64138780 4
TITA                 60817.05529234 60817.06222099 13
TITA                 60817.12034564 60817.12831744 32
TITA                 60817.56264148 60817.57108080 61
TITA                 60817.62978448 60817.63538850 6
TITA                 60818.04907503 60818.05539693 9
TITA                 60818.11377082 60818.12195363 43
TITA                 60818.55623617 60818.56456931 45
TITA                 60818.62285452 60818.62923960 9
TITA                 60819.04293014 60819.04846098 6
TITA                 60819.10725167 60819.11554181 59
TITA                 60819.54985936 60819.55802300 33
TITA                 60819.61601518 60819.62300443 13
TITA                 60820.03691004 60820.04135941 3
TITA                 60820.10074403 60820.10907956 80
TITA                 60820.16781159 60820.17203759 3
TITA                 60820.54351321 60820.55144038 25
TITA                 60820.60924390 60820.61670564 17
TITA                 60821.09424830 60821.10256688 71
TITA                 60821.16090981 60821.16610634 6
TITA                 60821.53720091 60821.54481882 20
TITA                 60821.60251640 60821.61034321 23
TITA                 60822.08776243 60822.09600291 51
TITA                 60822.15410069 60822.16003803 8
TITA                 60822.53092726 60822.53815446 15
TITA                 60822.59582968 60822.60393210 30
TITA                 60823.08129337 60823.08938586 37
TITA                 60823.14734619 60823.15387192 11
TITA                 60823.52470004 60823.53144050 11
TITA                 60823.58917835 60823.59747783 40
TITA                 60824.07484223 60824.08271275 27
TITA                 60824.14062774 60824.14762690 15
TITA                 60824.51852976 60824.52466639 8
TITA                 60824.58251536 60824.59098078 55
TITA                 60825.06841293 60825.07597898 20
TITA                 60825.13394107 60825.14132078 19
TITA                 60825.51243667 60825.51781301 6
TITA                 60825.57592516 60825.58445004 77
TITA                 60826.06201280 60826.06917784 15
TITA                 60826.12726858 60826.13494640 25
TITA                 60826.50646088 60826.51084041 3
TITA                 60826.56936379 60826.57788363 78
TITA                 60826.63694135 60826.64185505 4
NOAA-15              60803.38606724 60803.39271889 7
NOAA-15              60803.45270412 60803.46330844 76
NOAA-15              60803.52374668 60803.53138074 9
NOAA-15              60803.96648686 60803.97688849 44
NOAA-15              60804.03613643 60804.04521897 18
NOAA-15              60804.43483380 60804.44509916 41
NOAA-15              60804.50462902 60804.51393635 19
NOAA-15              60804.94864225 60804.95836149 24
NOAA-15              60805.01772355 60805.02773598 32
NOAA-15              60805.41723323 60805.42674990 23
NOAA-15              60805.48597192 60805.49617652 35
NOAA-15              60805.93104834 60805.93946617 12
NOAA-15              60805.99946057 60806.00996604 59
NOAA-15              60806.07046359 60806.07600244 4
NOAA-15              60806.39995662 60806.40822047 13
NOAA-15              60806.46762319 60806.47822273 66
NOAA-15              60806.54008410 60806.54524933 3
NOAA-15              60806.91394702 60806.91995186 5
NOAA-15              60806.98133025 60806.99193699 75
NOAA-15              60807.05147647 60807.05934974 11
NOAA-15              60807.38314827 60807.38938224 6
NOAA-15              60807.44953865 60807.46012149 68
NOAA-15              60807.52034952 60807.52834836 11
NOAA-15              60807.96333908 60807.97364744 40
NOAA-15              60808.03289248 60808.04215778 20
NOAA-15              60808.43171101 60808.44188716 37
NOAA-15              60808.50131890 60808.51083234 21
NOAA-15              60808.94552773 60808.95506258 21
NOAA-15              60809.01450547 60809.02461985 36
NOAA-15              60809.41415888 60809.42350896 21
NOAA-15              60809.48271851 60809.49303126 39
NOAA-15              60809.92799123 60809.93608450 11
NOAA-15              60809.99626322 60810.00680205 66
NOAA-15              60810.06709250 60810.07311167 5
NOAA-15              60810.39694604 60810.40493801 11
NOAA-15              60810.46441525 60810.47504761 73
NOAA-15              60810.53651576 60810.54235650 4
NOAA-15              60810.91104943 60810.91639005 4
NOAA-15              60810.97815384 60810.98872679 67
NOAA-15              60811.04819087 60811.05633821 12
NOAA-15              60811.38024929 60811.38601314 5
NOAA-15              60811.44637263 60811.45692086 61
NOAA-15              60811.51693199 60811.52529269 12
NOAA-15              60811.96018733 60811.97038748 36
NOAA-15              60812.02964459 60812.03907708 22
NOAA-15              60812.42858850 60812.43866094 33
NOAA-15              60812.49801207 60812.50771055 23
NOAA-15              60812.94241195 60812.95174203 19
NOAA-15              60813.01128207 60813.02148594 39
NOAA-15              60813.41108684 60813.42025238 19
NOAA-15              60813.47946572 60813.48987087 43
NOAA-15              60813.92494059 60813.93267297 9
NOAA-15              60813.99306041 60814.00362076 73
NOAA-15              60814.06373459 60814.07018317 6
NOAA-15              60814.39394258 60814.40163563 10
NOAA-15              60814.46120695 60814.47185834 81
NOAA-15              60814.53299093 60814.53940600 6
NOAA-15              60814.90820125 60814.91274610 2
NOAA-15              60814.97497231 60814.98549903 60
NOAA-15              60815.04490407 60815.05330390 13
NOAA-15              60815.37737734 60815.38260453 4
NOAA-15              60815.44320648 60815.45370625 55
NOAA-15              60815.51355459 60815.52221077 14
NOAA-15              60815.95703168 60815.96710878 32
NOAA-15              60816.02639215 60816.03597746 24
NOAA-15              60816.42546665 60816.43542016 30
NOAA-15              60816.49470797 60816.50457139 26
NOAA-15              60816.93929555 60816.94839918 17
NOAA-15              60817.00805313 60817.01833437 44
NOAA-15              60817.40801777 60817.41697923 17
NOAA-15              60817.47621340 60817.48669532 48
NOAA-15              60817.92189947 60817.92922861 8
NOAA-15              60817.98985171 60818.00042240 81
NOAA-15              60818.06035113 60818.06722461 7
NOAA-15              60818.39094796 60818.39831141 9
NOAA-15              60818.45799862 60818.46865478 89
NOAA-15              60818.52949697 60818.53641027 7
NOAA-15              60818.97178545 60818.98225357 54
NOAA-15              60819.04161496 60819.05024805 15
NOAA-15              60819.37460064 60819.37914477 3
NOAA-15              60819.44004121 60819.45047720 49
NOAA-15              60819.51018492 60819.51910658 15
NOAA-15              60819.95387231 60819.96381089 29
NOAA-15              60820.02313462 60820.03285947 27
NOAA-15              60820.42234585 60820.43216438 27
NOAA-15              60820.49140609 60820.50141521 29
NOAA-15              60820.93617947 60820.94503307 15
NOAA-15              60821.00481807 60821.01516575 49
NOAA-15              60821.07624204 60821.08059898 2
NOAA-15              60821.40495238 60821.41368909 15
NOAA-15              60821.47296138 60821.48350486 54
NOAA-15              60821.91887138 60821.92574767 7
NOAA-15              60821.98663697 60821.99720714 87
NOAA-15              60822.05700538 60822.06423429 8
NOAA-15              60822.38796407 60822.39496324 8
NOAA-15              60822.45478989 60822.46543681 82
NOAA-15              60822.52602565 60822.53337705 8
NOAA-15              60822.96859096 60822.97899081 48
NOAA-15              60823.03832257 60823.04717166 17
NOAA-18              60803.19262188 60803.20161719 16
NOAA-18              60803.52813724 60803.53404049 5
NOAA-18              60803.59481398 60803.60557939 60
NOAA-18              60803.66595062 60803.67461073 13
NOAA-18              60804.11327215 60804.12395866 41
NOAA-18              60804.18344280 60804.19307981 21
NOAA-18              60804.52033394 60804.52437928 2
NOAA-18              60804.58600184 60804.59657302 45
NOAA-18              60804.65655883 60804.66595474 18
NOAA-18              60805.10444087 60805.11482285 30
NOAA-18              60805.17434089 60805.18445552 28
NOAA-18              60805.57725241 60805.58753401 34
NOAA-18              60805.64727305 60805.65722121 24
NOAA-18              60806.09565888 60806.10560852 23
NOAA-18              60806.16527626 60806.17575834 37
NOAA-18              60806.56857060 60806.57846010 25
NOAA-18              60806.63807455 60806.64842823 33
NOAA-18              60807.08693857 60807.09630311 17
NOAA-18              60807.15624498 60807.16699389 49
NOAA-18              60807.22821994 60807.23303742 3
NOAA-18              60807.55996300 60807.56934654 19
NOAA-18              60807.62895187 60807.63958698 44
NOAA-18              60808.07829943 60808.08688597 12
NOAA-18              60808.14724503 60808.15816549 66
NOAA-18              60808.21863599 60808.22506136 6
NOAA-18              60808.55143904 60808.56018540 14
NOAA-18              60808.61989779 60808.63070472 60
NOAA-18              60808.69336551 60808.69806490 3
NOAA-18              60809.06977674 60809.07732048 8
NOAA-18              60809.13827583 60809.14927490 87
NOAA-18              60809.20926965 60809.21684775 9
NOAA-18              60809.54301458 60809.55096326 10
NOAA-18              60809.61090789 60809.62178620 81
NOAA-18              60809.68334599 60809.68994834 6
NOAA-18              60810.06145430 60810.06752847 5
NOAA-18              60810.12933824 60810.14032233 70
NOAA-18              60810.20000857 60810.20848616 13
NOAA-18              60810.53471586 60810.54165532 7
NOAA-18              60810.60197989 60810.61283436 77
NOAA-18              60810.67365972 60810.68152995 10
NOAA-18              60811.12043445 60811.13130643 52
NOAA-18              60811.19081777 60811.20001345 17
NOAA-18              60811.52659883 60811.53220801 4
NOAA-18              60811.59311307 60811.60385069 57
NOAA-18              60811.66412745 60811.67295718 14
NOAA-18              60812.11156488 60812.12222404 39
NOAA-18              60812.18167937 60812.19144924 22
NOAA-18              60812.58430956 60812.59483547 42
NOAA-18              60812.65475516 60812.66428106 19
NOAA-18              60813.10273997 60813.11306973 29
NOAA-18              60813.17258319 60813.18280581 29
NOAA-18              60813.57556911 60813.58578724 32
NOAA-18              60813.64548423 60813.65553181 26
NOAA-18              60814.09396636 60814.10383481 22
NOAA-18              60814.16352320 60814.17409094 39
NOAA-18              60814.56689756 60814.57670335 24
NOAA-18              60814.63629786 60814.64672575 35
NOAA-18              60815.08525762 60815.09450556 16
NOAA-18              60815.15449596 60815.16530942 52
NOAA-18              60815.22632745 60815.23155686 4
NOAA-18              60815.55830180 60815.56757871 18
NOAA-18              60815.62718561 60815.63787315 47
NOAA-18              60816.07663537 60816.08505894 11
NOAA-18              60816.14549979 60816.15646453 70
NOAA-18              60816.21679481 60816.22351305 6
NOAA-18              60816.54979223 60816.55840443 14
NOAA-18              60816.61814091 60816.62898067 64
NOAA-18              60816.69135510 60816.69654583 3
NOAA-18              60817.06813976 60817.07545336 7
NOAA-18              60817.13653441 60817.14755759 87
NOAA-18              60817.20745367 60817.21525950 10
NOAA-18              60817.54138587 60817.54916568 10
NOAA-18              60817.60915980 60817.62005267 85
NOAA-18              60817.68142499 60817.68834018 7
NOAA-18              60818.05987004 60818.06559485 4
NOAA-18              60818.12760095 60818.13858849 66
NOAA-18              60818.19820753 60818.20686827 13
NOAA-18              60818.53311343 60818.53983397 6
NOAA-18              60818.60024034 60818.61109178 72
NOAA-18              60818.67178069 60818.67987945 10
NOAA-18              60819.11869978 60819.12955554 49
NOAA-18              60819.18902671 60819.19837123 18
NOAA-18              60819.52503991 60819.53034573 4
NOAA-18              60819.59138220 60819.60209923 53
NOAA-18              60819.66227456 60819.67127979 15
NOAA-18              60820.10983773 60820.12045518 36
NOAA-18              60820.17989554 60820.18978582 24
NOAA-18              60820.58258766 60820.59307487 40
NOAA-18              60820.65292129 60820.66258414 20
NOAA-18              60821.10101992 60821.11128133 27
NOAA-18              60821.17080496 60821.18112305 31
NOAA-18              60821.57385697 60821.58401742 30
NOAA-18              60821.64366525 60821.65381941 27
NOAA-18              60822.09225567 60822.10202467 20
NOAA-18              60822.16174961 60822.17239008 41
NOAA-18              60822.56519632 60822.57492344 23
NOAA-18              60822.63449120 60822.64500034 37
NOAA-18              60823.08355988 60823.09266966 15
NOAA-18              60823.15272645 60823.16359135 55
NOAA-19              60803.52610409 60803.53614717 26
NOAA-19              60803.59562884 60803.60609646 33
NOAA-19              60804.04467466 60804.05403692 17
NOAA-19              60804.11397291 60804.12473291 49
NOAA-19              60804.18590833 60804.19082070 3
NOAA-19              60804.51764791 60804.52720647 20
NOAA-19              60804.58666870 60804.59742041 44
NOAA-19              60805.03619839 60805.04478504 12
NOAA-19              60805.10514051 60805.11606107 66
NOAA-19              60805.17651327 60805.18297562 6
NOAA-19              60805.50927149 60805.51822108 15
NOAA-19              60805.57777523 60805.58870424 59
NOAA-19              60805.65125760 60805.65605330 3
NOAA-19              60806.02783575 60806.03538826 8
NOAA-19              60806.09633766 60806.10732865 86
NOAA-19              60806.16732369 60806.17490603 9
NOAA-19              60806.50098846 60806.50917941 11
NOAA-19              60806.56894415 60806.57995258 79
NOAA-19              60806.64141285 60806.64809138 6
NOAA-19              60807.01966771 60807.02577138 5
NOAA-19              60807.08756526 60807.09853580 71
NOAA-19              60807.15823433 60807.16669405 12
NOAA-19              60807.49282155 60807.50006047 8
NOAA-19              60807.56017304 60807.57116837 79
NOAA-19              60807.63189232 60807.63983533 10
NOAA-19              60808.07882548 60808.08968120 53
NOAA-19              60808.14921244 60808.15837429 17
NOAA-19              60808.48481560 60808.49082165 5
NOAA-19              60808.55146142 60808.56235316 59
NOAA-19              60808.62252275 60808.63142743 14
NOAA-19              60809.07011868 60809.08076185 39
NOAA-19              60809.14024106 60809.14996539 22
NOAA-19              60809.47714523 60809.48134832 2
NOAA-19              60809.54281075 60809.55350729 44
NOAA-19              60809.61331049 60809.62291712 19
NOAA-19              60810.06145498 60810.07177255 29
NOAA-19              60810.13131044 60810.14147915 29
NOAA-19              60810.53422118 60810.54462984 33
NOAA-19              60810.60419804 60810.61433426 25
NOAA-19              60811.05284064 60811.06270507 22
NOAA-19              60811.12241481 60811.13292294 38
NOAA-19              60811.52569714 60811.53571846 26
NOAA-19              60811.59516873 60811.60569491 34
NOAA-19              60812.04428850 60812.05354643 16
NOAA-19              60812.11355080 60812.12430185 50
NOAA-19              60812.18543034 60812.19047837 3
NOAA-19              60812.51724515 60812.52676879 20
NOAA-19              60812.58621216 60812.59700946 45
NOAA-19              60813.03581884 60813.04427508 12
NOAA-19              60813.10471678 60813.11561867 68
NOAA-19              60813.17605048 60813.18260305 6
NOAA-19              60813.50887409 60813.51777351 15
NOAA-19              60813.57732173 60813.58828441 61
NOAA-19              60813.65066790 60813.65574592 3
NOAA-19              60814.02746883 60814.03485259 8
NOAA-19              60814.09591242 60814.10687493 87
NOAA-19              60814.16686674 60814.17451339 9
NOAA-19              60814.50059824 60814.50872027 11
NOAA-19              60814.56849339 60814.57952424 81
NOAA-19              60814.64087075 60814.64773073 6
NOAA-19              60815.01932829 60815.02519473 4
NOAA-19              60815.08713872 60815.09807061 69
NOAA-19              60815.15777951 60815.16628520 13
NOAA-19              60815.49244178 60815.49958679 7
NOAA-19              60815.55972492 60815.57073170 77
NOAA-19              60815.63134160 60815.63945037 10
NOAA-19              60816.07839803 60816.08920423 51
NOAA-19              60816.14875790 60816.15795128 17
NOAA-19              60816.48445308 60816.49032679 4
NOAA-19              60816.55101606 60816.56190822 57
NOAA-19              60816.62201345 60816.63102180 14
NOAA-19              60817.06969066 60817.08027254 38
NOAA-19              60817.13978578 60817.14952944 23
NOAA-19              60817.54236865 60817.55305399 43
NOAA-19              60817.61280943 60817.62249738 20
NOAA-19              60818.06102737 60818.07126995 28
NOAA-19              60818.13085384 60818.14103102 30
NOAA-19              60818.53378206 60818.54416796 33
NOAA-19              60818.60370295 60818.61390257 26
NOAA-19              60819.05241474 60819.06218802 21
NOAA-19              60819.12195654 60819.13246313 39
NOAA-19              60819.52526194 60819.53524755 25
NOAA-19              60819.59467825 60819.60525278 35
NOAA-19              60820.04386637 60820.05301275 16
NOAA-19              60820.11309069 60820.12383067 52
NOAA-19              60820.18491556 60820.19009521 3
NOAA-19              60820.51681481 60820.52628818 19
NOAA-19              60820.58572545 60820.59655742 47
NOAA-19              60821.03540397 60821.04372106 11
NOAA-19              60821.10425483 60821.11513626 70
NOAA-19              60821.17554959 60821.18219114 6
NOAA-19              60821.50844997 60821.51728203 14
NOAA-19              60821.57683828 60821.58782317 63
NOAA-19              60821.65005640 60821.65538835 3
NOAA-19              60822.02706802 60822.03427117 7
NOAA-19              60822.09544874 60822.10638127 87
NOAA-19              60822.16637103 60822.17408191 9
NOAA-19              60822.50018223 60822.50821599 10
NOAA-19              60822.56801294 60822.57905413 84
METOA                60803.22956140 60803.23477365 5
METOA                60803.61508101 60803.62358551 34
METOA                60803.68283059 60803.69020632 13
METOA                60804.11309410 60804.11950151 9
METOA                60804.17931814 60804.18782010 48
METOA                60804.56870782 60804.57298468 3
METOA                60804.63297638 60804.64178565 73
METOA                60804.70213348 60804.70742875 5
METOA                60805.13059212 60805.13846320 19
METOA                60805.19765339 60805.20555165 23
METOA                60805.58543097 60805.59197704 10
METOA                60805.65119189 60805.65982491 47
METOA                60806.14839801 60806.15699604 41
METOA                60806.21614552 60806.22292929 11
METOA                60806.60274065 60806.61052222 20
METOA                60806.66965986 60806.67766936 22
METOA                60807.10100764 60807.10574956 4
METOA                60807.16640010 60807.17521371 82
METOA                60807.23501040 60807.23979200 4
METOA                60807.62040432 60807.62884112 41
METOA                60807.68851161 60807.69522319 10
METOA                60808.11807816 60808.12521036 12
METOA                60808.18455925 60808.19314827 40
METOA                60808.57367160 60808.57845817 4
METOA                60808.63835733 60808.64698757 80
METOA                60808.70811582 60808.71215578 3
METOA                60809.13567844 60809.14401441 24
METOA                60809.20291692 60809.21078430 20
METOA                60809.59055588 60809.59730342 11
METOA                60809.65663334 60809.66496677 37
METOA                60810.15353446 60810.16244196 51
METOA                60810.22145719 60810.22806117 10
METOA                60810.60794707 60810.61577712 23
METOA                60810.67518067 60810.68273139 18
METOA                60811.10576570 60811.11164216 6
METOA                60811.17156814 60811.18057177 70
METOA                60811.24043543 60811.24474064 3
METOA                60811.62567256 60811.63404060 50
METOA                60811.69417481 60811.70015350 7
METOA                60812.12305365 60812.13082749 15
METOA                60812.18979408 60812.19842611 34
METOA                60812.57861174 60812.58384965 6
METOA                60812.64368234 60812.65213317 68
METOA                60813.14073348 60813.14949696 30
METOA                60813.20813928 60813.21596853 17
METOA                60813.59563070 60813.60257309 13
METOA                60813.66202031 60813.67004999 30
METOA                60814.15863440 60814.16782650 64
METOA                60814.22672643 60814.23313293 8
METOA                60814.61309757 60814.62097998 27
METOA                60814.68065433 60814.68772693 14
METOA                60815.11058205 60815.11737503 9
METOA                60815.17669469 60815.18587108 59
METOA                60815.24585126 60815.24959550 2
METOA                60815.63088225 60815.63918936 62
METOA                60815.69982100 60815.70497499 5
METOA                60816.12801582 60816.13635850 19
METOA                60816.19494043 60816.20363530 29
METOA                60816.58351623 60816.58917336 7
METOA                60816.64894818 60816.65722765 54
METOA                60817.14575942 60817.15490931 38
METOA                60817.21332086 60817.22109281 15
METOA                60817.60065155 60817.60779210 16
METOA                60817.66735006 60817.67507928 24
METOA                60818.09841484 60818.10350066 4
METOA                60818.16369707 60818.17314636 77
METOA                60818.23196105 60818.23813810 7
METOA                60818.61818906 60818.62613591 33
METOA                60818.68608057 60818.69265844 11
METOA                60819.11542301 60819.12298351 12
METOA                60819.18178453 60819.19110762 50
METOA                60819.57185996 60819.57538383 2
METOA                60819.63603078 60819.64429223 78
METOA                60819.70547901 60819.70967355 3
METOA                60820.13296262 60820.14180516 24
METOA                60820.20005526 60820.20878827 26
METOA                60820.58837865 60820.59443872 9
METOA                60820.65419470 60820.66227862 43
METOA                60821.15075874 60821.16024862 47
METOA                60821.21846755 60821.22615148 14
METOA                60821.60561586 60821.61296534 19
METOA                60821.67262150 60821.68005906 19
METOA                60822.10304797 60822.10927531 6
METOA                60822.16872886 60822.17839754 81
METOA                60822.23716964 60822.24306833 6
METOA                60822.62322010 60822.63124915 40
METOA                60822.69146077 60822.69752786 8
METOA                60823.12027278 60823.12848235 15
METOA                60823.18688396 60823.19628093 42
METOA                60823.57639998 60823.58080572 4
METOA                60823.64111678 60823.64935327 84
METOA                60824.13789344 60824.14716745 29
METOA                60824.20510217 60824.21387543 23
METOA                60824.59319542 60824.59965191 11
METOA                60824.65933623 60824.66728428 35
METOA                60825.15573550 60825.16551178 57
METOA                60825.22355125 60825.23114122 12
METOA                60825.61052393 60825.61809610 23
METOA                60825.67783410 60825.68499264 16
METOB                60803.47939932 60803.48764588 12
METOB                60803.54722922 60803.55795456 69
METOB                60803.61977787 60803.62538865 4
METOB                60803.99517654 60804.00141969 5
METOB                60804.06286974 60804.07361290 76
METOB                60804.13328676 60804.14125022 11
METOB                60804.46603066 60804.47270875 7
METOB                60804.53286507 60804.54358300 74
METOB                60804.60411310 60804.61195847 10
METOB                60805.04856600 60805.05912022 46
METOB                60805.11851038 60805.12763797 18
METOB                60805.45327438 60805.45732622 2
METOB                60805.51866139 60805.52912874 46
METOB                60805.58890494 60805.59811762 17
METOB                60806.03436598 60806.04445127 29
METOB                60806.10386735 60806.11379605 28
METOB                60806.50462301 60806.51459001 29
METOB                60806.57401325 60806.58406310 28
METOB                60807.02030123 60807.02957348 18
METOB                60807.08932297 60807.09976672 44
METOB                60807.49076965 60807.49995349 18
METOB                60807.55933285 60807.56987002 45
METOB                60808.00644106 60808.01441533 10
METOB                60808.07486331 60808.08557014 72
METOB                60808.14577984 60808.15234264 6
METOB                60808.47714185 60808.48518612 11
METOB                60808.54482964 60808.55557203 74
METOB                60808.61713525 60808.62319292 5
METOB                60808.99297128 60808.99878400 4
METOB                60809.06048591 60809.07121347 71
METOB                60809.13082434 60809.13899388 12
METOB                60809.46383153 60809.47020448 6
METOB                60809.53048883 60809.54118596 69
METOB                60809.60157282 60809.60966983 11
METOB                60810.04619516 60810.05669331 43
METOB                60810.11607072 60810.12534049 19
METOB                60810.51630900 60810.52671754 42
METOB                60810.58641503 60810.59578695 19
METOB                60811.03201198 60811.04199311 27
METOB                60811.10144299 60811.11146615 30
METOB                60811.50229620 60811.51216333 27
METOB                60811.57155817 60811.58170612 30
METOB                60812.01797187 60812.02707644 16
METOB                60812.08691074 60812.09740844 48
METOB                60812.15861974 60812.16302468 2
METOB                60812.48847314 60812.49750779 17
METOB                60812.55690551 60812.56749358 49
METOB                60813.00415302 60813.01186141 9
METOB                60813.07246235 60813.08318541 78
METOB                60813.14327578 60813.15012980 7
METOB                60813.47488530 60813.48271356 10
METOB                60813.54242676 60813.55317970 80
METOB                60813.61450886 60813.62096789 6
METOB                60813.99079288 60813.99611132 3
METOB                60814.05809667 60814.06880237 65
METOB                60814.12835871 60814.13672316 13
METOB                60814.46163927 60814.46768121 5
METOB                60814.52810937 60814.53877920 64
METOB                60814.59900338 60814.60736806 12
METOB                60815.04381933 60815.05425405 40
METOB                60815.11362627 60815.12303037 21
METOB                60815.51395368 60815.52429643 39
METOB                60815.58392407 60815.59344415 20
METOB                60816.02965393 60816.03952186 25
METOB                60816.09901320 60816.10912437 32
METOB                60816.49996705 60816.50972635 25
METOB                60816.56910066 60816.57933842 32
METOB                60817.01564008 60817.02456417 15
METOB                60817.08449304 60817.09503883 52
METOB                60817.15602469 60817.16090680 3
METOB                60817.48617546 60817.49505106 16
METOB                60817.55447512 60817.56510702 53
METOB                60818.00186775 60818.00928733 8
METOB                60818.07005572 60818.08078921 83
METOB                60818.14077196 60818.14789889 8
METOB                60818.47262991 60818.48022731 9
METOB                60818.54002057 60818.55077750 86
METOB                60818.61189469 60818.61871760 7
METOB                60818.98863403 60818.99339302 3
METOB                60819.05570201 60819.06637960 61
METOB                60819.12588944 60819.13443851 14
METOB                60819.45945640 60819.46513654 4
METOB                60819.52572675 60819.53636261 59
METOB                60819.59646659 60819.60504901 13
METOB                60820.04143855 60820.05180279 37
METOB                60820.11117680 60820.12070785 22
METOB                60820.51159522 60820.52186526 37
METOB                60820.58143182 60820.59108939 22
METOB                60821.02729193 60821.03703737 23
METOB                60821.09657783 60821.10677086 35
METOB                60821.49763574 60821.50727886 23
METOB                60821.56664063 60821.57695981 35
METOB                60822.01330647 60822.02203656 14
METOB                60822.08206939 60822.09265758 56
METOB                60822.15344607 60822.15875470 4
METOB                60822.48387694 60822.49258264 15
METOB                60822.55204168 60822.56271033 57
METOB                60822.62531027 60822.62956198 2
METOB                60822.99958650 60823.00669169 7
