iss                  60803.36261087 60803.36813487 7
iss                  60803.42903310 60803.43654810 85
iss                  60803.49766002 60803.50145013 3
iss                  60803.98800623 60803.99347613 8
iss                  60804.05385817 60804.06136435 50
iss                  60804.12288325 60804.12745365 4
iss                  60804.32927094 60804.33337833 3
iss                  60804.39525908 60804.40266379 42
iss                  60804.46295596 60804.46878306 9
iss                  60805.02001245 60805.02754774 70
iss                  60805.08820373 60805.09404860 9
iss                  60805.36156017 60805.36856489 21
iss                  60805.42869577 60805.43555413 19
iss                  60805.98635133 60805.99358680 30
iss                  60806.05376628 60806.06048289 15
iss                  60806.32790949 60806.33424028 12
iss                  60806.39463999 60806.40201110 42
iss                  60806.95291599 60806.95943025 15
iss                  60807.01952270 60807.02679688 28
iss                  60807.29436803 60807.29966127 6
iss                  60807.36071007 60807.36822402 82
iss                  60807.42909698 60807.43341261 4
iss                  60807.91982335 60807.92495618 6
iss                  60807.98545537 60807.99299728 59
iss                  60808.05430004 60808.05917102 5
iss                  60808.26099355 60808.26474027 3
iss                  60808.32687031 60808.33421684 36
iss                  60808.39443497 60808.40051544 11
iss                  60808.95156377 60808.95907310 59
iss                  60809.01959136 60809.02564717 10
iss                  60809.29308467 60809.29999199 19
iss                  60809.36014207 60809.36713604 23
iss                  60809.91786402 60809.92499602 26
iss                  60809.98511274 60809.99197482 17
iss                  60810.25938844 60810.26553673 11
iss                  60810.32603438 60810.33346046 50
iss                  60810.88440673 60810.89070529 13
iss                  60810.95082450 60810.95818467 32
iss                  60811.02042018 60811.02394719 2
iss                  60811.22579157 60811.23081392 6
iss                  60811.29204387 60811.29954625 69
iss                  60811.36020749 60811.36500757 5
iss                  60811.85127418 60811.85604315 5
iss                  60811.91671309 60811.92427919 71
iss                  60811.98536697 60811.99054016 6
iss                  60812.25813966 60812.26541218 31
iss                  60812.32557073 60812.33189849 13
iss                  60812.88278033 60812.89024373 48
iss                  60812.95063084 60812.95689866 11
iss                  60813.22430629 60813.23105792 17
iss                  60813.29124463 60813.29836818 26
iss                  60813.84904890 60813.85604460 22
iss                  60813.91611414 60813.92311882 20
iss                  60814.19053017 60814.19646449 9
iss                  60814.25708528 60814.26455732 61
iss                  60814.81558253 60814.82160796 11
iss                  60814.88178499 60814.88922259 38
iss                  60814.95113280 60814.95511987 3
iss                  60815.15688483 60815.16158762 5
iss                  60815.22303522 60815.23051243 56
iss                  60815.29098983 60815.29623731 7
iss                  60815.78251195 60815.78672050 4
iss                  60815.84763359 60815.85520837 86
iss                  60815.91608706 60815.92156008 7
iss                  60816.18906812 60816.19624745 27
iss                  60816.25636532 60816.26292966 15
iss                  60816.81366557 60816.82105738 40
iss                  60816.88132487 60816.88780202 13
iss                  60817.15515231 60817.16175698 15
iss                  60817.22200452 60817.22924798 32
iss                  60817.77991090 60817.78672889 19
iss                  60817.84677338 60817.85391359 23
iss                  60818.12133683 60818.12701985 8
iss                  60818.18779408 60818.19529915 76
iss                  60818.25659600 60818.25993988 2
iss                  60818.74645311 60818.75213063 9
iss                  60818.81240710 60818.81990919 46
iss                  60818.88150845 60818.88593149 4
iss                  60819.08765341 60819.09197498 4
iss                  60819.15368563 60819.16111995 46
iss                  60819.22144314 60819.22710260 8
iss                  60819.71351494 60819.71694599 2
iss                  60819.77822037 60819.78578299 76
iss                  60819.84646334 60819.85222974 8
iss                  60820.11965703 60820.12671938 23
iss                  60820.18682050 60820.19360623 18
iss                  60820.74422343 60820.75151132 32
iss                  60820.81167664 60820.81835606 15
iss                  60821.08567962 60821.09208780 13
iss                  60821.15242355 60821.15977252 39
iss                  60821.71045598 60821.71704416 15
iss                  60821.77709344 60821.78435766 27
iss                  60822.05181134 60822.05719776 7
iss                  60822.11816222 60822.12568319 86
iss                  60822.18659645 60822.19076470 4
iss                  60822.67703175 60822.68226123 7
iss                  60822.74269401 60822.75024289 57
iss                  60822.81154761 60822.81638430 5
iss                  60823.01810537 60823.02196600 3
AO-07                60803.42151018 60803.43562140 29
AO-07                60803.49942348 60803.51428884 47
AO-07                60803.58018347 60803.58735744 4
AO-07                60803.87366372 60803.88662655 20
AO-07                60803.95015505 60803.96562950 69
AO-07                60804.03210333 60804.04130019 7
AO-07                60804.38197370 60804.39115933 7
AO-07                60804.45768981 60804.47304851 70
AO-07                60804.53671977 60804.54949752 20
AO-07                60804.83579891 60804.84323133 4
AO-07                60804.90890217 60804.92390649 48
AO-07                60804.98760198 60805.00179519 28
AO-07                60805.41670426 60805.43047751 25
AO-07                60805.49443671 60805.50946042 53
AO-07                60805.57487209 60805.58308214 6
AO-07                60805.86902929 60805.88155376 18
AO-07                60805.94519276 60805.96070895 77
AO-07                60806.02660186 60806.03679964 9
AO-07                60806.37758107 60806.38554436 5
AO-07                60806.45277904 60806.46806601 62
AO-07                60806.53165891 60806.54483427 23
AO-07                60806.83162604 60806.83784314 3
AO-07                60806.90409522 60806.91891177 43
AO-07                60806.98248575 60806.99697153 32
AO-07                60807.41192021 60807.42530419 22
AO-07                60807.48945860 60807.50461274 60
AO-07                60807.56962658 60807.57872271 7
AO-07                60807.86442574 60807.87646540 16
AO-07                60807.94024941 60807.95577840 85
AO-07                60808.02118623 60808.03222165 11
AO-07                60808.37335742 60808.37974200 3
AO-07                60808.44787940 60808.46306438 55
AO-07                60808.52661059 60808.54014452 25
AO-07                60808.89930913 60808.91390791 38
AO-07                60808.97739476 60808.99213025 37
AO-07                60809.40716155 60809.42009855 19
AO-07                60809.48448913 60809.49974623 67
AO-07                60809.56442754 60809.57429894 9
AO-07                60809.85985632 60809.87135908 13
AO-07                60809.93532482 60809.95083828 86
AO-07                60810.01583673 60810.02758558 13
AO-07                60810.44298990 60810.45804302 49
AO-07                60810.52157370 60810.53542972 29
AO-07                60810.89453834 60810.90889466 34
AO-07                60810.97232736 60810.98727325 42
AO-07                60811.40243274 60811.41485591 16
AO-07                60811.47952834 60811.49486121 75
AO-07                60811.55926321 60811.56982246 11
AO-07                60811.85532478 60811.86623154 11
AO-07                60811.93041895 60811.94588894 77
AO-07                60812.01054074 60812.02290371 16
AO-07                60812.43811419 60812.45300119 43
AO-07                60812.51654740 60812.53069141 32
AO-07                60812.88979629 60812.90387157 30
AO-07                60812.96728222 60812.98240175 47
AO-07                60813.39774594 60813.40957074 14
AO-07                60813.47457630 60813.48995789 83
AO-07                60813.55412673 60813.56530134 13
AO-07                60813.85083582 60813.86107858 10
AO-07                60813.92553183 60813.94093063 69
AO-07                60814.00528965 60814.01818456 18
AO-07                60814.43325262 60814.44793783 38
AO-07                60814.51153103 60814.52593075 36
AO-07                60814.88507784 60814.89883807 27
AO-07                60814.96225828 60814.97751711 53
AO-07                60815.04586774 60815.05179891 2
AO-07                60815.39309507 60815.40423513 11
AO-07                60815.46963363 60815.48503636 88
AO-07                60815.54901282 60815.56074137 15
AO-07                60815.84639656 60815.85589367 8
AO-07                60815.92066359 60815.93596352 62
AO-07                60816.00007725 60816.01343409 21
AO-07                60816.42840614 60816.44285193 33
AO-07                60816.50652411 60816.52114882 41
AO-07                60816.58781782 60816.59340121 2
AO-07                60816.88038428 60816.89379318 24
AO-07                60816.95725471 60816.97262029 60
AO-07                60817.03999598 60817.04764495 4
AO-07                60817.38849783 60817.39883767 9
AO-07                60817.46470012 60817.48009662 80
AO-07                60817.54391790 60817.55614648 17
AO-07                60817.84207905 60817.85066917 6
AO-07                60817.91581769 60817.93098768 55
AO-07                60817.99489889 60818.00865733 24
AO-07                60818.42357660 60818.43774173 29
AO-07                60818.50152627 60818.51634611 46
AO-07                60818.58236874 60818.58928564 4
AO-07                60818.87571678 60818.88873633 21
AO-07                60818.95227087 60818.96771213 67
AO-07                60819.03434340 60819.04328495 6
AO-07                60819.38397130 60819.39336094 7
AO-07                60819.45977644 60819.47513854 71
AO-07                60819.53883933 60819.55152001 19
AO-07                60819.83777834 60819.84538560 5
AO-07                60819.91098811 60819.92600308 49
AO-07                60819.98975105 60820.00385739 28
AO-07                60820.41876620 60820.43260538 26
AO-07                60820.49653729 60820.51152358 52
AO-07                60820.57703798 60820.58503457 5
LO-19                60803.45365874 60803.46391258 46
LO-19                60803.52311666 60803.53164191 15
LO-19                60803.91788536 60803.92757234 30
LO-19                60803.98689171 60803.99622574 22
LO-19                60804.43126303 60804.44052513 20
LO-19                60804.49981122 60804.50969560 33
LO-19                60804.89601013 60804.90421898 13
LO-19                60804.96356103 60804.97378891 51
LO-19                60805.40944291 60805.41640831 7
LO-19                60805.47681525 60805.48723978 76
LO-19                60805.54744530 60805.55321349 5
LO-19                60805.87507000 60805.88022534 4
LO-19                60805.94071003 60805.95103217 69
LO-19                60806.01136220 60806.01855424 8
LO-19                60806.45408810 60806.46433967 46
LO-19                60806.52354817 60806.53206552 15
LO-19                60806.91830448 60806.92800372 30
LO-19                60806.98731394 60806.99665470 22
LO-19                60807.43169054 60807.44095185 20
LO-19                60807.50024068 60807.51011909 33
LO-19                60807.89642606 60807.90465086 13
LO-19                60807.96398105 60807.97421746 51
LO-19                60808.40986796 60808.41683531 7
LO-19                60808.47724299 60808.48766277 76
LO-19                60808.54787732 60808.55363092 5
LO-19                60808.87547919 60808.88066125 4
LO-19                60808.94112789 60808.95146027 69
LO-19                60809.01178274 60809.01898021 8
LO-19                60809.45451419 60809.46476205 46
LO-19                60809.52397641 60809.53248459 15
LO-19                60809.91871996 60809.92843156 30
LO-19                60809.98773223 60809.99708032 22
LO-19                60810.43211488 60810.44137370 20
LO-19                60810.50066681 60810.51053803 33
LO-19                60810.89683854 60810.90507909 13
LO-19                60810.96439730 60810.97464256 51
LO-19                60811.41029012 60811.41725709 7
LO-19                60811.47766738 60811.48808114 76
LO-19                60811.54830616 60811.55404373 5
LO-19                60811.87588529 60811.88109319 4
LO-19                60811.94154209 60811.95188482 69
LO-19                60812.01219928 60812.01940292 8
LO-19                60812.45493695 60812.46517972 46
LO-19                60812.52440128 60812.53289913 15
LO-19                60812.91913194 60812.92885575 30
LO-19                60812.98814672 60812.99750248 22
LO-19                60813.43253596 60813.44179071 20
LO-19                60813.50108951 60813.51095242 33
LO-19                60813.89724769 60813.90550351 13
LO-19                60813.96480988 60813.97506408 50
LO-19                60814.41070927 60814.41767371 7
LO-19                60814.47808833 60814.48849493 76
LO-19                60814.54873169 60814.55445197 5
LO-19                60814.87628850 60814.88152097 4
LO-19                60814.94195277 60814.95230569 69
LO-19                60815.01261198 60815.01982222 8
LO-19                60815.45535626 60815.46559273 46
LO-19                60815.52482268 60815.53330919 15
LO-19                60815.91954053 60815.92927616 30
LO-19                60815.98855755 60815.99792107 22
LO-19                60816.43295365 60816.44220295 20
LO-19                60816.50150868 60816.51136231 33
LO-19                60816.89765365 60816.90592401 13
LO-19                60816.96521893 60816.97548191 50
LO-19                60817.41112526 60817.41808525 7
LO-19                60817.47850571 60817.48890418 75
LO-19                60817.54915378 60817.55485571 5
LO-19                60817.87668895 60817.88194442 4
LO-19                60817.94236001 60817.95272278 69
LO-19                60818.01302098 60818.02023796 8
LO-19                60818.45577202 60818.46600115 46
LO-19                60818.52524048 60818.53371483 15
LO-19                60818.91994583 60818.92969267 30
LO-19                60818.98896483 60818.99833595 22
LO-19                60819.43336784 60819.44261049 20
LO-19                60819.50192420 60819.51176776 32
LO-19                60819.89805651 60819.90634044 13
LO-19                60819.96562453 60819.97589593 50
LO-19                60820.41153795 60820.41849182 7
LO-19                60820.47891943 60820.48930897 75
LO-19                60820.54957226 60820.55525505 5
LO-19                60820.87708681 60820.88236335 4
LO-19                60820.94276393 60820.95313595 70
LO-19                60821.01342643 60821.02064999 8
LO-19                60821.45618410 60821.46640505 46
LO-19                60821.52565456 60821.53411611 15
LO-19                60821.92034793 60821.93010514 30
LO-19                60821.98936866 60821.99874699 22
LO-19                60822.43377839 60822.44301341 20
LO-19                60822.50233595 60822.51216886 32
LO-19                60822.89845638 60822.90675267 13
LO-19                60822.96602679 60822.97630602 50
LO-19                60823.41194719 60823.41889353 7
LO-19                60823.47932935 60823.48970936 75
LO-19                60823.54998696 60823.55565009 5
LO-19                60823.87748220 60823.88277758 4
LO-19                60823.94316461 60823.95354509 70
LO-19                60824.01382844 60824.02105815 8
LO-19                60824.45659239 60824.46680451 46
FO-29                60803.24612609 60803.25454755 9
FO-29                60803.59299840 60803.60130611 12
FO-29                60803.66424841 60803.67518846 54
FO-29                60804.13375845 60804.14548459 28
FO-29                60804.20662956 60804.21834580 33
FO-29                60804.62619332 60804.63671154 39
FO-29                60804.69983636 60804.70912805 16
FO-29                60805.09700230 60805.10496941 7
FO-29                60805.16798924 60805.18067030 73
FO-29                60805.24215717 60805.25121392 11
FO-29                60805.58953641 60805.59739828 10
FO-29                60805.66055849 60805.67142902 60
FO-29                60806.13003928 60806.14179039 26
FO-29                60806.20279702 60806.21483753 37
FO-29                60806.62259476 60806.63289639 35
FO-29                60806.69603367 60806.70544545 18
FO-29                60807.09344009 60807.10108392 6
FO-29                60807.16421449 60807.17706721 70
FO-29                60807.23823292 60807.24784629 13
FO-29                60807.58607664 60807.59348066 9
FO-29                60807.65686709 60807.66766962 67
FO-29                60808.12632993 60808.13808926 24
FO-29                60808.19897367 60808.21132228 41
FO-29                60808.61899541 60808.62908126 31
FO-29                60808.69223255 60808.70175988 20
FO-29                60809.08990720 60809.09717152 5
FO-29                60809.16044785 60809.17345825 65
FO-29                60809.23432805 60809.24446099 15
FO-29                60809.58263568 60809.58955183 7
FO-29                60809.65317359 60809.66391102 75
FO-29                60809.72963273 60809.73422405 3
FO-29                60810.12263112 60810.13438002 23
FO-29                60810.19515981 60810.20779950 45
FO-29                60810.61539535 60810.62526651 28
FO-29                60810.68843245 60810.69807242 22
FO-29                60811.08640993 60811.09322525 4
FO-29                60811.15668989 60811.16984281 61
FO-29                60811.23044088 60811.24105953 17
FO-29                60811.57920953 60811.58560942 6
FO-29                60811.64947825 60811.66015389 82
FO-29                60811.72552668 60811.73080397 4
FO-29                60812.11894392 60812.13066139 21
FO-29                60812.19135574 60812.20426890 50
FO-29                60812.26698539 60812.27240692 3
FO-29                60812.61179479 60812.62145277 25
FO-29                60812.68463298 60812.69438404 24
FO-29                60813.08295871 60813.08923511 3
FO-29                60813.15294148 60813.16622001 57
FO-29                60813.22657019 60813.23764305 19
FO-29                60813.57586101 60813.58165077 5
FO-29                60813.64578232 60813.65639896 84
FO-29                60813.72146848 60813.72733666 5
FO-29                60814.11526930 60814.12693204 20
FO-29                60814.18756200 60814.20072955 54
FO-29                60814.26285021 60814.26931260 4
FO-29                60814.60819398 60814.61764053 22
FO-29                60814.68083387 60814.69069560 27
FO-29                60815.07956807 60815.08518528 3
FO-29                60815.14920298 60815.16258896 53
FO-29                60815.22271511 60815.23421186 21
FO-29                60815.57248139 60815.57766812 4
FO-29                60815.64208283 60815.65264658 77
FO-29                60815.71744360 60815.72383718 6
FO-29                60816.11160885 60816.12319052 18
FO-29                60816.18377846 60816.19718101 59
FO-29                60816.25879580 60816.26613948 6
FO-29                60816.60459334 60816.61383022 20
FO-29                60816.67703497 60816.68700791 30
FO-29                60817.14547505 60817.15894877 49
FO-29                60817.21887500 60817.23076635 24
FO-29                60817.56913893 60817.57365240 3
FO-29                60817.63838176 60817.64889768 69
FO-29                60817.71344360 60817.72031431 7
FO-29                60818.10796354 60818.11943531 17
FO-29                60818.18000566 60818.19362264 65
FO-29                60818.25479710 60818.26291148 7
FO-29                60818.60099328 60818.61002201 18
FO-29                60818.67323624 60818.68332167 33
FO-29                60819.14175614 60819.15529851 46
FO-29                60819.21504937 60819.22730662 26
FO-29                60819.63467897 60819.64515255 61
FO-29                60819.70946337 60819.71677413 8
FO-29                60820.10433492 60820.11566475 16
FO-29                60820.17624388 60820.19005378 70
FO-29                60820.25084074 60820.25964107 8
FO-29                60820.59739442 60820.60621653 16
FO-29                60820.66943774 60820.67963751 37
FO-29                60821.13805071 60821.15163729 43
FO-29                60821.21123788 60821.22383262 29
FO-29                60821.63097519 60821.64141160 55
FO-29                60821.70549908 60821.71322099 10
FO-29                60822.10072401 60822.11187702 14
FO-29                60822.17249341 60822.18647378 75
FO-29                60822.24691867 60822.25633575 10
FO-29                60822.59379741 60822.60241375 15
FO-29                60822.66563962 60822.67595604 42
FO-29                60823.13435746 60823.14796418 40
FO-29                60823.20744023 60823.22034434 31
FO-29                60823.62727067 60823.63767519 49
SO-50                60803.42360264 60803.43189829 21
SO-50                60803.49278139 60803.50138075 23
SO-50                60803.85107399 60803.86039822 31
SO-50                60803.92071794 60803.92932074 19
SO-50                60804.43624720 60804.44537788 57
SO-50                60804.50688026 60804.51402202 10
SO-50                60804.79597939 60804.80215912 6
SO-50                60804.86407634 60804.87384382 77
SO-50                60804.93490302 60804.94111915 6
SO-50                60805.38153537 60805.38818431 9
SO-50                60805.44938512 60805.45854124 51
SO-50                60805.52202606 60805.52600203 2
SO-50                60805.80837122 60805.81671767 16
SO-50                60805.87733186 60805.88682643 41
SO-50                60806.39360129 60806.40208816 25
SO-50                60806.46299549 60806.47144054 21
SO-50                60806.82114596 60806.83058398 35
SO-50                60806.89092517 60806.89928730 17
SO-50                60807.40631812 60807.41550317 67
SO-50                60807.47718713 60807.48401303 8
SO-50                60807.76592767 60807.77253566 7
SO-50                60807.83417627 60807.84394996 88
SO-50                60807.90525990 60807.91089763 5
SO-50                60808.35140728 60808.35844388 11
SO-50                60808.41951670 60808.42861741 44
SO-50                60808.77838885 60808.78695571 18
SO-50                60808.84746547 60808.85685232 36
SO-50                60809.36358759 60809.37224021 28
SO-50                60809.43319440 60809.44146687 18
SO-50                60809.79119679 60809.80073101 40
SO-50                60809.86111815 60809.86921051 14
SO-50                60810.31017894 60810.31395578 2
SO-50                60810.37637354 60810.38559480 78
SO-50                60810.44748624 60810.45396389 7
SO-50                60810.73586785 60810.74285720 8
SO-50                60810.80425486 60810.81401874 81
SO-50                60810.87564208 60810.88059393 4
SO-50                60811.32127887 60811.32865401 12
SO-50                60811.38963144 60811.39866104 38
SO-50                60811.74838743 60811.75715175 20
SO-50                60811.81757977 60811.82683986 31
SO-50                60812.33356039 60812.34235548 33
SO-50                60812.40337845 60812.41145944 16
SO-50                60812.69389248 60812.69793300 2
SO-50                60812.76122640 60812.77083982 46
SO-50                60812.83129844 60812.83908888 12
SO-50                60813.27975547 60813.28439040 3
SO-50                60813.34641143 60813.35565317 86
SO-50                60813.41777991 60813.42387217 6
SO-50                60813.70579586 60813.71313032 10
SO-50                60813.77431323 60813.78405033 70
SO-50                60813.84607665 60813.85018086 2
SO-50                60814.29114617 60814.29881824 15
SO-50                60814.35972932 60814.36867222 33
SO-50                60814.71836480 60814.72730699 22
SO-50                60814.78767491 60814.79678876 27
SO-50                60815.30351877 60815.31243515 38
SO-50                60815.37354810 60815.38141784 14
SO-50                60815.66364371 60815.66839138 3
SO-50                60815.73123443 60815.74091083 53
SO-50                60815.80146803 60815.80892050 11
SO-50                60816.24940183 60816.25471313 5
SO-50                60816.31643244 60816.32567861 77
SO-50                60816.38807167 60816.39373438 5
SO-50                60816.67570862 60816.68335225 11
SO-50                60816.74434931 60816.75404482 61
SO-50                60817.26100626 60817.26893970 17
SO-50                60817.32981018 60817.33865079 29
SO-50                60817.68832314 60817.69742200 25
SO-50                60817.75775147 60817.76669868 24
SO-50                60818.27346192 60818.28247961 44
SO-50                60818.34370391 60818.35134147 13
SO-50                60818.63342149 60818.63875928 4
SO-50                60818.70122076 60818.71094444 60
SO-50                60818.77162952 60818.77870252 9
SO-50                60819.21908297 60819.22495418 6
SO-50                60819.28643618 60819.29567139 66
SO-50                60819.35836599 60819.36354543 4
SO-50                60819.64560589 60819.65352806 13
SO-50                60819.71436431 60819.72400230 53
SO-50                60820.23085686 60820.23902027 19
SO-50                60820.29987438 60820.30859711 26
SO-50                60820.65826072 60820.66749770 28
SO-50                60820.72781007 60820.73656894 21
SO-50                60821.24338919 60821.25248968 51
SO-50                60821.31384659 60821.32122992 11
SO-50                60821.60320838 60821.60905449 5
SO-50                60821.67118524 60821.68094095 69
SO-50                60821.74178644 60821.74843144 7
SO-50                60822.18878165 60822.19512918 8
SO-50                60822.25642244 60822.26563176 57
SO-50                60822.32867073 60822.33329694 3
SO-50                60822.61548595 60822.62365980 14
SO-50                60822.68435840 60822.69392277 46
SO-50                60823.20069618 60823.20906172 22
SO-50                60823.26992179 60823.27851089 23
SO-50                60823.62817715 60823.63753474 32
SO-50                60823.69785142 60823.70639923 19
SO-50                60824.21330001 60824.22246591 60
HO-68                60803.27020328 60803.28068641 13
HO-68                60803.34368916 60803.35726552 76
HO-68                60803.41999293 60803.42895047 9
HO-68                60803.77402961 60803.78683743 36
HO-68                60803.84877751 60803.86149025 31
HO-68                60804.25910142 60804.26791982 8
HO-68                60804.33187610 60804.34549915 81
HO-68                60804.40770089 60804.41806179 14
HO-68                60804.76263783 60804.77483422 27
HO-68                60804.83667818 60804.84987741 43
HO-68                60805.24848585 60805.25463257 3
HO-68                60805.32012168 60805.33362788 59
HO-68                60805.39553839 60805.40696504 19
HO-68                60805.75137582 60805.76276021 19
HO-68                60805.82469903 60805.83818668 60
HO-68                60805.90367934 60805.90984376 3
HO-68                60806.30843086 60806.32164692 43
HO-68                60806.38346609 60806.39570627 27
HO-68                60806.74028339 60806.75059532 13
HO-68                60806.81282953 60806.82643045 82
HO-68                60806.89039012 60806.89922324 8
HO-68                60807.29681898 60807.30954561 31
HO-68                60807.37146422 60807.38431138 37
HO-68                60807.72940060 60807.73829935 9
HO-68                60807.80106521 60807.81461600 75
HO-68                60807.87762802 60807.88813342 13
HO-68                60808.28530547 60808.29730476 22
HO-68                60808.35952244 60808.37279660 50
HO-68                60808.43676986 60808.44294611 4
HO-68                60808.71889354 60808.72577831 5
HO-68                60808.78940773 60808.80274682 55
HO-68                60808.86514331 60808.87680905 20
HO-68                60809.27392497 60809.28489002 15
HO-68                60809.34763603 60809.36117127 68
HO-68                60809.42413239 60809.43251793 7
HO-68                60809.77785626 60809.79082315 40
HO-68                60809.85284968 60809.86533481 28
HO-68                60810.26274966 60810.27223461 9
HO-68                60810.33580390 60810.34944063 88
HO-68                60810.41178031 60810.42171796 12
HO-68                60810.76642133 60810.77884127 29
HO-68                60810.84070486 60810.85375289 39
HO-68                60811.25192168 60811.25917875 5
HO-68                60811.32402872 60811.33760569 66
HO-68                60811.39957982 60811.41068549 17
HO-68                60811.75511665 60811.76679310 21
HO-68                60811.82868561 60811.84208719 54
HO-68                60812.31231441 60812.32566327 48
HO-68                60812.38747977 60812.39947846 24
HO-68                60812.74395739 60812.75466244 15
HO-68                60812.81677890 60812.83035245 74
HO-68                60812.89475469 60812.90282318 6
HO-68                60813.30067417 60813.31360509 35
HO-68                60813.37545548 60813.38812803 33
HO-68                60813.73299484 60813.74241783 10
HO-68                60813.80497839 60813.81855745 83
HO-68                60813.88185773 60813.89185240 11
HO-68                60814.28912388 60814.30141506 25
HO-68                60814.36349402 60814.37665292 45
HO-68                60814.44111636 60814.44626644 2
HO-68                60814.72235962 60814.72999224 6
HO-68                60814.79328442 60814.80670690 61
HO-68                60814.86929071 60814.88059566 17
HO-68                60815.27769232 60815.28906551 17
HO-68                60815.35158907 60815.36506460 62
HO-68                60815.42830172 60815.43604506 6
HO-68                60815.71215590 60815.71716998 2
HO-68                60815.78169476 60815.79480214 45
HO-68                60815.85693724 60815.86916692 25
HO-68                60816.26643051 60816.27650417 11
HO-68                60816.33973823 60816.35336971 83
HO-68                60816.41587628 60816.42534767 10
HO-68                60816.77021815 60816.78284090 33
HO-68                60816.84474428 60816.85761879 35
HO-68                60817.25545761 60817.26361736 6
HO-68                60817.32794305 60817.34157064 74
HO-68                60817.40363242 60817.41438579 15
HO-68                60817.75886641 60817.77081687 24
HO-68                60817.83268343 60817.84597984 48
HO-68                60818.31620846 60818.32966572 54
HO-68                60818.39150201 60818.40323390 22
HO-68                60818.74765129 60818.75871708 17
HO-68                60818.82073874 60818.83426766 66
HO-68                60818.89919154 60818.90635512 5
HO-68                60819.30454002 60819.31764857 39
HO-68                60819.37945393 60819.39192983 30
HO-68                60819.73661754 60819.74651672 12
HO-68                60819.80890165 60819.82249272 89
HO-68                60819.88612243 60819.89553946 9
HO-68                60820.29295634 60820.30550619 28
HO-68                60820.36747215 60820.38049574 40
HO-68                60820.72581653 60820.73416431 7
HO-68                60820.79716930 60820.81066101 68
HO-68                60820.87346064 60820.88436280 15
HO-68                60821.28147946 60821.29321577 20
HO-68                60821.35554831 60821.36894507 55
HO-68                60821.43251074 60821.43952188 5
HO-68                60821.71545633 60821.72152610 3
HO-68                60821.78554442 60821.79877501 50
AO-73                60803.32968482 60803.33767649 31
AO-73                60803.39613373 60803.40262986 11
AO-73                60803.77437399 60803.77999985 6
AO-73                60803.83843227 60803.84702001 58
AO-73                60804.32905830 60804.33703402 30
AO-73                60804.39547413 60804.40203501 11
AO-73                60804.77380118 60804.77931463 6
AO-73                60804.83779770 60804.84637855 60
AO-73                60805.32841694 60805.33637407 29
AO-73                60805.39479701 60805.40142362 12
AO-73                60805.77321436 60805.77860947 6
AO-73                60805.83714633 60805.84571952 62
AO-73                60806.32775877 60806.33569658 28
AO-73                60806.39410244 60806.40079565 12
AO-73                60806.77261374 60806.77788416 5
AO-73                60806.83647815 60806.84504290 65
AO-73                60807.32708385 60807.33500152 27
AO-73                60807.39339030 60807.40015104 13
AO-73                60807.77199955 60807.77713849 5
AO-73                60807.83579317 60807.84434871 67
AO-73                60808.32639224 60808.33428882 26
AO-73                60808.39266101 60808.39948974 13
AO-73                60808.77137207 60808.77637228 5
AO-73                60808.83509140 60808.84363695 70
AO-73                60809.32568399 60809.33355844 26
AO-73                60809.39191445 60809.39881168 14
AO-73                60809.77073164 60809.77558500 4
AO-73                60809.83437294 60809.84290762 72
AO-73                60810.32495917 60810.33281031 25
AO-73                60810.39115068 60810.39811682 14
AO-73                60810.77007867 60810.77477643 4
AO-73                60810.83363755 60810.84216072 75
AO-73                60811.32421785 60811.33204437 24
AO-73                60811.39036975 60811.39740511 15
AO-73                60811.76941352 60811.77394610 4
AO-73                60811.83288549 60811.84139626 78
AO-73                60812.32346009 60812.33126055 23
AO-73                60812.38957173 60812.39667649 15
AO-73                60812.76873689 60812.77309345 3
AO-73                60812.83211669 60812.84061424 81
AO-73                60813.32268595 60813.33045879 22
AO-73                60813.38876217 60813.39593791 16
AO-73                60813.76804944 60813.77221776 3
AO-73                60813.83133116 60813.83981466 84
AO-73                60814.32189554 60814.32963901 22
AO-73                60814.38793013 60814.39517525 16
AO-73                60814.76735208 60814.77131808 3
AO-73                60814.83052894 60814.83899752 87
AO-73                60815.32108892 60815.32880112 21
AO-73                60815.38708117 60815.39439550 17
AO-73                60815.76664596 60815.77039341 2
AO-73                60815.82971003 60815.83816283 87
AO-73                60816.32026618 60816.32794504 20
AO-73                60816.38621553 60816.39359859 18
AO-73                60816.76593266 60816.76944199 2
AO-73                60816.82887446 60816.83731058 84
AO-73                60816.89742287 60816.90101900 2
AO-73                60817.31942733 60817.32707063 19
AO-73                60817.38533289 60817.39278446 19
AO-73                60817.82802216 60817.83644078 80
AO-73                60817.89644780 60817.90025252 2
AO-73                60818.31857259 60818.32617789 19
AO-73                60818.38443350 60818.39195288 19
AO-73                60818.82715327 60818.83555343 77
AO-73                60818.89546057 60818.89946364 3
AO-73                60819.31770201 60819.32526686 18
AO-73                60819.38351740 60819.39110414 20
AO-73                60819.82626779 60819.83464851 73
AO-73                60819.89446041 60819.89865327 3
AO-73                60820.31681568 60820.32433706 17
AO-73                60820.38258466 60820.39023801 21
AO-73                60820.82536575 60820.83372603 70
AO-73                60820.89344686 60820.89782175 3
AO-73                60821.31591370 60821.32338855 17
AO-73                60821.38163532 60821.38935444 22
AO-73                60821.82444725 60821.83278599 66
AO-73                60821.89241952 60821.89696958 4
AO-73                60822.31499619 60822.32242123 16
AO-73                60822.38066943 60822.38845331 23
AO-73                60822.82351215 60822.83182837 63
AO-73                60822.89137807 60822.89609711 4
AO-73                60823.31406327 60823.32143495 15
AO-73                60823.37968705 60823.38753460 24
AO-73                60823.82256068 60823.83085318 59
AO-73                60823.89032229 60823.89520464 5
AO-73                60824.31311523 60824.32042959 15
AO-73                60824.37868823 60824.38659823 25
AO-73                60824.82159278 60824.82986039 56
AO-73                60824.88925172 60824.89429243 5
AO-73                60825.31215187 60825.31940498 14
AO-73                60825.37767301 60825.38564414 26
AO-73                60825.82060853 60825.82885001 53
AO-73                60825.88816654 60825.89336051 5
AO-73                60826.31117350 60826.31836097 13
AO-73                60826.37664145 60826.38467228 28
AO-73                60826.81960797 60826.82782201 50
AO-73                60826.88706646 60826.89240933 6
AO-73                60827.31018027 60827.31729742 13
AO-73                60827.37559359 60827.38368257 29
TITA                 60803.57883569 60803.58299195 3
TITA                 60803.64253596 60803.65067069 68
TITA                 60804.08365461 60804.09107771 19
TITA                 60804.14910968 60804.15649975 18
TITA                 60804.63620668 60804.64437824 85
TITA                 60804.70353862 60804.70719967 2
TITA                 60805.07759207 60805.08458573 14
TITA                 60805.14260073 60805.15031764 24
TITA                 60805.62989019 60805.63803455 60
TITA                 60805.69669611 60805.70154053 5
TITA                 60806.07158099 60806.07803584 11
TITA                 60806.13613071 60806.14408549 32
TITA                 60806.62359281 60806.63163850 42
TITA                 60806.68999492 60806.69569834 8
TITA                 60807.06563712 60807.07141286 7
TITA                 60807.12965171 60807.13780527 45
TITA                 60807.61731496 60807.62518776 31
TITA                 60807.68336948 60807.68973963 11
TITA                 60808.05979025 60808.06468790 5
TITA                 60808.12324630 60808.13148645 63
TITA                 60808.61106079 60808.61867847 23
TITA                 60808.67679803 60808.68369952 15
TITA                 60809.05411078 60809.05778959 2
TITA                 60809.11687059 60809.12512790 88
TITA                 60809.60483573 60809.61210495 17
TITA                 60809.67025556 60809.67757867 19
TITA                 60810.11052349 60810.11873059 65
TITA                 60810.17809921 60810.18253509 4
TITA                 60810.59864932 60810.60545762 13
TITA                 60810.66373915 60810.67139305 26
TITA                 60811.10420574 60811.11229457 46
TITA                 60811.17113363 60811.17662111 6
TITA                 60811.59251658 60811.59872144 9
TITA                 60811.65720132 60811.66514564 35
TITA                 60812.09791887 60812.10581889 33
TITA                 60812.16430570 60812.17055857 9
TITA                 60812.58646420 60812.59186885 6
TITA                 60812.65072381 60812.65884598 49
TITA                 60813.09166560 60813.09930143 25
TITA                 60813.15756443 60813.16439825 13
TITA                 60813.58055161 60813.58483934 3
TITA                 60813.64426307 60813.65249299 69
TITA                 60814.08545067 60814.09273876 18
TITA                 60814.15088589 60814.15816433 18
TITA                 60814.63781869 60814.64608756 84
TITA                 60814.70507386 60814.70897270 3
TITA                 60815.07927997 60815.08612463 14
TITA                 60815.14425643 60815.15187015 24
TITA                 60815.63138811 60815.63962955 59
TITA                 60815.69813533 60815.70318401 5
TITA                 60816.07316453 60816.07944940 10
TITA                 60816.13766791 60816.14552444 33
TITA                 60816.62497765 60816.63311774 42
TITA                 60816.69132839 60816.69722126 8
TITA                 60817.06712236 60817.07269572 7
TITA                 60817.13107236 60817.13912950 45
TITA                 60817.61858788 60817.62654971 30
TITA                 60817.68459425 60817.69114456 11
TITA                 60818.06118896 60818.06582877 4
TITA                 60818.12455164 60818.13269486 65
TITA                 60818.61222318 60818.61992142 22
TITA                 60818.67791290 60818.68498701 15
TITA                 60819.11806213 60819.12621954 88
TITA                 60819.60588936 60819.61322665 17
TITA                 60819.67126021 60819.67874839 21
TITA                 60820.11160280 60820.11970452 62
TITA                 60820.17909926 60820.18355657 4
TITA                 60820.59959655 60820.60645532 12
TITA                 60820.66463368 60820.67244482 28
TITA                 60821.10517451 60821.11314973 43
TITA                 60821.17202057 60821.17752425 7
TITA                 60821.59336102 60821.59959116 9
TITA                 60821.65798580 60821.66607843 38
TITA                 60822.09877899 60822.10655405 31
TITA                 60822.16507970 60822.17134370 10
TITA                 60822.58721197 60822.59260395 6
TITA                 60822.65139895 60822.65965898 53
TITA                 60823.09241939 60823.09991497 23
TITA                 60823.15822599 60823.16506537 14
TITA                 60823.58121662 60823.58542525 3
TITA                 60823.64482952 60823.65318509 75
TITA                 60824.08610107 60824.09322852 17
TITA                 60824.15143570 60824.15871331 19
TITA                 60824.63827735 60824.64665751 78
TITA                 60824.70535632 60824.70973494 4
TITA                 60825.07983100 60825.08648746 13
TITA                 60825.14469524 60825.15230077 25
TITA                 60825.63173986 60825.64007585 55
TITA                 60825.69835497 60825.70378014 6
TITA                 60826.07362220 60826.07968016 9
TITA                 60826.13799655 60826.14583643 35
TITA                 60826.62522399 60826.63343861 39
TITA                 60826.69146188 60826.69767420 9
TITA                 60827.06749682 60827.07278510 6
TITA                 60827.13129190 60827.13932258 50
TITA                 60827.61873061 60827.62674294 28
TITA                 60827.68463278 60827.69146238 13
TITA                 60828.06150190 60828.06575574 3
TITA                 60828.12466327 60828.13276849 72
NOAA-15              60803.51178459 60803.52217945 49
NOAA-15              60803.58166999 60803.59016125 14
NOAA-15              60803.97818602 60803.98816958 33
NOAA-15              60804.04772812 60804.05707207 20
NOAA-15              60804.49395405 60804.50369857 25
NOAA-15              60804.56312584 60804.57282686 27
NOAA-15              60804.96071818 60804.96970995 18
NOAA-15              60805.02912278 60805.03933067 38
NOAA-15              60805.47640581 60805.48483846 13
NOAA-15              60805.54479078 60805.55515237 50
NOAA-15              60805.94366923 60805.95097244 9
NOAA-15              60806.01083371 60806.02136962 75
NOAA-15              60806.08315000 60806.08822620 3
NOAA-15              60806.45940766 60806.46532698 5
NOAA-15              60806.52662461 60806.53719279 84
NOAA-15              60806.59719900 60806.60408859 7
NOAA-15              60806.92749636 60806.93157748 2
NOAA-15              60806.99282269 60807.00323433 57
NOAA-15              60807.06342337 60807.07143223 11
NOAA-15              60807.50862550 60807.51895830 43
NOAA-15              60807.57838457 60807.58714273 16
NOAA-15              60807.97508934 60807.98493194 30
NOAA-15              60808.04443488 60808.05396168 22
NOAA-15              60808.49083240 60808.50041915 23
NOAA-15              60808.55988012 60808.56974109 30
NOAA-15              60808.95768049 60808.96643157 16
NOAA-15              60809.02588631 60809.03617521 43
NOAA-15              60809.47334706 60809.48147555 11
NOAA-15              60809.54157351 60809.55201328 56
NOAA-15              60809.61328298 60809.61736022 2
NOAA-15              60809.94072397 60809.94762299 7
NOAA-15              60810.00764358 60810.01818048 84
NOAA-15              60810.07958740 60810.08534568 4
NOAA-15              60810.45651426 60810.46177547 3
NOAA-15              60810.52343345 60810.53400494 76
NOAA-15              60810.59384531 60810.60114704 9
NOAA-15              60810.98967662 60811.00001489 51
NOAA-15              60811.06001921 60811.06837567 13
NOAA-15              60811.50546335 60811.51571970 39
NOAA-15              60811.57509859 60811.58410313 18
NOAA-15              60811.97199191 60811.98167981 27
NOAA-15              60812.04114234 60812.05083420 25
NOAA-15              60812.48771053 60812.49711952 20
NOAA-15              60812.55663105 60812.56663754 33
NOAA-15              60812.95464561 60812.96313571 14
NOAA-15              60813.02264805 60813.03300539 48
NOAA-15              60813.47029604 60813.47808417 10
NOAA-15              60813.53835217 60813.54885766 63
NOAA-15              60813.60974895 60813.61461216 3
NOAA-15              60813.93779323 60813.94424508 6
NOAA-15              60814.00445080 60814.01497787 87
NOAA-15              60814.07606743 60814.08240639 6
NOAA-15              60814.45368327 60814.45813887 2
NOAA-15              60814.52023864 60814.53080031 68
NOAA-15              60814.59049902 60814.59817612 10
NOAA-15              60814.98652852 60814.99678192 45
NOAA-15              60815.05665279 60815.06529391 14
NOAA-15              60815.50229877 60815.51246315 35
NOAA-15              60815.57181163 60815.58104325 20
NOAA-15              60815.96889405 60815.97841313 24
NOAA-15              60816.03784984 60816.04769046 28
NOAA-15              60816.48458958 60816.49379853 18
NOAA-15              60816.55337865 60816.56351621 37
NOAA-15              60816.95161450 60816.95982175 13
NOAA-15              60817.01940771 60817.02982153 54
NOAA-15              60817.46725616 60817.47466078 8
NOAA-15              60817.53512700 60817.54568489 71
NOAA-15              60817.60626910 60817.61178747 4
NOAA-15              60817.93488193 60817.94083404 5
NOAA-15              60818.00125563 60818.01176206 78
NOAA-15              60818.07257645 60818.07942173 7
NOAA-15              60818.51704036 60818.52757851 60
NOAA-15              60818.58715814 60818.59517785 11
NOAA-15              60818.98337823 60818.99353564 40
NOAA-15              60819.05329121 60819.06219121 16
NOAA-15              60819.49913242 60819.50918783 31
NOAA-15              60819.56852337 60819.57796305 22
NOAA-15              60819.96579624 60819.97513174 22
NOAA-15              60820.03455688 60820.04453114 31
NOAA-15              60820.48147085 60820.49045464 16
NOAA-15              60820.55012323 60820.56037696 41
NOAA-15              60820.94858850 60820.95648869 11
NOAA-15              60821.01616540 60821.02662400 61
NOAA-15              60821.46423191 60821.47120103 7
NOAA-15              60821.53189827 60821.54249495 79
NOAA-15              60821.60282252 60821.60890682 5
NOAA-15              60821.93205210 60821.93738345 4
NOAA-15              60821.99805918 60822.00853302 70
NOAA-15              60822.06910662 60822.07640007 8
NOAA-15              60822.51383702 60822.52433906 54
NOAA-15              60822.58382100 60822.59215406 13
NOAA-15              60822.98022654 60822.99027598 36
NOAA-15              60823.04993297 60823.05906922 18
NOAA-15              60823.49596499 60823.50589306 28
NOAA-15              60823.56523357 60823.57486298 25
NOAA-15              60823.96269906 60823.97183537 19
NOAA-15              60824.03126309 60824.04135683 35
NOAA-15              60824.47835631 60824.48708661 14
NOAA-15              60824.54686453 60824.55721983 46
NOAA-18              60803.65443407 60803.66498249 38
NOAA-18              60803.72464061 60803.73405094 19
NOAA-18              60804.12506316 60804.13543561 32
NOAA-18              60804.19508838 60804.20504310 23
NOAA-18              60804.64563930 60804.65582830 28
NOAA-18              60804.71550562 60804.72545126 26
NOAA-18              60805.11640402 60805.12633883 24
NOAA-18              60805.18587638 60805.19629096 31
NOAA-18              60805.63690615 60805.64658808 21
NOAA-18              60805.70641949 60805.71676918 35
NOAA-18              60806.10782907 60806.11719059 18
NOAA-18              60806.17674600 60806.18747996 42
NOAA-18              60806.62825191 60806.63724498 15
NOAA-18              60806.69737602 60806.70801285 47
NOAA-18              60807.09935269 60807.10797868 13
NOAA-18              60807.16768862 60807.17861917 58
NOAA-18              60807.61970470 60807.62776997 10
NOAA-18              60807.68837208 60807.69918728 65
NOAA-18              60807.76028406 60807.76564711 4
NOAA-18              60808.09099920 60808.09868145 9
NOAA-18              60808.15869922 60808.16971432 80
NOAA-18              60808.23138475 60808.23742167 5
NOAA-18              60808.61132131 60808.61810508 6
NOAA-18              60808.67940652 60808.69029516 87
NOAA-18              60808.75070629 60808.75760661 7
NOAA-18              60809.08280676 60809.08925490 6
NOAA-18              60809.14977535 60809.16076883 77
NOAA-18              60809.22159366 60809.22915806 8
NOAA-18              60809.60325085 60809.60809709 3
NOAA-18              60809.67048006 60809.68133714 68
NOAA-18              60809.74133865 60809.74933844 11
NOAA-18              60810.07497531 60810.07958432 3
NOAA-18              60810.14091800 60810.15178426 56
NOAA-18              60810.21200838 60810.22068218 13
NOAA-18              60810.66159291 60810.67231183 49
NOAA-18              60810.73207807 60810.74092323 15
NOAA-18              60811.13212554 60811.14276041 41
NOAA-18              60811.20260484 60811.21207396 18
NOAA-18              60811.65275267 60811.66321546 36
NOAA-18              60811.72289178 60811.73239606 20
NOAA-18              60812.12340361 60812.13369518 31
NOAA-18              60812.19331519 60812.20337456 24
NOAA-18              60812.64396560 60812.65404145 26
NOAA-18              60812.71376269 60812.72377633 27
NOAA-18              60813.11475839 60813.12458431 23
NOAA-18              60813.18411791 60813.19460540 33
NOAA-18              60813.63524306 60813.64477842 19
NOAA-18              60813.70468111 60813.71507599 37
NOAA-18              60814.10619991 60814.11541985 17
NOAA-18              60814.17500020 60814.18577960 45
NOAA-18              60814.62660431 60814.63540765 14
NOAA-18              60814.69564159 60814.70630251 50
NOAA-18              60815.09774414 60815.10618801 12
NOAA-18              60815.16595427 60815.17690530 62
NOAA-18              60815.61808137 60815.62589593 9
NOAA-18              60815.68664118 60815.69746043 69
NOAA-18              60815.75842344 60815.76410627 4
NOAA-18              60816.08941863 60816.09686400 8
NOAA-18              60816.15697562 60816.16798776 84
NOAA-18              60816.22946475 60816.23585451 5
NOAA-18              60816.60974168 60816.61617422 5
NOAA-18              60816.67767907 60816.68855201 86
NOAA-18              60816.74888487 60816.75600948 8
NOAA-18              60817.08133163 60817.08739641 5
NOAA-18              60817.14806410 60817.15902999 72
NOAA-18              60817.21972990 60817.22753240 9
NOAA-18              60817.60178368 60817.60603839 2
NOAA-18              60817.66875679 60817.67957750 64
NOAA-18              60817.73953734 60817.74770587 11
NOAA-18              60818.07353677 60818.07762994 2
NOAA-18              60818.13921603 60818.15003315 53
NOAA-18              60818.21017648 60818.21902155 14
NOAA-18              60818.65987419 60818.67053507 46
NOAA-18              60818.73028873 60818.73926370 16
NOAA-18              60819.13043498 60819.14099675 39
NOAA-18              60819.20079539 60819.21038845 19
NOAA-18              60819.65104009 60819.66142045 34
NOAA-18              60819.72111042 60819.73071418 22
NOAA-18              60820.12172574 60820.13191810 29
NOAA-18              60820.19152294 60820.20166944 26
NOAA-18              60820.64226116 60820.65222613 25
NOAA-18              60820.71198709 60820.72207478 29
NOAA-18              60821.11309506 60821.12279234 21
NOAA-18              60821.18233979 60821.19288371 35
NOAA-18              60821.63355001 60821.64293963 18
NOAA-18              60821.70291001 60821.71335642 39
NOAA-18              60822.10455401 60822.11361044 16
NOAA-18              60822.17323436 60822.18404335 48
NOAA-18              60822.62492827 60822.63353992 13
NOAA-18              60822.69387430 60822.70456600 54
NOAA-18              60822.76630176 60822.77034244 2
NOAA-18              60823.09612047 60823.10435712 11
NOAA-18              60823.16419965 60823.17515568 66
NOAA-18              60823.23757971 60823.24227869 3
NOAA-18              60823.61643201 60823.62398888 8
NOAA-18              60823.68487750 60823.69570752 74
NOAA-18              60823.75653544 60823.76253341 5
NOAA-18              60824.08782607 60824.09500315 8
NOAA-18              60824.15523182 60824.16622547 89
NOAA-19              60803.58585842 60803.59486308 15
NOAA-19              60803.65498045 60803.66563193 47
NOAA-19              60804.05711646 60804.06565205 13
NOAA-19              60804.12547149 60804.13628548 57
NOAA-19              60804.57746428 60804.58556221 10
NOAA-19              60804.64613666 60804.65697109 65
NOAA-19              60804.71804011 60804.72343114 4
NOAA-19              60805.04891595 60805.05651896 9
NOAA-19              60805.11664227 60805.12754193 78
NOAA-19              60805.18941677 60805.19516999 4
NOAA-19              60805.56922757 60805.57607836 6
NOAA-19              60805.63733003 60805.64824530 87
NOAA-19              60805.70863057 60805.71554497 7
NOAA-19              60806.04087205 60806.04725912 6
NOAA-19              60806.10787694 60806.11875833 78
NOAA-19              60806.17976474 60806.18709071 8
NOAA-19              60806.56128506 60806.56627121 3
NOAA-19              60806.62856140 60806.63945524 69
NOAA-19              60806.69942664 60806.70743644 11
NOAA-19              60807.03318152 60807.03776132 3
NOAA-19              60807.09917632 60807.10993629 57
NOAA-19              60807.17032984 60807.17878767 12
NOAA-19              60807.61983068 60807.63059965 50
NOAA-19              60807.69032752 60807.69918381 15
NOAA-19              60808.09053861 60808.10107582 42
NOAA-19              60808.16107891 60808.17034812 17
NOAA-19              60808.61114555 60808.62167520 37
NOAA-19              60808.68130133 60808.69082126 20
NOAA-19              60809.08196913 60809.09217480 31
NOAA-19              60809.15194286 60809.16181550 23
NOAA-19              60809.60251121 60809.61267543 27
NOAA-19              60809.67233127 60809.68236781 27
NOAA-19              60810.07347365 60810.08322937 23
NOAA-19              60810.14289912 60810.15321227 31
NOAA-19              60810.59393833 60810.60359031 20
NOAA-19              60810.66340777 60810.67383518 36
NOAA-19              60811.06506154 60811.07423223 17
NOAA-19              60811.13393432 60811.14455202 43
NOAA-19              60811.58544433 60811.59440280 14
NOAA-19              60811.65452526 60811.66523078 49
NOAA-19              60812.05674765 60812.06517049 13
NOAA-19              60812.12504035 60812.13584314 59
NOAA-19              60812.57705757 60812.58508350 10
NOAA-19              60812.64568094 60812.65655917 67
NOAA-19              60812.71750480 60812.72312448 4
NOAA-19              60813.04855732 60813.05602147 9
NOAA-19              60813.11621254 60813.12709121 80
NOAA-19              60813.18888759 60813.19479910 4
NOAA-19              60813.56883528 60813.57557388 6
NOAA-19              60813.63687397 60813.64782272 89
NOAA-19              60813.70811868 60813.71520203 7
NOAA-19              60814.04053156 60814.04673800 5
NOAA-19              60814.10744831 60814.11829941 76
NOAA-19              60814.17926015 60814.18668814 8
NOAA-19              60814.56092990 60814.56571774 3
NOAA-19              60814.62810506 60814.63902192 67
NOAA-19              60814.69892537 60814.70707061 11
NOAA-19              60815.03288524 60815.03719136 2
NOAA-19              60815.09874907 60815.10946919 55
NOAA-19              60815.16983719 60815.17836577 12
NOAA-19              60815.61937429 60815.63015533 49
NOAA-19              60815.68983178 60815.69880034 16
NOAA-19              60816.09011288 60816.10060024 41
NOAA-19              60816.16059344 60816.16991187 17
NOAA-19              60816.61068974 60816.62121936 36
NOAA-19              60816.68080856 60816.69042298 21
NOAA-19              60817.08154565 60817.09169068 30
NOAA-19              60817.15146199 60817.16136752 24
NOAA-19              60817.60205684 60817.61220722 26
NOAA-19              60817.67184005 60817.68195627 28
NOAA-19              60818.07305330 60818.08273594 22
NOAA-19              60818.14242136 60818.15275410 32
NOAA-19              60818.59348671 60818.60310842 19
NOAA-19              60818.66291727 60818.67341131 38
NOAA-19              60819.06464569 60819.07372819 17
NOAA-19              60819.13345878 60819.14408456 44
NOAA-19              60819.58499764 60819.59390506 14
NOAA-19              60819.65403500 60819.66479525 51
NOAA-19              60820.05633853 60820.06465427 12
NOAA-19              60820.12456650 60820.13536707 61
NOAA-19              60820.57661962 60820.58456594 9
NOAA-19              60820.64519083 60820.65611226 70
NOAA-19              60820.71693601 60820.72278306 5
NOAA-19              60821.04815890 60821.05548925 8
NOAA-19              60821.11574010 60821.12660689 83
NOAA-19              60821.18831208 60821.19439734 5
NOAA-19              60821.56841435 60821.57502807 6
NOAA-19              60821.63638384 60821.64736454 87
NOAA-19              60821.70757212 60821.71482521 8
NOAA-19              60822.04021417 60822.04618260 5
NOAA-19              60822.10697885 60822.11780705 73
NOAA-19              60822.17870975 60822.18625436 8
NOAA-19              60822.56055307 60822.56511550 2
NOAA-19              60822.62761519 60822.63855238 65
NOAA-19              60822.69838960 60822.70667061 12
NOAA-19              60823.09827947 60823.10896881 53
NOAA-19              60823.16929941 60823.17791230 13
NOAA-19              60823.61888490 60823.62967410 47
NOAA-19              60823.68930185 60823.69838220 16
METOA                60803.24020904 60803.24721435 9
METOA                60803.67183025 60803.68084525 23
METOA                60803.73877176 60803.74790690 26
METOA                60804.12459890 60804.13120927 8
METOA                60804.18975225 60804.19940597 70
METOA                60804.68966822 60804.69932360 45
METOA                60804.75734054 60804.76526044 13
METOA                60805.14165724 60805.14998711 17
METOA                60805.20804027 60805.21737248 34
METOA                60805.64245445 60805.64812958 5
METOA                60805.70771059 60805.71749876 77
METOA                60805.77632200 60805.78208753 5
METOA                60806.15914444 60806.16846071 32
METOA                60806.22668473 60806.23509738 17
METOA                60806.65956648 60806.66747671 13
METOA                60806.72592393 60806.73539395 41
METOA                60807.11294956 60807.11772597 3
METOA                60807.17694215 60807.18673165 65
METOA                60807.24576474 60807.25243501 8
METOA                60807.67718210 60807.68622097 27
METOA                60807.74432089 60807.75298857 21
METOA                60808.12949309 60808.13689074 10
METOA                60808.19501474 60808.20482465 59
METOA                60808.69506479 60808.70460036 54
METOA                60808.76300568 60808.77019822 10
METOA                60809.14669054 60809.15553898 21
METOA                60809.21336980 60809.22272398 29
METOA                60809.64756649 60809.65372573 6
METOA                60809.71314213 60809.72268529 67
METOA                60809.78216791 60809.78674159 3
METOA                60810.16426313 60810.17393277 40
METOA                60810.23210047 60810.24036164 15
METOA                60810.66482120 60810.67287426 15
METOA                60810.73143811 60810.74049057 33
METOA                60811.11762219 60811.12353220 5
METOA                60811.18212740 60811.19213921 78
METOA                60811.25133457 60811.25754505 6
METOA                60811.68249890 60811.69150231 31
METOA                60811.74988028 60811.75796690 17
METOA                60812.13441478 60812.14245933 13
METOA                60812.20026285 60812.21016984 49
METOA                60812.70042360 60812.70978794 64
METOA                60812.76862877 60812.77501234 8
METOA                60813.15172439 60813.16100351 25
METOA                60813.21868799 60813.22799843 25
METOA                60813.65267831 60813.65918978 8
METOA                60813.71853247 60813.72778378 54
METOA                60814.16937316 60814.17932514 49
METOA                60814.23751506 60814.24553856 12
METOA                60814.67004257 60814.67817444 18
METOA                60814.73686130 60814.74548598 26
METOA                60815.12238643 60815.12915973 7
METOA                60815.18730087 60815.19746915 81
METOA                60815.25694489 60815.26252645 4
METOA                60815.68777285 60815.69669622 36
METOA                60815.75537137 60815.76284612 13
METOA                60816.13935213 60816.14792416 16
METOA                60816.20549932 60816.21543631 42
METOA                60816.70573349 60816.71489178 74
METOA                60816.77426357 60816.77968275 5
METOA                60817.15675609 60817.16638016 30
METOA                60817.22399907 60817.23318919 21
METOA                60817.65776906 60817.66454317 9
METOA                60817.72387626 60817.73279861 44
METOA                60818.11079972 60818.11545225 3
METOA                60818.17447349 60818.18463490 59
METOA                60818.24293699 60818.25061753 10
METOA                60818.67522099 60818.68338671 20
METOA                60818.74224780 60818.75039959 21
METOA                60819.12719862 60819.13464923 10
METOA                60819.19246368 60819.20271759 70
METOA                60819.26263647 60819.26733633 3
METOA                60819.69299747 60819.70180937 43
METOA                60819.76083416 60819.76762157 10
METOA                60820.14429712 60820.15328981 19
METOA                60820.21072682 60820.22061899 35
METOA                60820.64591053 60820.65037187 3
METOA                60820.71099157 60820.71991750 73
METOA                60820.77995006 60820.78416829 3
METOA                60821.16178331 60821.17166817 36
METOA                60821.22930787 60821.23828938 18
METOA                60821.66282418 60821.66980149 11
METOA                60821.72916894 60821.73773416 35
METOA                60822.11539139 60822.12105799 5
METOA                60822.17956535 60822.18985954 72
METOA                60822.24837678 60822.25558514 8
METOA                60822.68034898 60822.68851971 24
METOA                60822.74758860 60822.75522764 17
METOA                60823.13203733 60823.14001880 12
METOA                60823.19761660 60823.20788069 59
METOA                60823.69816644 60823.70684882 52
METOA                60823.76627346 60823.77228865 7
METOA                60824.14924387 60824.15855849 23
METOA                60824.21594700 60824.22571310 30
METOA                60824.65074827 60824.65577205 4
METOA                60824.71619264 60824.72487064 62
METOA                60825.16680397 60825.17686660 43
METOA                60825.23461816 60825.24329163 15
METOA                60825.66783269 60825.67497709 13
METOB                60803.53906351 60803.54491669 4
METOB                60803.60644468 60803.61716895 81
METOB                60803.67719482 60803.68443188 8
METOB                60804.00865997 60804.01319512 3
METOB                60804.07437770 60804.08498165 59
METOB                60804.14524710 60804.15341569 11
METOB                60804.59214780 60804.60269808 48
METOB                60804.66226119 60804.67097773 15
METOB                60805.06026258 60805.07047164 35
METOB                60805.13014704 60805.13957868 20
METOB                60805.57797339 60805.58804259 29
METOB                60805.64752887 60805.65722832 24
METOB                60806.04633871 60806.05584806 22
METOB                60806.11532454 60806.12552415 32
METOB                60806.56395790 60806.57316704 17
METOB                60806.63293184 60806.64325901 39
METOB                60807.03264620 60807.04107906 13
METOB                60807.10071133 60807.11132071 54
METOB                60807.55018474 60807.55798830 9
METOB                60807.61844416 60807.62910376 66
METOB                60807.68998033 60807.69525734 4
METOB                60808.01927730 60808.02608200 7
METOB                60808.08627804 60808.09699992 90
METOB                60808.15821823 60808.16464548 6
METOB                60808.53689612 60808.54225775 4
METOB                60808.60405832 60808.61477658 75
METOB                60808.67469802 60808.68221044 9
METOB                60809.07201634 60809.08257528 54
METOB                60809.14272206 60809.15112545 12
METOB                60809.58977716 60809.60027713 44
METOB                60809.65980173 60809.66870093 16
METOB                60810.05792780 60810.06804727 33
METOB                60810.12767054 60810.13724625 21
METOB                60810.57562278 60810.58558919 27
METOB                60810.64509186 60810.65491264 26
METOB                60811.04403490 60811.05340260 20
METOB                60811.11288195 60811.12316413 35
METOB                60811.56163646 60811.57067248 16
METOB                60811.63051141 60811.64091152 43
METOB                60812.03038299 60812.03860421 12
METOB                60812.09829637 60812.10893967 59
METOB                60812.54791263 60812.55543145 8
METOB                60812.61603834 60812.62672770 72
METOB                60812.68740648 60812.69311627 4
METOB                60813.01707932 60813.02355471 6
METOB                60813.08388822 60813.09460086 83
METOB                60813.15561266 60813.16241590 7
METOB                60813.53475764 60813.53955238 3
METOB                60813.60166711 60813.61237275 69
METOB                60813.67220117 60813.67997203 10
METOB                60814.06965145 60814.08015911 50
METOB                60814.14019800 60814.14882030 13
METOB                60814.58740212 60814.59784403 41
METOB                60814.65733896 60814.66641055 17
METOB                60815.05558997 60815.06561278 30
METOB                60815.12519201 60815.13490200 23
METOB                60815.57326884 60815.58312280 25
METOB                60815.64265036 60815.65258479 28
METOB                60816.04172919 60816.05094607 19
METOB                60816.11043612 60816.12079363 38
METOB                60816.55931351 60816.56816290 15
METOB                60816.62808630 60816.63855239 46
METOB                60817.02812036 60817.03611612 11
METOB                60817.09587766 60817.10654868 64
METOB                60817.54564550 60817.55285319 7
METOB                60817.61362756 60817.62434018 77
METOB                60817.68484385 60817.69094675 5
METOB                60818.01488945 60818.02100690 5
METOB                60818.08149460 60818.09219204 77
METOB                60818.15301650 60818.16016321 7
METOB                60818.59927123 60818.60995730 64
METOB                60818.66970372 60818.67771708 11
METOB                60819.06728304 60819.07773291 46
METOB                60819.13767414 60819.14650097 15
METOB                60819.58502299 60819.59539894 38
METOB                60819.65487276 60819.66410703 19
METOB                60820.05324925 60820.06316806 28
METOB                60820.12271119 60820.13254624 25
METOB                60820.57091195 60820.58064305 23
METOB                60820.64020441 60820.65024474 30
METOB                60821.03942187 60821.04847815 17
METOB                60821.10798695 60821.11841269 41
METOB                60821.55699015 60821.56563726 13
METOB                60821.62565618 60821.63618175 50
METOB                60822.02585897 60822.03361433 10
METOB                60822.09345517 60822.10414782 70
METOB                60822.16630710 60822.17103796 3
METOB                60822.54338554 60822.55025125 7
METOB                60822.61121193 60822.62194108 83
METOB                60822.68228905 60822.68875212 6
METOB                60823.01270214 60823.01843584 4
METOB                60823.07909723 60823.08977354 71
METOB                60823.15042723 60823.15788985 8
METOB                60823.59687078 60823.60753004 59
METOB                60823.66720512 60823.67544638 12
METOB                60824.06491094 60824.07529710 42
METOB                60824.13515031 60824.14416801 16
METOB                60824.58263997 60824.59294137 35
METOB                60824.65240301 60824.66179006 20
