iss                  60803.23096690 60803.23251409 4
iss                  60803.29356419 60803.30063593 21
iss                  60803.36070022 60803.36825255 75
iss                  60803.42846115 60803.43400775 8
iss                  60803.99175384 60803.99553707 3
iss                  60804.05656183 60804.06397851 41
iss                  60804.12381750 60804.13114072 28
iss                  60804.19194369 60804.19850643 13
iss                  60804.25969294 60804.26653994 17
iss                  60804.32686422 60804.33441693 62
iss                  60804.39429173 60804.40082930 15
iss                  60805.02298251 60805.03003192 23
iss                  60805.08980118 60805.09730214 42
iss                  60805.15782505 60805.16453333 15
iss                  60805.22575541 60805.23241321 14
iss                  60805.29302056 60805.30046117 38
iss                  60805.36026159 60805.36738474 26
iss                  60805.98957070 60805.99596075 13
iss                  60806.05584769 60806.06344224 69
iss                  60806.12367461 60806.13059114 18
iss                  60806.19174268 60806.19828191 13
iss                  60806.25915193 60806.26640564 27
iss                  60806.32630201 60806.33374251 46
iss                  60806.39454096 60806.39874100 4
iss                  60806.95641068 60806.96168227 7
iss                  60807.02197762 60807.02954323 67
iss                  60807.08951930 60807.09666972 22
iss                  60807.15765297 60807.16416800 13
iss                  60807.22524219 60807.23227224 20
iss                  60807.29237575 60807.29993874 84
iss                  60807.36005207 60807.36582996 9
iss                  60807.92368772 60807.92692930 2
iss                  60807.98821393 60807.99558377 37
iss                  60808.05538573 60808.06275515 30
iss                  60808.12349430 60808.13008523 14
iss                  60808.19127672 60808.19808625 16
iss                  60808.25845785 60808.26599732 56
iss                  60808.32583481 60808.33251317 16
iss                  60808.95458374 60808.96153486 21
iss                  60809.02129818 60809.02883242 46
iss                  60809.08928454 60809.09603728 15
iss                  60809.15724250 60809.16387470 14
iss                  60809.22452883 60809.23193883 35
iss                  60809.29174033 60809.29894639 29
iss                  60809.92113459 60809.92734856 12
iss                  60809.98727850 60809.99488491 77
iss                  60810.05504833 60810.06201894 18
iss                  60810.12313161 60810.12966358 13
iss                  60810.19057128 60810.19778416 25
iss                  60810.25770809 60810.26518915 52
iss                  60810.32578981 60810.33040401 5
iss                  60810.88796968 60810.89292456 6
iss                  60810.95334754 60810.96089404 59
iss                  60811.02081315 60811.02801899 24
iss                  60811.08894418 60811.09547369 13
iss                  60811.15656957 60811.16355607 19
iss                  60811.22370378 60811.23127470 86
iss                  60811.29129716 60811.29730668 10
iss                  60811.91952940 60811.92683711 32
iss                  60811.98660555 60811.99402290 33
iss                  60812.05469054 60812.06131688 14
iss                  60812.12250870 60812.12928070 16
iss                  60812.18970366 60812.19722604 50
iss                  60812.25703114 60812.26385080 19
iss                  60812.88585410 60812.89268195 19
iss                  60812.95244955 60812.96001530 51
iss                  60813.02039061 60813.02719475 16
iss                  60813.08837646 60813.09498551 14
iss                  60813.15568856 60813.16306382 32
iss                  60813.22287221 60813.23015981 32
iss                  60813.85237692 60813.85837305 10
iss                  60813.91836688 60813.92597892 87
iss                  60813.98607029 60813.99310050 19
iss                  60814.05416642 60814.06069602 13
iss                  60814.12164129 60814.12880960 23
iss                  60814.18876722 60814.19628589 60
iss                  60814.25670354 60814.26171039 6
iss                  60814.81923003 60814.82378370 5
iss                  60814.88437878 60814.89189437 51
iss                  60814.95175747 60814.95902184 25
iss                  60815.01988090 60815.02643153 13
iss                  60815.08754618 60815.09448709 18
iss                  60815.15468459 60815.16225913 76
iss                  60815.22219805 60815.22843508 12
iss                  60815.85051102 60815.85773724 28
iss                  60815.91747852 60815.92494369 36
iss                  60815.98553277 60815.99220169 14
iss                  60816.05338849 60816.06012329 15
iss                  60816.12060168 60816.12810196 45
iss                  60816.18788180 60816.19484003 21
iss                  60816.81679730 60816.82347080 16
iss                  60816.88325713 60816.89085021 58
iss                  60816.95114399 60816.95800596 17
iss                  60817.01915695 60817.02574589 14
iss                  60817.08649971 60817.09383525 30
iss                  60817.15365798 60817.16102352 37
iss                  60817.22220531 60817.22556061 2
iss                  60817.78330418 60817.78902960 9
iss                  60817.84911496 60817.85672352 82
AO-07                60803.41766390 60803.43235180 36
AO-07                60803.49592014 60803.51093921 52
AO-07                60803.57490793 60803.58586574 12
AO-07                60803.80013926 60803.81105492 12
AO-07                60803.87497605 60803.89005158 51
AO-07                60803.95347966 60803.96833178 37
AO-07                60804.37684175 60804.38866658 13
AO-07                60804.45418962 60804.46963700 74
AO-07                60804.53285379 60804.54650417 27
AO-07                60804.61215130 60804.61960246 4
AO-07                60804.76205581 60804.76875943 4
AO-07                60804.83473515 60804.84812663 24
AO-07                60804.91128390 60804.92684846 84
AO-07                60804.99180136 60805.00441061 16
AO-07                60805.41277371 60805.42724789 32
AO-07                60805.49095489 60805.50608873 57
AO-07                60805.56990647 60805.58125703 13
AO-07                60805.79555204 60805.80604649 10
AO-07                60805.87015011 60805.88508084 46
AO-07                60805.94840669 60805.96342879 41
AO-07                60806.03232280 60806.03903345 3
AO-07                60806.37208792 60806.38331929 11
AO-07                60806.44925333 60806.46466213 68
AO-07                60806.52787130 60806.54176266 29
AO-07                60806.60711693 60806.61512603 5
AO-07                60806.75764160 60806.76369516 3
AO-07                60806.83003536 60806.84313681 22
AO-07                60806.90634983 60806.92190040 89
AO-07                60806.98654964 60806.99959697 18
AO-07                60807.40789318 60807.42212265 29
AO-07                60807.48599241 60807.50122358 63
AO-07                60807.56490732 60807.57663160 15
AO-07                60807.79098991 60807.80103444 9
AO-07                60807.86533936 60807.88010743 42
AO-07                60807.94335292 60807.95851844 46
AO-07                60808.02656567 60808.03460528 5
AO-07                60808.36736901 60808.37792224 9
AO-07                60808.44432184 60808.45967132 61
AO-07                60808.52289094 60808.53700591 32
AO-07                60808.60208955 60808.61062947 6
AO-07                60808.75325780 60808.75861237 2
AO-07                60808.82535179 60808.83814455 20
AO-07                60808.90143125 60808.91694854 82
AO-07                60808.98132974 60808.99476518 21
AO-07                60809.40302337 60809.41697473 26
AO-07                60809.48103283 60809.49634375 69
AO-07                60809.55991083 60809.57198973 16
AO-07                60809.78644565 60809.79601829 8
AO-07                60809.86054388 60809.87513157 38
AO-07                60809.93831755 60809.95360131 51
AO-07                60810.02095406 60810.03005380 6
AO-07                60810.36269409 60810.37246481 7
AO-07                60810.43939556 60810.45466418 55
AO-07                60810.51791274 60810.53223407 35
AO-07                60810.59706789 60810.60611388 7
AO-07                60810.82068461 60810.83314988 18
AO-07                60810.89652798 60810.91199311 75
AO-07                60810.97613867 60810.98991754 23
AO-07                60811.39816585 60811.41180248 23
AO-07                60811.47607634 60811.49144922 76
AO-07                60811.55491664 60811.56733163 18
AO-07                60811.78197537 60811.79100003 7
AO-07                60811.85576688 60811.87015326 35
AO-07                60811.93329989 60811.94867800 56
AO-07                60812.01543867 60812.02542443 8
AO-07                60812.35807854 60812.36693149 6
AO-07                60812.43447486 60812.44964022 50
AO-07                60812.51293676 60812.52744726 39
AO-07                60812.59205102 60812.60157986 8
AO-07                60812.81603395 60812.82815278 16
AO-07                60812.89163991 60812.90703434 68
AO-07                60812.97097401 60812.98505636 26
AO-07                60813.39332208 60813.40660369 20
AO-07                60813.47112314 60813.48653992 82
AO-07                60813.54992466 60813.56265750 20
AO-07                60813.62946690 60813.63483886 2
AO-07                60813.77746919 60813.78597378 6
AO-07                60813.85100209 60813.86517259 32
AO-07                60813.92829937 60813.94374906 62
AO-07                60814.00999632 60814.02073934 10
AO-07                60814.35354766 60814.36129528 4
AO-07                60814.42956067 60814.44459888 45
AO-07                60814.50796307 60814.52264553 42
AO-07                60814.58703827 60814.59702800 9
AO-07                60814.81140018 60814.82315311 15
AO-07                60814.88676695 60814.90207241 62
AO-07                60814.96583379 60814.98018327 29
AO-07                60815.38850030 60815.40137613 18
AO-07                60815.46617336 60815.48161574 88
AO-07                60815.54493482 60815.55796750 22
AO-07                60815.62438926 60815.63044554 3
AO-07                60815.77298298 60815.78094115 5
AO-07                60815.84625280 60815.86018962 29
AO-07                60815.92331552 60815.93881493 69
AO-07                60816.00461212 60816.01601222 11
AO-07                60816.34921083 60816.35550375 3
AO-07                60816.42465137 60816.43953947 41
AO-07                60816.50299175 60816.51782903 46
AO-07                60816.58202912 60816.59245855 10
LO-19                60803.38310237 60803.38932312 5
LO-19                60803.45054169 60803.46097887 60
LO-19                60803.51985777 60803.52878124 18
LO-19                60803.85285632 60803.86078680 12
LO-19                60803.91996388 60803.93038337 87
LO-19                60803.99062408 60803.99842968 10
LO-19                60804.42787622 60804.43779062 29
LO-19                60804.49675587 60804.50668648 34
LO-19                60804.56738129 60804.57179314 3
LO-19                60804.83157909 60804.83726418 5
LO-19                60804.89736052 60804.90747607 43
LO-19                60804.96670291 60804.97616149 22
LO-19                60805.40545396 60805.41414136 14
LO-19                60805.47379584 60805.48422215 67
LO-19                60805.54359132 60805.55085839 9
LO-19                60805.87511499 60805.88443305 23
LO-19                60805.94334481 60805.95358074 45
LO-19                60806.01599610 60806.02031503 2
LO-19                60806.38352815 60806.38975635 5
LO-19                60806.45097026 60806.46140705 61
LO-19                60806.52028699 60806.52920708 18
LO-19                60806.85327393 60806.86122005 12
LO-19                60806.92038486 60806.93081426 87
LO-19                60806.99104724 60806.99885961 10
LO-19                60807.42830340 60807.43821818 30
LO-19                60807.49718383 60807.50711158 34
LO-19                60807.56781142 60807.57221435 3
LO-19                60807.83199240 60807.83769907 5
LO-19                60807.89777951 60807.90790622 43
LO-19                60807.96712407 60807.97659053 22
LO-19                60808.40587950 60808.41456858 14
LO-19                60808.47422255 60808.48464645 67
LO-19                60808.54401890 60808.55128021 9
LO-19                60808.87553187 60808.88486261 23
LO-19                60808.94376408 60808.95400888 45
LO-19                60809.01641713 60809.02074278 2
LO-19                60809.38395124 60809.39018414 5
LO-19                60809.45139568 60809.46183054 61
LO-19                60809.52071308 60809.52962838 18
LO-19                60809.85368830 60809.86164946 12
LO-19                60809.92080227 60809.93124149 87
LO-19                60809.99146662 60809.99928603 10
LO-19                60810.42872746 60810.43864095 30
LO-19                60810.49760859 60810.50753210 34
LO-19                60810.56823887 60810.57263071 3
LO-19                60810.83240277 60810.83812986 5
LO-19                60810.89819506 60810.90833262 43
LO-19                60810.96754158 60810.97701594 22
LO-19                60811.40630203 60811.41499083 14
LO-19                60811.47464603 60811.48506612 67
LO-19                60811.54444342 60811.55169745 9
LO-19                60811.87594544 60811.88528833 23
LO-19                60811.94417979 60811.95443332 45
LO-19                60812.01683430 60812.02116708 2
LO-19                60812.38437168 60812.39060650 5
LO-19                60812.45181788 60812.46224933 61
LO-19                60812.52113598 60812.53004512 18
LO-19                60812.85409954 60812.86207489 12
LO-19                60812.92121624 60812.93166493 87
LO-19                60812.99188235 60812.99970879 10
LO-19                60813.42914832 60813.43905892 30
LO-19                60813.49803011 60813.50794805 33
LO-19                60813.56866358 60813.57304219 3
LO-19                60813.83281033 60813.83855637 5
LO-19                60813.89860727 60813.90875516 44
LO-19                60813.96795554 60813.97743761 22
LO-19                60814.40672146 60814.41540811 14
LO-19                60814.47506623 60814.48548117 67
LO-19                60814.54486481 60814.55211010 9
LO-19                60814.87635575 60814.88571009 23
LO-19                60814.94459206 60814.95485392 45
LO-19                60815.01724783 60815.02158767 2
LO-19                60815.38478937 60815.39102346 5
LO-19                60815.45223677 60815.46266345 61
LO-19                60815.52155561 60815.53045731 18
LO-19                60815.85450775 60815.86249619 12
LO-19                60815.92162686 60815.93208448 88
LO-19                60815.99229457 60816.00012773 10
LO-19                60816.42956590 60816.43947211 30
LO-19                60816.49844828 60816.50835943 33
LO-19                60816.56908546 60816.57344879 3
LO-19                60816.83321522 60816.83897843 5
LO-19                60816.89901624 60816.90917373 44
LO-19                60816.96836607 60816.97785538 22
LO-19                60817.40713769 60817.41582045 14
LO-19                60817.47548305 60817.48589161 67
LO-19                60817.54528297 60817.55251818 9
LO-19                60817.87676306 60817.88612774 23
LO-19                60817.94500098 60817.95527057 45
LO-19                60818.01765792 60818.02200433 2
LO-19                60818.38520419 60818.39143509 5
LO-19                60818.45265227 60818.46307290 61
LO-19                60818.52197188 60818.53086497 18
LO-19                60818.85491303 60818.86291323 12
LO-19                60818.92203421 60818.93250000 88
LO-19                60818.99270338 60819.00054272 10
LO-19                60819.42998010 60819.43988056 30
LO-19                60819.49886303 60819.50876627 33
LO-19                60819.56950439 60819.57385056 3
FO-29                60803.24268694 60803.25153209 12
FO-29                60803.52542641 60803.52985802 3
FO-29                60803.59434706 60803.60463614 38
FO-29                60803.66759009 60803.67753737 25
FO-29                60804.13054582 60804.14224879 37
FO-29                60804.20366767 60804.21490930 33
FO-29                60804.27860701 60804.28325984 2
FO-29                60804.55737684 60804.56572336 13
FO-29                60804.62864422 60804.63939689 76
FO-29                60804.70412409 60804.71120305 7
FO-29                60805.09279626 60805.10245734 13
FO-29                60805.16505081 60805.17723035 76
FO-29                60805.23878714 60805.24810890 14
FO-29                60805.59071988 60805.60084802 34
FO-29                60805.66380770 60805.67381166 27
FO-29                60806.12677826 60806.13857098 35
FO-29                60806.19984375 60806.21137979 36
FO-29                60806.27453242 60806.28005485 4
FO-29                60806.55383331 60806.56190037 12
FO-29                60806.62494359 60806.63563722 83
FO-29                60806.70019324 60806.70757120 8
FO-29                60807.08908424 60807.09867144 12
FO-29                60807.16125623 60807.17362700 76
FO-29                60807.23492195 60807.24466917 16
FO-29                60807.58708920 60807.59706475 31
FO-29                60807.66002349 60807.67008899 29
FO-29                60808.12301472 60808.13489067 33
FO-29                60808.19602411 60808.20784809 40
FO-29                60808.27053193 60808.27680025 5
FO-29                60808.55028794 60808.55808154 11
FO-29                60808.62123948 60808.63188223 86
FO-29                60808.69626950 60808.70393499 9
FO-29                60809.08537983 60809.09487867 11
FO-29                60809.15746566 60809.17002151 73
FO-29                60809.23106464 60809.24122386 17
FO-29                60809.58345490 60809.59328692 29
FO-29                60809.65623739 60809.66636997 32
FO-29                60810.11925619 60810.13120695 31
FO-29                60810.19220938 60810.20431351 43
FO-29                60810.26656657 60810.27351342 6
FO-29                60810.54674119 60810.55426742 9
FO-29                60810.61753217 60810.62813257 80
FO-29                60810.69235163 60810.70029595 10
FO-29                60811.08168430 60811.09107737 10
FO-29                60811.15367978 60811.16641333 70
FO-29                60811.22721536 60811.23777263 19
FO-29                60811.57981742 60811.58951515 26
FO-29                60811.65244943 60811.66265517 35
FO-29                60812.11550333 60812.12751891 29
FO-29                60812.18840014 60812.20077536 47
FO-29                60812.26262860 60812.27020214 7
FO-29                60812.54319290 60812.55045881 9
FO-29                60812.61382148 60812.62438848 73
FO-29                60812.68843891 60812.69665513 12
FO-29                60813.07799907 60813.08726643 10
FO-29                60813.14989921 60813.16280122 67
FO-29                60813.22337431 60813.23431538 21
FO-29                60813.57617660 60813.58575004 24
FO-29                60813.64865973 60813.65894514 38
FO-29                60814.11175710 60814.12382554 27
FO-29                60814.18459696 60814.19723281 51
FO-29                60814.25871304 60814.26687096 8
FO-29                60814.53964358 60814.54665631 8
FO-29                60814.61010781 60814.62065088 67
FO-29                60814.68453080 60814.69301392 13
FO-29                60815.07433181 60815.08344378 9
FO-29                60815.14612489 60815.15918455 63
FO-29                60815.21954172 60815.23085145 23
FO-29                60815.57253308 60815.58199211 22
FO-29                60815.64486848 60815.65524020 42
FO-29                60816.10801792 60816.12012584 26
FO-29                60816.18080039 60816.19368538 55
FO-29                60816.25481683 60816.26352277 9
FO-29                60816.53609352 60816.54286052 7
FO-29                60816.60639149 60816.61691997 60
FO-29                60816.68059596 60816.68937517 14
FO-29                60817.07067168 60817.07960745 8
FO-29                60817.14235700 60817.15556242 59
FO-29                60817.21571784 60817.22738042 26
FO-29                60817.56888701 60817.57824181 21
FO-29                60817.64107596 60817.65154090 47
FO-29                60818.10428675 60818.11641874 24
FO-29                60818.17701092 60818.19013188 60
FO-29                60818.25093794 60818.26015927 11
FO-29                60818.53254305 60818.53907194 6
FO-29                60818.60267287 60818.61319611 55
FO-29                60818.67669594 60818.68573541 16
FO-29                60819.06702713 60819.07575521 7
FO-29                60819.13859636 60819.15193394 56
FO-29                60819.21190291 60819.22390174 28
FO-29                60819.56523890 60819.57449952 19
FO-29                60819.63728249 60819.64784738 52
FO-29                60819.71407217 60819.71875186 3
FO-29                60820.10056434 60820.11270316 23
FO-29                60820.17322906 60820.18657173 64
FO-29                60820.24707494 60820.25678158 12
FO-29                60820.52899243 60820.53529101 6
FO-29                60820.59895240 60820.60947958 50
FO-29                60820.67279992 60820.68209764 18
SO-50                60803.42664070 60803.43497229 21
SO-50                60803.49547381 60803.50468467 41
SO-50                60803.56697236 60803.57376070 8
SO-50                60803.71055857 60803.71598165 4
SO-50                60803.77957149 60803.78848433 21
SO-50                60803.84888344 60803.85853673 54
SO-50                60803.91985484 60803.92510689 4
SO-50                60804.43926727 60804.44839845 46
SO-50                60804.50910355 60804.51777827 22
SO-50                60804.58141653 60804.58681191 4
SO-50                60804.72360375 60804.73048754 8
SO-50                60804.79264790 60804.80218679 39
SO-50                60804.86225042 60804.87126279 25
SO-50                60805.38446923 60805.39146384 10
SO-50                60805.45228398 60805.46164978 78
SO-50                60805.52303874 60805.53082762 13
SO-50                60805.66756790 60805.67168441 2
SO-50                60805.73662822 60805.74474169 14
SO-50                60805.80578344 60805.81556804 79
SO-50                60805.87587976 60805.88349984 12
SO-50                60806.39664344 60806.40514437 23
SO-50                60806.46563663 60806.47479447 37
SO-50                60806.53726218 60806.54385885 7
SO-50                60806.68065450 60806.68631304 5
SO-50                60806.74966712 60806.75869988 23
SO-50                60806.81901432 60806.82860952 48
SO-50                60806.89023267 60806.89483877 3
SO-50                60807.34300717 60807.34739659 3
SO-50                60807.40932635 60807.41852873 52
SO-50                60807.47930403 60807.48787122 20
SO-50                60807.55172807 60807.55690821 4
SO-50                60807.69368586 60807.70077594 8
SO-50                60807.76274202 60807.77234545 43
SO-50                60807.83240216 60807.84126301 23
SO-50                60808.35437326 60808.36167099 12
SO-50                60808.42238725 60808.43175200 70
SO-50                60808.49327472 60808.50090781 12
SO-50                60808.63766059 60808.64200732 2
SO-50                60808.70670219 60808.71497786 15
SO-50                60808.77588080 60808.78566823 88
SO-50                60808.84608159 60808.85339825 10
SO-50                60809.36663100 60809.37528272 26
SO-50                60809.43577909 60809.44487584 34
SO-50                60809.50752912 60809.51393062 7
SO-50                60809.65072246 60809.65661176 5
SO-50                60809.71973672 60809.72888051 25
SO-50                60809.78912167 60809.79864688 43
SO-50                60809.86065413 60809.86446850 2
SO-50                60810.31270843 60810.31773623 4
SO-50                60810.37936720 60810.38862833 59
SO-50                60810.44948353 60810.45793641 19
SO-50                60810.52201385 60810.52697990 3
SO-50                60810.66374093 60810.67102984 9
SO-50                60810.73281082 60810.74246936 48
SO-50                60810.80253271 60810.81122591 20
SO-50                60811.32426914 60811.33183778 13
SO-50                60811.39247075 60811.40182502 62
SO-50                60811.46348909 60811.47096077 11
SO-50                60811.60772275 60811.61230131 3
SO-50                60811.67674976 60811.68517911 16
SO-50                60811.74595333 60811.75573364 83
SO-50                60811.81627005 60811.82325125 9
SO-50                60812.33660256 60812.34538799 30
SO-50                60812.40590100 60812.41492891 31
SO-50                60812.47777282 60812.48397619 6
SO-50                60812.62076245 60812.62687717 6
SO-50                60812.68978040 60812.69902633 28
SO-50                60812.75920547 60812.76864876 38
SO-50                60813.28243915 60813.28800092 5
SO-50                60813.34938927 60813.35869757 67
SO-50                60813.41964185 60813.42797397 17
SO-50                60813.49227316 60813.49702723 3
SO-50                60813.63376830 60813.64124925 10
SO-50                60813.70285419 60813.71255865 53
SO-50                60813.77264258 60813.78115076 18
SO-50                60814.29415472 60814.30196601 15
SO-50                60814.36253406 60814.37186903 56
SO-50                60814.43368126 60814.44098673 10
SO-50                60814.57775490 60814.58256549 3
SO-50                60814.64677114 60814.65534553 17
SO-50                60814.71600123 60814.72576433 75
SO-50                60814.78649568 60814.79305527 7
SO-50                60815.30655740 60815.31546108 33
SO-50                60815.37600216 60815.38495381 28
SO-50                60815.44799272 60815.45399576 5
SO-50                60815.59077478 60815.59710929 6
SO-50                60815.65979821 60815.66913748 30
SO-50                60815.72926600 60815.73861508 34
SO-50                60816.25218398 60816.25820467 7
SO-50                60816.31939232 60816.32873675 75
SO-50                60816.38977881 60816.39798400 16
SO-50                60816.46250518 60816.46705081 3
SO-50                60816.60376973 60816.61143413 11
SO-50                60816.67287220 60816.68261344 59
SO-50                60816.74273241 60816.75103711 16
SO-50                60817.26402808 60817.27205748 17
SO-50                60817.33257731 60817.34188420 50
SO-50                60817.40385128 60817.41098584 9
SO-50                60817.54773987 60817.55280177 3
HO-68                60803.26606409 60803.27792294 20
HO-68                60803.34041019 60803.35398620 73
HO-68                60803.41588104 60803.42642825 15
HO-68                60803.70343050 60803.71441579 17
HO-68                60803.77618557 60803.78980332 83
HO-68                60803.85262445 60803.86401203 17
HO-68                60804.25450535 60804.26547628 15
HO-68                60804.32857591 60804.34223017 87
HO-68                60804.40389956 60804.41523811 19
HO-68                60804.69228714 60804.70242038 13
HO-68                60804.76446674 60804.77795868 65
HO-68                60804.84024794 60804.85243583 23
HO-68                60805.24309979 60805.25283337 10
HO-68                60805.31676768 60805.33038821 69
HO-68                60805.39194600 60805.40394838 25
HO-68                60805.46850951 60805.47334307 2
HO-68                60805.68125792 60805.69038536 9
HO-68                60805.75283192 60805.76609161 50
HO-68                60805.82800974 60805.84078665 31
HO-68                60806.23189522 60806.23990354 6
HO-68                60806.30498941 60806.31845685 52
HO-68                60806.38001640 60806.39256525 31
HO-68                60806.45616681 60806.46283810 4
HO-68                60806.67036071 60806.67829388 6
HO-68                60806.74128198 60806.75420332 39
HO-68                60806.81588862 60806.82908300 41
HO-68                60806.89573150 60806.90130731 3
HO-68                60807.22120595 60807.22642385 2
HO-68                60807.29324503 60807.30643020 40
HO-68                60807.36810867 60807.38109313 40
HO-68                60807.44399542 60807.45208823 7
HO-68                60807.65968357 60807.66611223 4
HO-68                60807.72982058 60807.74229375 30
HO-68                60807.80387101 60807.81733641 54
HO-68                60807.88231677 60807.89049827 6
HO-68                60808.28154523 60808.29429895 30
HO-68                60808.35622207 60808.36953473 52
HO-68                60808.43191051 60808.44117629 10
HO-68                60808.71844619 60808.73036230 24
HO-68                60808.79194804 60808.80555497 71
HO-68                60808.86941932 60808.87926945 10
HO-68                60809.26990128 60809.28204910 23
HO-68                60809.34435679 60809.35789191 67
HO-68                60809.41987971 60809.43013484 13
HO-68                60809.70716574 60809.71840668 18
HO-68                60809.78011409 60809.79374414 90
HO-68                60809.85679688 60809.86784407 15
HO-68                60810.25833237 60810.26965847 17
HO-68                60810.33251438 60810.34616501 85
HO-68                60810.40788731 60810.41898078 17
HO-68                60810.69598551 60810.70642265 14
HO-68                60810.76836585 60810.78190773 71
HO-68                60810.84436545 60810.85629925 21
HO-68                60811.24687728 60811.25709026 11
HO-68                60811.32069674 60811.33435293 75
HO-68                60811.39592479 60811.40772445 23
HO-68                60811.68491511 60811.69440267 11
HO-68                60811.75670181 60811.77004829 55
HO-68                60811.83208231 60811.84467279 28
HO-68                60812.23558610 60812.24427524 7
HO-68                60812.30890760 60812.32245287 58
HO-68                60812.38398730 60812.39637285 29
HO-68                60812.46025175 60812.46637144 4
HO-68                60812.67396929 60812.68233354 7
HO-68                60812.74512225 60812.75816732 43
HO-68                60812.81992248 60812.83298640 37
HO-68                60813.22462410 60813.23104436 3
HO-68                60813.29715187 60813.31045986 44
HO-68                60813.37207223 60813.38493075 37
HO-68                60813.44803746 60813.45569031 6
HO-68                60813.66322697 60813.67018997 5
HO-68                60813.73363053 60813.74626521 33
HO-68                60813.80787018 60813.82125356 49
HO-68                60813.88674208 60813.89415564 5
HO-68                60814.28543413 60814.29836604 33
HO-68                60814.36017839 60814.37340189 48
HO-68                60814.43592849 60814.44482855 9
HO-68                60814.65265339 60814.65790266 3
HO-68                60814.72222451 60814.73434164 26
HO-68                60814.79591514 60814.80948348 64
HO-68                60814.87369342 60814.88303255 9
HO-68                60815.27376927 60815.28615894 25
HO-68                60815.34830573 60815.36178799 61
HO-68                60815.42388180 60815.43382891 12
HO-68                60815.71091068 60815.72239487 20
HO-68                60815.78405073 60815.79768237 83
HO-68                60815.86098917 60815.87166275 13
HO-68                60816.26217157 60816.27382001 18
HO-68                60816.33645530 60816.35009002 79
HO-68                60816.41187770 60816.42271191 16
HO-68                60816.69969475 60816.71042147 16
HO-68                60816.77227294 60816.78585455 77
HO-68                60816.84849810 60816.86015371 19
HO-68                60817.25066783 60817.26131862 13
HO-68                60817.32462874 60817.33830742 81
HO-68                60817.39990580 60817.41148969 21
HO-68                60817.68858486 60817.69841535 12
HO-68                60817.76057969 60817.77400295 60
HO-68                60817.83616720 60817.84855241 26
AO-73                60803.32668519 60803.33493834 48
AO-73                60803.39310200 60803.39983647 12
AO-73                60803.77535524 60803.78347449 29
AO-73                60803.84145520 60803.84928550 21
AO-73                60804.32605160 60804.33429978 46
AO-73                60804.39245381 60804.39923224 13
AO-73                60804.77474120 60804.78282159 28
AO-73                60804.84080484 60804.84864913 21
AO-73                60805.32540471 60805.33364400 45
AO-73                60805.39178791 60805.39861163 13
AO-73                60805.77411066 60805.78215105 27
AO-73                60805.84013715 60805.84799551 22
AO-73                60806.32474060 60806.33297098 44
AO-73                60806.39110433 60806.39797462 14
AO-73                60806.77346364 60806.78146287 27
AO-73                60806.83945212 60806.84732465 22
AO-73                60807.32405929 60807.33228070 42
AO-73                60807.39040311 60807.39732118 14
AO-73                60807.77280014 60807.78075706 26
AO-73                60807.83874977 60807.84663656 23
AO-73                60808.32336078 60808.33157313 41
AO-73                60808.38968430 60808.39665127 14
AO-73                60808.77212016 60808.78003364 25
AO-73                60808.83803010 60808.84593125 23
AO-73                60809.32264511 60809.33084823 40
AO-73                60809.38894793 60809.39596486 15
AO-73                60809.77142373 60809.77929262 24
AO-73                60809.83729312 60809.84520874 24
AO-73                60810.32191233 60810.33010597 39
AO-73                60810.38819405 60810.39526190 15
AO-73                60810.77071085 60810.77853400 24
AO-73                60810.83653883 60810.84446904 25
AO-73                60811.32116248 60811.32934631 37
AO-73                60811.38742269 60811.39454237 16
AO-73                60811.76998154 60811.77775780 23
AO-73                60811.83576726 60811.84371216 25
AO-73                60812.32039548 60812.32856921 36
AO-73                60812.38663391 60812.39380620 16
AO-73                60812.76923582 60812.77696403 22
AO-73                60812.83497840 60812.84293812 26
AO-73                60813.31961177 60813.32777463 35
AO-73                60813.38582775 60813.39305336 17
AO-73                60813.76847370 60813.77615268 22
AO-73                60813.83417228 60813.84214691 27
AO-73                60814.31881094 60814.32696251 34
AO-73                60814.38500424 60814.39228380 17
AO-73                60814.76769521 60814.77532372 21
AO-73                60814.83334892 60814.84133856 28
AO-73                60815.31799320 60815.32613282 33
AO-73                60815.38416345 60815.39149748 18
AO-73                60815.76690056 60815.77447726 20
AO-73                60815.83250832 60815.84051308 28
AO-73                60816.31715862 60816.32528549 32
AO-73                60816.38330541 60816.39069434 18
AO-73                60816.76608942 60816.77361342 20
AO-73                60816.83165051 60816.83967047 29
AO-73                60817.31630724 60817.32442048 31
AO-73                60817.38243017 60817.38987434 19
AO-73                60817.76526199 60817.77273185 19
AO-73                60817.83077551 60817.83881074 30
AO-73                60818.31543911 60818.32353771 30
AO-73                60818.38153777 60818.38903725 20
AO-73                60818.76441830 60818.77183274 18
AO-73                60818.82988334 60818.83793390 31
AO-73                60819.31455430 60819.32263714 29
AO-73                60819.38062827 60819.38818336 20
AO-73                60819.76355841 60819.77091607 18
AO-73                60819.82897403 60819.83703996 33
AO-73                60820.31365284 60820.32171869 28
AO-73                60820.37970171 60820.38731246 21
AO-73                60820.76268234 60820.76998185 17
AO-73                60820.82804761 60820.83612893 34
AO-73                60821.31273481 60821.32078230 27
AO-73                60821.37875814 60821.38642448 22
AO-73                60821.76179014 60821.76903007 16
AO-73                60821.82710410 60821.83520081 35
AO-73                60822.31180027 60822.31982790 26
AO-73                60822.37779760 60822.38551941 23
AO-73                60822.76088186 60822.76806073 16
AO-73                60822.82614354 60822.83425561 37
AO-73                60823.31084926 60823.31885540 25
AO-73                60823.37682014 60823.38459711 23
AO-73                60823.75995755 60823.76707380 15
AO-73                60823.82516595 60823.83329333 38
AO-73                60824.30988187 60824.31786474 24
AO-73                60824.37583163 60824.38366430 24
AO-73                60824.75901727 60824.76606930 15
AO-73                60824.82417137 60824.83231396 40
AO-73                60825.30889815 60825.31685583 23
AO-73                60825.37482047 60825.38270743 25
AO-73                60825.75806108 60825.76504719 14
AO-73                60825.82315985 60825.83131753 41
AO-73                60826.30789845 60826.31582858 23
AO-73                60826.37379252 60826.38173320 26
AO-73                60826.75708906 60826.76400745 14
AO-73                60826.82213141 60826.83030401 43
AO-73                60827.30688229 60827.31478291 22
AO-73                60827.37274783 60827.38074154 27
AO-73                60827.75610127 60827.76295005 13
TITA                 60803.57483120 60803.58114376 9
TITA                 60803.63970139 60803.64779285 54
TITA                 60803.70663149 60803.71069107 3
TITA                 60804.02209966 60804.02731767 6
TITA                 60804.08556042 60804.09385421 76
TITA                 60804.15272929 60804.15843620 7
TITA                 60804.56874769 60804.57444058 7
TITA                 60804.63335543 60804.64152022 73
TITA                 60804.69999039 60804.70489270 5
TITA                 60805.01627564 60805.02069348 4
TITA                 60805.07928278 60805.08750319 57
TITA                 60805.14601931 60805.15234758 9
TITA                 60805.56273401 60805.56762549 5
TITA                 60805.62701279 60805.63520516 84
TITA                 60805.69341300 60805.69898856 7
TITA                 60806.07302515 60806.08112593 43
TITA                 60806.13937035 60806.14619251 12
TITA                 60806.55684932 60806.56063654 2
TITA                 60806.62067404 60806.62884715 63
TITA                 60806.68687276 60806.69300556 9
TITA                 60807.06678764 60807.07472208 33
TITA                 60807.13276812 60807.13998507 16
TITA                 60807.61433751 60807.62244520 47
TITA                 60807.68035623 60807.68695730 12
TITA                 60808.06057183 60808.06829082 26
TITA                 60808.12620375 60808.13373367 21
TITA                 60808.60800915 60808.61599776 35
TITA                 60808.67385587 60808.68085193 16
TITA                 60809.05437930 60809.06183089 21
TITA                 60809.11967108 60809.12744437 26
TITA                 60809.60168900 60809.60950263 27
TITA                 60809.66737249 60809.67470139 20
TITA                 60810.04821259 60810.05533993 16
TITA                 60810.11316622 60810.12112087 34
TITA                 60810.59537986 60810.60295661 21
TITA                 60810.66089140 60810.66849513 25
TITA                 60811.04207538 60811.04881500 13
TITA                 60811.10668631 60811.11476600 45
TITA                 60811.58908617 60811.59635559 17
TITA                 60811.65441614 60811.66224275 32
TITA                 60812.03597289 60812.04225120 10
TITA                 60812.10022941 60812.10838170 61
TITA                 60812.16852418 60812.17212067 2
TITA                 60812.58281322 60812.58969292 13
TITA                 60812.64790219 60812.65594242 41
TITA                 60813.02991326 60813.03564078 7
TITA                 60813.09374969 60813.10196638 82
TITA                 60813.16143001 60813.16619041 4
TITA                 60813.57657015 60813.58295936 10
TITA                 60813.64143564 60813.64960148 55
TITA                 60813.70832892 60813.71252181 3
TITA                 60814.02391018 60814.02897056 5
TITA                 60814.08733515 60814.09552701 75
TITA                 60814.15449854 60814.16009374 7
TITA                 60814.57037131 60814.57613964 7
TITA                 60814.63497290 60814.64321706 74
TITA                 60814.70157463 60814.70661136 5
TITA                 60815.01798941 60815.02221480 3
TITA                 60815.08094133 60815.08906092 56
TITA                 60815.14766119 60815.15389885 9
TITA                 60815.56424327 60815.56920650 5
TITA                 60815.62851413 60815.63678906 83
TITA                 60815.69488309 60815.70059553 7
TITA                 60816.07456891 60816.08256815 42
TITA                 60816.14088866 60816.14763439 12
TITA                 60816.55824543 60816.56209764 2
TITA                 60816.62205993 60816.63031696 62
TITA                 60816.68822840 60816.69450056 10
TITA                 60817.06821772 60817.07604830 32
TITA                 60817.13416539 60817.14131573 16
TITA                 60817.61560864 60817.62379970 46
TITA                 60817.68159752 60817.68833974 13
TITA                 60818.06188945 60818.06950043 25
TITA                 60818.12748160 60818.13495194 21
TITA                 60818.60916623 60818.61723567 35
TITA                 60818.67498298 60818.68212105 16
TITA                 60819.05558590 60819.06292332 20
TITA                 60819.12083134 60819.12854944 27
TITA                 60819.60273292 60819.61062253 27
TITA                 60819.66837989 60819.67584936 21
TITA                 60820.04930988 60820.05631426 15
TITA                 60820.11420997 60820.12211213 35
TITA                 60820.59631168 60820.60395689 21
TITA                 60820.66179107 60820.66953506 26
TITA                 60821.04306540 60821.04967000 12
TITA                 60821.10761472 60821.11564297 47
TITA                 60821.58990717 60821.59723435 16
TITA                 60821.65520284 60821.66316664 34
TITA                 60822.03685833 60822.04298502 9
TITA                 60822.10104355 60822.10914400 64
TITA                 60822.16922386 60822.17294984 2
TITA                 60822.58352512 60822.59044780 13
TITA                 60822.64857590 60822.65674928 44
TITA                 60822.71573090 60822.71923645 2
TITA                 60823.03069799 60823.03625046 7
TITA                 60823.09445082 60823.10261369 86
TITA                 60823.16202868 60823.16689024 5
TITA                 60823.57717535 60823.58358725 9
TITA                 60823.64199714 60823.65029034 59
NOAA-15              60803.44077777 60803.44732801 6
NOAA-15              60803.50867607 60803.51922310 64
NOAA-15              60803.57839510 60803.58728429 17
NOAA-15              60803.91281250 60803.92103526 13
NOAA-15              60803.98037226 60803.99095231 87
NOAA-15              60804.05155640 60804.05928647 10
NOAA-15              60804.49065938 60804.50088264 36
NOAA-15              60804.56003775 60804.56981221 28
NOAA-15              60804.89581679 60804.90244274 7
NOAA-15              60804.96238190 60804.97279359 54
NOAA-15              60805.03246523 60805.04167542 18
NOAA-15              60805.47277055 60805.48227965 21
NOAA-15              60805.54177361 60805.55210147 47
NOAA-15              60805.61231340 60805.61835531 5
NOAA-15              60805.87943877 60805.88345119 2
NOAA-15              60805.94461063 60805.95455264 32
NOAA-15              60806.01377817 60806.02383203 31
NOAA-15              60806.45507715 60806.46333855 12
NOAA-15              60806.52359140 60806.53416992 81
NOAA-15              60806.59361450 60806.60147597 11
NOAA-15              60806.92706916 60806.93622233 19
NOAA-15              60806.99536801 60807.00584678 55
NOAA-15              60807.06774238 60807.07343872 4
NOAA-15              60807.43776777 60807.44385640 5
NOAA-15              60807.50549364 60807.51601936 58
NOAA-15              60807.57515318 60807.58423045 19
NOAA-15              60807.90979287 60807.91777581 11
NOAA-15              60807.97719318 60807.98775831 86
NOAA-15              60808.04817673 60808.05620229 11
NOAA-15              60808.48749328 60808.49763530 33
NOAA-15              60808.55681134 60808.56671334 31
NOAA-15              60808.89286522 60808.89913825 6
NOAA-15              60808.95923738 60808.96958346 49
NOAA-15              60809.02915728 60809.03853980 20
NOAA-15              60809.46962888 60809.47897981 19
NOAA-15              60809.53855943 60809.54896209 52
NOAA-15              60809.60896391 60809.61541796 6
NOAA-15              60809.94150175 60809.95132606 29
NOAA-15              60810.01051954 60810.02066618 34
NOAA-15              60810.45197882 60810.45996556 10
NOAA-15              60810.52038907 60810.53099143 88
NOAA-15              60810.59034406 60810.59845915 12
NOAA-15              60810.92400010 60810.93297635 18
NOAA-15              60810.99214917 60811.00265957 61
NOAA-15              60811.06423684 60811.07044280 5
NOAA-15              60811.43477876 60811.44034049 4
NOAA-15              60811.50230476 60811.51280054 53
NOAA-15              60811.57190512 60811.58116075 20
NOAA-15              60811.90677300 60811.91450279 10
NOAA-15              60811.97400999 60811.98455346 78
NOAA-15              60812.04480134 60812.05309926 12
NOAA-15              60812.48432173 60812.49437161 30
NOAA-15              60812.55357814 60812.56359961 33
NOAA-15              60812.62462320 60812.62895470 2
NOAA-15              60812.88992031 60812.89581356 5
NOAA-15              60812.95608886 60812.96636256 45
NOAA-15              60813.02584826 60813.03539032 22
NOAA-15              60813.46648406 60813.47566121 17
NOAA-15              60813.53533852 60813.54580805 57
NOAA-15              60813.60565034 60813.61245419 7
NOAA-15              60813.93838925 60813.94808854 27
NOAA-15              60814.00725788 60814.01748830 38
NOAA-15              60814.44888300 60814.45656758 9
NOAA-15              60814.51718006 60814.52779811 83
NOAA-15              60814.58706935 60814.59542480 13
NOAA-15              60814.92092859 60814.92971883 16
NOAA-15              60814.98892645 60814.99946110 67
NOAA-15              60815.06075244 60815.06741158 6
NOAA-15              60815.43182161 60815.43676882 3
NOAA-15              60815.49910988 60815.50956603 48
NOAA-15              60815.56865109 60815.57807531 22
NOAA-15              60815.90375341 60815.91121565 9
NOAA-15              60815.97082259 60815.98133797 71
NOAA-15              60816.04139623 60816.04998093 14
NOAA-15              60816.48114532 60816.49109107 28
NOAA-15              60816.55033838 60816.56047084 36
NOAA-15              60816.62121557 60816.62609685 3
NOAA-15              60816.88698480 60816.89246603 4
NOAA-15              60816.95293640 60816.96313120 41
NOAA-15              60817.02253779 60817.03222754 24
NOAA-15              60817.46333695 60817.47232270 16
NOAA-15              60817.53211083 60817.54263932 63
NOAA-15              60817.60233698 60817.60946811 8
NOAA-15              60817.93527365 60817.94484016 25
NOAA-15              60818.00399303 60818.01429896 42
NOAA-15              60818.44579202 60818.45314213 8
NOAA-15              60818.51396470 60818.52458963 76
NOAA-15              60818.58379027 60818.59237298 15
NOAA-15              60818.91785524 60818.92644943 15
NOAA-15              60818.98569983 60818.99625182 74
NOAA-15              60819.05728344 60819.06435087 7
NOAA-15              60819.42897916 60819.43311911 2
NOAA-15              60819.49590710 60819.50631580 43
NOAA-15              60819.56539122 60819.57497400 24
NOAA-15              60819.90073508 60819.90791401 8
NOAA-15              60819.96763135 60819.97811182 65
NOAA-15              60820.03802531 60820.04684384 15
NOAA-15              60820.47796465 60820.48779302 25
NOAA-15              60820.54709231 60820.55732672 40
NOAA-18              60803.58310801 60803.58886418 4
NOAA-18              60803.65122129 60803.66205437 52
NOAA-18              60803.72140345 60803.73110388 22
NOAA-18              60804.05911997 60804.06772540 13
NOAA-18              60804.12720757 60804.13826341 88
NOAA-18              60804.19883537 60804.20732822 11
NOAA-18              60804.64232770 60804.65297151 39
NOAA-18              60804.71235098 60804.72244470 28
NOAA-18              60805.05068041 60805.05857800 10
NOAA-18              60805.11830403 60805.12929892 69
NOAA-18              60805.18939816 60805.19863249 15
NOAA-18              60805.63346366 60805.64382653 30
NOAA-18              60805.70331911 60805.71372812 36
NOAA-18              60805.77478628 60805.77988916 3
NOAA-18              60806.04233037 60806.04938048 7
NOAA-18              60806.10945239 60806.12031504 53
NOAA-18              60806.18006173 60806.18987190 20
NOAA-18              60806.62463337 60806.63461325 23
NOAA-18              60806.69430626 60806.70495663 46
NOAA-18              60806.76540954 60806.77175019 6
NOAA-18              60807.03409471 60807.04010878 5
NOAA-18              60807.10065305 60807.11131209 41
NOAA-18              60807.17080854 60807.18106260 26
NOAA-18              60807.61584509 60807.62532262 18
NOAA-18              60807.68531173 60807.69613171 59
NOAA-18              60807.75616790 60807.76346311 8
NOAA-18              60808.02608325 60808.03070839 3
NOAA-18              60808.09190802 60808.10228971 32
NOAA-18              60808.16162736 60808.17221463 34
NOAA-18              60808.60711127 60808.61594081 13
NOAA-18              60808.67633548 60808.68725408 76
NOAA-18              60808.74698920 60808.75507172 11
NOAA-18              60809.08321703 60809.09324685 26
NOAA-18              60809.15251066 60809.16333466 44
NOAA-18              60809.22630795 60809.23102972 3
NOAA-18              60809.59845230 60809.60644562 10
NOAA-18              60809.66737808 60809.67832362 82
NOAA-18              60809.73785420 60809.74659607 14
NOAA-18              60810.07458373 60810.08418154 20
NOAA-18              60810.14345327 60810.15442756 58
NOAA-18              60810.21630064 60810.22278890 5
NOAA-18              60810.58990601 60810.59679684 6
NOAA-18              60810.65844092 60810.66933941 64
NOAA-18              60810.72875226 60810.73804775 18
NOAA-18              60811.06601277 60811.07509037 16
NOAA-18              60811.13445170 60811.14549657 76
NOAA-18              60811.20658958 60811.21429357 8
NOAA-18              60811.58155877 60811.58690386 3
NOAA-18              60811.64952588 60811.66029954 49
NOAA-18              60811.71967701 60811.72943406 23
NOAA-18              60812.05751040 60812.06596843 12
NOAA-18              60812.12550372 60812.13654396 84
NOAA-18              60812.19701928 60812.20566714 12
NOAA-18              60812.64063370 60812.65120097 37
NOAA-18              60812.71062449 60812.72076011 29
NOAA-18              60813.04908584 60813.05680696 9
NOAA-18              60813.11660809 60813.12757122 66
NOAA-18              60813.18760111 60813.19695276 16
NOAA-18              60813.63177230 60813.64203904 29
NOAA-18              60813.70159225 60813.71202925 37
NOAA-18              60813.77299250 60813.77832003 4
NOAA-18              60814.04075522 60814.04759125 7
NOAA-18              60814.10776454 60814.11857914 51
NOAA-18              60814.17827955 60814.18817734 21
NOAA-18              60814.62294617 60814.63280723 22
NOAA-18              60814.69257891 60814.70324381 48
NOAA-18              60814.76363341 60814.77014662 6
NOAA-18              60815.03254739 60815.03829266 4
NOAA-18              60815.09897325 60815.10956791 39
NOAA-18              60815.16903865 60815.17935545 28
NOAA-18              60815.61416435 60815.62349552 17
NOAA-18              60815.68358385 60815.69440510 62
NOAA-18              60815.75440071 60815.76183494 9
NOAA-18              60816.02458823 60816.02884230 2
NOAA-18              60816.09023675 60816.10053697 31
NOAA-18              60816.15986808 60816.17049652 36
NOAA-18              60816.60544056 60816.61408866 12
NOAA-18              60816.67460725 60816.68551367 80
NOAA-18              60816.74522660 60816.75342334 12
NOAA-18              60817.08155468 60817.09148521 24
NOAA-18              60817.15076083 60817.16160666 47
NOAA-18              60817.22433930 60817.22946215 3
NOAA-18              60817.59679787 60817.60456176 9
NOAA-18              60817.66564974 60817.67656924 79
NOAA-18              60817.73609394 60817.74492993 15
NOAA-18              60818.07293148 60818.08241028 19
NOAA-18              60818.14171211 60818.15269034 61
NOAA-18              60818.21440510 60818.22114978 6
NOAA-18              60818.58828056 60818.59486780 6
NOAA-18              60818.65671280 60818.66757070 60
NOAA-18              60818.72699305 60818.73636538 19
NOAA-18              60819.06437175 60819.07330850 15
NOAA-18              60819.13271872 60819.14375062 80
NOAA-18              60819.20473077 60819.21261869 9
NOAA-18              60819.57999761 60819.58489288 3
NOAA-18              60819.64779872 60819.65851593 46
NOAA-18              60819.71791805 60819.72773650 24
NOAA-18              60820.05588229 60820.06417414 12
NOAA-18              60820.12377864 60820.13478960 80
NOAA-19              60803.58226009 60803.59220605 23
NOAA-19              60803.65192788 60803.66255974 46
NOAA-19              60803.72302828 60803.72936364 6
NOAA-19              60803.99183963 60803.99775794 5
NOAA-19              60804.05841913 60804.06896627 42
NOAA-19              60804.12860499 60804.13870296 26
NOAA-19              60804.57363012 60804.58308370 18
NOAA-19              60804.64309301 60804.65389828 59
NOAA-19              60804.71394891 60804.72123260 8
NOAA-19              60804.98397847 60804.98851957 3
NOAA-19              60805.04983028 60805.06010566 33
NOAA-19              60805.11958326 60805.13001784 33
NOAA-19              60805.56505333 60805.57387220 13
NOAA-19              60805.63427593 60805.64518535 77
NOAA-19              60805.70493125 60805.71299967 11
NOAA-19              60806.04129380 60806.05122514 26
NOAA-19              60806.11062487 60806.12130078 43
NOAA-19              60806.18459430 60806.18884304 2
NOAA-19              60806.55654933 60806.56455019 10
NOAA-19              60806.62547718 60806.63642085 83
NOAA-19              60806.69595650 60806.70468436 14
NOAA-19              60807.03281295 60807.04232263 20
NOAA-19              60807.10172458 60807.11255652 56
NOAA-19              60807.17468464 60807.18082818 5
NOAA-19              60807.54815411 60807.55507941 6
NOAA-19              60807.61669810 60807.62760389 64
NOAA-19              60807.68701421 60807.69629797 18
NOAA-19              60808.02439224 60808.03339499 16
NOAA-19              60808.09287882 60808.10378842 73
NOAA-19              60808.16510810 60808.17252061 8
NOAA-19              60808.53994829 60808.54537522 3
NOAA-19              60808.60794037 60808.61873266 49
NOAA-19              60808.67809814 60808.68784761 23
NOAA-19              60809.01603754 60809.02443752 13
NOAA-19              60809.08408529 60809.09499882 87
NOAA-19              60809.15571375 60809.16406875 11
NOAA-19              60809.59920475 60809.60980429 38
NOAA-19              60809.66920435 60809.67933826 29
NOAA-19              60810.00775752 60810.01544210 9
NOAA-19              60810.07534264 60810.08618927 68
NOAA-19              60810.14641304 60810.15552843 15
NOAA-19              60810.59049871 60810.60081447 29
NOAA-19              60810.66033043 60810.67077323 37
NOAA-19              60810.73174332 60810.73702862 4
NOAA-19              60810.99956721 60811.00639503 7
NOAA-19              60811.06665047 60811.07736065 52
NOAA-19              60811.13724121 60811.14692206 20
NOAA-19              60811.58182640 60811.59175698 23
NOAA-19              60811.65147496 60811.66215479 47
NOAA-19              60811.72254216 60811.72901880 6
NOAA-19              60811.99149323 60811.99727010 4
NOAA-19              60812.05800894 60812.06851316 41
NOAA-19              60812.12815048 60812.13826775 26
NOAA-19              60812.57319613 60812.58262268 17
NOAA-19              60812.64263731 60812.65348425 61
NOAA-19              60812.71346713 60812.72087132 8
NOAA-19              60812.98365251 60812.98800643 2
NOAA-19              60813.04942017 60813.05964674 32
NOAA-19              60813.11912993 60813.12957531 34
NOAA-19              60813.56462042 60813.57339763 13
NOAA-19              60813.63381750 60813.64476220 79
NOAA-19              60813.70445077 60813.71262488 11
NOAA-19              60814.04088394 60814.05075992 25
NOAA-19              60814.11017219 60814.12085145 44
NOAA-19              60814.18401934 60814.18848479 2
NOAA-19              60814.55611984 60814.56405951 9
NOAA-19              60814.62501615 60814.63598847 81
NOAA-19              60814.69547578 60814.70429762 15
NOAA-19              60815.03240376 60815.04185099 20
NOAA-19              60815.10127220 60815.11210075 58
NOAA-19              60815.17414956 60815.18042512 5
NOAA-19              60815.54773256 60815.55456777 6
NOAA-19              60815.61623462 60815.62716207 63
NOAA-19              60815.68653238 60815.69590021 19
NOAA-19              60816.02398431 60816.03291658 16
NOAA-19              60816.09242651 60816.10332647 75
NOAA-19              60816.16458921 60816.17209618 8
NOAA-19              60816.53954627 60816.54483042 3
NOAA-19              60816.60747475 60816.61828113 48
NOAA-19              60816.67761465 60816.68743945 24
NOAA-19              60817.01563168 60817.02395166 12
NOAA-19              60817.08363291 60817.09453088 85
NOAA-19              60817.15517290 60817.16363226 12
NOAA-19              60817.59873721 60817.60934263 37
NOAA-19              60817.66871887 60817.67892008 30
NOAA-19              60818.00735491 60818.01494776 9
NOAA-19              60818.07489017 60818.08571547 66
NOAA-19              60818.14590844 60818.15507862 16
NOAA-19              60818.59002981 60818.60034213 29
NOAA-19              60818.65984276 60818.67034521 38
NOAA-19              60818.73120742 60818.73667774 4
NOAA-19              60818.99916997 60819.00589034 7
NOAA-19              60819.06619791 60819.07688107 51
NOAA-19              60819.13674013 60819.14646307 21
NOAA-19              60819.58135680 60819.59127317 22
NOAA-19              60819.65098500 60819.66171715 49
NOAA-19              60819.72201745 60819.72864415 6
NOAA-19              60819.99110527 60819.99675112 4
NOAA-19              60820.05755637 60820.06802784 39
METOA                60803.24431986 60803.24923549 3
METOA                60803.66846889 60803.67822782 35
METOA                60803.73564320 60803.74505440 27
METOA                60804.06211590 60804.06600961 2
METOA                60804.12543851 60804.13486276 31
METOA                60804.19253623 60804.20191921 29
METOA                60804.62076322 60804.62696041 6
METOA                60804.68650275 60804.69655758 62
METOA                60804.75402128 60804.76254651 16
METOA                60805.07855763 60805.08501352 7
METOA                60805.14322931 60805.15311749 55
METOA                60805.21125258 60805.21975947 16
METOA                60805.63818973 60805.64625990 13
METOA                60805.70463056 60805.71465661 70
METOA                60805.77253439 60805.77975059 9
METOA                60806.09560942 60806.10361162 13
METOA                60806.16123517 60806.17128166 78
METOA                60806.23031646 60806.23734926 8
METOA                60806.65594420 60806.66507905 23
METOA                60806.72284295 60806.73253571 40
METOA                60806.79133912 60806.79653491 4
METOA                60807.11298134 60807.12203319 22
METOA                60807.17945863 60807.18934920 44
METOA                60807.25013101 60807.25433257 2
METOA                60807.67387421 60807.68358199 40
METOA                60807.74114157 60807.75018866 23
METOA                60808.06677928 60808.07179719 4
METOA                60808.13060173 60808.14033990 37
METOA                60808.19792172 60808.20729819 25
METOA                60808.62598562 60808.63257153 7
METOA                60808.69192367 60808.70183206 71
METOA                60808.75954583 60808.76758928 14
METOA                60809.08349448 60809.09059618 9
METOA                60809.14844344 60809.15855365 66
METOA                60809.21671186 60809.22507620 14
METOA                60809.64349968 60809.65171129 14
METOA                60809.71006400 60809.71985564 59
METOA                60809.77815063 60809.78467066 7
METOA                60810.10064269 60810.10911091 15
METOA                60810.16649770 60810.17667778 69
METOA                60810.23589417 60810.24256287 7
METOA                60810.66129168 60810.67042559 26
METOA                60810.72828950 60810.73765844 33
METOA                60810.79707499 60810.80123024 2
METOA                60811.11808011 60811.12747801 26
METOA                60811.18477239 60811.19470248 39
METOA                60811.61420907 60811.61829942 2
METOA                60811.67924431 60811.68884352 46
METOA                60811.74660681 60811.75522865 20
METOA                60812.07158518 60812.07740874 5
METOA                60812.13575344 60812.14574098 44
METOA                60812.20329627 60812.21260036 22
METOA                60812.63119835 60812.63805684 8
METOA                60812.69730479 60812.70701698 76
METOA                60812.76504432 60812.77253070 11
METOA                60813.08844581 60813.09607612 10
METOA                60813.15364345 60813.16391452 77
METOA                60813.22216884 60813.23030773 12
METOA                60813.64877778 60813.65706108 16
METOA                60813.71545673 60813.72496621 50
METOA                60813.78372388 60813.78946926 5
METOA                60814.10567368 60814.11452314 18
METOA                60814.17174615 60814.18199805 60
METOA                60814.24149530 60814.24766617 5
METOA                60814.66659932 60814.67567978 29
METOA                60814.73369615 60814.74269194 28
METOA                60815.12316975 60815.13284157 30
METOA                60815.19007411 60815.19997751 34
METOA                60815.61922576 60815.62392063 3
METOA                60815.68456817 60815.69401739 52
METOA                60815.75203560 60815.76017567 16
METOA                60816.07643345 60816.08288742 6
METOA                60816.14089282 60816.15106286 51
METOA                60816.20866352 60816.21781940 19
METOA                60816.63638490 60816.64343210 9
METOA                60816.70264040 60816.71211658 73
METOA                60816.77055569 60816.77736571 9
METOA                60817.09340275 60817.10145875 12
METOA                60817.15883027 60817.16919650 87
METOA                60817.22762996 60817.23544483 10
METOA                60817.65401480 60817.66231770 18
METOA                60817.72085030 60817.72999573 41
METOA                60817.78931005 60817.79412508 4
METOA                60818.11069897 60818.11984847 21
METOA                60818.17698182 60818.18723818 52
METOA                60818.24714161 60818.25263483 4
METOA                60818.67185970 60818.68084799 32
METOA                60818.73909873 60818.74763661 23
METOA                60819.06477083 60819.06943696 3
METOA                60819.12824868 60819.13812208 35
METOA                60819.19536564 60819.20516946 29
METOA                60819.62425487 60819.62938957 4
METOA                60819.68984219 60819.69910900 61
METOA                60819.75746487 60819.76502856 13
METOA                60820.08130228 60820.08825138 8
METOA                60820.14601947 60820.15630310 60
METOA                60820.21402690 60820.22294900 17
METOA                60820.64153277 60820.64871003 11
METOA                60820.70792490 60820.71713563 64
METOB                60803.53464800 60803.54297179 11
METOB                60803.60338851 60803.61414390 84
METOB                60803.67362725 60803.68178150 12
METOB                60804.00835738 60804.01773532 20
METOB                60804.07694176 60804.08760258 55
METOB                60804.14960887 60804.15545345 4
METOB                60804.52086817 60804.52754056 6
METOB                60804.58901684 60804.59973697 63
METOB                60804.65897499 60804.66808847 18
METOB                60804.99460265 60805.00311192 14
METOB                60805.06248678 60805.07324974 84
METOB                60805.13400993 60805.14181112 9
METOB                60805.57470274 60805.58518659 41
METOB                60805.64439776 60805.65422352 26
METOB                60805.98104257 60805.98839249 9
METOB                60806.04816976 60806.05884241 64
METOB                60806.11878749 60806.12785979 16
METOB                60806.56046270 60806.57047765 27
METOB                60806.62987901 60806.64020756 39
METOB                60806.70089461 60806.70625486 4
METOB                60806.96774887 60806.97350906 5
METOB                60807.03398842 60807.04438458 42
METOB                60807.10385174 60807.11374253 25
METOB                60807.54632147 60807.55558241 17
METOB                60807.61541147 60807.62605125 59
METOB                60807.68593067 60807.69302925 8
METOB                60808.01994666 60808.02987570 28
METOB                60808.08910976 60808.09951892 38
METOB                60808.53232862 60808.54044606 10
METOB                60808.60099394 60808.61175885 88
METOB                60808.67118644 60808.67951030 13
METOB                60809.00605178 60809.01530980 19
METOB                60809.07452978 60809.08521775 58
METOB                60809.14698924 60809.15320752 5
METOB                60809.51860264 60809.52494164 5
METOB                60809.58662933 60809.59732894 59
METOB                60809.65654607 60809.66578734 19
METOB                60809.99232321 60810.00067243 13
METOB                60810.06009503 60810.07085463 89
METOB                60810.13147112 60810.13949725 10
METOB                60810.57232376 60810.58275374 38
METOB                60810.64197725 60810.65189664 28
METOB                60810.97879654 60810.98593231 8
METOB                60811.04579764 60811.05643796 60
METOB                60811.11629249 60811.12551351 17
METOB                60811.55809555 60811.56801696 25
METOB                60811.62746533 60811.63785704 41
METOB                60811.69839285 60811.70406582 4
METOB                60811.96555575 60811.97100930 4
METOB                60812.03163581 60812.04197099 39
METOB                60812.10138828 60812.11137559 26
METOB                60812.54397168 60812.55308761 16
METOB                60812.61300421 60812.62367814 63
METOB                60812.68346632 60812.69078316 8
METOB                60813.01761471 60813.02745240 26
METOB                60813.08667144 60813.09713713 40
METOB                60813.53000781 60813.53790428 10
METOB                60813.59859299 60813.60936326 84
METOB                60813.66874031 60813.67722745 13
METOB                60814.00374265 60814.01287528 18
METOB                60814.07211329 60814.08282421 63
METOB                60814.14437860 60814.15093968 6
METOB                60814.51634439 60814.52231756 4
METOB                60814.58423578 60814.59491011 55
METOB                60814.65411117 60814.66347529 20
METOB                60814.99004098 60814.99822322 12
METOB                60815.05769866 60815.06845101 85
METOB                60815.12893234 60815.13717042 11
METOB                60815.56993917 60815.58030980 36
METOB                60815.63955049 60815.64955914 30
METOB                60815.97654974 60815.98346069 7
METOB                60816.04342076 60816.05402504 56
METOB                60816.11379506 60816.12315649 18
METOB                60816.55572347 60816.56554419 23
METOB                60816.62504530 60816.63549601 44
METOB                60816.69589192 60816.70185902 5
METOB                60816.96342052 60816.96849283 3
METOB                60817.02927992 60817.03954885 37
METOB                60817.09892111 60817.10899917 28
METOB                60817.54161807 60817.55057903 15
METOB                60817.61059045 60817.62129452 68
METOB                60817.68099807 60817.68852399 9
METOB                60818.01527853 60818.02502044 25
METOB                60818.08422886 60818.09474640 43
METOB                60818.52768650 60818.53534561 9
METOB                60818.59618587 60818.60695702 80
METOB                60818.66628883 60818.67493299 14
METOB                60819.00142994 60819.01043154 17
METOB                60819.06969227 60819.08042207 67
METOB                60819.14177464 60819.14865241 7
METOB                60819.51409698 60819.51966465 4
METOB                60819.58183635 60819.59248032 51
METOB                60819.65167035 60819.66115225 21
METOB                60819.98775621 60819.99576417 11
METOB                60820.05529769 60820.06603892 80
METOB                60820.12639304 60820.13483110 12
METOB                60820.56754923 60820.57785434 33
METOB                60820.63711757 60820.64721095 31
METOB                60820.70851552 60820.71261692 2
