iss                  60803.44014347 60803.44764581 66
iss                  60803.50837472 60803.51404897 8
iss                  60803.78262668 60803.78904633 12
iss                  60803.84936372 60803.85673022 36
iss                  60804.40654399 60804.41369698 28
iss                  60804.47393261 60804.48057689 15
iss                  60804.74919741 60804.75449502 6
iss                  60804.81546143 60804.82303977 86
iss                  60804.88421824 60804.88784195 2
iss                  60805.37318576 60805.37952919 13
iss                  60805.43971356 60805.44695405 28
iss                  60805.71601783 60805.71951581 2
iss                  60805.78166744 60805.78911852 40
iss                  60805.84939790 60805.85521345 9
iss                  60806.34014613 60806.34499028 5
iss                  60806.40568708 60806.41319779 61
iss                  60806.47467450 60806.47916417 4
iss                  60806.74794483 60806.75496795 20
iss                  60806.81507308 60806.82197520 19
iss                  60807.37184663 60807.37930094 55
iss                  60807.43990662 60807.44578890 9
iss                  60807.71433384 60807.72056838 11
iss                  60807.78097335 60807.78840975 42
iss                  60808.33820923 60808.34523371 24
iss                  60808.40542785 60808.41220552 17
iss                  60808.68085982 60808.68586410 5
iss                  60808.74701399 60808.75459134 80
iss                  60808.81549140 60808.81971809 4
iss                  60809.30483270 60809.31092688 11
iss                  60809.37116584 60809.37847601 32
iss                  60809.71315914 60809.72054233 35
iss                  60809.78073735 60809.78683402 11
iss                  60810.27183424 60810.27618101 4
iss                  60810.33709557 60810.34461236 73
iss                  60810.40587222 60810.41069006 5
iss                  60810.67937482 60810.68625964 18
iss                  60810.74638818 60810.75343824 22
iss                  60811.30321476 60811.31060259 45
iss                  60811.37108976 60811.37718379 10
iss                  60811.64570900 60811.65171822 10
iss                  60811.71224174 60811.71973561 51
iss                  60812.26954655 60812.27641065 20
iss                  60812.33657732 60812.34348812 19
iss                  60812.61220096 60812.61684676 4
iss                  60812.67822670 60812.68578558 66
iss                  60812.74645059 60812.75121230 5
iss                  60813.23616604 60813.24195145 9
iss                  60813.30227592 60813.30965012 37
iss                  60813.64431312 60813.65160435 29
iss                  60813.71173822 60813.71810042 13
iss                  60814.20326152 60814.20694506 3
iss                  60814.26816611 60814.27567598 87
iss                  60814.33672373 60814.34186716 6
iss                  60814.61046997 60814.61718372 15
iss                  60814.67736296 60814.68454784 27
iss                  60815.23425031 60815.24154876 37
iss                  60815.30192679 60815.30823253 12
iss                  60815.57675491 60815.58249148 8
iss                  60815.64317039 60815.65070552 63
iss                  60816.20056023 60816.20722424 17
iss                  60816.26738329 60816.27442374 22
iss                  60816.54322920 60816.54743328 3
iss                  60816.60910116 60816.61662022 54
iss                  60816.67709066 60816.68233173 6
iss                  60817.16719550 60817.17259452 8
iss                  60817.23304616 60817.24047506 45
iss                  60817.30239627 60817.30618630 3
iss                  60817.57511202 60817.58230175 25
iss                  60817.64240195 60817.64901063 15
iss                  60818.19890130 60818.20638701 74
iss                  60818.26723125 60818.27269523 7
iss                  60818.54123237 60818.54773676 13
iss                  60818.60799918 60818.61530149 32
iss                  60819.16495687 60819.17213705 30
iss                  60819.23241990 60819.23893432 14
iss                  60819.50747551 60819.51288295 7
iss                  60819.57376090 60819.58131715 79
iss                  60820.13125566 60820.13766965 14
iss                  60820.19784824 60820.20501123 26
iss                  60820.47395922 60820.47760716 2
iss                  60820.53963883 60820.54709269 43
iss                  60820.60740873 60820.61307994 8
iss                  60821.09786898 60821.10284026 6
iss                  60821.16347934 60821.17094935 57
iss                  60821.23253491 60821.23683192 4
iss                  60821.50559392 60821.51263171 21
iss                  60821.57273141 60821.57956258 18
iss                  60822.12930434 60822.13674333 58
iss                  60822.19739729 60822.20317355 8
iss                  60822.47166433 60822.47791484 11
iss                  60822.53829838 60822.54569722 40
iss                  60823.09533867 60823.10236367 25
iss                  60823.16257189 60823.16928799 16
iss                  60823.43787640 60823.44288513 5
iss                  60823.50401472 60823.51156804 82
iss                  60823.57250861 60823.57662395 3
iss                  60824.06164104 60824.06774003 11
iss                  60824.12797487 60824.13524902 31
iss                  60824.46984131 60824.47720021 35
AO-07                60803.27495178 60803.28735974 18
AO-07                60803.35117753 60803.36654665 73
AO-07                60803.43289630 60803.44220656 7
AO-07                60803.78408125 60803.79339327 7
AO-07                60803.85968925 60803.87517655 72
AO-07                60803.93884103 60803.95145456 18
AO-07                60804.23781286 60804.24329389 2
AO-07                60804.31002674 60804.32477023 44
AO-07                60804.38853859 60804.40271768 30
AO-07                60804.81873205 60804.83265961 26
AO-07                60804.89645631 60804.91153724 51
AO-07                60804.97733247 60804.98468076 4
AO-07                60805.27034825 60805.28225726 15
AO-07                60805.34622310 60805.36162306 82
AO-07                60805.42741615 60805.43770657 9
AO-07                60805.77970428 60805.78779055 5
AO-07                60805.85477872 60805.87020367 64
AO-07                60805.93375945 60805.94681668 21
AO-07                60806.30523237 60806.31976458 39
AO-07                60806.38343147 60806.39789543 34
AO-07                60806.81395538 60806.82749673 22
AO-07                60806.89147215 60806.90670160 57
AO-07                60806.97199331 60806.98042176 6
AO-07                60807.26578164 60807.27713426 13
AO-07                60807.34128753 60807.35668908 89
AO-07                60807.42201827 60807.43313103 11
AO-07                60807.77549826 60807.78200094 3
AO-07                60807.84988049 60807.86521133 57
AO-07                60807.92869363 60807.94214915 24
AO-07                60808.30045352 60808.31474870 34
AO-07                60808.37834893 60808.39305537 39
AO-07                60808.80920573 60808.82230112 19
AO-07                60808.88649803 60808.90184622 64
AO-07                60808.96672675 60808.97607204 7
AO-07                60809.26125597 60809.27198682 11
AO-07                60809.33637076 60809.35174512 80
AO-07                60809.41668402 60809.42849833 14
AO-07                60809.84499361 60809.86019900 50
AO-07                60809.92364199 60809.93745387 27
AO-07                60810.29570390 60810.30972210 30
AO-07                60810.37328941 60810.38819938 44
AO-07                60810.80448704 60810.81706874 16
AO-07                60810.88153393 60810.89697152 72
AO-07                60810.96151132 60810.97165347 9
AO-07                60811.25677782 60811.26680947 9
AO-07                60811.33147285 60811.34679146 72
AO-07                60811.41140143 60811.42382032 16
AO-07                60811.84012163 60811.85516594 44
AO-07                60811.91860332 60811.93273288 31
AO-07                60812.29097851 60812.30468410 27
AO-07                60812.36825170 60812.38332869 50
AO-07                60812.79981165 60812.81179384 14
AO-07                60812.87657987 60812.89207779 80
AO-07                60812.95633408 60812.96717903 11
AO-07                60813.25241617 60813.26159600 7
AO-07                60813.32659694 60813.34182827 64
AO-07                60813.40616225 60813.41910524 19
AO-07                60813.83526490 60813.85011121 39
AO-07                60813.91357670 60813.92798761 35
AO-07                60814.28627885 60814.29963359 24
AO-07                60814.36323483 60814.37844457 56
AO-07                60814.44653591 60814.45274550 3
AO-07                60814.79517449 60814.80646851 11
AO-07                60814.87163635 60814.88716522 89
AO-07                60814.95118751 60814.96265745 13
AO-07                60815.24806564 60815.25632946 6
AO-07                60815.32173733 60815.33685566 57
AO-07                60815.40096056 60815.41435913 22
AO-07                60815.83042443 60815.84503362 34
AO-07                60815.90856141 60815.92321915 39
AO-07                60816.28160670 60816.29456978 21
AO-07                60816.35823806 60816.37354798 64
AO-07                60816.44071230 60816.44857171 5
AO-07                60816.79059298 60816.80108135 9
AO-07                60816.86670318 60816.88223387 82
AO-07                60816.94606588 60816.95809482 15
AO-07                60817.24380811 60817.25099037 4
AO-07                60817.31689744 60817.33187349 50
AO-07                60817.39579192 60817.40958620 25
AO-07                60817.82560211 60817.83993162 30
AO-07                60817.90355693 60817.91842889 44
AO-07                60817.98499638 60817.99073386 2
AO-07                60818.27696420 60818.28949077 18
AO-07                60818.35326087 60818.36863972 72
AO-07                60818.43509036 60818.44420693 7
AO-07                60818.78608162 60818.79561487 7
AO-07                60818.86178099 60818.87728366 74
AO-07                60818.94096528 60818.95349569 18
AO-07                60819.23968799 60819.24553465 3
AO-07                60819.31207789 60819.32688199 45
AO-07                60819.39065297 60819.40479021 29
AO-07                60819.82080013 60819.83480333 26
AO-07                60819.89856286 60819.91361746 49
AO-07                60819.97951464 60819.98664057 4
AO-07                60820.27235391 60820.28439468 16
AO-07                60820.34830286 60820.36372045 80
AO-07                60820.42959171 60820.43972660 9
AO-07                60820.78167970 60820.79003948 5
AO-07                60820.85687028 60820.87231441 66
LO-19                60803.32416957 60803.33398998 32
LO-19                60803.39334500 60803.40249684 19
LO-19                60803.83851631 60803.84797562 24
LO-19                60803.90731034 60803.91673929 25
LO-19                60804.30225962 60804.31063712 14
LO-19                60804.36994380 60804.38013960 45
LO-19                60804.81656583 60804.82406749 9
LO-19                60804.88421190 60804.89443049 59
LO-19                60805.28122608 60805.28662684 4
LO-19                60805.34704367 60805.35742382 76
LO-19                60805.41798430 60805.42463318 7
LO-19                60805.86140990 60805.87165561 58
LO-19                60805.93122557 60805.93888181 11
LO-19                60806.32460009 60806.33441330 32
LO-19                60806.39377959 60806.40291743 19
LO-19                60806.83893733 60806.84840413 24
LO-19                60806.90773390 60806.91716374 25
LO-19                60807.30268786 60807.31105938 14
LO-19                60807.37037527 60807.38056014 45
LO-19                60807.81698317 60807.82449751 9
LO-19                60807.88463325 60807.89485526 59
LO-19                60808.28166050 60808.28704788 4
LO-19                60808.34747265 60808.35784371 76
LO-19                60808.41842035 60808.42504717 7
LO-19                60808.86182906 60808.87208057 58
LO-19                60808.93164697 60808.93930268 11
LO-19                60809.32502679 60809.33483224 32
LO-19                60809.39421017 60809.40333378 19
LO-19                60809.83935401 60809.84882949 24
LO-19                60809.90815292 60809.91758527 25
LO-19                60810.30311233 60810.31147722 14
LO-19                60810.37080276 60810.38097642 45
LO-19                60810.81739623 60810.82492435 9
LO-19                60810.88505019 60810.89527699 59
LO-19                60811.28208288 60811.28746435 4
LO-19                60811.34789767 60811.35825935 76
LO-19                60811.41885216 60811.42545709 6
LO-19                60811.86224392 60811.87250241 58
LO-19                60811.93206368 60811.93972085 11
LO-19                60812.32544954 60812.33524692 32
LO-19                60812.39463660 60812.40374600 19
LO-19                60812.83976646 60812.84925166 24
LO-19                60812.90856751 60812.91800384 25
LO-19                60813.30353290 60813.31189079 14
LO-19                60813.37122615 60813.38138855 45
LO-19                60813.81780513 60813.82534795 9
LO-19                60813.88546283 60813.89569564 59
LO-19                60814.28250149 60814.28787643 4
LO-19                60814.34831861 60814.35867083 76
LO-19                60814.41927956 60814.42586309 6
LO-19                60814.86265456 60814.87292107 58
LO-19                60814.93247583 60814.94013626 11
LO-19                60815.32586824 60815.33565746 32
LO-19                60815.39505876 60815.40415420 19
LO-19                60815.84017479 60815.84967058 24
LO-19                60815.90897776 60815.91841942 25
LO-19                60816.30394944 60816.31230021 14
LO-19                60816.37164532 60816.38179666 45
LO-19                60816.81820999 60816.82576825 9
LO-19                60816.88587127 60816.89611116 59
LO-19                60817.28291616 60817.28828432 4
LO-19                60817.34873536 60817.35907828 76
LO-19                60817.41970238 60817.42626534 6
LO-19                60817.86306112 60817.87333651 58
LO-19                60817.93288353 60817.94054885 11
LO-19                60818.32628277 60818.33606398 32
LO-19                60818.39547651 60818.40455853 19
LO-19                60818.84057913 60818.85008618 24
LO-19                60818.90938379 60818.91883193 25
LO-19                60819.30436184 60819.31270563 14
LO-19                60819.37206015 60819.38220087 45
LO-19                60819.81861095 60819.82618513 9
LO-19                60819.88627563 60819.89652348 59
LO-19                60820.28332672 60820.28868822 4
LO-19                60820.34914781 60820.35948183 77
LO-19                60820.42012046 60820.42666400 6
LO-19                60820.86346369 60820.87374863 58
LO-19                60820.93328692 60820.94095854 11
LO-19                60821.32669303 60821.33646660 32
LO-19                60821.39588994 60821.40495911 19
LO-19                60821.84097958 60821.85049837 24
LO-19                60821.90978573 60821.91924131 25
LO-19                60822.30476998 60822.31310718 14
LO-19                60822.37247074 60822.38260130 44
LO-19                60822.81900817 60822.82659849 10
LO-19                60822.88667602 60822.89693251 59
LO-19                60823.28373302 60823.28908831 4
LO-19                60823.34955587 60823.35988159 77
LO-19                60823.42053366 60823.42705924 6
LO-19                60823.86386241 60823.87415735 58
LO-19                60823.93368615 60823.94136523 11
LO-19                60824.32709893 60824.33686546 32
LO-19                60824.39629854 60824.40535608 19
LO-19                60824.84137629 60824.85090706 24
LO-19                60824.91018371 60824.91964745 25
LO-19                60825.30517378 60825.31350499 14
LO-19                60825.37287661 60825.38299807 44
LO-19                60825.81940179 60825.82700819 10
LO-19                60825.88707258 60825.89733817 59
FO-29                60803.10773232 60803.11978360 21
FO-29                60803.50818317 60803.51717428 10
FO-29                60803.57955258 60803.59208442 68
FO-29                60803.65415874 60803.66203796 7
FO-29                60803.99677970 60804.00878144 20
FO-29                60804.06834766 60804.08229393 60
FO-29                60804.14520338 60804.15209504 4
FO-29                60804.54158798 60804.55337338 33
FO-29                60804.61456882 60804.62596030 26
FO-29                60804.96170800 60804.96868515 4
FO-29                60805.03018632 60805.04402173 51
FO-29                60805.10382851 60805.11628467 23
FO-29                60805.50480011 60805.51311498 8
FO-29                60805.57594597 60805.58831400 71
FO-29                60805.65041436 60805.65850934 8
FO-29                60805.99322321 60806.00508583 19
FO-29                60806.06459404 60806.07870427 65
FO-29                60806.14102517 60806.14887238 5
FO-29                60806.53804592 60806.54949934 30
FO-29                60806.61091321 60806.62227687 28
FO-29                60806.95842263 60806.96480024 3
FO-29                60807.02652864 60807.04037741 48
FO-29                60807.09997641 60807.11276641 25
FO-29                60807.50145856 60807.50901247 7
FO-29                60807.57233929 60807.58453346 73
FO-29                60807.64667629 60807.65496107 9
FO-29                60807.98968707 60808.00137759 17
FO-29                60808.06085593 60808.07510415 70
FO-29                60808.13692422 60808.14557855 7
FO-29                60808.53450789 60808.54561187 27
FO-29                60808.60725699 60808.61858278 30
FO-29                60808.95520493 60808.96085703 3
FO-29                60809.02288699 60809.03672306 44
FO-29                60809.09614433 60809.10923293 28
FO-29                60809.49815426 60809.50485424 5
FO-29                60809.56873249 60809.58074354 71
FO-29                60809.64294267 60809.65139540 9
FO-29                60809.98616501 60809.99765531 16
FO-29                60810.05713339 60810.07149339 76
FO-29                60810.13288129 60810.14223156 8
FO-29                60810.53097398 60810.54171080 24
FO-29                60810.60359951 60810.61487900 32
FO-29                60811.01926184 60811.03305797 41
FO-29                60811.09233149 60811.10568425 30
FO-29                60811.49491746 60811.50061767 3
FO-29                60811.56512462 60811.57694483 68
FO-29                60811.63921128 60811.64781433 10
FO-29                60811.98267274 60811.99391751 15
FO-29                60812.05342647 60812.06787168 81
FO-29                60812.12888518 60812.13884213 10
FO-29                60812.52744487 60812.53779576 21
FO-29                60812.59994002 60812.61116649 35
FO-29                60813.01565333 60813.02938144 39
FO-29                60813.08853721 60813.10212082 33
FO-29                60813.49179465 60813.49625371 2
FO-29                60813.56151559 60813.57313795 63
FO-29                60813.63548083 60813.64421969 11
FO-29                60813.97920435 60813.99016253 13
FO-29                60814.04973517 60814.06423828 86
FO-29                60814.12492831 60814.13541705 11
FO-29                60814.52392068 60814.53386644 18
FO-29                60814.59627784 60814.60744620 38
FO-29                60815.01206200 60815.02569279 36
FO-29                60815.08476090 60815.09854280 36
FO-29                60815.55790273 60815.56932347 58
FO-29                60815.63175004 60815.64061313 12
FO-29                60815.97576124 60815.98638857 12
FO-29                60816.04605946 60816.06059323 85
FO-29                60816.12100541 60816.13196104 13
FO-29                60816.52040251 60816.52992192 16
FO-29                60816.59261237 60816.60371901 41
FO-29                60817.00848811 60817.02199137 33
FO-29                60817.08100201 60817.09495035 39
FO-29                60817.55428931 60817.56550192 52
FO-29                60817.62801783 60817.63699615 13
FO-29                60817.97234534 60817.98259320 11
FO-29                60818.04239932 60818.05693597 80
FO-29                60818.11711257 60818.12847768 14
FO-29                60818.51689163 60818.52596106 14
FO-29                60818.58894309 60818.59998581 45
FO-29                60819.00493195 60819.01827651 31
FO-29                60819.07726002 60819.09134357 43
FO-29                60819.55067370 60819.56167381 47
FO-29                60819.62428331 60819.63337009 14
FO-29                60819.96895882 60819.97877404 10
FO-29                60820.03875491 60820.05326624 75
FO-29                60820.11324677 60820.12496933 16
FO-29                60820.51338984 60820.52198255 12
FO-29                60820.58526969 60820.59624743 49
FO-29                60821.00139381 60821.01454759 28
FO-29                60821.07353444 60821.08772251 46
FO-29                60821.54705597 60821.55783961 42
FO-29                60821.62054575 60821.62973652 16
FO-29                60821.96560457 60821.97492755 8
FO-29                60822.03512567 60822.04958399 70
FO-29                60822.10940559 60822.12143802 17
FO-29                60822.50989961 60822.51798402 10
FO-29                60822.58159169 60822.59250468 55
FO-29                60822.99787393 60823.01080373 26
SO-50                60803.27847640 60803.28747878 48
SO-50                60803.34880686 60803.35539447 9
SO-50                60803.79464719 60803.80145476 8
SO-50                60803.86233134 60803.87194949 58
SO-50                60803.93488846 60803.93935560 3
SO-50                60804.22319461 60804.22980864 8
SO-50                60804.29160862 60804.30065562 59
SO-50                60804.80663655 60804.81544929 23
SO-50                60804.87591461 60804.88484843 23
SO-50                60805.23569506 60805.24403344 21
SO-50                60805.30507735 60805.31332033 21
SO-50                60805.81931017 60805.82890706 61
SO-50                60805.89008731 60805.89739944 10
SO-50                60806.24856943 60806.25762735 56
SO-50                60806.31911631 60806.32525386 7
SO-50                60806.76452028 60806.77174552 10
SO-50                60806.83247664 60806.84203802 50
SO-50                60807.19317146 60807.20013075 10
SO-50                60807.26173893 60807.27072201 50
SO-50                60807.77663264 60807.78562190 27
SO-50                60807.84612897 60807.85488322 21
SO-50                60808.20573119 60808.21423117 24
SO-50                60808.27526021 60808.28329093 18
SO-50                60808.78937734 60808.79901415 71
SO-50                60808.86040498 60808.86735413 8
SO-50                60809.15117324 60809.15544299 3
SO-50                60809.21864192 60809.22773768 66
SO-50                60809.28949698 60809.29504786 5
SO-50                60809.73439553 60809.74198411 12
SO-50                60809.80260548 60809.81209333 44
SO-50                60810.16313359 60810.17040001 11
SO-50                60810.23184835 60810.24075023 42
SO-50                60810.74661593 60810.75575658 31
SO-50                60810.81632903 60810.82488359 18
SO-50                60811.17574805 60811.18438838 28
SO-50                60811.24542834 60811.25321896 16
SO-50                60811.69302416 60811.69758203 3
SO-50                60811.75942890 60811.76908723 82
SO-50                60811.83071831 60811.83726505 7
SO-50                60812.12097184 60812.12588425 4
SO-50                60812.18869371 60812.19781009 77
SO-50                60812.25983882 60812.26476694 4
SO-50                60812.70426835 60812.71217458 14
SO-50                60812.77271786 60812.78211547 38
SO-50                60813.13308207 60813.14062214 13
SO-50                60813.20193838 60813.21074002 36
SO-50                60813.71658541 60813.72585448 35
SO-50                60813.78651530 60813.79484890 16
SO-50                60814.14574513 60814.15450579 32
SO-50                60814.21558315 60814.22310323 14
SO-50                60814.66264816 60814.66795854 4
SO-50                60814.72946317 60814.73912668 86
SO-50                60814.80103074 60814.80712857 6
SO-50                60815.09079043 60815.09624240 5
SO-50                60815.15872480 60815.16784488 88
SO-50                60815.23022148 60815.23438864 3
SO-50                60815.67413542 60815.68232034 16
SO-50                60815.74281362 60815.75210449 33
SO-50                60816.10301494 60816.11079900 15
SO-50                60816.17200935 60816.18069156 31
SO-50                60816.68654020 60816.69591646 41
SO-50                60816.75668843 60816.76477859 14
SO-50                60817.11572201 60817.12458436 37
SO-50                60817.18572633 60817.19294177 12
SO-50                60817.63231831 60817.63824297 6
SO-50                60817.69948053 60817.70913278 75
SO-50                60817.77134734 60817.77693932 5
SO-50                60818.06061503 60818.06653213 6
SO-50                60818.12873525 60818.13784226 78
SO-50                60818.64399421 60818.65242373 18
SO-50                60818.71289307 60818.72206034 29
SO-50                60819.07293091 60819.08093249 17
SO-50                60819.14206172 60819.15060435 27
SO-50                60819.65647961 60819.66594320 47
SO-50                60819.72684921 60819.73467189 12
SO-50                60820.08567817 60820.09462430 42
SO-50                60820.15586002 60820.16273251 10
SO-50                60820.60201252 60820.60845466 7
SO-50                60820.66948080 60820.67910578 65
SO-50                60820.74167594 60820.74668894 3
SO-50                60821.03043748 60821.03676169 7
SO-50                60821.09872480 60821.10780240 67
SO-50                60821.61384272 60821.62248664 21
SO-50                60821.68295626 60821.69198294 26
SO-50                60822.04282781 60822.05102386 19
SO-50                60822.11209587 60822.12047799 24
SO-50                60822.62640302 60822.63593530 54
SO-50                60822.69699866 60822.70452791 11
SO-50                60823.05561371 60823.06462628 49
SO-50                60823.12598753 60823.13247225 8
SO-50                60823.57171849 60823.57860511 9
SO-50                60823.63946379 60823.64904587 56
SO-50                60823.71213089 60823.71636163 2
SO-50                60824.00025259 60824.00693696 9
SO-50                60824.06869388 60824.07772539 57
SO-50                60824.58367937 60824.59251053 24
SO-50                60824.65300339 60824.66187215 23
SO-50                60825.01270680 60825.02107426 22
SO-50                60825.08211257 60825.09031201 20
HO-68                60803.13126016 60803.13948158 7
HO-68                60803.20252982 60803.21610394 70
HO-68                60803.27892929 60803.28962875 14
HO-68                60803.68786789 60803.69990968 22
HO-68                60803.76208292 60803.77530408 47
HO-68                60803.83990351 60803.84487032 2
HO-68                60804.12096111 60804.12673311 3
HO-68                60804.19089800 60804.20422150 51
HO-68                60804.26647631 60804.27831187 21
HO-68                60804.67650816 60804.68750752 15
HO-68                60804.75018572 60804.76369614 65
HO-68                60804.82699001 60804.83471857 6
HO-68                60805.17937630 60805.19227814 37
HO-68                60805.25420958 60805.26684364 29
HO-68                60805.66536199 60805.67486367 10
HO-68                60805.73834819 60805.75198012 87
HO-68                60805.81452110 60805.82403737 10
HO-68                60806.16797835 60806.18026874 27
HO-68                60806.24208889 60806.25526518 41
HO-68                60806.65457732 60806.66181358 5
HO-68                60806.72657241 60806.74015818 69
HO-68                60806.80225268 60806.81307397 16
HO-68                60807.15671488 60807.16818119 19
HO-68                60807.23009233 60807.24359993 57
HO-68                60807.30951112 60807.31466953 2
HO-68                60807.71486234 60807.72822793 50
HO-68                60807.79010844 60807.80191240 22
HO-68                60808.14562884 60808.15599292 13
HO-68                60808.21820795 60808.23186215 78
HO-68                60808.29598786 60808.30432874 7
HO-68                60808.70323020 60808.71618160 36
HO-68                60808.77805411 60808.79059394 31
HO-68                60809.13476718 60809.14365778 8
HO-68                60809.20643062 60809.22006013 78
HO-68                60809.28314002 60809.29335861 12
HO-68                60809.69169327 60809.70400344 25
HO-68                60809.76607224 60809.77914258 42
HO-68                60810.12431485 60810.13106373 4
HO-68                60810.19476192 60810.20819789 57
HO-68                60810.27060842 60810.28210822 18
HO-68                60810.68028068 60810.69166566 18
HO-68                60810.75415406 60810.76757275 58
HO-68                60810.83124149 60810.83816592 5
HO-68                60811.18320107 60811.19627572 41
HO-68                60811.25828410 60811.27068548 26
HO-68                60811.66904559 60811.67911511 11
HO-68                60811.74229573 60811.75589307 79
HO-68                60811.81866486 60811.82762103 9
HO-68                60812.17175918 60812.18428964 30
HO-68                60812.24611680 60812.25914119 37
HO-68                60812.65811204 60812.66623453 6
HO-68                60812.73049812 60812.74410720 76
HO-68                60812.80633910 60812.81674165 14
HO-68                60813.16045176 60813.17223053 22
HO-68                60813.23407970 60813.24750336 51
HO-68                60813.71876565 60813.73221437 55
HO-68                60813.79415683 60813.80564212 20
HO-68                60814.14929623 60814.16008021 15
HO-68                60814.22215803 60814.23578896 71
HO-68                60814.30039505 60814.30787928 5
HO-68                60814.70710395 60814.72020879 40
HO-68                60814.78207376 60814.79437406 28
HO-68                60815.13834916 60815.14780299 10
HO-68                60815.21034456 60815.22400803 86
HO-68                60815.28738709 60815.29705586 10
HO-68                60815.69553178 60815.70807781 28
HO-68                60815.77006799 60815.78296620 38
HO-68                60816.12775339 60816.13532031 6
HO-68                60816.19863945 60816.21216593 63
HO-68                60816.27476511 60816.28588360 16
HO-68                60816.68407195 60816.69579862 20
HO-68                60816.75812811 60816.77143553 52
HO-68                60816.83556045 60816.84153374 3
HO-68                60817.18704032 60817.20026422 46
HO-68                60817.26237757 60817.27451197 23
HO-68                60817.67276780 60817.68332894 13
HO-68                60817.74624920 60817.75979270 72
HO-68                60817.82283604 60817.83116546 7
HO-68                60818.17555639 60818.18830047 34
HO-68                60818.25016060 60818.26300482 33
HO-68                60818.66171315 60818.67058146 8
HO-68                60818.73443020 60818.74804292 84
HO-68                60818.81044111 60818.82038267 12
HO-68                60819.16420110 60819.17626762 24
HO-68                60819.23808127 60819.25139647 46
HO-68                60819.65113018 60819.65731352 3
HO-68                60819.72267432 60819.73618693 62
HO-68                60819.79821566 60819.80935120 18
HO-68                60820.15298781 60820.16415114 17
HO-68                60820.22612143 60820.23970656 63
HO-68                60820.30491406 60820.31133333 4
HO-68                60820.71098648 60820.72422078 45
HO-68                60820.78610123 60820.79813694 25
HO-68                60821.14196522 60821.15192300 12
HO-68                60821.21427142 60821.22794727 86
HO-68                60821.29167808 60821.30071293 8
HO-68                60821.69938161 60821.71213443 32
HO-68                60821.77407015 60821.78677453 34
HO-68                60822.13119321 60822.13952381 7
AO-73                60803.20582711 60803.21363855 23
AO-73                60803.27203398 60803.27917704 14
AO-73                60803.69797284 60803.70380503 6
AO-73                60803.76254377 60803.77122758 53
AO-73                60804.20521417 60804.21300476 23
AO-73                60804.27136831 60804.27857828 15
AO-73                60804.69739000 60804.70311172 6
AO-73                60804.76190794 60804.77059724 54
AO-73                60805.20458268 60805.21235343 22
AO-73                60805.27068565 60805.27796253 15
AO-73                60805.69679351 60805.70239730 6
AO-73                60805.76125552 60805.76994905 56
AO-73                60806.20393519 60806.21168452 22
AO-73                60806.26998607 60806.27732973 16
AO-73                60806.69618365 60806.70166147 5
AO-73                60806.76058653 60806.76928298 58
AO-73                60807.20327177 60807.21099797 21
AO-73                60807.26926965 60807.27667982 17
AO-73                60807.69556072 60807.70090389 5
AO-73                60807.75990096 60807.76859901 60
AO-73                60808.20259250 60808.21029370 20
AO-73                60808.26853664 60808.27601258 17
AO-73                60808.69492509 60808.70012416 5
AO-73                60808.75919882 60808.76789712 63
AO-73                60809.20189746 60809.20957167 20
AO-73                60809.26778674 60809.27532830 18
AO-73                60809.69427719 60809.69932176 4
AO-73                60809.75848012 60809.76717727 65
AO-73                60810.20118674 60810.20883174 19
AO-73                60810.26702020 60810.27462675 19
AO-73                60810.69361756 60810.69849637 4
AO-73                60810.75774484 60810.76643945 67
AO-73                60811.20046043 60811.20807396 19
AO-73                60811.26623708 60811.27390788 19
AO-73                60811.69294683 60811.69764699 4
AO-73                60811.75699300 60811.76568362 70
AO-73                60812.19971860 60812.20729820 18
AO-73                60812.26543745 60812.27317168 20
AO-73                60812.69226579 60812.69677294 3
AO-73                60812.75622461 60812.76490977 73
AO-73                60813.19896139 60813.20650456 17
AO-73                60813.26462136 60813.27241800 21
AO-73                60813.69157547 60813.69587314 3
AO-73                60813.75543965 60813.76411787 76
AO-73                60814.19818884 60814.20569261 17
AO-73                60814.26378888 60814.27164686 22
AO-73                60814.69087724 60814.69494622 3
AO-73                60814.75463815 60814.76330790 78
AO-73                60815.19740107 60815.20486242 16
AO-73                60815.26294007 60815.27085819 23
AO-73                60815.69017258 60815.69399023 2
AO-73                60815.75382010 60815.76247984 81
AO-73                60815.82182049 60815.82533375 2
AO-73                60816.19659818 60816.20401393 16
AO-73                60816.26207498 60816.27005194 24
AO-73                60816.75298551 60816.76163365 83
AO-73                60816.82089209 60816.82460165 2
AO-73                60817.19578029 60817.20314702 15
AO-73                60817.26119367 60817.26922806 25
AO-73                60817.75213444 60817.76076933 84
AO-73                60817.81995132 60817.82384744 3
AO-73                60818.19494751 60818.20226161 15
AO-73                60818.26029619 60818.26838652 26
AO-73                60818.75126675 60818.75988683 83
AO-73                60818.81899755 60818.82307184 3
AO-73                60819.19409995 60819.20135759 14
AO-73                60819.25938261 60819.26752725 27
AO-73                60819.75038260 60819.75898614 80
AO-73                60819.81803026 60819.82227514 3
AO-73                60820.19323774 60820.20043485 14
AO-73                60820.25845297 60820.26665021 28
AO-73                60820.74948196 60820.75806724 77
AO-73                60820.81704904 60820.82145788 3
AO-73                60821.19236101 60821.19949328 13
AO-73                60821.25750732 60821.26575535 29
AO-73                60821.74856242 60821.75713007 74
AO-73                60821.81605355 60821.82062034 4
AO-73                60822.19146990 60822.19853275 13
AO-73                60822.25654571 60822.26484263 31
AO-73                60822.74762855 60822.75617464 70
AO-73                60822.81504351 60822.81976279 4
AO-73                60823.19056455 60823.19755311 12
AO-73                60823.25556821 60823.26391201 32
AO-73                60823.74667825 60823.75520090 67
AO-73                60823.81401865 60823.81888544 4
AO-73                60824.18964514 60824.19655423 11
AO-73                60824.25457484 60824.26296343 34
AO-73                60824.74571150 60824.75420884 63
AO-73                60824.81297884 60824.81798849 5
AO-73                60825.18871181 60825.19553595 11
AO-73                60825.25356566 60825.26199685 35
AO-73                60825.74472830 60825.75319841 60
AO-73                60825.81192379 60825.81707193 5
AO-73                60826.18776476 60826.19449809 10
AO-73                60826.25254073 60826.26101223 37
AO-73                60826.74372870 60826.75216958 56
AO-73                60826.81085361 60826.81613621 6
AO-73                60827.18680420 60827.19344046 10
AO-73                60827.25150007 60827.26000953 39
TITA                 60803.51912767 60803.52743415 87
TITA                 60804.00799804 60804.01568780 20
TITA                 60804.07356428 60804.08093127 17
TITA                 60804.51283457 60804.52111426 64
TITA                 60804.58046306 60804.58479755 3
TITA                 60805.00186892 60805.00913192 15
TITA                 60805.06710328 60805.07482914 23
TITA                 60805.50657115 60805.51475472 46
TITA                 60805.57352417 60805.57899028 6
TITA                 60805.99578714 60806.00249498 11
TITA                 60806.06066641 60806.06866549 30
TITA                 60806.50033913 60806.50835466 33
TITA                 60806.56674466 60806.57303520 9
TITA                 60806.98977274 60806.99575634 8
TITA                 60807.05420611 60807.06244169 41
TITA                 60807.49414055 60807.50191206 25
TITA                 60807.56005279 60807.56696800 13
TITA                 60807.98386661 60807.98887514 5
TITA                 60808.04780723 60808.05616669 57
TITA                 60808.48798024 60808.49542347 19
TITA                 60808.55342618 60808.56082325 18
TITA                 60808.97817258 60808.98174267 2
TITA                 60809.04142566 60809.04983874 80
TITA                 60809.48186440 60809.48888284 14
TITA                 60809.54685038 60809.55461552 24
TITA                 60810.03505912 60810.04345819 72
TITA                 60810.10214898 60810.10660869 4
TITA                 60810.47580358 60810.48228091 10
TITA                 60810.54031609 60810.54835416 33
TITA                 60811.02871243 60811.03702435 51
TITA                 60811.09533058 60811.10079370 6
TITA                 60811.46981483 60811.47560104 7
TITA                 60811.53377593 60811.54204178 45
TITA                 60812.02238619 60812.03053537 36
TITA                 60812.08861582 60812.09483332 9
TITA                 60812.46393176 60812.46881109 5
TITA                 60812.52731060 60812.53568854 64
TITA                 60813.01608412 60813.02398792 26
TITA                 60813.08196347 60813.08876979 13
TITA                 60813.45823552 60813.46182861 2
TITA                 60813.52087640 60813.52929348 88
TITA                 60814.00981134 60814.01737663 20
TITA                 60814.07535960 60814.08263074 17
TITA                 60814.51447243 60814.52285772 64
TITA                 60814.58201754 60814.58659018 4
TITA                 60815.00357627 60815.01069338 14
TITA                 60815.06878192 60815.07641372 23
TITA                 60815.50809951 60815.51638137 45
TITA                 60815.57498696 60815.58065806 7
TITA                 60815.99739279 60816.00392427 10
TITA                 60816.06222942 60816.07013351 30
TITA                 60816.50175948 60816.50986347 33
TITA                 60816.56809926 60816.57457089 10
TITA                 60816.99128429 60816.99704524 7
TITA                 60817.05565457 60817.06379168 42
TITA                 60817.49545462 60817.50330183 24
TITA                 60817.56130644 60817.56838889 14
TITA                 60817.98530067 60817.99000634 4
TITA                 60818.04914231 60818.05739708 59
TITA                 60818.48919010 60818.49669272 18
TITA                 60818.55457338 60818.56212293 19
TITA                 60819.04264843 60819.05094805 82
TITA                 60819.48297261 60819.49002959 14
TITA                 60819.54789089 60819.55579465 25
TITA                 60820.03617044 60820.04444485 68
TITA                 60820.10321482 60820.10765231 4
TITA                 60820.47681364 60820.48330233 10
TITA                 60820.54125066 60820.54941249 35
TITA                 60821.02971396 60821.03788657 47
TITA                 60821.09628097 60821.10171951 6
TITA                 60821.47073206 60821.47649249 7
TITA                 60821.53460455 60821.54297896 48
TITA                 60822.02327970 60822.03127098 34
TITA                 60822.08945180 60822.09563985 9
TITA                 60822.46476599 60822.46956337 4
TITA                 60822.52803468 60822.53650412 69
TITA                 60823.01687201 60823.02459418 24
TITA                 60823.08268570 60823.08945598 13
TITA                 60823.52149720 60823.52998675 84
TITA                 60824.01049694 60824.01784998 18
TITA                 60824.07596874 60824.08319562 18
TITA                 60824.51499122 60824.52342779 60
TITA                 60824.58235082 60824.58730612 5
TITA                 60825.00416462 60825.01102813 13
TITA                 60825.06927846 60825.07685644 24
TITA                 60825.50851790 60825.51682709 42
TITA                 60825.57525085 60825.58121573 8
TITA                 60825.99789197 60826.00411192 9
TITA                 60826.06257090 60826.07045020 32
TITA                 60826.50207954 60826.51018336 31
TITA                 60826.56827725 60826.57498732 11
TITA                 60826.99170996 60826.99706976 6
TITA                 60827.05592828 60827.06398738 45
TITA                 60827.49567917 60827.50349389 23
TITA                 60827.56139185 60827.56867082 15
TITA                 60827.98569029 60827.98982846 3
TITA                 60828.04930580 60828.05746750 64
TITA                 60828.48932211 60828.49675418 17
TITA                 60828.55456328 60828.56227377 21
NOAA-15              60803.38163554 60803.39164615 32
NOAA-15              60803.45116638 60803.46051707 20
NOAA-15              60803.89837343 60803.90828371 28
NOAA-15              60803.96766991 60803.97718914 23
NOAA-15              60804.36418835 60804.37316117 17
NOAA-15              60804.43255467 60804.44280770 38
NOAA-15              60804.88080754 60804.88948863 14
NOAA-15              60804.94928576 60804.95958257 44
NOAA-15              60805.34718946 60805.35436422 8
NOAA-15              60805.41426499 60805.42486328 76
NOAA-15              60805.48666377 60805.49152174 3
NOAA-15              60805.86375705 60805.87009104 5
NOAA-15              60805.93108946 60805.94167624 85
NOAA-15              60806.00203051 60806.00816783 5
NOAA-15              60806.39625775 60806.40673173 56
NOAA-15              60806.46686757 60806.47484733 11
NOAA-15              60806.91307124 60806.92349056 49
NOAA-15              60806.98301246 60806.99141321 13
NOAA-15              60807.37853514 60807.38841950 29
NOAA-15              60807.44786422 60807.45742774 22
NOAA-15              60807.89526378 60807.90500375 25
NOAA-15              60807.96442841 60807.97410724 26
NOAA-15              60808.36115033 60808.36989022 15
NOAA-15              60808.42931173 60808.43966963 43
NOAA-15              60808.87775984 60808.88612743 12
NOAA-15              60808.94607624 60808.95644373 49
NOAA-15              60809.34425276 60809.35101357 7
NOAA-15              60809.41106992 60809.42168872 84
NOAA-15              60809.48306657 60809.48869332 4
NOAA-15              60809.86086050 60809.86655780 4
NOAA-15              60809.92790802 60809.93848687 85
NOAA-15              60809.99865238 60810.00525969 7
NOAA-15              60810.39310839 60810.40352450 50
NOAA-15              60810.46345322 60810.47181634 12
NOAA-15              60810.90992012 60810.92024990 43
NOAA-15              60810.97972422 60810.98838278 15
NOAA-15              60811.37543671 60811.38517686 26
NOAA-15              60811.44456578 60811.45431942 25
NOAA-15              60811.89215356 60811.90170245 22
NOAA-15              60811.96118378 60811.97100560 29
NOAA-15              60812.35811819 60812.36659966 14
NOAA-15              60812.42606969 60812.43651540 48
NOAA-15              60812.87471944 60812.88273709 11
NOAA-15              60812.94286243 60812.95328673 55
NOAA-15              60813.34133653 60813.34762958 6
NOAA-15              60813.40787504 60813.41849908 86
NOAA-15              60813.47952590 60813.48579313 5
NOAA-15              60813.85801649 60813.86294933 3
NOAA-15              60813.92472236 60813.93527963 76
NOAA-15              60813.99525468 60814.00231685 8
NOAA-15              60814.38995981 60814.40030203 44
NOAA-15              60814.46008045 60814.46875687 14
NOAA-15              60814.90676585 60814.91699032 38
NOAA-15              60814.97643556 60814.98532936 17
NOAA-15              60815.37234090 60815.38191757 24
NOAA-15              60815.44127048 60815.45119259 28
NOAA-15              60815.88904338 60815.89837922 20
NOAA-15              60815.95793544 60815.96788482 32
NOAA-15              60816.35509394 60816.36328806 12
NOAA-15              60816.42282841 60816.43334530 54
NOAA-15              60816.87168859 60816.87931502 9
NOAA-15              60816.93964395 60816.95011194 62
NOAA-15              60817.01134469 60817.01559521 2
NOAA-15              60817.33843949 60817.34420518 5
NOAA-15              60817.40468048 60817.41529416 78
NOAA-15              60817.47602332 60817.48283918 7
NOAA-15              60817.92153241 60817.93205472 68
NOAA-15              60817.99189758 60817.99933862 9
NOAA-15              60818.38681222 60818.39706387 40
NOAA-15              60818.45671623 60818.46567314 16
NOAA-15              60818.90360862 60818.91371186 34
NOAA-15              60818.97314542 60818.98225430 19
NOAA-15              60819.36924840 60819.37864090 21
NOAA-15              60819.43797783 60819.44804761 31
NOAA-15              60819.88593434 60819.89503333 18
NOAA-15              60819.95468305 60819.96474548 35
NOAA-15              60820.35207907 60820.35995360 11
NOAA-15              60820.41958804 60820.43015894 61
NOAA-15              60820.86867095 60820.87585759 8
NOAA-15              60820.93642063 60820.94691987 70
NOAA-15              60821.00781289 60821.01280299 3
NOAA-15              60821.33565326 60821.34073021 3
NOAA-15              60821.40148740 60821.41207373 69
NOAA-15              60821.47254830 60821.47984186 8
NOAA-15              60821.91833582 60821.92881220 60
NOAA-15              60821.98854585 60821.99633123 11
NOAA-15              60822.38366602 60822.39380974 35
NOAA-15              60822.45335930 60822.46256680 18
NOAA-15              60822.90044866 60822.91041421 30
NOAA-15              60822.96985290 60822.97915832 21
NOAA-15              60823.36615999 60823.37534605 19
NOAA-15              60823.43468737 60823.44488483 35
NOAA-15              60823.88282677 60823.89166366 16
NOAA-15              60823.95142593 60823.96158806 40
NOAA-15              60824.34907579 60824.35659409 9
NOAA-15              60824.41634812 60824.42695655 69
NOAA-15              60824.48911538 60824.49329019 2
NOAA-15              60824.86567157 60824.87235975 6
NOAA-15              60824.93319226 60824.94371039 78
NOAA-18              60803.12349815 60803.13301034 20
NOAA-18              60803.52326157 60803.53316264 26
NOAA-18              60803.59292190 60803.60298512 27
NOAA-18              60804.04456053 60804.05468219 26
NOAA-18              60804.11433163 60804.12442049 27
NOAA-18              60804.51466931 60804.52401253 19
NOAA-18              60804.58375732 60804.59420809 37
NOAA-18              60805.03586051 60805.04541890 19
NOAA-18              60805.10524368 60805.11573248 37
NOAA-18              60805.50617687 60805.51479503 14
NOAA-18              60805.57467062 60805.58537380 51
NOAA-18              60806.02725071 60806.03604385 13
NOAA-18              60806.09620162 60806.10696907 51
NOAA-18              60806.49781002 60806.50548755 9
NOAA-18              60806.56565497 60806.57648970 71
NOAA-18              60806.63895099 60806.64354231 3
NOAA-18              60807.01876755 60807.02652026 9
NOAA-18              60807.08720246 60807.09813529 70
NOAA-18              60807.15914876 60807.16465004 4
NOAA-18              60807.48960943 60807.49604375 6
NOAA-18              60807.55670718 60807.56756035 85
NOAA-18              60807.62891231 60807.63554142 6
NOAA-18              60808.01048907 60808.01676919 5
NOAA-18              60808.07824485 60808.08923384 86
NOAA-18              60808.14954867 60808.15661769 7
NOAA-18              60808.48178295 60808.48634065 3
NOAA-18              60808.54782696 60808.55858803 62
NOAA-18              60808.61921074 60808.62719525 10
NOAA-18              60809.06933024 60809.08026515 63
NOAA-18              60809.14016632 60809.14835112 11
NOAA-18              60809.53901308 60809.54957309 45
NOAA-18              60809.60973275 60809.61866910 15
NOAA-18              60810.06045841 60810.07122743 46
NOAA-18              60810.13089614 60810.13993376 16
NOAA-18              60810.53027030 60810.54051367 33
NOAA-18              60810.60038973 60810.61002798 21
NOAA-18              60811.05163912 60811.06211618 33
NOAA-18              60811.12170426 60811.13140220 22
NOAA-18              60811.52160497 60811.53140533 24
NOAA-18              60811.59115079 60811.60130259 28
NOAA-18              60812.04287903 60812.05292369 24
NOAA-18              60812.11257303 60812.12277640 29
NOAA-18              60812.51302701 60812.52224040 18
NOAA-18              60812.58199848 60812.59251068 39
NOAA-18              60813.03419241 60813.04363649 18
NOAA-18              60813.10349245 60813.11406880 39
NOAA-18              60813.50455338 60813.51300459 13
NOAA-18              60813.57292244 60813.58366336 54
NOAA-18              60814.02560150 60814.03423194 12
NOAA-18              60814.09445699 60814.10528686 54
NOAA-18              60814.49621224 60814.50367229 9
NOAA-18              60814.56391673 60814.57476730 76
NOAA-18              60814.63694506 60814.64205314 3
NOAA-18              60815.01714787 60815.02466808 8
NOAA-18              60815.08546369 60815.09643539 74
NOAA-18              60815.15725951 60815.16315316 5
NOAA-18              60815.48805261 60815.49418887 5
NOAA-18              60815.55497816 60815.56582660 80
NOAA-18              60815.62700533 60815.63395086 7
NOAA-18              60816.00892485 60816.01485006 4
NOAA-18              60816.07651228 60816.08751648 81
NOAA-18              60816.14770816 60816.15505628 8
NOAA-18              60816.48032060 60816.48439480 2
NOAA-18              60816.54610754 60816.55684317 58
NOAA-18              60816.61734727 60816.62555794 11
NOAA-18              60817.06760409 60817.07853012 59
NOAA-18              60817.13835155 60817.14674970 12
NOAA-18              60817.53730363 60817.54781678 42
NOAA-18              60817.60789645 60817.61700232 16
NOAA-18              60818.05873952 60818.06947403 43
NOAA-18              60818.12909757 60818.13830243 17
NOAA-18              60818.52857194 60818.53874551 31
NOAA-18              60818.59857273 60818.60833935 22
NOAA-18              60819.04992879 60819.06034315 31
NOAA-18              60819.11991713 60819.12974590 23
NOAA-18              60819.51991941 60819.52962414 23
NOAA-18              60819.58934876 60819.59959669 30
NOAA-18              60820.04117975 60820.05112870 23
NOAA-18              60820.11079467 60820.12109830 31
NOAA-18              60820.51135694 60820.52044379 17
NOAA-18              60820.58020888 60820.59079021 42
NOAA-18              60821.03250797 60821.04181590 16
NOAA-18              60821.10172135 60821.11237085 42
NOAA-18              60821.50290322 60821.51118906 12
NOAA-18              60821.57114377 60821.58192978 58
NOAA-18              60822.02393834 60822.03237918 11
NOAA-18              60822.09269230 60822.10357030 58
NOAA-18              60822.16513523 60822.16942651 2
NOAA-18              60822.49459008 60822.50183026 8
NOAA-18              60822.56214815 60822.57302176 81
NOAA-18              60822.63493014 60822.64051894 4
NOAA-18              60823.01551890 60823.02277006 7
NOAA-18              60823.08370518 60823.09470075 79
NOAA-18              60823.15536427 60823.16160876 5
NOAA-18              60823.48653894 60823.49230355 4
NOAA-18              60823.55322093 60823.56406968 75
NOAA-18              60823.62507345 60823.63233118 8
NOAA-18              60824.00736449 60824.01287148 4
NOAA-18              60824.07475999 60824.08576392 76
NOAA-19              60803.45531545 60803.46318282 10
NOAA-19              60803.52319993 60803.53414529 70
NOAA-19              60803.59647446 60803.60121149 3
NOAA-19              60803.97650445 60803.98423673 9
NOAA-19              60804.04493223 60804.05585255 70
NOAA-19              60804.11686141 60804.12238673 4
NOAA-19              60804.44724543 60804.45393211 6
NOAA-19              60804.51441135 60804.52538336 86
NOAA-19              60804.58662318 60804.59335356 6
NOAA-19              60804.96838468 60804.97465487 5
NOAA-19              60805.03614084 60805.04710930 86
NOAA-19              60805.10744047 60805.11449604 7
NOAA-19              60805.43951238 60805.44445758 3
NOAA-19              60805.50568862 60805.51657965 63
NOAA-19              60805.57709319 60805.58516560 10
NOAA-19              60806.02739107 60806.03830046 64
NOAA-19              60806.09823007 60806.10637899 11
NOAA-19              60806.49702975 60806.50773460 46
NOAA-19              60806.56778060 60806.57680224 15
NOAA-19              60807.01868267 60807.02942428 46
NOAA-19              60807.08912841 60807.09811504 16
NOAA-19              60807.48843929 60807.49884674 34
NOAA-19              60807.55859993 60807.56832613 21
NOAA-19              60808.01002516 60808.02047647 34
NOAA-19              60808.08010294 60808.08973939 21
NOAA-19              60808.47992304 60808.48991236 25
NOAA-19              60808.54952112 60808.55976703 28
NOAA-19              60809.00142485 60809.01144962 25
NOAA-19              60809.07113653 60809.08127142 28
NOAA-19              60809.47148974 60809.48092454 19
NOAA-19              60809.54052708 60809.55114240 38
NOAA-19              60809.99289535 60810.00233097 18
NOAA-19              60810.06221944 60810.07272314 38
NOAA-19              60810.46315429 60810.47187121 14
NOAA-19              60810.53160759 60810.54246294 53
NOAA-19              60810.98445771 60810.99309914 13
NOAA-19              60811.05334621 60811.06410227 52
NOAA-19              60811.45494051 60811.46273090 9
NOAA-19              60811.52275661 60811.53373561 73
NOAA-19              60811.59588572 60811.60093024 3
NOAA-19              60811.97615071 60811.98371500 8
NOAA-19              60812.04451391 60812.05541317 72
NOAA-19              60812.11637964 60812.12203913 4
NOAA-19              60812.44688617 60812.45346030 6
NOAA-19              60812.51397103 60812.52496452 83
NOAA-19              60812.58608785 60812.59301215 7
NOAA-19              60812.96805963 60812.97409210 5
NOAA-19              60813.03572217 60813.04665816 84
NOAA-19              60813.10697444 60813.11411817 8
NOAA-19              60813.43918663 60813.44394902 3
NOAA-19              60813.50525132 60813.51615176 61
NOAA-19              60813.57657977 60813.58479498 11
NOAA-19              60814.02697206 60814.03783737 61
NOAA-19              60814.09777076 60814.10598051 11
NOAA-19              60814.49659571 60814.50729757 45
NOAA-19              60814.56728010 60814.57641221 15
NOAA-19              60815.01826400 60815.02894880 44
NOAA-19              60815.08867211 60815.09769992 16
NOAA-19              60815.48800914 60815.49840026 33
NOAA-19              60815.55810795 60815.56792076 21
NOAA-19              60816.00960740 60816.01998789 32
NOAA-19              60816.07964778 60816.08930979 22
NOAA-19              60816.47949754 60816.48945585 25
NOAA-19              60816.54903527 60816.55934881 29
NOAA-19              60817.00100949 60817.01094658 24
NOAA-19              60817.07068149 60817.08082861 29
NOAA-19              60817.47107016 60817.48045701 18
NOAA-19              60817.54004599 60817.55071287 40
NOAA-19              60817.99248450 60818.00181146 17
NOAA-19              60818.06176394 60818.07226791 39
NOAA-19              60818.46274263 60818.47139091 13
NOAA-19              60818.53113045 60818.54202300 55
NOAA-19              60818.98405490 60818.99255953 12
NOAA-19              60819.05288996 60819.06363509 54
NOAA-19              60819.45454027 60819.46223464 9
NOAA-19              60819.52228298 60819.53328575 75
NOAA-19              60819.59527521 60819.60059998 3
NOAA-19              60819.97576292 60819.98314818 8
NOAA-19              60820.04405690 60820.05493428 74
NOAA-19              60820.11585916 60820.12165249 4
NOAA-19              60820.44650445 60820.45294124 6
NOAA-19              60820.51350085 60820.52450503 81
NOAA-19              60820.58552403 60820.59262820 7
NOAA-19              60820.96770451 60820.97347989 4
NOAA-19              60821.03526443 60821.04616756 81
NOAA-19              60821.10646874 60821.11370215 8
NOAA-19              60821.43884626 60821.44338545 3
NOAA-19              60821.50478450 60821.51568271 59
NOAA-19              60821.57603674 60821.58438304 11
NOAA-19              60822.02651415 60822.03733485 59
NOAA-19              60822.09727141 60822.10554419 12
NOAA-19              60822.49613270 60822.50681882 43
NOAA-19              60822.56674955 60822.57598093 16
NOAA-19              60823.01780614 60823.02843389 43
NOAA-19              60823.08817553 60823.09724714 16
NOAA-19              60823.48755049 60823.49791145 32
NOAA-19              60823.55758582 60823.56747426 22
NOAA-19              60824.00915067 60824.01945975 31
NOAA-19              60824.07915217 60824.08884269 22
METOA                60803.16310845 60803.16898801 7
METOA                60803.54654829 60803.55397320 14
METOA                60803.61291709 60803.62144472 29
METOA                60804.04779366 60804.05239945 3
METOA                60804.11299581 60804.12173731 70
METOA                60804.56402649 60804.57246184 29
METOA                60804.63165294 60804.63903107 13
METOA                60805.06473193 60805.07188795 12
METOA                60805.13127152 60805.13958816 31
METOA                60805.58185291 60805.59070816 65
METOA                60805.65103270 60805.65606159 4
METOA                60806.08228723 60806.09066463 27
METOA                60806.14973542 60806.15707559 15
METOA                60806.53466871 60806.54055045 7
METOA                60806.59998276 60806.60874415 50
METOA                60807.10014316 60807.10904648 60
METOA                60807.16858350 60807.17405442 6
METOA                60807.55176565 60807.55930824 16
METOA                60807.61847483 60807.62654826 23
METOA                60808.05253548 60808.05835274 6
METOA                60808.11821701 60808.12711168 57
METOA                60808.56932468 60808.57772024 35
METOA                60808.63733947 60808.64399799 10
METOA                60809.06972827 60809.07753732 16
METOA                60809.13653204 60809.14486878 26
METOA                60809.58721691 60809.59590002 78
METOA                60810.08737654 60810.09617304 34
METOA                60810.15504805 60810.16224452 12
METOA                60810.53972418 60810.54592826 8
METOA                60810.60541395 60810.61386481 39
METOA                60811.10528739 60811.11445248 75
METOA                60811.17401062 60811.17904372 4
METOA                60811.55693763 60811.56457703 19
METOA                60811.62399202 60811.63157479 18
METOA                60812.05735393 60812.06413101 9
METOA                60812.12339890 60812.13242623 46
METOA                60812.57457140 60812.58291673 43
METOA                60812.64301559 60812.64885673 7
METOA                60813.07471531 60813.08309867 20
METOA                60813.14174827 60813.15008156 22
METOA                60813.52811490 60813.53211439 3
METOA                60813.59252791 60813.60103057 74
METOA                60814.09243882 60814.10161079 43
METOA                60814.16032657 60814.16734702 11
METOA                60814.54474232 60814.55123518 10
METOA                60814.61083622 60814.61892416 31
METOA                60815.04534551 60815.05026111 4
METOA                60815.11039627 60815.11979330 80
METOA                60815.17943393 60815.18393514 3
METOA                60815.56205864 60815.56978695 23
METOA                60815.62946738 60815.63652676 14
METOA                60816.06220551 60816.06977800 12
METOA                60816.12858709 60816.13768079 39
METOA                60816.57976261 60816.58805712 53
METOA                60816.64870010 60816.65359000 4
METOA                60817.07969000 60817.08857461 25
METOA                60817.14693639 60817.15523536 19
METOA                60817.53287941 60817.53755997 4
METOA                60817.59778241 60817.60610488 59
METOA                60818.09747653 60818.10697519 54
METOA                60818.16557875 60818.17237566 9
METOA                60818.54971559 60818.55648027 12
METOA                60818.61616144 60818.62392064 24
METOA                60819.04995616 60819.05610134 6
METOA                60819.11547613 60819.12506492 69
METOA                60819.18488344 60819.18869925 2
METOA                60819.56712472 60819.57494372 27
METOA                60819.63490181 60819.64140518 10
METOA                60820.06707206 60820.07531196 15
METOA                60820.13369870 60820.14285595 33
METOA                60820.58489565 60820.59314667 68
METOA                60820.65444296 60820.65816125 2
METOA                60821.08465119 60821.09396569 32
METOA                60821.15209675 60821.16031726 17
METOA                60821.53763851 60821.54290763 6
METOA                60821.60297793 60821.61112782 46
METOA                60822.10249351 60822.11226324 66
METOA                60822.17081364 60822.17732124 8
METOA                60822.55463972 60822.56167054 15
METOA                60822.62143116 60822.62886147 19
METOA                60823.05465870 60823.06174897 9
METOA                60823.12053024 60823.13026294 58
METOA                60823.57213316 60823.58005244 34
METOA                60823.64029831 60823.64620966 8
METOA                60824.07194332 60824.08074138 19
METOA                60824.13875416 60824.14796624 29
METOA                60824.58996842 60824.59818989 86
METOA                60825.08959850 60825.09927047 39
METOA                60825.15720080 60825.16532321 15
METOA                60825.54237477 60825.54817828 8
METOA                60825.60811316 60825.61610356 36
METOA                60826.04265733 60826.04767387 3
METOA                60826.10748752 60826.11747141 80
METOA                60826.17604181 60826.18217213 6
METOA                60826.55951229 60826.56681122 18
METOA                60826.62664504 60826.63374977 16
METOA                60827.05940635 60827.06724939 11
METOA                60827.12556169 60827.13538281 49
METOA                60827.57708345 60827.58511702 42
METOB                60803.47562273 60803.48618017 53
METOB                60803.54633705 60803.55465375 12
METOB                60803.99434608 60804.00491289 50
METOB                60804.06455494 60804.07307345 14
METOB                60804.46154672 60804.47164220 32
METOB                60804.53127385 60804.54081625 21
METOB                60804.98018023 60804.99026783 29
METOB                60805.04977677 60805.05936861 23
METOB                60805.44767467 60805.45697541 19
METOB                60805.51648243 60805.52675974 35
METOB                60805.96618241 60805.97540045 17
METOB                60806.03515308 60806.04542735 37
METOB                60806.43406018 60806.44213509 11
METOB                60806.50189830 60806.51255033 59
METOB                60806.95243864 60806.96022497 9
METOB                60807.02065071 60807.03129172 63
METOB                60807.09253904 60807.09709516 3
METOB                60807.42082926 60807.42699817 5
METOB                60807.48749481 60807.49821788 83
METOB                60807.55926264 60807.56589452 6
METOB                60807.93920875 60807.94447744 3
METOB                60808.00625920 60808.01697935 78
METOB                60808.07706476 60808.08423846 8
METOB                60808.47326591 60808.48377412 49
METOB                60808.54381695 60808.55236752 13
METOB                60808.99198021 60809.00249186 46
METOB                60809.06209095 60809.07080324 15
METOB                60809.45921812 60809.46921626 29
METOB                60809.52880141 60809.53848765 23
METOB                60809.97783568 60809.98781385 27
METOB                60810.04733875 60810.05705619 25
METOB                60810.44538005 60810.45452516 18
METOB                60810.51404367 60810.52440295 38
METOB                60810.96386838 60810.97290454 16
METOB                60811.03273366 60811.04308143 40
METOB                60811.43181259 60811.43964907 10
METOB                60811.49948724 60811.51017156 64
METOB                60811.95017748 60811.95766481 8
METOB                60812.01824733 60812.02891625 68
METOB                60812.08992194 60812.09499916 3
METOB                60812.41866708 60812.42443916 4
METOB                60812.48510947 60812.49581996 76
METOB                60812.55666616 60812.56366680 7
METOB                60812.93709341 60812.94175764 3
METOB                60813.00387161 60813.01457550 72
METOB                60813.07455660 60813.08201263 9
METOB                60813.47090658 60813.48135743 45
METOB                60813.54129834 60813.55006601 14
METOB                60813.98960997 60814.00005829 42
METOB                60814.05962417 60814.06851849 16
METOB                60814.45688757 60814.46677933 27
METOB                60814.52632766 60814.53614674 24
METOB                60814.97548784 60814.98534650 25
METOB                60815.04489638 60815.05473097 26
METOB                60815.44308502 60815.45206249 17
METOB                60815.51160241 60815.52203501 41
METOB                60815.96155338 60815.97039313 15
METOB                60816.03030954 60816.04072350 44
METOB                60816.42956814 60816.43714740 9
METOB                60816.49707349 60816.50778224 70
METOB                60816.57004964 60816.57442917 2
METOB                60816.94792189 60816.95508229 7
METOB                60817.01583888 60817.02652901 74
METOB                60817.08732591 60817.09286427 4
METOB                60817.41652168 60817.42185128 4
METOB                60817.48272121 60817.49341164 70
METOB                60817.55407878 60817.56141592 8
METOB                60818.00147921 60818.01215979 66
METOB                60818.07204922 60818.07976871 10
METOB                60818.46854461 60818.47893032 42
METOB                60818.53878102 60818.54774969 16
METOB                60818.98723542 60818.99761253 39
METOB                60819.05715417 60819.06621958 17
METOB                60819.45455533 60819.46433119 25
METOB                60819.52385240 60819.53379368 26
METOB                60819.97313688 60819.98286559 23
METOB                60820.04244948 60820.05239318 29
METOB                60820.44078977 60820.44958733 15
METOB                60820.50915863 60820.51965598 44
METOB                60820.95923793 60820.96786538 13
METOB                60821.02788018 60821.03835361 47
METOB                60821.42732792 60821.43462920 8
METOB                60821.49465665 60821.50538232 76
METOB                60821.56729962 60821.57232223 3
METOB                60821.94567401 60821.95247520 6
METOB                60822.01342529 60822.02413008 80
METOB                60822.08474396 60822.09069742 5
METOB                60822.41446592 60822.41922845 3
METOB                60822.48033128 60822.49099281 65
METOB                60822.55149883 60822.55914406 9
METOB                60822.99908193 60823.00973224 61
METOB                60823.06954142 60823.07750754 11
METOB                60823.46618023 60823.47649243 38
METOB                60823.53626416 60823.54541929 17
METOB                60823.98485662 60823.99515430 36
METOB                60824.05468059 60824.06390719 19
METOB                60824.45222163 60824.46187157 23
METOB                60824.52137545 60824.53142860 29
METOB                60824.97078304 60824.98037092 21
