iss                  60833.56833939 60833.57431823 10
iss                  60833.63427267 60833.64189338 85
iss                  60833.70184408 60833.70902215 22
iss                  60833.76977627 60833.77658669 16
iss                  60833.83717865 60833.84453788 29
iss                  60833.90431255 60833.91178965 46
iss                  60833.97240385 60833.97686318 4
iss                  60834.53478425 60834.53929872 5
iss                  60834.59987620 60834.60737375 47
iss                  60834.66713445 60834.67450334 29
iss                  60834.73508949 60834.74190143 16
iss                  60834.80265589 60834.80982747 22
iss                  60834.86978592 60834.87739028 83
iss                  60834.93736675 60834.94331017 10
iss                  60835.56560267 60835.57278161 27
iss                  60835.63245701 60835.63998610 41
iss                  60835.70034481 60835.70724308 17
iss                  60835.76807599 60835.77506866 19
iss                  60835.83526423 60835.84285354 58
iss                  60835.90257641 60835.90937279 18
iss                  60836.53148907 60836.53807765 15
iss                  60836.59783641 60836.60545428 67
iss                  60836.66556214 60836.67261366 19
iss                  60836.73342843 60836.74028846 16
iss                  60836.80072728 60836.80820212 37
iss                  60836.86789881 60836.87518999 31
iss                  60837.49760932 60837.50318995 8
iss                  60837.56329586 60837.57088965 71
iss                  60837.63076706 60837.63800704 24
iss                  60837.69870915 60837.70551112 16
iss                  60837.76615751 60837.77345919 27
iss                  60837.83327658 60837.84081906 56
iss                  60837.90115029 60837.90621278 6
iss                  60838.46409258 60838.46791699 3
iss                  60838.52886034 60838.53627031 39
iss                  60838.59598685 60838.60341149 32
iss                  60838.66392300 60838.67075436 16
iss                  60838.73153917 60838.73865002 21
iss                  60838.79867610 60838.80629291 82
iss                  60838.86614202 60838.87242837 12
iss                  60839.49455847 60839.50156689 22
iss                  60839.56124779 60839.56881262 48
iss                  60839.62908455 60839.63602666 18
iss                  60839.69685950 60839.70380130 18
iss                  60839.76407357 60839.77163620 49
iss                  60839.83132027 60839.83832236 21
iss                  60840.46043801 60840.46673179 13
iss                  60840.52657420 60840.53419330 80
iss                  60840.59421626 60840.60132706 21
iss                  60840.66210962 60840.66893992 16
iss                  60840.72944969 60840.73687173 33
iss                  60840.79658829 60840.80399323 38
iss                  60840.86494280 60840.86866582 3
iss                  60841.42659896 60841.43166783 6
iss                  60841.49198953 60841.49953410 58
iss                  60841.55934502 60841.56664703 26
iss                  60841.62728826 60841.63408865 16
iss                  60841.69478720 60841.70202372 24
iss                  60841.76189899 60841.76948768 69
iss                  60841.82959343 60841.83516721 8
iss                  60842.45752055 60842.46481081 32
iss                  60842.52449832 60842.53197388 36
iss                  60842.59240373 60842.59926243 16
iss                  60842.66007141 60842.66711804 20
iss                  60842.72722275 60842.73483491 68
iss                  60842.79458930 60842.80117620 15
iss                  60843.42320031 60843.42998897 18
iss                  60843.48970207 60843.49729171 57
iss                  60843.55747379 60843.56446644 18
iss                  60843.62529013 60843.63218247 17
iss                  60843.69253746 60843.70005875 42
iss                  60843.75972871 60843.76690734 26
iss                  60844.38908941 60844.39500851 10
iss                  60844.45498039 60844.46258255 84
iss                  60844.52252328 60844.52969677 22
iss                  60844.59043683 60844.59724317 16
iss                  60844.65782458 60844.66518252 29
iss                  60844.72493869 60844.73243358 47
iss                  60844.79298264 60844.79753584 4
iss                  60845.35533689 60845.35972720 4
iss                  60845.42035734 60845.42782531 46
iss                  60845.48757997 60845.49494277 29
iss                  60845.55551350 60845.56232077 16
iss                  60845.62306730 60845.63023145 22
iss                  60845.69017984 60845.69779398 85
iss                  60845.75772420 60845.76373530 10
iss                  60846.38586245 60846.39299277 26
iss                  60846.45267127 60846.46019045 42
iss                  60846.52053215 60846.52742695 17
iss                  60846.58825166 60846.59523249 18
iss                  60846.65542568 60846.66301519 56
iss                  60846.72270738 60846.72955361 18
iss                  60847.35153547 60847.35804276 15
iss                  60847.41782269 60847.42542290 69
iss                  60847.48551374 60847.49256339 20
iss                  60847.55336698 60847.56021369 16
iss                  60847.62065546 60847.62812068 36
iss                  60847.68780158 60847.69512619 32
iss                  60848.31745819 60848.32289580 8
AO-07                60833.00051989 60833.01503251 32
AO-07                60833.42289014 60833.43534034 16
AO-07                60833.50047857 60833.51592883 81
AO-07                60833.57915756 60833.59262374 25
AO-07                60833.65827121 60833.66579361 5
AO-07                60833.80778067 60833.81588553 5
AO-07                60833.88116166 60833.89496148 28
AO-07                60833.95810850 60833.97359682 74
AO-07                60834.03908367 60834.05102210 13
AO-07                60834.45898905 60834.47368999 36
AO-07                60834.53726618 60834.55228817 53
AO-07                60834.61616734 60834.62735222 13
AO-07                60834.84168252 60834.85297403 13
AO-07                60834.91677770 60834.93186958 54
AO-07                60834.99541063 60835.01013696 36
AO-07                60835.41809367 60835.43004944 14
AO-07                60835.49553612 60835.51097265 74
AO-07                60835.57417745 60835.58789301 28
AO-07                60835.65326367 60835.66129490 5
AO-07                60835.80328416 60835.81087594 5
AO-07                60835.87643164 60835.88998038 26
AO-07                60835.95315252 60835.96865389 80
AO-07                60836.03378989 60836.04622759 15
AO-07                60836.45409326 60836.46859232 33
AO-07                60836.53230181 60836.54743824 58
AO-07                60836.61117649 60836.62272994 14
AO-07                60836.83712955 60836.84798362 12
AO-07                60836.91194656 60836.92690229 49
AO-07                60836.99033207 60837.00523359 40
AO-07                60837.07439819 60837.08085524 3
AO-07                60837.41332201 60837.42471892 12
AO-07                60837.49059774 60837.50600129 68
AO-07                60837.56919892 60837.58314786 30
AO-07                60837.64825893 60837.65678140 6
AO-07                60837.79880306 60837.80586277 4
AO-07                60837.87171675 60837.88499759 23
AO-07                60837.94821182 60837.96370726 88
AO-07                60838.02853175 60838.04141191 18
AO-07                60838.44920622 60838.46347401 29
AO-07                60838.52733987 60838.54257417 64
AO-07                60838.60618677 60838.61809271 16
AO-07                60838.83248520 60838.84298496 11
AO-07                60838.90712202 60838.92193270 45
AO-07                60838.98527250 60839.00032307 44
AO-07                60839.06862381 60839.07643269 4
AO-07                60839.40858143 60839.41934239 10
AO-07                60839.48566379 60839.50101442 62
AO-07                60839.56422203 60839.57838834 33
AO-07                60839.64325662 60839.65225326 7
AO-07                60839.79433779 60839.80084520 3
AO-07                60839.86701653 60839.88001354 21
AO-07                60839.94328617 60839.95875723 85
AO-07                60840.02330546 60840.03657826 20
AO-07                60840.44432906 60840.45833381 26
AO-07                60840.52238053 60840.53769590 70
AO-07                60840.60119872 60840.61344069 17
AO-07                60840.82790928 60840.83798809 9
AO-07                60840.90231591 60840.91696111 41
AO-07                60840.98023109 60840.99540617 49
AO-07                60841.06299922 60841.07188207 6
AO-07                60841.40387945 60841.41391104 8
AO-07                60841.48073465 60841.49601162 56
AO-07                60841.55924688 60841.57361451 36
AO-07                60841.63825644 60841.64771039 8
AO-07                60841.78988905 60841.79582203 3
AO-07                60841.86233129 60841.87502802 20
AO-07                60841.93837538 60841.95380404 79
AO-07                60842.01810797 60842.03172955 23
AO-07                60842.43946305 60842.45317018 23
AO-07                60842.51742396 60842.53280338 76
AO-07                60842.59621208 60842.60877390 19
AO-07                60842.67543893 60842.68118762 3
AO-07                60842.82334851 60842.83298939 8
AO-07                60842.89752430 60842.91198791 37
AO-07                60842.97520715 60842.99048348 54
AO-07                60843.05747351 60843.06725205 7
AO-07                60843.39922868 60843.40841176 6
AO-07                60843.47581076 60843.49099244 50
AO-07                60843.55427356 60843.56882641 40
AO-07                60843.63325821 60843.64315286 9
AO-07                60843.78545804 60843.79079145 2
AO-07                60843.85766108 60843.87004112 18
AO-07                60843.93347928 60843.94884793 72
AO-07                60844.01293685 60844.02686745 25
AO-07                60844.43460997 60844.44798103 21
AO-07                60844.51247038 60844.52789652 83
AO-07                60844.59122689 60844.60409241 21
AO-07                60844.67041523 60844.67674217 3
AO-07                60844.81885674 60844.82799147 7
AO-07                60844.89275036 60844.90701285 34
AO-07                60844.97020009 60844.98555553 60
AO-07                60845.05202160 60845.06256559 9
AO-07                60845.39464837 60845.40282395 5
AO-07                60845.47089268 60845.48595630 45
AO-07                60845.54930217 60845.56402408 43
AO-07                60845.62826176 60845.63858040 10
AO-07                60845.85300592 60845.86505290 16
AO-07                60845.92859777 60845.94388911 66
AO-07                60846.00779009 60846.02199384 28
LO-19                60832.95265891 60832.95801351 19
LO-19                60833.01745845 60833.02650625 17
LO-19                60833.45530240 60833.46447521 19
LO-19                60833.52386938 60833.53413538 54
LO-19                60833.59377555 60833.60044894 7
LO-19                60833.86030732 60833.86440897 2
LO-19                60833.92521675 60833.93502473 30
LO-19                60833.99391227 60834.00399057 34
LO-19                60834.43310295 60834.44041111 8
LO-19                60834.50098825 60834.51141571 76
LO-19                60834.57041424 60834.57890265 15
LO-19                60834.90315818 60834.91190227 16
LO-19                60834.97079099 60834.98126861 70
LO-19                60835.04204257 60835.04902555 7
LO-19                60835.47824433 60835.48834287 37
LO-19                60835.54726841 60835.55689568 28
LO-19                60835.88153866 60835.88858303 8
LO-19                60835.94802686 60835.95840313 59
LO-19                60836.01784813 60836.02689657 17
LO-19                60836.45569530 60836.46485826 19
LO-19                60836.52426224 60836.53451805 53
LO-19                60836.59417064 60836.60082924 7
LO-19                60836.86069620 60836.86479764 2
LO-19                60836.92560539 60836.93541383 30
LO-19                60836.99430131 60837.00437954 34
LO-19                60837.43349519 60837.44079223 8
LO-19                60837.50137958 60837.51179729 77
LO-19                60837.57080660 60837.57928298 15
LO-19                60837.90354584 60837.91228972 16
LO-19                60837.97117878 60837.98165614 70
LO-19                60838.04243164 60838.04941231 7
LO-19                60838.47863427 60838.48872318 37
LO-19                60838.54765877 60838.55727531 28
LO-19                60838.88192552 60838.88896865 8
LO-19                60838.94841351 60838.95878913 59
LO-19                60839.01823541 60839.02728227 17
LO-19                60839.45608405 60839.46523713 19
LO-19                60839.52465088 60839.53489672 53
LO-19                60839.59456152 60839.60120563 7
LO-19                60839.86108303 60839.86518065 2
LO-19                60839.92599100 60839.93579822 30
LO-19                60839.99468719 60840.00476389 34
LO-19                60840.43388329 60840.44116911 8
LO-19                60840.50176666 60840.51217485 77
LO-19                60840.57119471 60840.57965940 15
LO-19                60840.90393055 60840.91267238 16
LO-19                60840.97156341 60840.98203903 70
LO-19                60841.04281757 60841.04979433 7
LO-19                60841.47901994 60841.48909949 37
LO-19                60841.54804485 60841.55765105 28
LO-19                60841.88230959 60841.88934929 8
LO-19                60841.94879703 60841.95917046 59
LO-19                60842.01861948 60842.02766332 17
LO-19                60842.45646852 60842.46561196 19
LO-19                60842.52503520 60842.53527150 53
LO-19                60842.59494803 60842.60157825 7
LO-19                60842.86146771 60842.86555802 2
LO-19                60842.92637353 60842.93617789 30
LO-19                60842.99506983 60843.00514361 34
LO-19                60843.43426712 60843.44154189 8
LO-19                60843.50214940 60843.51254854 77
LO-19                60843.57157843 60843.58003206 15
LO-19                60843.90431224 60843.91305022 16
LO-19                60843.97194483 60843.98241727 70
LO-19                60844.04320027 60844.05017161 7
LO-19                60844.47940125 60844.48947190 37
LO-19                60844.54842652 60844.55802303 28
LO-19                60844.88269079 60844.88972495 8
LO-19                60844.94917735 60844.95954712 59
LO-19                60845.01900026 60845.02803971 17
LO-19                60845.45684862 60845.46598288 19
LO-19                60845.52541511 60845.53564252 53
LO-19                60845.59533002 60845.60194728 7
LO-19                60845.86185011 60845.86592982 2
LO-19                60845.92675290 60845.93655283 30
LO-19                60845.99544919 60846.00551868 34
LO-19                60846.43464656 60846.44191073 8
LO-19                60846.50252771 60846.51291846 77
LO-19                60846.57195766 60846.58040108 15
LO-19                60846.90469061 60846.91342328 16
LO-19                60846.97232296 60846.98279086 70
LO-19                60847.04357966 60847.05054416 7
LO-19                60847.47977811 60847.48984055 37
LO-19                60847.54880370 60847.55839137 27
LO-19                60847.88306902 60847.89009568 8
LO-19                60847.94955441 60847.95991910 59
LO-19                60848.01937767 60848.02841144 17
LO-19                60848.45722424 60848.46635003 19
LO-19                60848.52579051 60848.53600990 53
LO-19                60848.59570736 60848.60231287 7
LO-19                60848.86223006 60848.86629613 2
LO-19                60848.92712901 60848.93692308 30
LO-19                60848.99582516 60849.00588911 34
LO-19                60849.43502151 60849.44227580 8
LO-19                60849.50290150 60849.51328473 77
LO-19                60849.57233229 60849.58076661 15
LO-19                60849.90506599 60849.91379157 16
LO-19                60849.97269772 60849.98315981 70
LO-19                60850.04395562 60850.05091201 7
FO-29                60833.11337900 60833.12491497 15
FO-29                60833.18561843 60833.19995572 77
FO-29                60833.25900656 60833.27139013 24
FO-29                60833.33384633 60833.33866132 2
FO-29                60833.54292802 60833.54837598 3
FO-29                60833.61193880 60833.62274182 31
FO-29                60833.68475678 60833.69576285 36
FO-29                60834.07729400 60834.08256297 2
FO-29                60834.14743018 60834.16112078 35
FO-29                60834.22034205 60834.23430506 52
FO-29                60834.29416077 60834.30405722 11
FO-29                60834.57499076 60834.58398612 13
FO-29                60834.64603616 60834.65757053 72
FO-29                60834.72064415 60834.72987548 13
FO-29                60835.10974298 60835.12109662 14
FO-29                60835.18190439 60835.19631802 74
FO-29                60835.25524710 60835.26790104 26
FO-29                60835.32986574 60835.33550699 3
FO-29                60835.53937472 60835.54467825 3
FO-29                60835.60822210 60835.61908396 30
FO-29                60835.68089737 60835.69214744 39
FO-29                60836.14374796 60836.15740111 33
FO-29                60836.21661209 60836.23073168 56
FO-29                60836.29036610 60836.30066046 12
FO-29                60836.57134559 60836.58032017 12
FO-29                60836.64225523 60836.65393021 68
FO-29                60836.71667179 60836.72632610 15
FO-29                60837.10612237 60837.11725927 13
FO-29                60837.17820041 60837.19266790 70
FO-29                60837.25149918 60837.26439792 28
FO-29                60837.32594671 60837.33229179 4
FO-29                60837.53582747 60837.54098717 3
FO-29                60837.60450957 60837.61543222 28
FO-29                60837.67704413 60837.68853524 43
FO-29                60837.75418849 60837.75936427 3
FO-29                60838.14007724 60838.15366733 31
FO-29                60838.21289233 60838.22714529 59
FO-29                60838.28658728 60838.29724571 13
FO-29                60838.56770562 60838.57666063 12
FO-29                60838.63847901 60838.65029483 64
FO-29                60838.71271316 60838.72277293 17
FO-29                60839.10252510 60839.11340136 12
FO-29                60839.17450660 60839.18900447 66
FO-29                60839.24776261 60839.26088081 30
FO-29                60839.32207186 60839.32903160 4
FO-29                60839.53228776 60839.53730158 3
FO-29                60839.60080209 60839.61178600 27
FO-29                60839.67319756 60839.68492594 47
FO-29                60839.74992448 60839.75606303 4
FO-29                60840.13641783 60840.14991869 29
FO-29                60840.20918276 60840.22354572 63
FO-29                60840.28282341 60840.29381323 14
FO-29                60840.56407186 60840.57300669 11
FO-29                60840.63470825 60840.64666390 60
FO-29                60840.70876773 60840.71921672 19
FO-29                60841.09893961 60841.10952066 11
FO-29                60841.17082304 60841.18532766 62
FO-29                60841.24403719 60841.25734895 31
FO-29                60841.31823150 60841.32573521 5
FO-29                60841.52875727 60841.53361961 2
FO-29                60841.59710055 60841.60814462 26
FO-29                60841.66935817 60841.68131915 52
FO-29                60841.74573468 60841.75269902 5
FO-29                60842.13277025 60842.14615447 27
FO-29                60842.20548331 60842.21993235 67
FO-29                60842.27907371 60842.29036303 15
FO-29                60842.56044537 60842.56935747 11
FO-29                60842.63094367 60842.64303680 57
FO-29                60842.70483514 60842.71565793 21
FO-29                60843.09537397 60843.10561534 10
FO-29                60843.16714973 60843.18163678 58
FO-29                60843.24032268 60843.25380230 34
FO-29                60843.31441949 60843.32240786 6
FO-29                60843.52523789 60843.52993953 2
FO-29                60843.59340584 60843.60450735 24
FO-29                60843.66552625 60843.67771444 56
FO-29                60843.74159746 60843.74929379 7
FO-29                60844.12913470 60844.14237397 25
FO-29                60844.20179385 60844.21630488 71
FO-29                60844.27533746 60844.28689544 17
FO-29                60844.55682722 60844.56571195 10
FO-29                60844.62718604 60844.63941288 53
FO-29                60844.70091516 60844.71209642 24
FO-29                60845.09183023 60845.10168270 9
FO-29                60845.16348667 60845.17793168 55
FO-29                60845.23661878 60845.25024065 36
FO-29                60845.31063166 60845.31905292 7
FO-29                60845.58971866 60845.60087336 23
FO-29                60845.66170278 60845.67411127 60
FO-29                60845.73750111 60845.74585892 8
FO-29                60846.12551146 60846.13857649 24
FO-29                60846.19811422 60846.21266328 75
FO-29                60846.27161398 60846.28341050 18
FO-29                60846.55321852 60846.56206905 10
FO-29                60846.62343610 60846.63579144 50
FO-29                60846.69700748 60846.70853252 26
FO-29                60847.08831109 60847.09771939 8
FO-29                60847.15983375 60847.17421162 51
FO-29                60847.23292517 60847.24666385 38
SO-50                60833.12586049 60833.13399599 18
SO-50                60833.19444959 60833.20379550 50
SO-50                60833.26562126 60833.27298937 10
SO-50                60833.33830077 60833.34266806 2
SO-50                60833.40899654 60833.41492651 5
SO-50                60833.47820331 60833.48718368 22
SO-50                60833.54754063 60833.55722199 56
SO-50                60833.61835037 60833.62396413 5
SO-50                60834.13830874 60834.14736771 38
SO-50                60834.20789159 60834.21683017 27
SO-50                60834.27979984 60834.28602863 6
SO-50                60834.35220340 60834.35644431 2
SO-50                60834.42205389 60834.42920381 9
SO-50                60834.49121040 60834.50077506 39
SO-50                60834.56079908 60834.56988258 27
SO-50                60835.08362216 60835.09024481 9
SO-50                60835.15115199 60835.16055677 83
SO-50                60835.22161872 60835.22982969 16
SO-50                60835.29408880 60835.29917920 4
SO-50                60835.36566794 60835.37062151 3
SO-50                60835.43504994 60835.44328915 14
SO-50                60835.50426325 60835.51406410 78
SO-50                60835.57429224 60835.58208262 13
SO-50                60836.09558624 60836.10389993 20
SO-50                60836.16432511 60836.17363915 46
SO-50                60836.23560570 60836.24282710 9
SO-50                60836.30828181 60836.31258568 2
SO-50                60836.37884098 60836.38494776 6
SO-50                60836.44803328 60836.45711707 24
SO-50                60836.51739793 60836.52702914 50
SO-50                60836.58840066 60836.59349054 4
SO-50                60837.10808822 60837.11723007 43
SO-50                60837.17779919 60837.18665843 25
SO-50                60837.24979839 60837.25586794 6
SO-50                60837.32211334 60837.32641703 2
SO-50                60837.39187738 60837.39919460 9
SO-50                60837.46103644 60837.47065785 43
SO-50                60837.53067235 60837.53962467 24
SO-50                60838.05324698 60838.06018731 10
SO-50                60838.12097161 60838.13039195 84
SO-50                60838.19155540 60838.19964700 15
SO-50                60838.26407948 60838.26903558 3
SO-50                60838.33551759 60838.34062224 4
SO-50                60838.40486091 60838.41323719 15
SO-50                60838.47408953 60838.48389412 86
SO-50                60838.54420492 60838.55173612 11
SO-50                60839.06529592 60839.07377045 22
SO-50                60839.13417915 60839.14345461 41
SO-50                60839.20556598 60839.21263878 9
SO-50                60839.27822741 60839.28248446 2
SO-50                60839.34865604 60839.35493870 6
SO-50                60839.41783681 60839.42701699 26
SO-50                60839.48723096 60839.49680234 45
SO-50                60839.55846546 60839.56294478 3
SO-50                60840.01164193 60840.01589724 3
SO-50                60840.07784827 60840.08706204 48
SO-50                60840.14768461 60840.15645900 23
SO-50                60840.21977051 60840.22568275 5
SO-50                60840.29198721 60840.29636911 2
SO-50                60840.36167308 60840.36915295 10
SO-50                60840.43083651 60840.44050722 47
SO-50                60840.50052304 60840.50933111 22
SO-50                60841.02286353 60841.03008910 11
SO-50                60841.09077044 60841.10019818 77
SO-50                60841.16146905 60841.16943746 14
SO-50                60841.23403923 60841.23887005 3
SO-50                60841.30533523 60841.31059644 4
SO-50                60841.37464498 60841.38315198 16
SO-50                60841.44389068 60841.45369069 86
SO-50                60841.51410052 60841.52134851 10
SO-50                60842.03498873 60842.04360823 25
SO-50                60842.10401154 60842.11324198 38
SO-50                60842.17550177 60842.18242453 8
SO-50                60842.24813701 60842.25236446 2
SO-50                60842.31844203 60842.32489890 6
SO-50                60842.38761393 60842.39688352 28
SO-50                60842.45703959 60842.46654158 41
SO-50                60842.98106194 60842.98592680 4
SO-50                60843.04758875 60843.05686393 54
SO-50                60843.11754767 60843.12623237 21
SO-50                60843.18971553 60843.19547303 5
SO-50                60843.26182549 60843.26629966 3
SO-50                60843.33144115 60843.33907870 11
SO-50                60843.40061067 60843.41032327 52
SO-50                60843.47035149 60843.47900203 20
SO-50                60843.99246951 60843.99995230 13
SO-50                60844.06054825 60844.06997563 70
SO-50                60844.13135944 60844.13920118 13
SO-50                60844.20396738 60844.20868317 3
SO-50                60844.27512145 60844.28054317 4
SO-50                60844.34440217 60844.35303355 18
SO-50                60844.41366649 60844.42345387 78
SO-50                60844.48402497 60844.49091768 9
SO-50                60845.00466398 60845.01341381 27
SO-50                60845.07382208 60845.08300140 35
SO-50                60845.14541294 60845.15218450 8
SO-50                60845.21801034 60845.22222558 2
SO-50                60845.28819925 60845.29482804 7
SO-50                60845.35736470 60845.36671678 30
HO-68                60833.28646905 60833.29698936 12
HO-68                60833.36042097 60833.37412284 77
HO-68                60833.43562804 60833.44749939 23
HO-68                60833.51202288 60833.51692512 2
HO-68                60833.72476638 60833.73475385 12
HO-68                60833.79683803 60833.81026731 60
HO-68                60833.87238031 60833.88486143 27
HO-68                60834.27511649 60834.28424107 8
HO-68                60834.34862546 60834.36223066 59
HO-68                60834.42370155 60834.43613855 29
HO-68                60834.49974809 60834.50636752 4
HO-68                60834.71373523 60834.72273849 9
HO-68                60834.78522636 60834.79839694 46
HO-68                60834.86019438 60834.87317790 35
HO-68                60835.26401823 60835.27114669 4
HO-68                60835.33686050 60835.35024811 45
HO-68                60835.41179416 60835.42469130 37
HO-68                60835.48761446 60835.49559842 7
HO-68                60835.70287485 60835.71067760 6
HO-68                60835.77369984 60835.78650788 36
HO-68                60835.84811665 60835.86144843 46
HO-68                60835.92719007 60835.93431313 4
HO-68                60836.32512997 60836.33816797 35
HO-68                60836.39990521 60836.41315993 47
HO-68                60836.47555420 60836.48468304 9
HO-68                60836.69211651 60836.69853832 4
HO-68                60836.76225441 60836.77460066 29
HO-68                60836.83613623 60836.84968257 60
HO-68                60836.91408944 60836.92321015 8
HO-68                60837.31344692 60837.32597908 26
HO-68                60837.38803493 60837.40154630 61
HO-68                60837.46354039 60837.47364776 13
HO-68                60837.75089568 60837.76267434 22
HO-68                60837.82424595 60837.83788672 78
HO-68                60837.90134813 60837.91184770 13
HO-68                60838.30182399 60838.31366488 20
HO-68                60838.37618445 60838.38985085 78
HO-68                60838.45155975 60838.46250646 16
HO-68                60838.73962719 60838.75072718 18
HO-68                60838.81244126 60838.82606544 83
HO-68                60838.88882581 60838.90034223 18
HO-68                60839.29028398 60839.30119889 14
HO-68                60839.36435542 60839.37807288 83
HO-68                60839.43960499 60839.45126738 21
HO-68                60839.72845442 60839.73875569 14
HO-68                60839.80071953 60839.81422190 65
HO-68                60839.87646701 60839.88874356 24
HO-68                60840.27887331 60840.28853568 10
HO-68                60840.35255091 60840.36621028 65
HO-68                60840.42767199 60840.43993661 27
HO-68                60840.50381372 60840.50991381 3
HO-68                60840.71738485 60840.72675364 10
HO-68                60840.78907961 60840.80235830 51
HO-68                60840.86424051 60840.87707850 32
HO-68                60841.26766373 60841.27558338 6
HO-68                60841.34077498 60841.35425916 50
HO-68                60841.41575851 60841.42851814 34
HO-68                60841.49164509 60841.49920441 6
HO-68                60841.70643044 60841.71471009 7
HO-68                60841.77752194 60841.79047597 40
HO-68                60841.85212707 60841.86536376 42
HO-68                60841.93168028 60841.93790367 3
HO-68                60842.25697528 60842.26207199 2
HO-68                60842.32903143 60842.34221327 38
HO-68                60842.40386355 60842.41701514 44
HO-68                60842.47956495 60842.48833410 8
HO-68                60842.69566379 60842.70260517 5
HO-68                60842.76604979 60842.77857519 31
HO-68                60842.84011414 60842.85360963 55
HO-68                60842.91840478 60842.92694759 7
HO-68                60843.31733141 60843.33006300 29
HO-68                60843.39198706 60843.40542926 56
HO-68                60843.46753795 60843.47733724 11
HO-68                60843.68503484 60843.69038430 3
HO-68                60843.75466064 60843.76665586 24
HO-68                60843.82819347 60843.84182360 71
HO-68                60843.90556686 60843.91565372 11
HO-68                60844.30568590 60844.31779399 22
HO-68                60844.38012970 60844.39376155 72
HO-68                60844.45554758 60844.46623036 15
HO-68                60844.74336043 60844.75471652 19
HO-68                60844.81635968 60844.83001076 89
HO-68                60844.89297800 60844.90418953 16
HO-68                60845.29411416 60845.30538380 16
HO-68                60845.36829344 60845.38201170 88
HO-68                60845.44358502 60845.45502361 19
HO-68                60845.73215383 60845.74275442 15
HO-68                60845.80460956 60845.81817473 71
HO-68                60845.88056772 60845.89261884 22
HO-68                60846.28265509 60846.29279517 11
HO-68                60846.35648034 60846.37017814 71
HO-68                60846.43164532 60846.44372327 25
HO-68                60846.50789915 60846.51343181 3
HO-68                60846.72104738 60846.73076435 11
HO-68                60846.79294149 60846.80631800 55
HO-68                60846.86829856 60846.88097432 29
HO-68                60847.27135930 60847.27995794 7
HO-68                60847.34469426 60847.35825763 55
HO-68                60847.41972567 60847.43233406 31
AO-73                60833.36622079 60833.37478770 48
AO-73                60833.43254569 60833.43973141 14
AO-73                60833.81531940 60833.82321725 29
AO-73                60833.88144725 60833.88897422 20
AO-73                60834.36507334 60834.37363835 46
AO-73                60834.43137083 60834.43864112 15
AO-73                60834.81418910 60834.82205246 28
AO-73                60834.88025424 60834.88783855 20
AO-73                60835.36391190 60835.37247061 44
AO-73                60835.43017967 60835.43753295 16
AO-73                60835.81304276 60835.82087038 27
AO-73                60835.87904469 60835.88668562 21
AO-73                60836.36273426 60836.37128439 42
AO-73                60836.42897223 60836.43640684 17
AO-73                60836.81188045 60836.81967101 26
AO-73                60836.87781868 60836.88551548 22
AO-73                60837.36154062 60837.37007960 40
AO-73                60837.42774854 60837.43526254 17
AO-73                60837.81070225 60837.81845431 24
AO-73                60837.87657623 60837.88432803 23
AO-73                60838.36033086 60838.36885617 38
AO-73                60838.42650863 60838.43410038 18
AO-73                60838.80950823 60838.81722026 23
AO-73                60838.87531741 60838.88312329 25
AO-73                60839.35910516 60839.36761400 37
AO-73                60839.42525251 60839.43292011 19
AO-73                60839.80829847 60839.81596881 22
AO-73                60839.87404228 60839.88190125 26
AO-73                60840.35786347 60840.36635299 35
AO-73                60840.42398021 60840.43172173 20
AO-73                60840.80707306 60840.81469989 22
AO-73                60840.87275090 60840.88066190 27
AO-73                60841.35660590 60841.36507306 33
AO-73                60841.42269175 60841.43050507 21
AO-73                60841.80583207 60841.81341355 21
AO-73                60841.87144332 60841.87940522 29
AO-73                60842.35533252 60842.36377411 32
AO-73                60842.42138714 60842.42927015 22
AO-73                60842.80457561 60842.81210971 20
AO-73                60842.87011961 60842.87813118 30
AO-73                60843.35404337 60843.36245602 30
AO-73                60843.42006640 60843.42801690 23
AO-73                60843.80330395 60843.81078850 19
AO-73                60843.86877982 60843.87683977 32
AO-73                60844.35273854 60844.36111871 29
AO-73                60844.41872955 60844.42674527 24
AO-73                60844.80201682 60844.80944951 18
AO-73                60844.86742402 60844.87553097 34
AO-73                60845.35141809 60845.35976206 27
AO-73                60845.41737661 60845.42545521 25
AO-73                60845.80071451 60845.80809285 17
AO-73                60845.86605227 60845.87420476 36
AO-73                60846.35008208 60846.35838595 26
AO-73                60846.41600758 60846.42414665 26
AO-73                60846.79939712 60846.80671848 17
AO-73                60846.86466462 60846.87286112 38
AO-73                60847.34873059 60847.35699028 25
AO-73                60847.41462249 60847.42281955 27
AO-73                60847.79806477 60847.80532632 16
AO-73                60847.86326115 60847.87150001 40
AO-73                60848.34736370 60848.35557491 24
AO-73                60848.41322134 60848.42147385 29
AO-73                60848.79671758 60848.80391631 15
AO-73                60848.86184192 60848.87012142 42
AO-73                60849.34598148 60849.35413973 23
AO-73                60849.41181012 60849.42011615 30
AO-73                60849.79535567 60849.80248836 14
AO-73                60849.86040699 60849.86872532 45
AO-73                60850.34458403 60850.35268459 22
AO-73                60850.41037691 60850.41873306 32
AO-73                60850.79397917 60850.80104241 14
AO-73                60850.85895643 60850.86731168 48
AO-73                60851.34317173 60851.35120936 20
AO-73                60851.40892767 60851.41733121 33
AO-73                60851.79258822 60851.79957836 13
AO-73                60851.85749031 60851.86588047 51
AO-73                60852.34174411 60852.34971389 19
AO-73                60852.40746242 60852.41591054 35
AO-73                60852.79118296 60852.79809610 13
AO-73                60852.85600868 60852.86443167 55
AO-73                60852.92476128 60852.92852386 2
AO-73                60853.34030156 60853.34819801 18
AO-73                60853.40598117 60853.41447100 37
AO-73                60853.47348611 60853.47705885 2
AO-73                60853.78976355 60853.79659553 12
AO-73                60853.85451163 60853.86296523 58
AO-73                60853.92308800 60853.92718895 3
AO-73                60854.33884419 60854.34666156 17
AO-73                60854.40448392 60854.41301254 39
AO-73                60854.47189187 60854.47574053 2
AO-73                60854.78833015 60854.79507653 11
AO-73                60854.85299922 60854.86148114 63
AO-73                60854.92141276 60854.92582282 3
AO-73                60855.33737213 60855.34510435 17
AO-73                60855.40297068 60855.41153509 41
AO-73                60855.47029051 60855.47439474 3
AO-73                60855.78688294 60855.79353896 11
AO-73                60855.85147151 60855.85997936 67
AO-73                60855.91973260 60855.92442833 4
TITA                 60833.09514634 60833.10250331 20
TITA                 60833.16036962 60833.16812660 28
TITA                 60833.64177287 60833.64975331 25
TITA                 60833.70734315 60833.71511200 24
TITA                 60834.08870368 60834.09574166 16
TITA                 60834.15358566 60834.16152807 37
TITA                 60834.63519694 60834.64291159 20
TITA                 60834.70060722 60834.70861888 31
TITA                 60835.08229235 60835.08894623 12
TITA                 60835.14682846 60835.15489822 50
TITA                 60835.62863889 60835.63601045 16
TITA                 60835.69387055 60835.70207217 39
TITA                 60835.76097466 60835.76444598 2
TITA                 60836.07591762 60836.08211205 10
TITA                 60836.14009600 60836.14823907 67
TITA                 60836.20802441 60836.21226271 3
TITA                 60836.62210505 60836.62904226 12
TITA                 60836.68709387 60836.69547649 52
TITA                 60836.75387920 60836.75841045 4
TITA                 60837.06958785 60837.07523121 7
TITA                 60837.13334279 60837.14154901 87
TITA                 60837.20073060 60837.20597633 6
TITA                 60837.61560640 60837.62199577 9
TITA                 60837.68036530 60837.68883889 69
TITA                 60837.74688708 60837.75222706 6
TITA                 60838.06331719 60838.06829018 5
TITA                 60838.12665619 60838.13483506 67
TITA                 60838.19356363 60838.19956149 8
TITA                 60838.60916082 60838.61485194 6
TITA                 60838.67364077 60838.68215601 88
TITA                 60838.73994907 60838.74594536 8
TITA                 60839.05713276 60839.06126157 3
TITA                 60839.11999222 60839.12809450 49
TITA                 60839.18647748 60839.19306352 11
TITA                 60839.60280343 60839.60757444 4
TITA                 60839.66692079 60839.67542736 67
TITA                 60839.73304389 60839.73958665 11
TITA                 60840.11335140 60840.12132732 37
TITA                 60840.17945017 60840.18650374 15
TITA                 60840.66020638 60840.66865198 50
TITA                 60840.72616042 60840.73316283 14
TITA                 60841.10673399 60841.11453305 29
TITA                 60841.17246916 60841.17989429 19
TITA                 60841.65349599 60841.66182832 38
TITA                 60841.71929174 60841.72668092 17
TITA                 60842.10014159 60842.10771063 22
TITA                 60842.16552625 60842.17324322 25
TITA                 60842.64679664 60842.65495412 29
TITA                 60842.71243359 60842.72014524 22
TITA                 60843.09357637 60843.10085867 18
TITA                 60843.15861626 60843.16655540 33
TITA                 60843.64010901 60843.64802616 23
TITA                 60843.70558915 60843.71356579 28
TITA                 60844.08704139 60844.09397421 14
TITA                 60844.15173555 60844.15983444 44
TITA                 60844.63343757 60844.64103987 18
TITA                 60844.69874480 60844.70693101 35
TITA                 60845.08054115 60845.08705354 11
TITA                 60845.14488159 60845.15308284 59
TITA                 60845.21307633 60845.21690537 3
TITA                 60845.62678774 60845.63398900 14
TITA                 60845.69186084 60845.70024571 46
TITA                 60845.75874933 60845.76297792 3
TITA                 60846.07408233 60846.08009043 8
TITA                 60846.13805275 60846.14630230 80
TITA                 60846.20559521 60846.21058906 5
TITA                 60846.62016884 60846.62686352 10
TITA                 60846.68502560 60846.69351741 61
TITA                 60846.75162350 60846.75673554 5
TITA                 60847.06767566 60847.07307452 6
TITA                 60847.13120357 60847.13949097 75
TITA                 60847.19827475 60847.20411113 7
TITA                 60847.61359555 60847.61964795 7
TITA                 60847.67819467 60847.68674281 81
TITA                 60847.74456440 60847.75038117 7
TITA                 60848.06134038 60848.06598709 4
TITA                 60848.12442218 60848.13265565 56
TITA                 60848.19104976 60848.19753644 10
TITA                 60848.60709492 60848.61231416 5
TITA                 60848.67136841 60848.67992161 75
TITA                 60848.73754449 60848.74394279 10
TITA                 60849.05517237 60849.05878663 2
TITA                 60849.11766500 60849.12579338 42
TITA                 60849.18389172 60849.19089273 14
TITA                 60849.60072701 60849.60479945 3
TITA                 60849.66454762 60849.67305299 56
TITA                 60849.73054951 60849.73743465 13
TITA                 60850.11093170 60850.11890388 32
TITA                 60850.17678520 60850.18419494 18
TITA                 60850.65773112 60850.66613556 42
TITA                 60850.72357170 60850.73086527 16
TITA                 60851.10422389 60851.11198637 25
TITA                 60851.16972050 60851.17745257 23
TITA                 60851.65092531 60851.65916722 32
TITA                 60851.71660590 60851.72423970 20
TITA                 60852.09754360 60852.10503938 20
TITA                 60852.16269153 60852.17067135 30
TITA                 60852.64413066 60852.65214497 25
TITA                 60852.70964889 60852.71756184 26
NOAA-15              60833.00970026 60833.02024671 76
NOAA-15              60833.08037765 60833.08888458 13
NOAA-15              60833.51957558 60833.52959329 28
NOAA-15              60833.58877688 60833.59898178 38
NOAA-15              60833.65946420 60833.66482335 4
NOAA-15              60833.92552981 60833.93158670 5
NOAA-15              60833.99176926 60834.00204413 44
NOAA-15              60834.06145971 60834.07111947 23
NOAA-15              60834.50173531 60834.51083077 16
NOAA-15              60834.57054767 60834.58112944 64
NOAA-15              60834.64068352 60834.64806731 9
NOAA-15              60834.97405790 60834.98376514 27
NOAA-15              60835.04288579 60835.05318142 40
NOAA-15              60835.48413594 60835.49167664 8
NOAA-15              60835.55239351 60835.56306494 76
NOAA-15              60835.62217396 60835.63090962 15
NOAA-15              60835.95657665 60835.96539889 16
NOAA-15              60836.02456082 60836.03512909 70
NOAA-15              60836.09620575 60836.10324391 7
NOAA-15              60836.46711033 60836.47177716 3
NOAA-15              60836.53432374 60836.54478145 44
NOAA-15              60836.60379097 60836.61347087 25
NOAA-15              60836.93936642 60836.94691289 10
NOAA-15              60837.00645678 60837.01698872 69
NOAA-15              60837.07692533 60837.08571637 15
NOAA-15              60837.51635733 60837.52625535 26
NOAA-15              60837.58549703 60837.59579577 41
NOAA-15              60837.65606854 60837.66185586 5
NOAA-15              60837.92252788 60837.92821354 5
NOAA-15              60837.98856456 60837.99877112 40
NOAA-15              60838.05809958 60838.06791047 26
NOAA-15              60838.49854735 60838.50743267 15
NOAA-15              60838.56727907 60838.57790380 70
NOAA-15              60838.63734441 60838.64500995 10
NOAA-15              60838.97088945 60838.98047654 25
NOAA-15              60839.03957033 60839.04994751 44
NOAA-15              60839.11260927 60839.11713053 2
NOAA-15              60839.48100806 60839.48818658 7
NOAA-15              60839.54913706 60839.55979947 69
NOAA-15              60839.61886049 60839.62779488 17
NOAA-15              60839.95344941 60839.96209116 15
NOAA-15              60840.02128327 60840.03187645 77
NOAA-15              60840.09269978 60840.10012406 8
NOAA-15              60840.53107986 60840.54147345 40
NOAA-15              60840.60049335 60840.61030986 27
NOAA-15              60840.93629110 60840.94357662 9
NOAA-15              60841.00321448 60841.01372032 63
NOAA-15              60841.07350814 60841.08252987 16
NOAA-15              60841.51313595 60841.52289808 23
NOAA-15              60841.58221162 60841.59259326 45
NOAA-15              60841.65264588 60841.65886085 6
NOAA-15              60841.91958868 60841.92481835 4
NOAA-15              60841.98535824 60841.99548782 37
NOAA-15              60842.05473864 60842.06468873 28
NOAA-15              60842.49535980 60842.50401157 13
NOAA-15              60842.56400502 60842.57466159 77
NOAA-15              60842.63400362 60842.64193169 11
NOAA-15              60842.96771905 60842.97717706 23
NOAA-15              60843.03625266 60843.04670214 49
NOAA-15              60843.10891870 60843.11415655 3
NOAA-15              60843.47789090 60843.48466212 6
NOAA-15              60843.54587520 60843.55651697 63
NOAA-15              60843.61554274 60843.62466218 18
NOAA-15              60843.95032162 60843.95877143 14
NOAA-15              60844.01800297 60844.02861302 84
NOAA-15              60844.08920448 60844.09698067 10
NOAA-15              60844.52783342 60844.53814741 36
NOAA-15              60844.59719051 60844.60713173 30
NOAA-15              60844.66827298 60844.67229269 2
NOAA-15              60844.93321849 60844.94022540 8
NOAA-15              60844.99996925 60845.01044112 57
NOAA-15              60845.07009289 60845.07932827 18
NOAA-15              60845.50991191 60845.51952078 21
NOAA-15              60845.57892064 60845.58937396 49
NOAA-15              60845.64926228 60845.65583549 6
NOAA-15              60845.91661444 60845.92139457 3
NOAA-15              60845.98214839 60845.99219371 34
NOAA-15              60846.05137688 60846.06145435 31
NOAA-15              60846.49217357 60846.50056590 12
NOAA-15              60846.56072541 60846.57140255 83
NOAA-15              60846.63066050 60846.63883322 12
NOAA-15              60846.96454719 60846.97386634 21
NOAA-15              60847.03293296 60847.04344549 54
NOAA-15              60847.10527701 60847.11112143 4
NOAA-15              60847.47478904 60847.48109824 5
NOAA-15              60847.54260837 60847.55321713 57
NOAA-15              60847.61222050 60847.62151121 20
NOAA-15              60847.94719400 60847.95543915 13
NOAA-15              60848.01472021 60848.02533864 88
NOAA-15              60848.08571781 60848.09381553 11
NOAA-15              60848.52458285 60848.53480278 33
NOAA-15              60848.59388234 60848.60393640 32
NOAA-15              60848.66478954 60848.66937904 3
NOAA-15              60848.93015023 60848.93685796 7
NOAA-15              60848.99672162 60849.00715132 52
NOAA-15              60849.06667954 60849.07611155 20
NOAA-15              60849.50668570 60849.51612268 19
NOAA-15              60849.57562406 60849.58613793 54
NOAA-15              60849.64588126 60849.65278465 7
NOAA-18              60833.08066143 60833.08789724 8
NOAA-18              60833.14792893 60833.15873823 55
NOAA-18              60833.21856727 60833.22830733 20
NOAA-18              60833.66264223 60833.67254750 23
NOAA-18              60833.73231037 60833.74295184 48
NOAA-18              60833.80327897 60833.80994544 6
NOAA-18              60834.07237151 60834.07865136 5
NOAA-18              60834.13911040 60834.14972502 43
NOAA-18              60834.20930262 60834.21947808 26
NOAA-18              60834.65383543 60834.66324199 17
NOAA-18              60834.72330598 60834.73410586 62
NOAA-18              60834.79406239 60834.80159834 9
NOAA-18              60835.06426789 60835.06930720 3
NOAA-18              60835.13034474 60835.14069383 34
NOAA-18              60835.20010879 60835.21061179 34
NOAA-18              60835.64508138 60835.65384631 13
NOAA-18              60835.71431866 60835.72520841 80
NOAA-18              60835.78489639 60835.79316025 12
NOAA-18              60836.12163079 60836.13164387 27
NOAA-18              60836.19097843 60836.20171515 44
NOAA-18              60836.26472798 60836.26951288 3
NOAA-18              60836.63639994 60836.64433878 9
NOAA-18              60836.70534912 60836.71625916 80
NOAA-18              60836.77576689 60836.78464597 15
NOAA-18              60837.11297257 60837.12257351 21
NOAA-18              60837.18190645 60837.19279254 57
NOAA-18              60837.25473740 60837.26122099 5
NOAA-18              60837.62782774 60837.63468033 6
NOAA-18              60837.69639874 60837.70725702 62
NOAA-18              60837.76666576 60837.77606449 19
NOAA-18              60838.10437330 60838.11348016 17
NOAA-18              60838.17288940 60838.18384723 74
NOAA-18              60838.24502702 60838.25269136 9
NOAA-18              60838.61945524 60838.62478370 3
NOAA-18              60838.68746960 60838.69819998 47
NOAA-18              60838.75758801 60838.76742161 25
NOAA-18              60839.09583837 60839.10435924 13
NOAA-18              60839.16392497 60839.17488146 86
NOAA-18              60839.23545121 60839.24403745 12
NOAA-18              60839.67856213 60839.68908499 36
NOAA-18              60839.74853053 60839.75872143 31
NOAA-18              60839.82010208 60839.82461170 3
NOAA-18              60840.08737534 60840.09520423 10
NOAA-18              60840.15501185 60840.16589673 67
NOAA-18              60840.22602439 60840.23529947 16
NOAA-18              60840.66968441 60840.67990731 28
NOAA-18              60840.73949140 60840.74996661 39
NOAA-18              60840.81070197 60840.81651794 5
NOAA-18              60841.07899699 60841.08600321 7
NOAA-18              60841.14614943 60841.15689391 52
NOAA-18              60841.21669209 60841.22650309 21
NOAA-18              60841.66084069 60841.67066029 22
NOAA-18              60841.73046959 60841.74115909 51
NOAA-18              60841.80138937 60841.80826171 7
NOAA-18              60842.07072530 60842.07673483 5
NOAA-18              60842.13733813 60842.14787337 40
NOAA-18              60842.20743897 60842.21766230 27
NOAA-18              60842.65203980 60842.66133440 17
NOAA-18              60842.72146468 60842.73229972 66
NOAA-18              60842.79218092 60842.79989153 10
NOAA-18              60843.06266170 60843.06735222 3
NOAA-18              60843.12857990 60843.13883446 32
NOAA-18              60843.19825500 60843.20878593 35
NOAA-18              60843.64329496 60843.65191460 12
NOAA-18              60843.71247713 60843.72338883 84
NOAA-18              60843.78301945 60843.79143400 13
NOAA-18              60844.11987401 60844.12977674 25
NOAA-18              60844.18913335 60844.19988029 46
NOAA-18              60844.26266589 60844.26783168 3
NOAA-18              60844.63462845 60844.64237680 9
NOAA-18              60844.70350756 60844.71442592 76
NOAA-18              60844.77389250 60844.78290243 16
NOAA-18              60845.11122444 60845.12069805 20
NOAA-18              60845.18006931 60845.19094939 60
NOAA-18              60845.25274376 60845.25947349 6
NOAA-18              60845.62608264 60845.63267584 6
NOAA-18              60845.69455754 60845.70540973 58
NOAA-18              60845.76479274 60845.77430516 21
NOAA-18              60846.10263488 60846.11159538 16
NOAA-18              60846.17105966 60846.18199630 78
NOAA-18              60846.24306861 60846.25091017 9
NOAA-18              60846.61776794 60846.62270426 3
NOAA-18              60846.68562935 60846.69633804 45
NOAA-18              60846.75571563 60846.76564736 26
NOAA-18              60847.09411122 60847.10246413 12
NOAA-18              60847.16210232 60847.17302311 82
NOAA-18              60847.23351561 60847.24223402 13
NOAA-18              60847.67672342 60847.68720737 34
NOAA-18              60847.74665835 60847.75693279 33
NOAA-18              60847.81813463 60847.82298169 3
NOAA-18              60848.08566171 60848.09329645 9
NOAA-18              60848.15319614 60848.16403120 64
NOAA-18              60848.22410594 60848.23347959 17
NOAA-18              60848.66784850 60848.67801301 27
NOAA-18              60848.73761919 60848.74816428 42
NOAA-18              60848.80873166 60848.81484407 5
NOAA-18              60849.07730098 60849.08407907 7
NOAA-18              60849.14434082 60849.15502129 49
NOAA-18              60849.21478717 60849.22467009 22
NOAA-19              60833.01820734 60833.02238937 2
NOAA-19              60833.08388617 60833.09400608 29
NOAA-19              60833.15341507 60833.16400730 39
NOAA-19              60833.59866087 60833.60707609 11
NOAA-19              60833.66772985 60833.67877477 86
NOAA-19              60833.73818624 60833.74701919 15
NOAA-19              60834.07535257 60834.08510812 23
NOAA-19              60834.14447437 60834.15525630 51
NOAA-19              60834.21767340 60834.22342991 4
NOAA-19              60834.59019019 60834.59765440 8
NOAA-19              60834.65893075 60834.66995269 68
NOAA-19              60834.72923971 60834.73861323 18
NOAA-19              60835.06687504 60835.07618938 18
NOAA-19              60835.13558840 60835.14648184 66
NOAA-19              60835.20802064 60835.21514545 7
NOAA-19              60835.58186081 60835.58804841 5
NOAA-19              60835.65015139 60835.66107783 52
NOAA-19              60835.72031666 60835.73014607 23
NOAA-19              60836.05845673 60836.06724655 15
NOAA-19              60836.12675442 60836.13768648 85
NOAA-19              60836.19856918 60836.20669917 10
NOAA-19              60836.64139416 60836.65214766 41
NOAA-19              60836.71141375 60836.72162201 29
NOAA-19              60836.78307826 60836.78729264 2
NOAA-19              60837.05010373 60837.05827470 11
NOAA-19              60837.11797072 60837.12887203 76
NOAA-19              60837.18922033 60837.19815750 14
NOAA-19              60837.63265952 60837.64315834 31
NOAA-19              60837.70252889 60837.71304387 36
NOAA-19              60837.77380471 60837.77940230 4
NOAA-19              60838.04182526 60838.04926561 9
NOAA-19              60838.10923641 60838.12003966 59
NOAA-19              60838.18000390 60838.18954665 19
NOAA-19              60838.62395701 60838.63410473 24
NOAA-19              60838.69366086 60838.70441379 46
NOAA-19              60838.76463535 60838.77133379 6
NOAA-19              60839.03363619 60839.04020498 6
NOAA-19              60839.10055135 60839.11118997 46
NOAA-19              60839.17087133 60839.18088610 24
NOAA-19              60839.61529167 60839.62497878 19
NOAA-19              60839.68480913 60839.69573279 59
NOAA-19              60839.75557540 60839.76314588 9
NOAA-19              60840.02561668 60840.03106602 4
NOAA-19              60840.09191729 60840.10232302 36
NOAA-19              60840.16181058 60840.17218672 31
NOAA-19              60840.60667353 60840.61576892 14
NOAA-19              60840.67597381 60840.68700144 76
NOAA-19              60840.74656516 60840.75486839 12
NOAA-19              60841.01773468 60841.02177803 2
NOAA-19              60841.08333264 60841.09343832 28
NOAA-19              60841.15281360 60841.16345567 40
NOAA-19              60841.59811948 60841.60645752 11
NOAA-19              60841.66715529 60841.67821957 84
NOAA-19              60841.73759076 60841.74651579 15
NOAA-19              60842.07480105 60842.08453466 23
NOAA-19              60842.14387484 60842.15469795 52
NOAA-19              60842.21696261 60842.22294798 4
NOAA-19              60842.58965738 60842.59701364 7
NOAA-19              60842.65835484 60842.66938631 66
NOAA-19              60842.72864419 60842.73809694 19
NOAA-19              60843.06632507 60843.07561002 18
NOAA-19              60843.13499045 60843.14591708 68
NOAA-19              60843.20733760 60843.21463190 7
NOAA-19              60843.58134572 60843.58737572 4
NOAA-19              60843.64957432 60843.66049999 51
NOAA-19              60843.71972048 60843.72961754 24
NOAA-19              60844.05790909 60844.06666094 14
NOAA-19              60844.12615786 60844.13711558 87
NOAA-19              60844.19790130 60844.20616640 11
NOAA-19              60844.64081418 60844.65155793 39
NOAA-19              60844.71081650 60844.72108172 30
NOAA-19              60844.78241175 60844.78685662 2
NOAA-19              60845.04955917 60845.05768228 11
NOAA-19              60845.11737544 60845.12829517 74
NOAA-19              60845.18856180 60845.19761064 15
NOAA-19              60845.63208116 60845.64255615 31
NOAA-19              60845.70193031 60845.71249207 37
NOAA-19              60845.77312869 60845.77893175 4
NOAA-19              60846.04128490 60846.04866543 8
NOAA-19              60846.10864240 60846.11945696 57
NOAA-19              60846.17935232 60846.18898869 19
NOAA-19              60846.62337900 60846.63348919 24
NOAA-19              60846.69306080 60846.70385042 48
NOAA-19              60846.76400240 60846.77083721 7
NOAA-19              60847.03310198 60847.03959532 6
NOAA-19              60847.09995868 60847.11060148 44
NOAA-19              60847.17022474 60847.18031869 25
NOAA-19              60847.61471504 60847.62434870 18
NOAA-19              60847.68420753 60847.69515806 61
NOAA-19              60847.75494725 60847.76263122 9
NOAA-19              60848.02509262 60848.03044322 4
NOAA-19              60848.09132611 60848.10172874 35
NOAA-19              60848.16116780 60848.17161094 32
NOAA-19              60848.60609987 60848.61512253 14
NOAA-19              60848.67537067 60848.68641533 78
NOAA-19              60848.74593920 60848.75433812 12
NOAA-19              60849.08274319 60849.09283817 28
NOAA-19              60849.15217384 60849.16287229 42
NOAA-19              60849.22612910 60849.23050408 2
METOA                60833.11572323 60833.12191952 6
METOA                60833.18014982 60833.19011832 51
METOA                60833.24788090 60833.25692021 19
METOA                60833.67551391 60833.68121482 6
METOA                60833.74159547 60833.75017492 77
METOA                60833.80953249 60833.81551386 8
METOA                60834.13265627 60834.14040790 12
METOA                60834.19804464 60834.20817480 84
METOA                60834.26680235 60834.27448319 10
METOA                60834.69296856 60834.70017302 14
METOA                60834.75972380 60834.76802876 42
METOA                60834.82829192 60834.83217843 3
METOA                60835.14991075 60835.15871770 20
METOA                60835.21615232 60835.22614176 51
METOA                60835.28626335 60835.29161617 4
METOA                60835.71069543 60835.71871755 26
METOA                60835.77789740 60835.78564283 22
METOA                60836.10405023 60836.10811785 2
METOA                60836.16741521 60836.17691382 33
METOA                60836.23449192 60836.24400024 29
METOA                60836.72858029 60836.73697285 52
METOA                60836.79619488 60836.80300484 12
METOA                60837.12048853 60837.12690577 7
METOA                60837.18513910 60837.19501881 58
METOA                60837.25314566 60837.26170589 16
METOA                60837.68032620 60837.68630803 7
METOA                60837.74657374 60837.75498506 70
METOA                60837.81468157 60837.82003084 6
METOA                60838.13748593 60838.14533959 13
METOA                60838.20307552 60838.21303741 77
METOA                60838.27214620 60838.27916242 8
METOA                60838.69783483 60838.70514944 16
METOA                60838.76470878 60838.77277146 35
METOA                60839.15478806 60839.16360950 22
METOA                60839.22122938 60839.23096135 43
METOA                60839.29191644 60839.29600889 2
METOA                60839.71558294 60839.72361245 30
METOA                60839.78289509 60839.79031162 19
METOA                60840.10868516 60840.11311290 3
METOA                60840.17233391 60840.18176987 37
METOA                60840.23962589 60840.24876660 24
METOA                60840.66799793 60840.67197690 3
METOA                60840.73347754 60840.74179839 63
METOA                60840.80122035 60840.80758315 10
METOA                60841.12523110 60841.13180498 8
METOA                60841.19009733 60841.19983917 65
METOA                60841.25835908 60841.26639664 13
METOA                60841.68507354 60841.69134016 9
METOA                60841.75147773 60841.75974498 59
METOA                60841.81978273 60841.82446911 4
METOA                60842.14228557 60842.15019073 14
METOA                60842.20807518 60842.21781928 67
METOA                60842.27750364 60842.28371607 6
METOA                60842.70262874 60842.71007412 18
METOA                60842.76961967 60842.77746421 29
METOA                60843.15963191 60843.16842318 24
METOA                60843.22627648 60843.23569833 36
METOA                60843.72039596 60843.72845908 35
METOA                60843.78782004 60843.79492924 16
METOA                60844.11325062 60844.11800925 4
METOA                60844.17721634 60844.18654882 41
METOA                60844.24477097 60844.25344345 20
METOA                60844.67254022 60844.67715613 4
METOA                60844.73829970 60844.74657748 76
METOA                60844.80617781 60844.81210570 8
METOA                60845.12994195 60845.13662432 9
METOA                60845.19501932 60845.20458260 73
METOA                60845.26355737 60845.27098824 11
METOA                60845.68975369 60845.69631768 11
METOA                60845.75630630 60845.76445942 50
METOA                60845.82484199 60845.82882562 3
METOA                60846.14704819 60846.15496636 16
METOA                60846.21303829 60846.22252343 57
METOA                60846.28289346 60846.28812237 4
METOA                60846.70734985 60846.71495152 21
METOA                60846.77445531 60846.78211170 25
METOA                60847.16443607 60847.17316315 26
METOA                60847.23128851 60847.24035532 31
METOA                60847.72513455 60847.73326157 42
METOA                60847.79267090 60847.79950075 14
METOA                60848.11784577 60848.12282211 4
METOA                60848.18205835 60848.19125479 46
METOA                60848.24984791 60848.25803663 17
METOA                60848.67704727 60848.68225029 5
METOA                60848.74304671 60848.75131398 87
METOA                60848.81106617 60848.81657741 7
METOA                60849.13461273 60849.14137066 9
METOA                60849.19994603 60849.20925650 80
METOA                60849.26874174 60849.27547715 8
METOA                60849.69436708 60849.70124489 13
METOA                60849.76110200 60849.76913509 42
METOA                60850.15176710 60850.15967194 17
METOA                60850.21799921 60850.22715145 48
METOA                60850.28836866 60850.29233717 2
METOA                60850.71199907 60850.71978523 25
METOA                60850.77921567 60850.78671786 22
METOA                60851.16919440 60851.17783435 29
METOA                60851.23629862 60851.24493321 26
METOA                60851.72979996 60851.73802273 51
METOB                60833.01079009 60833.01765112 7
METOB                60833.07761980 60833.08818971 52
METOB                60833.14784178 60833.15741439 20
METOB                60833.58950427 60833.59914338 21
METOB                60833.65874960 60833.66932271 51
METOB                60833.72930886 60833.73611149 7
METOB                60833.99763324 60834.00271037 3
METOB                60834.06349077 60834.07370534 35
METOB                60834.13300951 60834.14321654 31
METOB                60834.57541608 60834.58411525 13
METOB                60834.64430817 60834.65506725 78
METOB                60834.71454958 60834.72262366 11
METOB                60835.04949781 60835.05917231 24
METOB                60835.11834765 60835.12893492 47
METOB                60835.19140038 60835.19658470 3
METOB                60835.56151788 60835.56879905 7
METOB                60835.62991430 60835.64067872 70
METOB                60835.69989553 60835.70893042 17
METOB                60836.03565363 60836.04458305 16
METOB                60836.10383445 60836.11458905 73
METOB                60836.17564345 60836.18303660 8
METOB                60836.54803324 60836.55296599 3
METOB                60836.61557438 60836.62615180 45
METOB                60836.68531194 60836.69507032 25
METOB                60837.02197854 60837.02992047 11
METOB                60837.08945845 60837.10018995 75
METOB                60837.16032968 60837.16911831 14
METOB                60837.60129662 60837.61147422 30
METOB                60837.67078299 60837.68106253 37
METOB                60837.74175203 60837.74708091 4
METOB                60838.00851464 60838.01514648 6
METOB                60838.07521498 60838.08574322 49
METOB                60838.14532225 60838.15501664 22
METOB                60838.58710628 60838.59662294 19
METOB                60838.65630165 60838.66691760 55
METOB                60838.72680372 60838.73383536 8
METOB                60838.99542262 60839.00015664 3
METOB                60839.06110581 60839.07124999 33
METOB                60839.13051747 60839.14080230 33
METOB                60839.57304034 60839.58155488 12
METOB                60839.64186623 60839.65263979 83
METOB                60839.71206361 60839.72030957 12
METOB                60840.04713388 60840.05670752 23
METOB                60840.11587875 60840.12650816 51
METOB                60840.18869256 60840.19432446 4
METOB                60840.55918300 60840.56617831 7
METOB                60840.62747902 60840.63822841 65
METOB                60840.69742104 60840.70658671 18
METOB                60841.03331320 60841.04210688 15
METOB                60841.10138634 60841.11215196 78
METOB                60841.17303710 60841.18068911 9
METOB                60841.54581679 60841.55020416 2
METOB                60841.61314703 60841.62367725 42
METOB                60841.68284554 60841.69270062 26
METOB                60842.01966643 60842.02742885 10
METOB                60842.08703001 60842.09774370 70
METOB                60842.15777308 60842.16673314 15
METOB                60842.59887959 60842.60897252 28
METOB                60842.66832310 60842.67866916 39
METOB                60842.73920818 60842.74484611 4
METOB                60843.00624096 60843.01262959 6
METOB                60843.07280597 60843.08328814 46
METOB                60843.14279982 60843.15260906 23
METOB                60843.58470433 60843.59408907 18
METOB                60843.65384764 60843.66450150 59
METOB                60843.72429547 60843.73154520 8
METOB                60843.99322195 60843.99758111 2
METOB                60844.05871669 60844.06878623 31
METOB                60844.12802177 60844.13837904 35
METOB                60844.57066249 60844.57897877 11
METOB                60844.63941825 60844.65020121 87
METOB                60844.70957282 60844.71798316 13
METOB                60845.04476616 60845.05423401 21
METOB                60845.11340581 60845.12407270 54
METOB                60845.18600060 60845.19203609 5
METOB                60845.55685187 60845.56353578 6
METOB                60845.62503787 60845.63576674 61
METOB                60845.69494102 60845.70423122 19
METOB                60846.03096985 60846.03962145 14
METOB                60846.09893404 60846.10970635 83
METOB                60846.17043265 60846.17832701 10
METOB                60846.61071226 60846.62119072 39
METOB                60846.68037328 60846.69031968 28
METOB                60847.01735251 60847.02492683 9
METOB                60847.08459738 60847.09528900 66
METOB                60847.15521480 60847.16433706 16
METOB                60847.59645775 60847.60645832 26
METOB                60847.66585722 60847.67626462 41
METOB                60847.73666552 60847.74259304 5
METOB                60848.00396850 60848.01009966 5
METOB                60848.07039291 60848.08082479 43
METOB                60848.14027446 60848.15019171 25
METOB                60848.58229870 60848.59154140 17
METOB                60848.65138782 60848.66207431 63
METOB                60848.72178375 60848.72924130 9
METOB                60849.05632386 60849.06631387 29
METOB                60849.12552246 60849.13594660 38
METOB                60849.56828331 60849.57638623 10
METOB                60849.63696442 60849.64775141 86
