iss                  60803.35543993 60803.36176828 33
iss                  60803.42162604 60803.42921330 64
iss                  60803.48885416 60803.49609453 29
iss                  60803.55695990 60803.56102111 3
iss                  60804.18661798 60804.19327055 16
iss                  60804.25300572 60804.26060915 82
iss                  60804.32035219 60804.32786520 42
iss                  60804.38776139 60804.39531604 51
iss                  60804.45497871 60804.46243806 45
iss                  60804.52261704 60804.52813649 8
iss                  60805.15329817 60805.15921605 10
iss                  60805.21921136 60805.22674317 55
iss                  60805.28640851 60805.29395962 47
iss                  60805.35385819 60805.36137755 43
iss                  60805.42110266 60805.42866984 70
iss                  60805.48850042 60805.49489477 13
iss                  60806.12022530 60806.12495766 5
iss                  60806.18547971 60806.19284149 35
iss                  60806.25245845 60806.26005149 58
iss                  60806.31991484 60806.32741279 40
iss                  60806.38721094 60806.39481003 82
iss                  60806.45448245 60806.46143209 21
iss                  60807.15183510 60807.15888561 23
iss                  60807.21851856 60807.22613690 77
iss                  60807.28593430 60807.29343385 40
iss                  60807.35329226 60807.36087737 61
iss                  60807.42051032 60807.42780427 32
iss                  60807.48849146 60807.49290587 4
iss                  60808.11830696 60808.12484759 15
iss                  60808.18460680 60808.19220843 76
iss                  60808.25192413 60808.25944891 42
iss                  60808.31933864 60808.32688964 49
iss                  60808.38655422 60808.39404429 50
iss                  60808.45412789 60808.45985431 9
iss                  60809.08494702 60809.09068008 9
iss                  60809.15074216 60809.15825532 50
iss                  60809.21789603 60809.22546174 49
iss                  60809.28534551 60809.29286360 42
iss                  60809.35259435 60809.36017583 76
iss                  60809.41995450 60809.42648361 15
iss                  60810.05186952 60810.05627617 4
iss                  60810.11694538 60810.12426305 32
iss                  60810.18386498 60810.19147157 61
iss                  60810.25131234 60810.25881390 40
iss                  60810.31861629 60810.32621901 77
iss                  60810.38586702 60810.39290484 23
iss                  60811.08324227 60811.09021150 21
iss                  60811.14984810 60811.15747375 82
iss                  60811.21724313 60811.22475204 40
iss                  60811.28460932 60811.29219261 58
iss                  60811.35181855 60811.35916759 35
iss                  60811.41968288 60811.42444105 5
iss                  60812.04966536 60812.05606949 13
iss                  60812.11586380 60812.12346006 70
iss                  60812.18314645 60812.19068540 43
iss                  60812.25056604 60812.25811444 47
iss                  60812.31778163 60812.32530272 55
iss                  60812.38529240 60812.39122752 10
iss                  60813.01627460 60813.02178168 8
iss                  60813.08193159 60813.08941885 45
iss                  60813.14903498 60813.15661681 51
iss                  60813.21648267 60813.22400115 41
iss                  60813.28373759 60813.29133315 82
iss                  60813.35106152 60813.35772718 16
iss                  60813.98321760 60813.98721066 3
iss                  60814.04807303 60814.05533439 29
iss                  60814.11492446 60814.12254459 65
iss                  60814.18235966 60814.18986694 40
iss                  60814.24967274 60814.25727883 72
iss                  60814.31690431 60814.32403098 25
iss                  60815.01431600 60815.02118454 19
iss                  60815.08083258 60815.08846321 88
iss                  60815.14820211 60815.15572262 41
iss                  60815.21557699 60815.22315856 55
iss                  60815.28277927 60815.29018304 39
iss                  60815.35053479 60815.35562480 6
iss                  60815.98069673 60815.98693396 12
iss                  60816.04677821 60816.05436359 64
iss                  60816.11401974 60816.12157463 45
iss                  60816.18144364 60816.18899017 45
iss                  60816.24866119 60816.25621229 61
iss                  60816.31611196 60816.32225404 11
iss                  60816.94728716 60816.95251602 7
iss                  60817.01278146 60817.02023306 41
iss                  60817.07982621 60817.08742477 54
iss                  60817.14726982 60817.15479004 41
iss                  60817.21453255 60817.22214095 88
iss                  60817.28182238 60817.28862362 18
iss                  60817.91420890 60817.91774026 2
iss                  60817.97886607 60817.98605465 26
iss                  60818.04563802 60818.05327037 70
iss                  60818.11305709 60818.12057187 40
iss                  60818.18038040 60818.18798884 67
iss                  60818.24759492 60818.25480897 28
iss                  60818.31577145 60818.31958015 3
iss                  60818.94505908 60818.95180310 17
iss                  60819.01147341 60819.01910496 85
iss                  60819.07881176 60819.08634559 41
iss                  60819.14619537 60819.15377480 52
AO-07                60803.49776947 60803.50854842 10
AO-07                60803.57518940 60803.59045869 53
AO-07                60803.65364845 60803.66842782 44
AO-07                60803.73209440 60803.74365320 14
AO-07                60803.80939113 60803.81768000 6
AO-07                60803.88392819 60803.89397023 9
AO-07                60803.95834226 60803.97217942 28
AO-07                60804.03514387 60804.05072042 88
AO-07                60804.11520608 60804.12878726 21
AO-07                60804.53376266 60804.54759173 24
AO-07                60804.61190142 60804.62736444 85
AO-07                60804.69044276 60804.70396555 26
AO-07                60804.76857334 60804.77828226 9
AO-07                60804.84460693 60804.85302714 6
AO-07                60804.91858074 60804.93050058 15
AO-07                60804.99396997 60805.00897823 49
AO-07                60805.07216685 60805.08741295 48
AO-07                60805.15452608 60805.16464453 8
AO-07                60805.49300925 60805.50312551 8
AO-07                60805.57025601 60805.58542471 48
AO-07                60805.64869116 60805.66359603 48
AO-07                60805.72716144 60805.73897492 15
AO-07                60805.80459686 60805.81297684 6
AO-07                60805.87928311 60805.88907295 9
AO-07                60805.95359511 60805.96722290 26
AO-07                60806.03021377 60806.04576716 86
AO-07                60806.11002217 60806.12389969 24
AO-07                60806.52887645 60806.54240659 22
AO-07                60806.60695047 60806.62243152 88
AO-07                60806.68548973 60806.69921431 28
AO-07                60806.76368317 60806.77362996 9
AO-07                60806.83991432 60806.84822248 6
AO-07                60806.91390795 60806.92556285 14
AO-07                60806.98914171 60807.00401815 45
AO-07                60807.06713531 60807.08247745 52
AO-07                60807.14910216 60807.15988336 10
AO-07                60807.48828546 60807.49764669 7
AO-07                60807.56532641 60807.58037526 44
AO-07                60807.64373398 60807.65875255 52
AO-07                60807.72222497 60807.73428970 16
AO-07                60807.79978818 60807.80828498 6
AO-07                60807.87463752 60807.88418374 8
AO-07                60807.94885855 60807.96226742 24
AO-07                60808.02529682 60808.04081240 80
AO-07                60808.10486080 60808.11900348 26
AO-07                60808.52399988 60808.53719764 19
AO-07                60808.60200105 60808.61748566 82
AO-07                60808.68053543 60808.69445269 30
AO-07                60808.75878498 60808.76897734 10
AO-07                60808.83520959 60808.84343230 6
AO-07                60808.90924193 60808.92062897 13
AO-07                60808.98432539 60808.99905790 41
AO-07                60809.06211916 60809.07753856 57
AO-07                60809.14372553 60809.15509274 11
AO-07                60809.48361163 60809.49209825 5
AO-07                60809.56040068 60809.57530981 40
AO-07                60809.63877706 60809.65389730 56
AO-07                60809.71728511 60809.72959694 17
AO-07                60809.79496564 60809.80360328 6
AO-07                60809.86999003 60809.87930377 8
AO-07                60809.94413227 60809.95731375 22
AO-07                60810.02039283 60810.03585632 74
AO-07                60810.09972057 60810.11409965 29
AO-07                60810.51913480 60810.53196318 17
AO-07                60810.59705373 60810.61252666 76
AO-07                60810.67558008 60810.68968047 32
AO-07                60810.75387948 60810.76432344 10
AO-07                60810.83049168 60810.83865697 6
AO-07                60810.90458191 60810.91569931 12
AO-07                60810.97952085 60810.99409779 38
AO-07                60811.05711796 60811.07259661 63
AO-07                60811.13838986 60811.15027849 13
AO-07                60811.47900929 60811.48645767 4
AO-07                60811.55547986 60811.57022763 36
AO-07                60811.63382058 60811.64903017 61
AO-07                60811.71234225 60811.72489610 19
AO-07                60811.79013017 60811.79893031 7
AO-07                60811.86533918 60811.87443378 7
AO-07                60811.93941593 60811.95236169 21
AO-07                60812.01550160 60812.03089912 68
AO-07                60812.09460027 60812.10918909 32
AO-07                60812.17930724 60812.18507668 2
AO-07                60812.51428870 60812.52670076 15
AO-07                60812.59210822 60812.60755425 70
AO-07                60812.67062388 60812.68489744 34
AO-07                60812.74896738 60812.75966713 11
AO-07                60812.82575970 60812.83389661 5
AO-07                60812.89992705 60812.91077469 12
AO-07                60812.97472792 60812.98913792 36
AO-07                60813.05213128 60813.06765191 68
AO-07                60813.13309006 60813.14544484 15
AO-07                60813.47457399 60813.48068123 2
AO-07                60813.55056227 60813.56512810 33
AO-07                60813.62886471 60813.64415101 66
AO-07                60813.70739671 60813.72018670 20
AO-07                60813.78528203 60813.79426462 7
AO-07                60813.86068348 60813.86957466 7
AO-07                60813.93470915 60813.94741167 19
AO-07                60814.01062298 60814.02594098 63
LO-19                60803.52070793 60803.52794143 8
LO-19                60803.58872935 60803.59918518 60
LO-19                60803.65789168 60803.66729249 23
LO-19                60803.72806603 60803.73242499 3
LO-19                60803.99279743 60804.00196671 21
LO-19                60804.06074511 60804.07117128 67
LO-19                60804.13177432 60804.13930405 9
LO-19                60804.56599773 60804.57601339 31
LO-19                60804.63490474 60804.64502490 40
LO-19                60804.70458041 60804.71129918 7
LO-19                60804.97089018 60804.97888040 12
LO-19                60805.03794346 60805.04832407 66
LO-19                60805.10776562 60805.11695763 19
LO-19                60805.54342253 60805.55246035 17
LO-19                60805.61199104 60805.62246665 74
LO-19                60805.68138987 60805.68968281 13
LO-19                60805.94934407 60805.95565929 6
LO-19                60806.01543389 60806.02539842 36
LO-19                60806.08428279 60806.09435200 35
LO-19                60806.15713446 60806.16140175 2
LO-19                60806.52113446 60806.52837395 8
LO-19                60806.58915727 60806.59961378 60
LO-19                60806.65831970 60806.66771928 23
LO-19                60806.72849374 60806.73285037 3
LO-19                60806.99321676 60807.00239861 21
LO-19                60807.06116652 60807.07160209 67
LO-19                60807.13219751 60807.13973451 9
LO-19                60807.56642441 60807.57644127 31
LO-19                60807.63533176 60807.64545070 40
LO-19                60807.70500725 60807.71172350 7
LO-19                60807.97130736 60807.97931180 12
LO-19                60808.03836310 60808.04875389 66
LO-19                60808.10818700 60808.11738690 19
LO-19                60808.54384778 60808.55288771 17
LO-19                60808.61241698 60808.62289149 74
LO-19                60808.68181578 60808.69010610 13
LO-19                60808.94975852 60808.95609084 6
LO-19                60809.01585176 60809.02582730 36
LO-19                60809.08470241 60809.09478016 35
LO-19                60809.15755517 60809.16183047 2
LO-19                60809.52155786 60809.52880128 8
LO-19                60809.58958207 60809.60003771 60
LO-19                60809.65874463 60809.66814154 23
LO-19                60809.72891888 60809.73327090 3
LO-19                60809.99363282 60810.00282664 21
LO-19                60810.06158443 60810.07202915 67
LO-19                60810.13261704 60810.14016130 9
LO-19                60810.56684800 60810.57686437 31
LO-19                60810.63575564 60810.64587194 40
LO-19                60810.70543117 60810.71214324 7
LO-19                60810.97172143 60810.97973921 12
LO-19                60811.03877934 60811.04917988 66
LO-19                60811.10860482 60811.11781243 19
LO-19                60811.54427002 60811.55331014 17
LO-19                60811.61283976 60811.62331171 74
LO-19                60811.68223864 60811.69052484 13
LO-19                60811.95017009 60811.95651819 6
LO-19                60812.01626632 60812.02625228 36
LO-19                60812.08511855 60812.09520451 35
LO-19                60812.15797228 60812.16225543 2
LO-19                60812.52197846 60812.52922340 8
LO-19                60812.59000370 60812.60045675 60
LO-19                60812.65916641 60812.66855924 23
LO-19                60812.72934146 60812.73368652 3
LO-19                60812.99404570 60813.00325068 21
LO-19                60813.06199894 60813.07245233 67
LO-19                60813.13303304 60813.14058427 9
LO-19                60813.56726842 60813.57728269 32
LO-19                60813.63617631 60813.64628858 40
LO-19                60813.70585213 60813.71255835 7
LO-19                60813.97213248 60813.98016248 12
LO-19                60814.03919228 60814.04960193 66
LO-19                60814.10901918 60814.11823407 19
LO-19                60814.54468916 60814.55372765 17
LO-19                60814.61325930 60814.62372730 74
LO-19                60814.68265838 60814.69093901 13
LO-19                60814.95057888 60814.95694116 6
LO-19                60815.01667767 60815.02667324 36
LO-19                60815.08553130 60815.09562492 35
LO-19                60815.15838598 60815.16267639 2
LO-19                60815.52239615 60815.52964033 8
LO-19                60815.59042208 60815.60087130 60
LO-19                60815.65958498 60815.66897237 23
LO-19                60815.72976142 60815.73409718 3
LO-19                60815.99445550 60816.00367059 21
LO-19                60816.06241015 60816.07287153 67
LO-19                60816.13344564 60816.14100326 9
LO-19                60816.56768561 60816.57769622 32
LO-19                60816.63659372 60816.64670063 40
LO-19                60816.70627006 60816.71296881 7
LO-19                60816.97254060 60816.98058149 12
LO-19                60817.03960199 60817.05001992 66
LO-19                60817.10943018 60817.11865171 19
LO-19                60817.54510513 60817.55414025 17
LO-19                60817.61367553 60817.62413806 73
LO-19                60817.68307493 60817.69134860 13
LO-19                60817.95098499 60817.95735962 6
LO-19                60818.01708589 60818.02709005 36
LO-19                60818.08594075 60818.09604128 35
FO-29                60803.38892177 60803.39794389 14
FO-29                60803.67208297 60803.68014139 12
FO-29                60803.74308179 60803.75373697 70
FO-29                60803.81727833 60803.82641621 16
FO-29                60804.20511427 60804.21226346 6
FO-29                60804.27690679 60804.28863346 46
FO-29                60804.35011703 60804.36110749 32
FO-29                60804.42413614 60804.43042578 5
FO-29                60804.63625751 60804.64093187 3
FO-29                60804.70538478 60804.71515029 27
FO-29                60804.77785528 60804.78836318 45
FO-29                60804.85437170 60804.85992914 4
FO-29                60805.23879068 60805.24925978 19
FO-29                60805.31152127 60805.32344974 72
FO-29                60805.38506185 60805.39446934 15
FO-29                60805.66851680 60805.67635144 11
FO-29                60805.73939638 60805.74997549 65
FO-29                60805.81344396 60805.82270541 18
FO-29                60806.20143581 60806.20838010 5
FO-29                60806.27312215 60806.28496909 43
FO-29                60806.34629962 60806.35756609 35
FO-29                60806.42023654 60806.42705000 6
FO-29                60806.63279100 60806.63708939 2
FO-29                60806.70175434 60806.71137983 25
FO-29                60806.77410458 60806.78462128 49
FO-29                60806.85035303 60806.85634135 5
FO-29                60807.23503282 60807.24551617 18
FO-29                60807.30772070 60807.31984843 75
FO-29                60807.38122234 60807.39099423 17
FO-29                60807.66494520 60807.67256967 10
FO-29                60807.73570642 60807.74622022 60
FO-29                60807.80960821 60807.81899842 19
FO-29                60808.19776066 60808.20448701 5
FO-29                60808.26933923 60808.28130432 41
FO-29                60808.34248423 60808.35402490 38
FO-29                60808.41634765 60808.42366637 7
FO-29                60808.69811913 60808.70761698 23
FO-29                60808.77035025 60808.78088527 54
FO-29                60808.84634885 60808.85274331 6
FO-29                60809.23127811 60809.24177017 17
FO-29                60809.30392229 60809.31624691 76
FO-29                60809.37738641 60809.38751816 18
FO-29                60809.66136817 60809.66879717 9
FO-29                60809.73201198 60809.74247213 55
FO-29                60809.80577092 60809.81529596 21
FO-29                60810.19409697 60810.20058190 4
FO-29                60810.26555904 60810.27763836 39
FO-29                60810.33867158 60810.35048320 41
FO-29                60810.41246902 60810.42027588 8
FO-29                60810.69447889 60810.70386239 22
FO-29                60810.76659244 60810.77715565 59
FO-29                60810.84235661 60810.84913822 6
FO-29                60811.22752741 60811.23802104 16
FO-29                60811.30012677 60811.31264436 76
FO-29                60811.37355470 60811.38404052 20
FO-29                60811.65778608 60811.66503481 8
FO-29                60811.72831360 60811.73873153 50
FO-29                60811.80193267 60811.81159848 23
FO-29                60812.19044703 60812.19666198 4
FO-29                60812.26178231 60812.27397035 37
FO-29                60812.33486242 60812.34694025 44
FO-29                60812.40859987 60812.41687904 9
FO-29                60812.69083416 60812.70011664 20
FO-29                60812.76283141 60812.77343303 64
FO-29                60812.83837443 60812.84552831 7
FO-29                60813.22378157 60813.23426733 15
FO-29                60813.29633486 60813.30904020 74
FO-29                60813.36972784 60813.38056062 22
FO-29                60813.44404957 60813.44879619 2
FO-29                60813.65419822 60813.66128343 8
FO-29                60813.72461111 60813.73499887 47
FO-29                60813.79809332 60813.80790635 25
FO-29                60814.18681432 60814.19272370 3
FO-29                60814.25800975 60814.27029943 35
FO-29                60814.33105740 60814.34339523 48
FO-29                60814.40474003 60814.41347612 10
FO-29                60814.68718515 60814.69638024 19
FO-29                60814.75906747 60814.76971733 70
FO-29                60814.83440126 60814.84191533 9
FO-29                60815.22004146 60815.23050825 15
FO-29                60815.29254723 60815.30543321 72
FO-29                60815.36590640 60815.37707763 24
FO-29                60815.44005182 60815.44554434 3
FO-29                60815.65060503 60815.65754377 7
FO-29                60815.72090511 60815.73127452 43
FO-29                60815.79425323 60815.80421988 27
FO-29                60816.18324700 60816.18876114 3
FO-29                60816.25424026 60816.26662470 33
FO-29                60816.32725719 60816.33984727 51
FO-29                60816.40088943 60816.41006705 12
FO-29                60816.68353213 60816.69265339 18
FO-29                60816.75530099 60816.76600907 75
FO-29                60816.83043606 60816.83830075 10
FO-29                60817.21630798 60817.22674268 14
FO-29                60817.28876453 60817.30182274 69
FO-29                60817.36209094 60817.37359102 26
FO-29                60817.43611666 60817.44225965 4
FO-29                60817.64700650 60817.65381646 7
FO-29                60817.71719603 60817.72755878 40
SO-50                60803.56311084 60803.57106183 16
SO-50                60803.63147135 60803.64090386 72
SO-50                60803.70193854 60803.71042243 18
SO-50                60803.77327482 60803.78059758 10
SO-50                60803.84377862 60803.85191141 14
SO-50                60803.91336453 60803.92294501 42
SO-50                60803.98292102 60803.99223640 34
SO-50                60804.05419808 60804.05806102 2
SO-50                60804.57560486 60804.58450763 32
SO-50                60804.64483091 60804.65410608 40
SO-50                60804.71578350 60804.72374385 13
SO-50                60804.78698451 60804.79435004 10
SO-50                60804.85707562 60804.86578961 19
SO-50                60804.92655185 60804.93632780 74
SO-50                60804.99633752 60805.00476160 18
SO-50                60805.52103630 60805.52755215 8
SO-50                60805.58845712 60805.59780487 64
SO-50                60805.65840431 60805.66731060 25
SO-50                60805.72966133 60805.73718779 11
SO-50                60805.80052712 60805.80822551 11
SO-50                60805.87029540 60805.87954101 28
SO-50                60805.93976821 60805.94945240 59
SO-50                60806.01006947 60806.01678232 8
SO-50                60806.53309389 60806.54123440 18
SO-50                60806.60159706 60806.61102640 66
SO-50                60806.67214624 60806.68055548 17
SO-50                60806.74347706 60806.75079127 9
SO-50                60806.81391551 60806.82213841 14
SO-50                60806.88347794 60806.89310616 45
SO-50                60806.95305855 60806.96227723 30
SO-50                60807.47970358 60807.48346171 2
SO-50                60807.54564051 60807.55464204 35
SO-50                60807.61498239 60807.62421794 37
SO-50                60807.68599296 60807.69388377 13
SO-50                60807.75715381 60807.76455733 10
SO-50                60807.82718961 60807.83599292 20
SO-50                60807.89665865 60807.90644331 81
SO-50                60807.96649515 60807.97473094 16
SO-50                60808.49092181 60808.49775783 9
SO-50                60808.55853076 60808.56791549 71
SO-50                60808.62857541 60808.63741723 23
SO-50                60808.69985847 60808.70734110 10
SO-50                60808.77066280 60808.77843539 12
SO-50                60808.84039286 60808.84971045 30
SO-50                60808.90987427 60808.91951703 53
SO-50                60808.98028747 60808.98664092 7
SO-50                60809.50306144 60809.51137371 20
SO-50                60809.57170112 60809.58112123 60
SO-50                60809.64232876 60809.65066329 16
SO-50                60809.71364842 60809.72096111 9
SO-50                60809.78402270 60809.79233610 15
SO-50                60809.85356433 60809.86323470 49
SO-50                60809.92317206 60809.93228329 28
SO-50                60810.44936806 60810.45381475 3
SO-50                60810.51565704 60810.52474632 39
SO-50                60810.58511114 60810.59430293 34
SO-50                60810.65617503 60810.66399935 12
SO-50                60810.72729173 60810.73473937 10
SO-50                60810.79727500 60810.80616545 21
SO-50                60810.86673920 60810.87652574 88
SO-50                60810.93663177 60810.94466261 14
SO-50                60811.46079941 60811.46792323 11
SO-50                60811.52858373 60811.53799752 78
SO-50                60811.59872250 60811.60749802 22
SO-50                60811.67002609 60811.67747069 10
SO-50                60811.74076787 60811.74861777 12
SO-50                60811.81046263 60811.81984789 32
SO-50                60811.87995497 60811.88954798 48
SO-50                60811.95049591 60811.95645045 6
SO-50                60812.47301264 60812.48148051 22
SO-50                60812.54178330 60812.55118848 55
SO-50                60812.61248545 60812.62074596 16
SO-50                60812.68378879 60812.69110691 9
SO-50                60812.75410039 60812.76250423 16
SO-50                60812.82362380 60812.83333062 53
SO-50                60812.89326179 60812.90225443 25
SO-50                60813.41907196 60813.42408474 4
SO-50                60813.48565433 60813.49482080 44
SO-50                60813.55521690 60813.56436119 32
SO-50                60813.62632938 60813.63409069 12
SO-50                60813.69739850 60813.70489583 10
SO-50                60813.76733194 60813.77630670 22
SO-50                60813.83679362 60813.84657510 84
SO-50                60813.90674808 60813.91455599 13
SO-50                60814.43066677 60814.43805049 12
SO-50                60814.49861575 60814.50805116 84
SO-50                60814.56884530 60814.57755291 21
SO-50                60814.64016395 60814.64757653 10
SO-50                60814.71084253 60814.71877235 12
SO-50                60814.78050482 60814.78995327 34
SO-50                60814.85001053 60814.85954521 44
SO-50                60814.92069942 60814.92620637 5
SO-50                60815.44294654 60815.45155542 24
SO-50                60815.51184338 60815.52122830 50
SO-50                60815.58261617 60815.59080360 15
SO-50                60815.65389811 60815.66122846 9
SO-50                60815.72414878 60815.73264255 16
SO-50                60815.79365650 60815.80339393 58
SO-50                60815.86332803 60815.87219029 23
HO-68                60803.41604175 60803.42878098 30
HO-68                60803.49078232 60803.50427750 64
HO-68                60803.56596084 60803.57687969 17
HO-68                60803.64116374 60803.64702760 3
HO-68                60803.78387586 60803.79267924 9
HO-68                60803.85523893 60803.86791909 34
HO-68                60803.92936414 60803.94292770 60
HO-68                60804.00696275 60804.01699707 11
HO-68                60804.40432636 60804.41653492 23
HO-68                60804.47893731 60804.49256334 79
HO-68                60804.55407880 60804.56559451 20
HO-68                60804.62931036 60804.63607080 4
HO-68                60804.77282769 60804.78080667 7
HO-68                60804.84379642 60804.85604592 27
HO-68                60804.91746738 60804.93111579 76
HO-68                60804.99437301 60805.00544986 15
HO-68                60805.39266649 60805.40416974 17
HO-68                60805.46710359 60805.48077748 84
HO-68                60805.54219931 60805.55424413 25
HO-68                60805.61744263 60805.62508186 6
HO-68                60805.76181205 60805.76892987 5
HO-68                60805.83240771 60805.84416861 22
HO-68                60805.90564629 60805.91928866 87
HO-68                60805.98194264 60805.99382050 20
HO-68                60806.38107518 60806.39166149 13
HO-68                60806.45528385 60806.46891745 67
HO-68                60806.53032347 60806.54282737 31
HO-68                60806.60556649 60806.61404971 8
HO-68                60806.75084126 60806.75706998 4
HO-68                60806.82109138 60806.83228831 18
HO-68                60806.89389797 60806.90744901 70
HO-68                60806.96964169 60806.98213398 26
HO-68                60807.36958610 60807.37896989 9
HO-68                60807.44348122 60807.45697974 53
HO-68                60807.51845244 60807.53134358 38
HO-68                60807.59368560 60807.60296667 10
HO-68                60807.73989462 60807.74522934 3
HO-68                60807.80983959 60807.82040617 15
HO-68                60807.88222038 60807.89559901 56
HO-68                60807.95745087 60807.97040553 34
HO-68                60808.03743683 60808.04320652 3
HO-68                60808.35827520 60808.36601791 5
HO-68                60808.43169942 60808.44495944 41
HO-68                60808.50658742 60808.51979178 47
HO-68                60808.58180242 60808.59182721 12
HO-68                60808.79869639 60808.80852169 12
HO-68                60808.87061011 60808.88374049 45
HO-68                60808.94535721 60808.95864488 43
HO-68                60809.02413429 60809.03216746 6
HO-68                60809.34738239 60809.35259284 2
HO-68                60809.41994207 60809.43284951 32
HO-68                60809.49472977 60809.50817149 59
HO-68                60809.56991874 60809.58062738 15
HO-68                60809.64510546 60809.65067311 3
HO-68                60809.78756707 60809.79663959 9
HO-68                60809.85906977 60809.87187478 36
HO-68                60809.93335162 60809.94685915 55
HO-68                60810.01121512 60810.02081519 9
HO-68                60810.40821948 60810.42064068 25
HO-68                60810.48288096 60810.49648165 73
HO-68                60810.55803599 60810.56936458 19
HO-68                60810.63325882 60810.63972410 4
HO-68                60810.77649313 60810.78476040 7
HO-68                60810.84759728 60810.86000355 29
HO-68                60810.92142762 60810.93505334 70
HO-68                60810.99855968 60811.00930534 14
HO-68                60811.39654074 60811.40831878 19
HO-68                60811.47104312 60811.48472076 89
HO-68                60811.54615540 60811.55803690 23
HO-68                60811.62139517 60811.62874772 5
HO-68                60811.76547595 60811.77289243 6
HO-68                60811.83619813 60811.84812775 24
HO-68                60811.90958056 60811.92323123 87
HO-68                60811.98607845 60811.99770082 18
HO-68                60812.38492271 60812.39586331 14
HO-68                60812.45921814 60812.47288663 72
HO-68                60812.53427810 60812.54664316 29
HO-68                60812.60952145 60812.61773144 7
HO-68                60812.75448541 60812.76102319 4
HO-68                60812.82485227 60812.83624860 20
HO-68                60812.89780713 60812.91139576 76
HO-68                60812.97373538 60812.98603200 24
HO-68                60813.37339269 60813.38324123 10
HO-68                60813.44740905 60813.46097616 57
HO-68                60813.52240521 60813.53518243 35
HO-68                60813.59764189 60813.60666667 9
HO-68                60813.74353125 60813.74917575 3
HO-68                60813.81357803 60813.82436724 16
HO-68                60813.88610503 60813.89954926 61
HO-68                60813.96150815 60813.97431662 31
HO-68                60814.36200985 60814.37039247 6
HO-68                60814.43561948 60814.44898498 45
HO-68                60814.51053792 60814.52365426 44
HO-68                60814.58575930 60814.59554717 12
HO-68                60814.73258800 60814.73735626 2
HO-68                60814.80236709 60814.81248496 13
HO-68                60814.87447267 60814.88769367 49
HO-68                60814.94938200 60814.96256638 40
HO-68                60815.02852236 60815.03588839 5
AO-73                60803.45871361 60803.46690362 39
AO-73                60803.52487541 60803.53233488 20
AO-73                60803.84635361 60803.85105351 4
AO-73                60803.90970483 60803.91803205 39
AO-73                60803.97602305 60803.98382989 20
AO-73                60804.45808310 60804.46625922 38
AO-73                60804.52423278 60804.53171744 20
AO-73                60804.84577568 60804.85037719 4
AO-73                60804.90908292 60804.91737971 38
AO-73                60804.97537029 60804.98318830 21
AO-73                60805.45743461 60805.46559757 37
AO-73                60805.52357246 60805.53108351 21
AO-73                60805.84518277 60805.84968208 4
AO-73                60805.90844424 60805.91670993 37
AO-73                60805.97470006 60805.98252954 21
AO-73                60806.45676894 60806.46491866 36
AO-73                60806.52289448 60806.53043307 21
AO-73                60806.84457512 60806.84896810 3
AO-73                60806.90778879 60806.91602276 36
AO-73                60806.97401239 60806.98185362 22
AO-73                60807.45608578 60807.46422246 35
AO-73                60807.52219886 60807.52976611 22
AO-73                60807.84400490 60807.84823556 3
AO-73                60807.90711712 60807.91531820 35
AO-73                60807.97330727 60807.98116055 22
AO-73                60808.45538540 60808.46350895 34
AO-73                60808.52148562 60808.52908260 22
AO-73                60808.84336812 60808.84748346 3
AO-73                60808.90642810 60808.91459627 34
AO-73                60808.97258470 60808.98045035 23
AO-73                60809.45466777 60809.46277811 33
AO-73                60809.52075480 60809.52838253 23
AO-73                60809.84271697 60809.84671204 3
AO-73                60809.90572235 60809.91385700 33
AO-73                60809.97184469 60809.97972304 23
AO-73                60810.45393291 60810.46202990 32
AO-73                60810.52000641 60810.52766586 23
AO-73                60810.84205164 60810.84592130 3
AO-73                60810.90499982 60810.91310041 32
AO-73                60810.97108726 60810.97897864 24
AO-73                60811.45318090 60811.46126430 31
AO-73                60811.51924050 60811.52693261 24
AO-73                60811.84137240 60811.84511087 3
AO-73                60811.90426048 60811.91232651 31
AO-73                60811.97031241 60811.97821716 24
AO-73                60812.45241169 60812.46048128 30
AO-73                60812.51845709 60812.52618267 24
AO-73                60812.84067953 60812.84428044 2
AO-73                60812.90350443 60812.91153532 30
AO-73                60812.96952014 60812.97743861 25
AO-73                60813.45162536 60813.45968079 30
AO-73                60813.51765622 60813.52541605 25
AO-73                60813.83997340 60813.84342989 2
AO-73                60813.90273165 60813.91072686 29
AO-73                60813.96871048 60813.97664302 26
AO-73                60814.45082194 60814.45886279 29
AO-73                60814.51683791 60814.52463272 26
AO-73                60814.90194214 60814.90990116 28
AO-73                60814.96788344 60814.97583040 26
AO-73                60815.45000148 60815.45802725 28
AO-73                60815.51600812 60815.52383923 27
AO-73                60815.90113592 60815.90905822 28
AO-73                60815.96703904 60815.97500075 27
AO-73                60816.44916402 60816.45717412 27
AO-73                60816.51515507 60816.52302235 27
AO-73                60816.90031301 60816.90819806 27
AO-73                60816.96617729 60816.97415410 28
AO-73                60817.44830960 60817.45630335 26
AO-73                60817.51428470 60817.52218865 28
AO-73                60817.89947342 60817.90732070 26
AO-73                60817.96529822 60817.97329045 29
AO-73                60818.44743826 60818.45541490 26
AO-73                60818.51339705 60818.52133808 29
AO-73                60818.58069598 60818.58411489 2
AO-73                60818.89861718 60818.90642614 25
AO-73                60818.96440184 60818.97240982 29
AO-73                60819.44655006 60819.45450870 25
AO-73                60819.51249215 60819.52047060 30
AO-73                60819.57974204 60819.58331920 2
AO-73                60819.89774439 60819.90551442 25
AO-73                60819.96348819 60819.97151221 30
AO-73                60820.44564504 60820.45358469 24
AO-73                60820.51157006 60820.51958616 31
AO-73                60820.57877296 60820.58250497 3
AO-73                60820.89685491 60820.90458552 24
AO-73                60820.96255728 60820.97059764 31
AO-73                60821.44472325 60821.45264283 23
AO-73                60821.51063080 60821.51868472 32
AO-73                60821.57778862 60821.58167224 3
AO-73                60821.89594884 60821.90363948 23
AO-73                60821.96160915 60821.96966610 32
AO-73                60822.44378475 60822.45168305 23
AO-73                60822.50967442 60822.51776623 33
AO-73                60822.57678887 60822.58082130 3
AO-73                60822.89502624 60822.90267623 22
AO-73                60822.96064383 60822.96871762 34
AO-73                60823.44282958 60823.45070528 22
AO-73                60823.50870095 60823.51683064 34
AO-73                60823.57577361 60823.57995192 3
TITA                 60803.70604243 60803.71223395 9
TITA                 60803.77095417 60803.77914230 81
TITA                 60803.83713967 60803.84311444 9
TITA                 60804.15514729 60804.16150715 10
TITA                 60804.21932151 60804.22758664 88
TITA                 60804.28640225 60804.29240753 8
TITA                 60804.69991932 60804.70553325 7
TITA                 60804.76462370 60804.77282293 78
TITA                 60804.83069021 60804.83708158 11
TITA                 60805.14913308 60805.15504218 8
TITA                 60805.21301507 60805.22124309 72
TITA                 60805.27973780 60805.28624695 10
TITA                 60805.69384927 60805.69873597 4
TITA                 60805.75829190 60805.76646559 60
TITA                 60805.82424689 60805.83100244 13
TITA                 60806.14315099 60806.14853955 6
TITA                 60806.20667734 60806.21487552 56
TITA                 60806.27311674 60806.28003845 13
TITA                 60806.68787510 60806.69179758 3
TITA                 60806.75195964 60806.76006937 46
TITA                 60806.81780706 60806.82488012 16
TITA                 60807.13721079 60807.14198988 5
TITA                 60807.20039975 60807.20849007 43
TITA                 60807.26653051 60807.27379025 17
TITA                 60807.74562553 60807.75363298 36
TITA                 60807.81136858 60807.81871670 20
TITA                 60808.13138315 60808.13537526 3
TITA                 60808.19413737 60808.20208358 34
TITA                 60808.25997335 60808.26750755 21
TITA                 60808.73929530 60808.74715476 29
TITA                 60808.80493600 60808.81251999 25
TITA                 60809.18788964 60809.19565576 28
TITA                 60809.25344101 60809.26119455 26
TITA                 60809.73296887 60809.74063251 23
TITA                 60809.79849663 60809.80627804 31
TITA                 60809.86534929 60809.86883172 2
TITA                 60810.18165793 60810.18920599 22
TITA                 60810.24693065 60810.25485375 32
TITA                 60810.72664884 60810.73406338 18
TITA                 60810.79205577 60810.79999791 38
TITA                 60810.85865806 60810.86297599 4
TITA                 60811.17544334 60811.18273368 18
TITA                 60811.24044010 60811.24848725 41
TITA                 60811.72033871 60811.72744322 15
TITA                 60811.78561295 60811.79367999 49
TITA                 60811.85202692 60811.85701984 5
TITA                 60812.16924721 60812.17623718 15
TITA                 60812.23396773 60812.24209656 53
TITA                 60812.30194021 60812.30636751 4
TITA                 60812.71404342 60812.72076676 12
TITA                 60812.77912427 60812.78732144 63
TITA                 60812.84542814 60812.85099058 7
TITA                 60813.16307173 60813.16971485 12
TITA                 60813.22751238 60813.23568282 69
TITA                 60813.29499797 60813.30025732 6
TITA                 60813.70777034 60813.71402600 9
TITA                 60813.77267796 60813.78092813 82
TITA                 60813.83884864 60813.84490179 9
TITA                 60814.15691987 60814.16316395 10
TITA                 60814.22107323 60814.22924686 89
TITA                 60814.28814618 60814.29405369 8
TITA                 60814.70153116 60814.70720853 7
TITA                 60814.76623026 60814.77449654 78
TITA                 60814.83228090 60814.83876078 11
TITA                 60815.15079586 60815.15658037 8
TITA                 60815.21464977 60815.22278924 71
TITA                 60815.28135605 60815.28778524 10
TITA                 60815.69534583 60815.70029311 5
TITA                 60815.75978180 60815.76802600 60
TITA                 60815.82571997 60815.83257244 14
TITA                 60816.14470626 60816.14995785 6
TITA                 60816.20819615 60816.21630746 54
TITA                 60816.27461200 60816.28146672 13
TITA                 60816.68925744 60816.69323479 3
TITA                 60816.75333340 60816.76151555 46
TITA                 60816.81916314 60816.82633987 17
TITA                 60817.13866210 60817.14328539 4
TITA                 60817.20180327 60817.20980755 42
TITA                 60817.26790478 60817.27510725 17
TITA                 60817.74688374 60817.75496384 36
TITA                 60817.81260819 60817.82006498 21
TITA                 60818.13273702 60818.13654225 3
TITA                 60818.19542650 60818.20328641 33
TITA                 60818.26122811 60818.26871245 21
TITA                 60818.74043851 60818.74836914 28
TITA                 60818.80605961 60818.81375625 26
TITA                 60819.18906533 60819.19674373 27
TITA                 60819.25457751 60819.26228679 26
TITA                 60819.73399781 60819.74172912 23
TITA                 60819.79950471 60819.80740101 32
TITA                 60819.86627768 60819.87003794 3
TITA                 60820.18272117 60820.19017904 22
TITA                 60820.24794999 60820.25583291 33
TITA                 60820.72756436 60820.73504081 18
TITA                 60820.79294877 60820.80100668 40
TITA                 60820.85948851 60820.86405395 4
TITA                 60821.17639521 60821.18359116 18
TITA                 60821.24134327 60821.24935303 42
TITA                 60821.72114182 60821.72829977 14
NOAA-15              60803.57906554 60803.58663910 9
NOAA-15              60803.64753610 60803.65810251 64
NOAA-15              60803.71709429 60803.72645250 22
NOAA-15              60803.98820830 60803.99227860 2
NOAA-15              60804.05346881 60804.06287048 22
NOAA-15              60804.12186496 60804.13241534 62
NOAA-15              60804.19343756 60804.20084180 8
NOAA-15              60804.56177195 60804.56695620 3
NOAA-15              60804.62947551 60804.63977655 39
NOAA-15              60804.69883809 60804.70883825 33
NOAA-15              60804.76905379 60804.77506857 5
NOAA-15              60805.03603334 60805.04456560 15
NOAA-15              60805.10372096 60805.11429710 81
NOAA-15              60805.17427475 60805.18316297 15
NOAA-15              60805.61149222 60805.62123078 24
NOAA-15              60805.68062754 60805.69104065 53
NOAA-15              60805.75054274 60805.75807348 10
NOAA-15              60806.01880857 60806.02619048 9
NOAA-15              60806.08576082 60806.09612784 50
NOAA-15              60806.15549204 60806.16528709 25
NOAA-15              60806.59362956 60806.60241897 14
NOAA-15              60806.66246248 60806.67306208 85
NOAA-15              60806.73217510 60806.74082529 15
NOAA-15              60807.00184080 60807.00770001 5
NOAA-15              60807.06798082 60807.07791238 32
NOAA-15              60807.13696836 60807.14729613 41
NOAA-15              60807.20964612 60807.21509792 4
NOAA-15              60807.57597240 60807.58324252 8
NOAA-15              60807.64434842 60807.65489781 59
NOAA-15              60807.71387408 60807.72336811 23
NOAA-15              60807.78443687 60807.78880066 3
NOAA-15              60808.05038496 60808.05964997 21
NOAA-15              60808.11866048 60808.12922645 68
NOAA-15              60808.19004660 60808.19774306 9
NOAA-15              60808.55886344 60808.56339309 2
NOAA-15              60808.62629523 60808.63653453 36
NOAA-15              60808.69562376 60808.70572023 36
NOAA-15              60808.76574871 60808.77209893 6
NOAA-15              60809.03298119 60809.04133277 13
NOAA-15              60809.10054599 60809.11109702 75
NOAA-15              60809.17095061 60809.18001994 17
NOAA-15              60809.60832827 60809.61794563 22
NOAA-15              60809.67741865 60809.68788977 57
NOAA-15              60809.74729553 60809.75505120 10
NOAA-15              60810.01579351 60810.02294044 8
NOAA-15              60810.08261434 60810.09291774 46
NOAA-15              60810.15221409 60810.16211864 27
NOAA-15              60810.59048982 60810.59907911 13
NOAA-15              60810.65925949 60810.66987811 87
NOAA-15              60810.72893925 60810.73776314 16
NOAA-15              60810.99887620 60811.00441880 4
NOAA-15              60811.06486272 60811.07469254 29
NOAA-15              60811.13372712 60811.14411043 45
NOAA-15              60811.20613896 60811.21207544 5
NOAA-15              60811.57288175 60811.57982022 7
NOAA-15              60811.64115293 60811.65167914 54
NOAA-15              60811.71064565 60811.72027038 25
NOAA-15              60811.78111463 60811.78588893 3
NOAA-15              60812.04729635 60812.05641973 19
NOAA-15              60812.11545103 60812.12602762 74
NOAA-15              60812.18665871 60812.19462686 10
NOAA-15              60812.62310993 60812.63327774 33
NOAA-15              60812.69240120 60812.70258895 39
NOAA-15              60812.76247530 60812.76910978 7
NOAA-15              60813.02992501 60813.03808978 12
NOAA-15              60813.09736585 60813.10788732 69
NOAA-15              60813.16762480 60813.17686394 18
NOAA-15              60813.60515861 60813.61464406 20
NOAA-15              60813.67420161 60813.68472564 62
NOAA-15              60813.74404140 60813.75201419 11
NOAA-15              60814.01277568 60814.01967901 7
NOAA-15              60814.07946253 60814.08969810 42
NOAA-15              60814.14893252 60814.15893913 30
NOAA-15              60814.58734703 60814.59571966 12
NOAA-15              60814.65604883 60814.66668039 82
NOAA-15              60814.72569572 60814.73468709 18
NOAA-15              60814.99596448 60815.00112295 4
NOAA-15              60815.06174080 60815.07146325 27
NOAA-15              60815.13048133 60815.14091450 49
NOAA-15              60815.20264983 60815.20902115 6
NOAA-15              60815.56979621 60815.57636947 6
NOAA-15              60815.63795011 60815.64844615 50
NOAA-15              60815.70740929 60815.71715910 27
NOAA-15              60815.77779638 60815.78295196 4
NOAA-15              60816.04420316 60816.05317969 18
NOAA-15              60816.11223660 60816.12281907 81
NOAA-15              60816.18327278 60816.19149470 12
NOAA-15              60816.61991789 60816.63000550 30
NOAA-15              60816.68917070 60816.69944403 42
NOAA-15              60816.75919703 60816.76610404 7
NOAA-15              60817.02686482 60817.03483665 11
NOAA-15              60817.09418058 60817.10466816 63
NOAA-15              60817.16429676 60817.17369567 20
NOAA-15              60817.60198382 60817.61132541 19
NOAA-15              60817.67097698 60817.68154760 68
NOAA-15              60817.74078050 60817.74896261 12
NOAA-15              60818.00975570 60818.01640598 7
NOAA-15              60818.07630567 60818.08646925 39
NOAA-15              60818.14564720 60818.15574884 32
NOAA-18              60803.35543993 60803.35880757 4
NOAA-18              60803.72242508 60803.72975853 7
NOAA-18              60803.79135219 60803.80224933 55
NOAA-18              60803.86145134 60803.87147515 26
NOAA-18              60803.93237744 60803.93783275 4
NOAA-18              60804.13501126 60804.13988890 3
NOAA-18              60804.20101645 60804.21089209 23
NOAA-18              60804.27000810 60804.28104773 65
NOAA-18              60804.34214818 60804.35016374 9
NOAA-18              60804.71387453 60804.72002428 5
NOAA-18              60804.78243251 60804.79318249 43
NOAA-18              60804.85244153 60804.86275783 32
NOAA-18              60804.92317908 60804.92954224 6
NOAA-18              60805.19237724 60805.20186317 19
NOAA-18              60805.26102422 60805.27210144 81
NOAA-18              60805.33263111 60805.34144175 13
NOAA-18              60805.70561056 60805.71001026 2
NOAA-18              60805.77352801 60805.78406368 34
NOAA-18              60805.84344114 60805.85399644 40
NOAA-18              60805.91405711 60805.92117272 8
NOAA-18              60806.18378452 60806.19282175 16
NOAA-18              60806.25208554 60806.26314223 81
NOAA-18              60806.32324119 60806.33265997 17
NOAA-18              60806.76464579 60806.77488868 27
NOAA-18              60806.83445011 60806.84519105 50
NOAA-18              60806.90496313 60806.91273951 10
NOAA-18              60807.17524002 60807.18376635 13
NOAA-18              60807.24319094 60807.25417117 65
NOAA-18              60807.31393122 60807.32383590 21
NOAA-18              60807.75578828 60807.76565253 21
NOAA-18              60807.82546864 60807.83634199 63
NOAA-18              60807.89588979 60807.90424950 12
NOAA-18              60808.16674669 60808.17469407 10
NOAA-18              60808.23433974 60808.24518903 52
NOAA-18              60808.30469011 60808.31497906 27
NOAA-18              60808.74696182 60808.75634744 17
NOAA-18              60808.81649712 60808.82744889 78
NOAA-18              60808.88683264 60808.89570728 15
NOAA-18              60809.15830850 60809.16560088 8
NOAA-18              60809.22553164 60809.23619629 41
NOAA-18              60809.29551020 60809.30609619 33
NOAA-18              60809.36970787 60809.37400113 2
NOAA-18              60809.73817610 60809.74696256 13
NOAA-18              60809.80753666 60809.81851110 83
NOAA-18              60809.87778887 60809.88711576 18
NOAA-18              60810.14993205 60810.15647991 6
NOAA-18              60810.21676673 60810.22719313 34
NOAA-18              60810.28638596 60810.29719137 42
NOAA-18              60810.35966199 60810.36569747 4
NOAA-18              60810.72944557 60810.73748141 10
NOAA-18              60810.79858785 60810.80952751 66
NOAA-18              60810.86875666 60810.87847689 22
NOAA-18              60810.93985589 60810.94444560 3
NOAA-18              60811.14167986 60811.14732036 4
NOAA-18              60811.20804668 60811.21817954 27
NOAA-18              60811.27731338 60811.28826821 53
NOAA-18              60811.34991006 60811.35715679 7
NOAA-18              60811.72079569 60811.72787619 7
NOAA-18              60811.78965248 60811.80049650 52
NOAA-18              60811.85973486 60811.86979224 27
NOAA-18              60811.93063567 60811.93623168 4
NOAA-18              60812.13347497 60812.13809587 3
NOAA-18              60812.19936925 60812.20915511 22
NOAA-18              60812.26828947 60812.27932910 68
NOAA-18              60812.34032482 60812.34849295 10
NOAA-18              60812.71227821 60812.71809183 4
NOAA-18              60812.78073246 60812.79141580 41
NOAA-18              60812.85072279 60812.86106280 34
NOAA-18              60812.92144028 60812.92792335 6
NOAA-18              60813.19073708 60813.20011912 18
NOAA-18              60813.25931207 60813.27037589 85
NOAA-18              60813.33082519 60813.33975404 13
NOAA-18              60813.77182801 60813.78228224 32
NOAA-18              60813.84172014 60813.85228930 42
NOAA-18              60813.91231918 60813.91953845 8
NOAA-18              60814.18215169 60814.19107025 15
NOAA-18              60814.25037964 60814.26140996 78
NOAA-18              60814.32144919 60814.33095898 17
NOAA-18              60814.76294682 60814.77309176 26
NOAA-18              60814.83272690 60814.84347189 52
NOAA-18              60814.90322460 60814.91109118 10
NOAA-18              60815.17361524 60815.18200666 12
NOAA-18              60815.24149116 60815.25243232 62
NOAA-18              60815.31215066 60815.32212380 22
NOAA-18              60815.75409158 60815.76383840 20
NOAA-18              60815.82374334 60815.83461072 66
NOAA-18              60815.89414987 60815.90258784 13
NOAA-18              60816.16513081 60816.17292538 10
NOAA-18              60816.23264601 60816.24344367 49
NOAA-18              60816.30291930 60816.31325733 28
NOAA-18              60816.74526912 60816.75451416 16
NOAA-18              60816.81477002 60816.82570539 82
NOAA-18              60816.88509085 60816.89403280 16
NOAA-18              60817.15670306 60817.16382157 7
NOAA-18              60817.22384398 60817.23444445 40
NOAA-18              60817.29374794 60817.30436565 35
NOAA-18              60817.36773302 60817.37240831 2
NOAA-18              60817.73649007 60817.74510703 12
NOAA-18              60817.80580763 60817.81675515 79
NOAA-19              60803.72230327 60803.73249613 27
NOAA-19              60803.79210336 60803.80281085 50
NOAA-19              60803.86261893 60803.87036843 10
NOAA-19              60804.13300507 60804.14143434 13
NOAA-19              60804.20098154 60804.21184013 66
NOAA-19              60804.27175728 60804.28148833 20
NOAA-19              60804.71360497 60804.72342682 21
NOAA-19              60804.78328118 60804.79412501 63
NOAA-19              60804.85370499 60804.86203692 12
NOAA-19              60805.12466357 60805.13252417 10
NOAA-19              60805.19228725 60805.20301980 52
NOAA-19              60805.26267489 60805.27279560 26
NOAA-19              60805.70493711 60805.71429005 17
NOAA-19              60805.77446886 60805.78539619 79
NOAA-19              60805.84480702 60805.85365445 15
NOAA-19              60806.11637526 60806.12359344 8
NOAA-19              60806.18363463 60806.19418907 42
NOAA-19              60806.25365283 60806.26407622 32
NOAA-19              60806.69630907 60806.70507520 13
NOAA-19              60806.76566692 60806.77662372 83
NOAA-19              60806.83592222 60806.84522386 18
NOAA-19              60807.10814647 60807.11463587 6
NOAA-19              60807.17502370 60807.18534798 34
NOAA-19              60807.24468550 60807.25533489 41
NOAA-19              60807.31808879 60807.32374037 4
NOAA-19              60807.68773480 60807.69576639 10
NOAA-19              60807.75687645 60807.76780654 66
NOAA-19              60807.82704880 60807.83674704 22
NOAA-19              60807.89815414 60807.90270919 3
NOAA-19              60808.10003883 60808.10564117 4
NOAA-19              60808.16645614 60808.17649675 28
NOAA-19              60808.23576878 60808.24657497 51
NOAA-19              60808.30846598 60808.31539345 6
NOAA-19              60808.67923863 60808.68633700 7
NOAA-19              60808.74809900 60808.75894309 52
NOAA-19              60808.81818558 60808.82822552 27
NOAA-19              60808.88909181 60808.89465387 4
NOAA-19              60809.09197486 60809.09658442 3
NOAA-19              60809.15792945 60809.16763498 23
NOAA-19              60809.22689965 60809.23779901 65
NOAA-19              60809.29902231 60809.30690926 9
NOAA-19              60809.67086937 60809.67673506 4
NOAA-19              60809.73933638 60809.75003120 41
NOAA-19              60809.80933190 60809.81966025 34
NOAA-19              60809.88005510 60809.88650505 6
NOAA-19              60810.14944636 60810.15876206 19
NOAA-19              60810.21807587 60810.22900890 82
NOAA-19              60810.28967010 60810.29834419 13
NOAA-19              60810.73058876 60810.74106784 33
NOAA-19              60810.80048741 60810.81105198 41
NOAA-19              60810.87109217 60810.87828069 8
NOAA-19              60811.14100815 60811.14987678 15
NOAA-19              60811.20929584 60811.22020610 80
NOAA-19              60811.28044280 60811.28971946 16
NOAA-19              60811.72186345 60811.73204924 26
NOAA-19              60811.79165208 60811.80240075 52
NOAA-19              60811.86215575 60811.86999503 10
NOAA-19              60812.13261682 60812.14097753 12
NOAA-19              60812.20055845 60812.21139166 64
NOAA-19              60812.27129394 60812.28105258 21
NOAA-19              60812.71316291 60812.72296975 21
NOAA-19              60812.78282613 60812.79370682 65
NOAA-19              60812.85323912 60812.86165439 13
NOAA-19              60813.12427515 60813.13206168 10
NOAA-19              60813.19186304 60813.20256634 51
NOAA-19              60813.26221241 60813.27235318 26
NOAA-19              60813.70449347 60813.71382195 16
NOAA-19              60813.77401014 60813.78496979 81
NOAA-19              60813.84433812 60813.85326309 15
NOAA-19              60814.11598724 60814.12312488 8
NOAA-19              60814.18320931 60814.19373053 41
NOAA-19              60814.25319065 60814.26362762 33
NOAA-19              60814.69586487 60814.70459484 13
NOAA-19              60814.76520452 60814.77618896 81
NOAA-19              60814.83545010 60814.84482390 19
NOAA-19              60815.10776022 60815.11416050 6
NOAA-19              60815.17459727 60815.18488473 33
NOAA-19              60815.24422322 60815.25488048 42
NOAA-19              60815.31754515 60815.32333443 4
NOAA-19              60815.68729162 60815.69527193 9
NOAA-19              60815.75641078 60815.76736324 65
NOAA-19              60815.82657332 60815.83633858 23
NOAA-19              60815.89764507 60815.90235935 3
NOAA-19              60816.09965465 60816.10515757 4
NOAA-19              60816.16602858 60816.17602871 27
NOAA-19              60816.23530611 60816.24611503 53
NOAA-19              60816.30793841 60816.31496663 7
NOAA-19              60816.67879934 60816.68582527 6
NOAA-19              60816.74763012 60816.75849099 51
NOAA-19              60816.81770670 60816.82780863 28
NOAA-19              60816.88858898 60816.89428629 4
NOAA-19              60817.09159646 60817.09608945 3
NOAA-19              60817.15750105 60817.16716213 22
NOAA-19              60817.22643637 60817.23733376 67
NOAA-19              60817.29850361 60817.30646892 10
NOAA-19              60817.67044027 60817.67619915 4
NOAA-19              60817.73886453 60817.74956999 40
NOAA-19              60817.80884959 60817.81923496 34
NOAA-19              60817.87955403 60817.88612401 6
METOA                60803.38122606 60803.38682011 4
METOA                60803.73769429 60803.74179126 2
METOA                60803.80288538 60803.81269990 33
METOA                60803.86999972 60803.87980967 37
METOA                60803.93793862 60803.94428208 6
METOA                60804.19737666 60804.20424604 8
METOA                60804.26219678 60804.27203408 44
METOA                60804.32963612 60804.33903845 26
METOA                60804.75477637 60804.76163603 7
METOA                60804.82094643 60804.83106408 56
METOA                60804.88826191 60804.89748563 23
METOA                60804.95659251 60804.96105103 3
METOA                60805.21458311 60805.22266430 13
METOA                60805.28012700 60805.29022760 73
METOA                60805.34837172 60805.35694902 16
METOA                60805.77243760 60805.78078079 14
METOA                60805.83906864 60805.84922763 80
METOA                60805.90657604 60805.91496857 15
METOA                60806.23200701 60806.24099616 21
METOA                60806.29823553 60806.30836510 65
METOA                60806.36739349 60806.37468006 9
METOA                60806.79030637 60806.79955839 23
METOA                60806.85724214 60806.86720418 51
METOA                60806.92496012 60806.93223781 9
METOA                60807.18538205 60807.19127775 5
METOA                60807.24962048 60807.25926521 32
METOA                60807.31653290 60807.32643668 39
METOA                60807.38695875 60807.39203422 3
METOA                60807.74275584 60807.74761050 3
METOA                60807.80829611 60807.81806996 37
METOA                60807.87546183 60807.88499809 32
METOA                60807.94349994 60807.94924186 5
METOA                60808.20239516 60808.20976657 10
METOA                60808.26741389 60808.27748075 52
METOA                60808.33504213 60808.34442311 24
METOA                60808.76006711 60808.76720443 8
METOA                60808.82636207 60808.83636207 63
METOA                60808.89372931 60808.90260579 20
METOA                60809.21965972 60809.22813629 15
METOA                60809.28538283 60809.29564388 83
METOA                60809.35384172 60809.36228364 14
METOA                60809.77777771 60809.78622584 15
METOA                60809.84448810 60809.85445824 72
METOA                60809.91205421 60809.92001500 13
METOA                60810.17362541 60810.17814798 3
METOA                60810.23712946 60810.24643106 24
METOA                60810.30353166 60810.31374966 57
METOA                60810.37295900 60810.37993696 7
METOA                60810.79566777 60810.80491258 25
METOA                60810.86266426 60810.87236926 44
METOA                60810.93050183 60810.93719488 8
METOA                60811.19032958 60811.19676974 6
METOA                60811.25478338 60811.26466796 37
METOA                60811.32187379 60811.33178616 34
METOA                60811.39273627 60811.39710230 2
METOA                60811.74791710 60811.75325232 4
METOA                60811.81366727 60811.82334773 42
METOA                60811.88088751 60811.89009697 27
METOA                60811.94906202 60811.95407807 4
METOA                60812.20741275 60812.21519774 11
METOA                60812.27261514 60812.28285299 60
METOA                60812.34043663 60812.34973037 21
METOA                60812.76533703 60812.77265854 9
METOA                60812.83173812 60812.84157077 70
METOA                60812.89916204 60812.90763490 17
METOA                60813.22472738 60813.23352599 17
METOA                60813.29062271 60813.30098525 82
METOA                60813.35930740 60813.36753383 12
METOA                60813.78308328 60813.79157164 17
METOA                60813.84986654 60813.85960134 63
METOA                60813.91750223 60813.92496594 11
METOA                60814.17842956 60814.18362881 4
METOA                60814.24223820 60814.25178684 27
METOA                60814.30881270 60814.31905806 50
METOA                60814.37853833 60814.38509186 6
METOA                60814.80098918 60814.81017476 28
METOA                60814.86804506 60814.87744747 38
METOA                60814.93598478 60814.94204753 6
METOA                60815.19528414 60815.20216173 8
METOA                60815.25993165 60815.26999281 42
METOA                60815.32720175 60815.33705689 30
METOA                60815.75307846 60815.75875514 5
METOA                60815.81899523 60815.82853771 47
METOA                60815.88627259 60815.89510824 23
METOA                60815.95464628 60815.95876690 2
METOA                60816.21242470 60816.22054072 13
METOA                60816.27780092 60816.28814743 69
METOA                60816.34582272 60816.35495442 19
METOA                60816.77057414 60816.77800933 11
METOA                60816.83706897 60816.84669423 75
METOA                60816.90455691 60816.91257396 15
METOA                60817.22978398 60817.23883262 20
METOA                60817.29584717 60817.30624812 73
METOA                60817.36477366 60817.37269161 11
METOA                60817.78834694 60817.79682536 19
METOA                60817.85524627 60817.86466430 54
METOA                60817.92295886 60817.92981792 9
METOA                60818.18330924 60818.18899120 5
METOA                60818.24733386 60818.25706164 30
METOB                60803.67369882 60803.68261850 14
METOB                60803.74278507 60803.75356268 86
METOB                60803.81273719 60803.82161813 16
METOB                60804.08333355 60804.08954956 5
METOB                60804.14980201 60804.15995949 33
METOB                60804.21909083 60804.22958982 40
METOB                60804.29210222 60804.29763528 4
METOB                60804.65965457 60804.66742150 9
METOB                60804.72839989 60804.73914838 65
METOB                60804.79820990 60804.80776189 22
METOB                60804.86904844 60804.87331997 2
METOB                60805.07012388 60805.07475480 3
METOB                60805.13580482 60805.14546932 24
METOB                60805.20452839 60805.21524993 60
METOB                60805.27646641 60805.28390183 8
METOB                60805.64584283 60805.65188142 5
METOB                60805.71405169 60805.72461173 44
METOB                60805.78371343 60805.79378618 31
METOB                60805.85421185 60805.86011802 5
METOB                60806.12192387 60806.13094862 17
METOB                60806.19008959 60806.20087117 87
METOB                60806.26121462 60806.26989347 13
METOB                60806.69974684 60806.70994200 30
METOB                60806.76924463 60806.77969555 44
METOB                60806.83948900 60806.84667771 8
METOB                60807.10816803 60807.11639153 12
METOB                60807.17576745 60807.18645980 65
METOB                60807.24616950 60807.25574566 20
METOB                60807.68550460 60807.69512111 20
METOB                60807.75480288 60807.76549199 64
METOB                60807.82487954 60807.83306717 12
METOB                60808.09455074 60808.10178536 8
METOB                60808.16155851 60808.17201933 45
METOB                60808.23134020 60808.24150691 29
METOB                60808.67134828 60808.68011877 14
METOB                60808.74038954 60808.75117481 87
METOB                60808.81031945 60808.81931677 17
METOB                60809.08109842 60809.08710337 5
METOB                60809.14746219 60809.15755144 31
METOB                60809.21666263 60809.22720605 43
METOB                60809.28947918 60809.29537161 4
METOB                60809.65732876 60809.66487774 8
METOB                60809.72600814 60809.73674071 61
METOB                60809.79579581 60809.80544036 23
METOB                60809.86656628 60809.87113330 3
METOB                60810.06793318 60810.07227534 2
METOB                60810.13348125 60810.14305542 23
METOB                60810.20211842 60810.21285810 64
METOB                60810.27391867 60810.28157765 9
METOB                60810.64357174 60810.64926177 4
METOB                60810.71166484 60810.72218298 41
METOB                60810.78130231 60810.79144530 33
METOB                60810.85172501 60810.85788580 5
METOB                60811.11961761 60811.12852824 16
METOB                60811.18769651 60811.19847259 88
METOB                60811.25867543 60811.26754281 14
METOB                60811.69736680 60811.70748975 28
METOB                60811.76683624 60811.77733570 46
METOB                60811.83705195 60811.84441248 9
METOB                60812.10588071 60812.11396316 11
METOB                60812.17339055 60812.18405517 61
METOB                60812.24369273 60812.25337523 21
METOB                60812.68313431 60812.69264184 19
METOB                60812.75239728 60812.76311332 68
METOB                60812.82245005 60812.83077761 13
METOB                60813.09228523 60813.09934620 8
METOB                60813.15919746 60813.16960904 42
METOB                60813.22888703 60813.23912422 31
METOB                60813.66899340 60813.67760588 13
METOB                60813.73798727 60813.74877692 83
METOB                60813.80789484 60813.81700574 18
METOB                60814.07886131 60814.08464667 5
METOB                60814.14511732 60814.15513548 30
METOB                60814.21422958 60814.22481378 46
METOB                60814.28686381 60814.29308781 5
METOB                60814.65500131 60814.66231786 8
METOB                60814.72360989 60814.73432279 57
METOB                60814.79337477 60814.80310901 25
METOB                60814.86408380 60814.86893044 3
METOB                60815.06574596 60815.06977991 2
METOB                60815.13115280 60815.14063354 21
METOB                60815.19970341 60815.21045817 68
METOB                60815.27137040 60815.27924097 10
METOB                60815.64130883 60815.64661560 3
METOB                60815.70927186 60815.71974341 39
METOB                60815.77888422 60815.78909466 34
METOB                60815.84926958 60815.85563907 6
METOB                60816.11730677 60816.12609971 15
METOB                60816.18529831 60816.19606604 84
METOB                60816.25616611 60816.26517983 15
METOB                60816.69498088 60816.70502641 26
METOB                60816.76442092 60816.77496619 49
METOB                60816.83460883 60816.84213665 9
METOB                60817.10358912 60817.11152637 11
METOB                60817.17100851 60817.18164264 58
METOB                60817.24121197 60817.25099575 23
METOB                60817.68075874 60817.69015056 18
METOB                60817.74998479 60817.76072469 72
METOB                60817.82001400 60817.82847788 13
