iss                  60803.42903884 60803.43350512 4
iss                  60803.49492178 60803.50242343 83
iss                  60803.56369563 60803.56729169 2
iss                  60804.05110626 60804.05819708 25
iss                  60804.11845687 60804.12504898 14
iss                  60804.46119539 60804.46849409 34
iss                  60804.52887700 60804.53468341 9
iss                  60805.01780530 60805.02397783 12
iss                  60805.08422865 60805.09148097 28
iss                  60805.42758489 60805.43431478 17
iss                  60805.49457375 60805.50145768 20
iss                  60805.98487949 60805.98930879 4
iss                  60806.05021419 60806.05775006 65
iss                  60806.11939360 60806.12340143 3
iss                  60806.39409192 60806.39983969 8
iss                  60806.46050915 60806.46790154 46
iss                  60807.01639948 60807.02385475 50
iss                  60807.08448756 60807.09022240 8
iss                  60807.36087975 60807.36493688 3
iss                  60807.42660040 60807.43408640 70
iss                  60807.49509307 60807.49927173 4
iss                  60807.98280059 60807.98976384 22
iss                  60808.04996860 60808.05672931 16
iss                  60808.39281586 60808.40002871 29
iss                  60808.46033900 60808.46641229 11
iss                  60808.94948759 60808.95539602 10
iss                  60809.01570298 60809.02304693 32
iss                  60809.35912672 60809.36571237 15
iss                  60809.42601075 60809.43303199 23
iss                  60809.91663365 60809.92048458 3
iss                  60809.98164804 60809.98920279 78
iss                  60810.05056490 60810.05502622 4
iss                  60810.32561428 60810.33108353 7
iss                  60810.39190041 60810.39934040 56
iss                  60810.94779530 60810.95518899 41
iss                  60811.01567768 60811.02167939 10
iss                  60811.29242138 60811.29595996 2
iss                  60811.35793773 60811.36539411 57
iss                  60811.42617046 60811.43087627 5
iss                  60811.91416943 60811.92096652 18
iss                  60811.98113614 60811.98806097 19
iss                  60812.32407729 60812.33120221 25
iss                  60812.39145805 60812.39779083 13
iss                  60812.88080551 60812.88643247 8
iss                  60812.94683669 60812.95426227 39
iss                  60813.29035649 60813.29674256 13
iss                  60813.35710512 60813.36425580 28
iss                  60813.91274571 60813.92030140 85
iss                  60813.98140005 60813.98629030 5
iss                  60814.25681275 60814.26194533 6
iss                  60814.32294986 60814.33042565 69
iss                  60814.87886113 60814.88616386 34
iss                  60814.94652500 60814.95278586 11
iss                  60815.28893545 60815.29634385 46
iss                  60815.35692400 60815.36211060 6
iss                  60815.84521818 60815.85180055 15
iss                  60815.91196259 60815.91904225 22
iss                  60816.25502097 60816.26201204 21
iss                  60816.32223825 60816.32881651 15
iss                  60816.81187613 60816.81707798 6
iss                  60816.87763299 60816.88512502 47
iss                  60817.22125509 60817.22739994 11
iss                  60817.28785832 60817.29512622 34
iss                  60817.84351061 60817.85104361 68
iss                  60817.91190039 60817.91719479 6
iss                  60818.18769498 60818.19241563 5
iss                  60818.25365943 60818.26115454 87
iss                  60818.80960111 60818.81677623 27
iss                  60818.87703245 60818.88354058 13
iss                  60819.21959527 60819.22693250 37
iss                  60819.28735194 60819.29297707 8
iss                  60819.77595388 60819.78225980 13
iss                  60819.84245113 60819.84967146 26
iss                  60820.18563024 60820.19245404 18
iss                  60820.25268060 60820.25948660 19
iss                  60820.74266879 60820.74731239 5
iss                  60820.80809494 60820.81563320 60
iss                  60820.87734826 60820.88119952 3
iss                  60821.15182659 60821.15767847 9
iss                  60821.21827264 60821.22564073 43
iss                  60821.77394649 60821.78142679 53
iss                  60821.84206757 60821.84774040 8
iss                  60822.11827369 60822.12247931 4
iss                  60822.18403080 60822.19152398 74
iss                  60822.25258203 60822.25659416 3
iss                  60822.74002031 60822.74702162 22
iss                  60822.80720334 60822.81394212 16
iss                  60823.14991935 60823.15715663 30
iss                  60823.21745370 60823.22347644 10
iss                  60823.70638613 60823.71233571 10
iss                  60823.77260497 60823.77994671 32
iss                  60824.11590782 60824.12252362 15
iss                  60824.18278702 60824.18979841 23
iss                  60824.67322051 60824.67709906 3
iss                  60824.73822604 60824.74578463 78
iss                  60824.80712209 60824.81158859 4
iss                  60825.08207676 60825.08757034 7
iss                  60825.14834962 60825.15579607 55
iss                  60825.70405729 60825.71144782 41
AO-07                60803.42723334 60803.43421306 3
AO-07                60803.50169376 60803.51695780 62
AO-07                60803.58073869 60803.59356481 20
AO-07                60803.95068780 60803.96491051 32
AO-07                60804.02841143 60804.04328877 40
AO-07                60804.46101174 60804.47419997 21
AO-07                60804.53836577 60804.55347255 57
AO-07                60804.61932368 60804.62690475 5
AO-07                60804.91177366 60804.92186755 9
AO-07                60804.98651388 60805.00197881 76
AO-07                60805.06665980 60805.07867073 14
AO-07                60805.49680494 60805.51195846 55
AO-07                60805.57565390 60805.58890245 23
AO-07                60805.94596046 60805.95986461 28
AO-07                60806.02336514 60806.03843606 46
AO-07                60806.45629291 60806.46898929 18
AO-07                60806.53338973 60806.54861254 64
AO-07                60806.61396340 60806.62263214 6
AO-07                60806.90743730 60806.91661416 7
AO-07                60806.98163248 60806.99701888 68
AO-07                60807.06139550 60807.07400377 17
AO-07                60807.49192845 60807.50693904 48
AO-07                60807.57058596 60807.58421062 26
AO-07                60807.94126015 60807.95480406 24
AO-07                60808.01834058 60808.03356730 52
AO-07                60808.45160990 60808.46373883 15
AO-07                60808.52842485 60808.54373306 72
AO-07                60808.60867886 60808.61826599 8
AO-07                60808.90312425 60808.91129553 5
AO-07                60808.97676820 60808.99204771 60
AO-07                60809.05617371 60809.06929834 20
AO-07                60809.48706872 60809.50189881 42
AO-07                60809.56553324 60809.57949126 30
AO-07                60809.93658892 60809.94972723 21
AO-07                60810.01333685 60810.02868367 59
AO-07                60810.09640978 60810.10284689 3
AO-07                60810.44697035 60810.45844153 12
AO-07                60810.52347109 60810.53883450 81
AO-07                60810.60344829 60810.61382898 10
AO-07                60810.89892465 60810.90588317 4
AO-07                60810.97192393 60810.98706527 53
AO-07                60811.05098864 60811.06456041 23
AO-07                60811.48222569 60811.49683665 37
AO-07                60811.56049453 60811.57474642 34
AO-07                60811.93194955 60811.94463247 19
AO-07                60812.00835330 60812.02378616 67
AO-07                60812.09062356 60812.09867970 5
AO-07                60812.44238403 60812.45308723 10
AO-07                60812.51852905 60812.53391709 89
AO-07                60812.59825838 60812.60933475 12
AO-07                60812.89490711 60812.90030942 2
AO-07                60812.96710052 60812.98207154 47
AO-07                60813.04583600 60813.05979432 26
AO-07                60813.47740101 60813.49175114 33
AO-07                60813.55546888 60813.56997762 38
AO-07                60813.92734471 60813.93951723 16
AO-07                60814.00338946 60814.01887553 75
AO-07                60814.08502981 60814.09432675 7
AO-07                60814.43787251 60814.44766074 8
AO-07                60814.51359850 60814.52898093 81
AO-07                60814.59310076 60814.60479244 14
AO-07                60814.96229874 60814.97706593 42
AO-07                60815.04071253 60815.05500371 30
AO-07                60815.47259669 60815.48664075 28
AO-07                60815.55045558 60815.56518611 43
AO-07                60815.92277878 60815.93437826 14
AO-07                60815.99844501 60816.01395244 84
AO-07                60816.07955543 60816.08985890 9
AO-07                60816.43344974 60816.44213649 6
AO-07                60816.50868012 60816.52402598 72
AO-07                60816.58796973 60816.60020851 17
AO-07                60816.95751320 60816.97204840 37
AO-07                60817.03561568 60817.05019131 35
AO-07                60817.46781532 60817.48150324 25
AO-07                60817.54545413 60817.56037306 49
AO-07                60817.62703192 60817.63292999 3
AO-07                60817.91825698 60817.92921100 11
AO-07                60817.99351983 60818.00901736 87
AO-07                60818.07416579 60818.08531014 11
AO-07                60818.42916872 60818.43646744 4
AO-07                60818.50377447 60818.51905204 64
AO-07                60818.58286121 60818.59558779 19
AO-07                60818.95275711 60818.96701820 32
AO-07                60819.03054347 60819.04535934 39
AO-07                60819.46305960 60819.47633563 21
AO-07                60819.54046417 60819.55553916 56
AO-07                60819.62151494 60819.62883595 4
AO-07                60819.91378583 60819.92400903 9
AO-07                60819.98861389 60820.00407068 78
AO-07                60820.06884112 60820.08070019 14
AO-07                60820.49888227 60820.51405874 56
AO-07                60820.57777223 60820.59093396 22
AO-07                60820.94802628 60820.96197458 29
AO-07                60821.02549433 60821.04050959 45
AO-07                60821.45833381 60821.47113449 18
AO-07                60821.53548549 60821.55068523 63
AO-07                60821.61613345 60821.62458953 6
AO-07                60821.90943753 60821.91876456 8
AO-07                60821.98373019 60821.99911262 69
LO-19                60803.45743690 60803.46361328 5
LO-19                60803.52432571 60803.53474830 80
LO-19                60803.59527680 60803.60053433 4
LO-19                60803.98598452 60803.99606753 45
LO-19                60804.05588912 60804.06398761 12
LO-19                60804.50165099 60804.51181457 42
LO-19                60804.57113636 60804.57956245 14
LO-19                60804.96384866 60804.97283735 19
LO-19                60805.03215467 60805.04192704 30
LO-19                60805.47937979 60805.48835947 17
LO-19                60805.54775712 60805.55764239 33
LO-19                60805.94244504 60805.94907009 7
LO-19                60806.00904373 60806.01938298 75
LO-19                60806.45786288 60806.46404360 5
LO-19                60806.52475597 60806.53517378 80
LO-19                60806.59571318 60806.60095254 4
LO-19                60806.98640422 60806.99649801 45
LO-19                60807.05628090 60807.06441773 12
LO-19                60807.50207943 60807.51223951 42
LO-19                60807.57156760 60807.57998361 14
LO-19                60807.96426546 60807.97326810 19
LO-19                60808.03257511 60808.04235462 30
LO-19                60808.47980626 60808.48878403 17
LO-19                60808.54818594 60808.55806368 33
LO-19                60808.94285705 60808.94950299 7
LO-19                60809.00946195 60809.01981026 75
LO-19                60809.45828661 60809.46446854 5
LO-19                60809.52518287 60809.53559463 80
LO-19                60809.59614638 60809.60136611 4
LO-19                60809.98682014 60809.99692505 45
LO-19                60810.05669959 60810.06484224 12
LO-19                60810.50250454 60810.51265974 42
LO-19                60810.57199546 60810.58040026 14
LO-19                60810.96467864 60810.97369531 19
LO-19                60811.03299163 60811.04277887 30
LO-19                60811.48022950 60811.48920373 17
LO-19                60811.54861132 60811.55848044 33
LO-19                60811.94326568 60811.94993217 7
LO-19                60812.00987639 60812.02023409 75
LO-19                60812.45870748 60812.46488817 5
LO-19                60812.52560632 60812.53601090 80
LO-19                60812.59657627 60812.60177508 4
LO-19                60812.98723242 60812.99734855 45
LO-19                60813.05711430 60813.06526349 12
LO-19                60813.50292621 60813.51307531 42
LO-19                60813.57241981 60813.58081244 14
LO-19                60813.96508833 60813.97411887 19
LO-19                60814.03340435 60814.04319968 30
LO-19                60814.48064937 60814.48961863 17
LO-19                60814.54903315 60814.55889270 33
LO-19                60814.94367109 60814.95035748 7
LO-19                60815.01028716 60815.02065437 75
LO-19                60815.45912533 60815.46530259 5
LO-19                60815.52602621 60815.53642263 79
LO-19                60815.59700268 60815.60217954 4
LO-19                60815.98764117 60815.99776839 45
LO-19                60816.05752516 60816.06568134 12
LO-19                60816.50334433 60816.51348628 42
LO-19                60816.57284054 60816.58122020 14
LO-19                60816.96549465 60816.97453883 19
LO-19                60817.03381339 60817.04361694 30
LO-19                60817.48106577 60817.49002880 17
LO-19                60817.54945132 60817.55930053 33
LO-19                60817.94407343 60817.95077876 7
LO-19                60818.01069438 60818.02107099 75
LO-19                60818.45954001 60818.46571193 5
LO-19                60818.52644242 60818.53682990 79
LO-19                60818.59742546 60818.60257961 4
LO-19                60818.98804650 60818.99818445 45
LO-19                60819.05793231 60819.06609567 12
LO-19                60819.50375879 60819.51389272 42
LO-19                60819.57325751 60819.58162362 14
LO-19                60819.96589773 60819.97495469 19
LO-19                60820.03421887 60820.04403053 30
LO-19                60820.48147856 60820.49043435 17
LO-19                60820.54986570 60820.55970401 33
LO-19                60820.94447281 60820.95119586 7
LO-19                60821.01109817 60821.02148381 74
LO-19                60821.45995134 60821.46611632 5
LO-19                60821.52685483 60821.53723279 79
LO-19                60821.59784441 60821.60297542 4
LO-19                60821.98844851 60821.99859662 45
LO-19                60822.05833588 60822.06650633 12
LO-19                60822.50416945 60822.51429474 42
LO-19                60822.57367058 60822.58202281 14
LO-19                60822.96629765 60822.97536650 19
LO-19                60823.03462089 60823.04444031 30
LO-19                60823.48188761 60823.49083537 17
LO-19                60823.55027616 60823.56010323 33
LO-19                60823.94486937 60823.95160861 7
LO-19                60824.01149860 60824.02189273 74
LO-19                60824.46035916 60824.46651591 5
LO-19                60824.52726332 60824.53763138 79
LO-19                60824.59825934 60824.60336713 4
LO-19                60824.98884730 60824.99900478 45
LO-19                60825.05873598 60825.06691318 12
LO-19                60825.50457620 60825.51469244 42
LO-19                60825.57407961 60825.58241787 14
LO-19                60825.96669451 60825.97577413 19
FO-29                60803.66453347 60803.67421747 20
FO-29                60803.73688196 60803.74741881 30
FO-29                60804.13895346 60804.14375642 2
FO-29                60804.20826943 60804.22099494 58
FO-29                60804.28219131 60804.29211088 14
FO-29                60804.69828656 60804.70933037 68
FO-29                60804.77337092 60804.78051512 7
FO-29                60805.17069531 60805.18174675 18
FO-29                60805.24292305 60805.25542347 47
FO-29                60805.66101877 60805.67034174 18
FO-29                60805.73315635 60805.74369382 33
FO-29                60806.20451783 60806.21737010 54
FO-29                60806.27828225 60806.28871306 17
FO-29                60806.69465712 60806.70553460 61
FO-29                60806.76947155 60806.77693731 8
FO-29                60807.16703468 60807.17800935 17
FO-29                60807.23911404 60807.25188661 52
FO-29                60807.65750874 60807.66645940 16
FO-29                60807.72943031 60807.73996615 36
FO-29                60808.20077382 60808.21373869 50
FO-29                60808.27439143 60808.28529910 19
FO-29                60808.69102664 60808.70173746 55
FO-29                60808.76558419 60808.77334458 9
FO-29                60809.16338893 60809.17426061 16
FO-29                60809.23531534 60809.24834175 58
FO-29                60809.31109031 60809.31671272 3
FO-29                60809.65400424 60809.66257039 14
FO-29                60809.72570339 60809.73623671 40
FO-29                60810.19704177 60810.21009979 46
FO-29                60810.27051763 60810.28186971 21
FO-29                60810.68739509 60810.69793950 49
FO-29                60810.76170624 60810.76973971 10
FO-29                60811.15975983 60811.17049870 14
FO-29                60811.23152731 60811.24478847 63
FO-29                60811.30693157 60811.31362134 5
FO-29                60811.65049946 60811.65867419 12
FO-29                60811.72197550 60811.73250633 45
FO-29                60812.19332104 60812.20645245 43
FO-29                60812.26665998 60812.27842574 24
FO-29                60812.68376250 60812.69414158 43
FO-29                60812.75780398 60812.76612745 12
FO-29                60813.15614872 60813.16672186 13
FO-29                60813.22775029 60813.24122614 69
FO-29                60813.30285737 60813.31044767 6
FO-29                60813.64700966 60813.65477010 10
FO-29                60813.71824615 60813.72877582 50
FO-29                60814.18961192 60814.20279570 40
FO-29                60814.26281784 60814.27496743 26
FO-29                60814.68012897 60814.69034399 38
FO-29                60814.75393953 60814.76250545 13
FO-29                60815.15255775 60815.16292752 12
FO-29                60815.22398463 60815.23765410 74
FO-29                60815.29884146 60815.30721664 7
FO-29                60815.64352990 60815.65085694 9
FO-29                60815.71451542 60815.72504590 57
FO-29                60816.18591532 60816.19912852 37
FO-29                60816.25899073 60816.27149492 29
FO-29                60816.67649476 60816.68654734 34
FO-29                60816.75008020 60816.75887761 15
FO-29                60817.14898924 60817.15911343 11
FO-29                60817.22023068 60817.23407168 79
FO-29                60817.29486993 60817.30394153 9
FO-29                60817.64006239 60817.64693304 7
FO-29                60817.71078336 60817.72131724 64
FO-29                60818.18223188 60818.19544992 34
FO-29                60818.25517829 60818.26800808 32
FO-29                60818.67286011 60818.68275206 30
FO-29                60818.74622520 60818.75524537 17
FO-29                60819.14544598 60819.15527653 10
FO-29                60819.21648874 60819.23047823 81
FO-29                60819.29093435 60819.30063019 11
FO-29                60819.63661120 60819.64299584 6
FO-29                60819.70704998 60819.71759046 72
FO-29                60820.17856241 60820.19175884 32
FO-29                60820.25138026 60820.26450717 35
FO-29                60820.66922547 60820.67895856 27
FO-29                60820.74237395 60820.75161021 19
FO-29                60821.14193812 60821.15141306 9
FO-29                60821.21275916 60821.22687317 80
FO-29                60821.28702920 60821.29728749 12
FO-29                60821.63318084 60821.63904155 5
FO-29                60821.70331547 60821.71386608 81
FO-29                60822.17490769 60822.18805422 30
FO-29                60822.24759642 60822.26099160 39
FO-29                60822.66559132 60822.67516715 24
FO-29                60822.73852604 60822.74797289 21
FO-29                60823.13845557 60823.14751885 8
FO-29                60823.20904219 60823.22325553 76
FO-29                60823.28315062 60823.29391693 14
FO-29                60823.62983728 60823.63506469 4
FO-29                60823.69958140 60823.71014458 88
FO-29                60823.77571508 60823.78037793 3
FO-29                60824.17126845 60824.18433498 28
FO-29                60824.24382659 60824.25746135 42
FO-29                60824.66195828 60824.67137807 22
FO-29                60824.73468124 60824.74433453 24
FO-29                60825.13501102 60825.14358772 6
FO-29                60825.20533814 60825.21962508 72
FO-29                60825.27929583 60825.29052080 16
SO-50                60803.48992734 60803.49901511 57
SO-50                60803.56074887 60803.56733084 8
SO-50                60803.92009036 60803.92956244 38
SO-50                60803.99007698 60803.99799526 13
SO-50                60804.43532021 60804.44165206 8
SO-50                60804.50307346 60804.51215837 48
SO-50                60804.86515031 60804.87146495 6
SO-50                60804.93312522 60804.94287944 81
SO-50                60805.00495693 60805.00915771 2
SO-50                60805.44730613 60805.45569708 23
SO-50                60805.51673595 60805.52495870 18
SO-50                60805.87741590 60805.88597156 18
SO-50                60805.94649229 60805.95570220 30
SO-50                60806.46000588 60806.46914956 67
SO-50                60806.53110986 60806.53726999 6
SO-50                60806.89016265 60806.89972923 43
SO-50                60806.96033716 60806.96791044 11
SO-50                60807.40517861 60807.41195295 9
SO-50                60807.47321760 60807.48223335 41
SO-50                60807.83506863 60807.84184071 8
SO-50                60807.90323596 60807.91296325 70
SO-50                60808.41729576 60808.42586764 27
SO-50                60808.48695836 60808.49496807 16
SO-50                60808.84742415 60808.85619428 20
SO-50                60808.91665176 60808.92569807 26
SO-50                60809.43006881 60809.43924885 79
SO-50                60809.50147499 60809.50715607 5
SO-50                60809.86021521 60809.86985696 50
SO-50                60809.93059139 60809.93777464 9
SO-50                60810.37504185 60810.38219840 11
SO-50                60810.44334592 60810.45227407 35
SO-50                60810.80498884 60810.81216033 9
SO-50                60810.87332822 60810.88300914 60
SO-50                60811.38727292 60811.39599946 31
SO-50                60811.45716878 60811.46494021 14
SO-50                60811.81741513 60811.82637445 23
SO-50                60811.88679473 60811.89565349 22
SO-50                60812.33368621 60812.33764702 2
SO-50                60812.40011574 60812.40931342 86
SO-50                60812.47185170 60812.47698114 4
SO-50                60812.83024807 60812.83994615 59
SO-50                60812.90084376 60812.90758404 8
SO-50                60813.34490443 60813.35239362 13
SO-50                60813.41345852 60813.42228033 31
SO-50                60813.77489390 60813.78242270 11
SO-50                60813.84339981 60813.85301718 51
SO-50                60814.35723652 60814.36609388 36
SO-50                60814.42736824 60814.43487428 12
SO-50                60814.78738701 60814.79651292 26
SO-50                60814.85692200 60814.86556817 20
SO-50                60815.30332358 60815.30807573 4
SO-50                60815.37014721 60815.37934361 75
SO-50                60815.44234711 60815.44673090 3
SO-50                60815.73293551 60815.73765473 3
SO-50                60815.80026077 60815.80999724 68
SO-50                60815.87116535 60815.87733133 6
SO-50                60816.31476246 60816.32254211 16
SO-50                60816.38355557 60816.39225241 27
SO-50                60816.74478866 60816.75263459 12
SO-50                60816.81345203 60816.82298738 44
SO-50                60817.32718566 60817.33615145 43
SO-50                60817.39755802 60817.40476876 10
SO-50                60817.75734134 60817.76661084 30
SO-50                60817.82703452 60817.83544091 17
SO-50                60818.27296146 60818.27838789 5
SO-50                60818.34016127 60818.34933972 64
SO-50                60818.70265977 60818.70804421 4
SO-50                60818.77025335 60818.78001060 79
SO-50                60818.84144199 60818.84700972 5
SO-50                60819.28461304 60819.29264690 18
SO-50                60819.35363713 60819.36218992 23
SO-50                60819.71467058 60819.72279895 14
SO-50                60819.78348518 60819.79291966 38
SO-50                60820.29711961 60820.30617309 50
SO-50                60820.36773983 60820.37462217 9
SO-50                60820.72727647 60820.73666903 34
SO-50                60820.79713355 60820.80527066 15
SO-50                60821.24263328 60821.24861796 7
SO-50                60821.31015858 60821.31930195 54
SO-50                60821.67240526 60821.67834991 5
SO-50                60821.74022542 60821.74998653 88
SO-50                60821.81174855 60821.81660252 3
SO-50                60822.25445395 60822.26271003 21
SO-50                60822.32370372 60822.33209260 20
SO-50                60822.68453785 60822.69291784 16
SO-50                60822.75349938 60822.76281389 33
SO-50                60823.26703775 60823.27615945 59
SO-50                60823.33791593 60823.34443219 7
SO-50                60823.69719178 60823.70668820 39
SO-50                60823.76722062 60823.77505590 13
SO-50                60824.21232241 60824.21878089 8
SO-50                60824.28013903 60824.28923048 47
SO-50                60824.64215816 60824.64858589 7
SO-50                60824.71017730 60824.71992526 78
SO-50                60824.78211633 60824.78607837 2
SO-50                60825.22428343 60825.23273322 24
SO-50                60825.29375569 60825.30196012 18
SO-50                60825.65438903 60825.66299298 18
SO-50                60825.72349536 60825.73266984 29
HO-68                60803.34628207 60803.35890071 30
HO-68                60803.42087870 60803.43362375 34
HO-68                60803.77783559 60803.78379057 3
HO-68                60803.84797514 60803.86135042 57
HO-68                60803.92388283 60803.93510521 17
HO-68                60804.33483638 60804.34664977 21
HO-68                60804.40890709 60804.42212949 48
HO-68                60804.83641645 60804.84941717 41
HO-68                60804.91153736 60804.92373828 25
HO-68                60805.32355086 60805.33421159 14
HO-68                60805.39700617 60805.41051699 67
HO-68                60805.47407267 60805.48140595 5
HO-68                60805.82498179 60805.83741015 29
HO-68                60805.89935705 60805.91223291 35
HO-68                60806.31251312 60806.32150088 8
HO-68                60806.38517307 60806.39879415 89
HO-68                60806.46148606 60806.47081139 10
HO-68                60806.81368249 60806.82531762 21
HO-68                60806.88731119 60806.90062172 49
HO-68                60807.30196366 60807.30828132 3
HO-68                60807.37340994 60807.38696352 66
HO-68                60807.44915136 60807.45988669 15
HO-68                60807.80256232 60807.81311594 14
HO-68                60807.87538326 60807.88892428 69
HO-68                60807.95386845 60807.96055203 4
HO-68                60808.36172109 60808.37502249 47
HO-68                60808.43696537 60808.44874281 22
HO-68                60808.79167148 60808.80075696 9
HO-68                60808.86356552 60808.87715180 87
HO-68                60808.94073034 60808.94991727 9
HO-68                60809.35012125 60809.36296211 33
HO-68                60809.42488457 60809.43743108 31
HO-68                60809.78120010 60809.78812349 5
HO-68                60809.85185785 60809.86531012 64
HO-68                60809.92805703 60809.93884445 15
HO-68                60810.33862965 60810.35076494 24
HO-68                60810.41288734 60810.42598015 43
HO-68                60810.84025900 60810.85340056 46
HO-68                60810.91564282 60810.92753721 22
HO-68                60811.32728179 60811.33839782 16
HO-68                60811.40096290 60811.41440692 60
HO-68                60811.47837185 60811.48481457 4
HO-68                60811.82877985 60811.84141968 33
HO-68                60811.90340984 60811.91607469 31
HO-68                60812.31614390 60812.32579588 10
HO-68                60812.38910655 60812.40272135 82
HO-68                60812.46564616 60812.47438737 8
HO-68                60812.81742889 60812.82935829 24
HO-68                60812.89131983 60812.90449723 44
HO-68                60813.30537919 60813.31280194 5
HO-68                60813.37731906 60813.39092770 74
HO-68                60813.45324312 60813.46355717 13
HO-68                60813.80624455 60813.81719763 16
HO-68                60813.87935233 60813.89282783 61
HO-68                60813.95849794 60813.96386206 2
HO-68                60814.36560536 60814.37902518 53
HO-68                60814.44101329 60814.45248049 20
HO-68                60814.79526601 60814.80490045 11
HO-68                60814.86749693 60814.88108022 84
HO-68                60814.94505665 60814.95351429 7
HO-68                60815.35397164 60815.36700735 38
HO-68                60815.42889996 60815.44122203 28
HO-68                60815.78458523 60815.79238236 6
HO-68                60815.85574953 60815.86926193 71
HO-68                60815.93225903 60815.94255682 12
HO-68                60816.34243981 60816.35485983 27
HO-68                60816.41687596 60816.42981633 38
HO-68                60816.77456049 60816.77936517 2
HO-68                60816.84411375 60816.85737579 51
HO-68                60816.91976739 60816.93131815 19
HO-68                60817.33103725 60817.34255628 18
HO-68                60817.40492739 60817.41828340 53
HO-68                60817.48276686 60817.48811816 3
HO-68                60817.83259180 60817.84541999 37
HO-68                60817.90747738 60817.91990326 28
HO-68                60818.31981601 60818.33004596 12
HO-68                60818.39304818 60818.40663549 74
HO-68                60818.46984067 60818.47791918 7
HO-68                60818.82119850 60818.83338782 26
HO-68                60818.89534088 60818.90836215 39
HO-68                60819.30889507 60819.31721737 7
HO-68                60819.38123684 60819.39487863 82
HO-68                60819.45735430 60819.46719938 11
HO-68                60819.80994840 60819.82126416 19
HO-68                60819.88333255 60819.89672243 55
HO-68                60820.29862394 60820.30369873 2
HO-68                60820.36949699 60820.38301377 59
HO-68                60820.44507460 60820.45619685 17
HO-68                60820.79889218 60820.80901979 13
HO-68                60820.87143887 60820.88500062 76
HO-68                60820.94944721 60820.95704829 5
HO-68                60821.35783387 60821.37103654 42
HO-68                60821.43292580 60821.44499542 25
HO-68                60821.78809299 60821.79659249 8
HO-68                60821.85965427 60821.87320612 79
HO-68                60821.93649361 60821.94623770 11
HO-68                60822.34626544 60822.35893569 30
HO-68                60822.42087357 60822.43363697 34
HO-68                60822.77779734 60822.78381191 3
AO-73                60803.39715403 60803.40546606 76
AO-73                60803.46509604 60803.46856788 2
AO-73                60803.83914532 60803.84563198 10
AO-73                60803.90390485 60803.91223092 35
AO-73                60804.39651674 60804.40483534 74
AO-73                60804.46437783 60804.46803308 2
AO-73                60804.83855944 60804.84495413 9
AO-73                60804.90321904 60804.91159187 36
AO-73                60805.39586553 60805.40418747 71
AO-73                60805.46364516 60805.46747880 3
AO-73                60805.83795883 60805.84425695 9
AO-73                60805.90255950 60805.91093855 37
AO-73                60806.39519733 60806.40352239 68
AO-73                60806.46289778 60806.46690525 3
AO-73                60806.83734361 60806.84354033 8
AO-73                60806.90188308 60806.91026766 38
AO-73                60807.39451221 60807.40284007 65
AO-73                60807.46213548 60807.46631282 3
AO-73                60807.83671373 60807.84280414 8
AO-73                60807.90118980 60807.90957921 40
AO-73                60808.39381021 60808.40214045 63
AO-73                60808.46135812 60808.46570148 4
AO-73                60808.83606971 60808.84204828 8
AO-73                60808.90047967 60808.90887320 41
AO-73                60809.39309139 60809.40142350 60
AO-73                60809.46056556 60809.46507143 4
AO-73                60809.83541152 60809.84127241 7
AO-73                60809.89975269 60809.90814962 43
AO-73                60810.39235581 60810.40068915 58
AO-73                60810.45975771 60810.46442276 4
AO-73                60810.83473935 60810.84047666 7
AO-73                60810.89900888 60810.90740846 44
AO-73                60811.39160353 60811.39993735 55
AO-73                60811.45893448 60811.46375556 5
AO-73                60811.83405343 60811.83966064 6
AO-73                60811.89824826 60811.90664974 46
AO-73                60812.39083461 60812.39916805 53
AO-73                60812.45809580 60812.46306992 5
AO-73                60812.83335409 60812.83882412 6
AO-73                60812.89747081 60812.90587344 48
AO-73                60813.39004911 60813.39838119 51
AO-73                60813.45724160 60813.46236572 5
AO-73                60813.83264147 60813.83796681 6
AO-73                60813.89667656 60813.90507957 50
AO-73                60814.38924709 60814.39757670 48
AO-73                60814.45637201 60814.46164332 6
AO-73                60814.83191603 60814.83708839 5
AO-73                60814.89586555 60814.90426812 52
AO-73                60815.38842863 60815.39675451 46
AO-73                60815.45548670 60815.46090251 6
AO-73                60815.83117823 60815.83618854 5
AO-73                60815.89503769 60815.90343909 55
AO-73                60816.38759378 60816.39591457 44
AO-73                60816.45458581 60816.46014336 7
AO-73                60816.83042857 60816.83526657 4
AO-73                60816.89419328 60816.90259248 58
AO-73                60817.38674263 60817.39505679 42
AO-73                60817.45366931 60817.45936589 7
AO-73                60817.82966745 60817.83432205 4
AO-73                60817.89333205 60817.90172828 60
AO-73                60818.38587525 60818.39418110 40
AO-73                60818.45273719 60818.45857011 7
AO-73                60818.82889586 60818.83335423 4
AO-73                60818.89245414 60818.90084649 64
AO-73                60819.38499169 60819.39328743 39
AO-73                60819.45178944 60819.45775600 8
AO-73                60819.82811469 60819.83236216 3
AO-73                60819.89155956 60819.89994711 67
AO-73                60820.38409205 60820.39237569 37
AO-73                60820.45082605 60820.45692373 8
AO-73                60820.82732504 60820.83134471 3
AO-73                60820.89064835 60820.89903013 71
AO-73                60821.38317639 60821.39144580 35
AO-73                60821.44984702 60821.45607298 9
AO-73                60821.82652865 60821.83029998 2
AO-73                60821.88972053 60821.89809554 74
AO-73                60822.38224480 60822.39049768 34
AO-73                60822.44885234 60822.45520393 9
AO-73                60822.82572775 60822.82922602 2
AO-73                60822.88877615 60822.89714334 78
AO-73                60823.38129737 60823.38953123 32
AO-73                60823.44784203 60823.45431654 10
AO-73                60823.88781524 60823.89617352 82
AO-73                60824.38033418 60824.38854635 31
AO-73                60824.44681612 60824.45341077 11
AO-73                60824.88683746 60824.89518606 87
AO-73                60825.37935546 60825.38754295 29
AO-73                60825.44577458 60825.45248661 11
AO-73                60825.88584349 60825.89418095 87
AO-73                60826.37836102 60826.38652092 28
AO-73                60826.44471722 60826.45154403 12
AO-73                60826.88483317 60826.89315819 83
AO-73                60827.37735109 60827.38548016 27
AO-73                60827.44364443 60827.45058300 13
AO-73                60827.88380635 60827.89211775 79
AO-73                60828.37632577 60828.38442055 25
AO-73                60828.44255604 60828.44960351 13
AO-73                60828.88276327 60828.89105962 74
AO-73                60829.37528518 60829.38334198 24
TITA                 60803.64511605 60803.65147748 10
TITA                 60803.70997321 60803.71761102 27
TITA                 60804.14834308 60804.15617700 27
TITA                 60804.21448110 60804.22101486 11
TITA                 60804.63914940 60804.64475686 7
TITA                 60804.70351402 60804.71143584 37
TITA                 60805.14221938 60805.14971779 20
TITA                 60805.20786432 60805.21494525 15
TITA                 60805.63330947 60805.63787680 4
TITA                 60805.69711907 60805.70520683 52
TITA                 60806.13614076 60806.14320348 15
TITA                 60806.20130590 60806.20880229 20
TITA                 60806.69074510 60806.69892328 76
TITA                 60807.13011842 60807.13662420 11
TITA                 60807.19479397 60807.20259846 27
TITA                 60807.68438903 60807.69258613 76
TITA                 60807.75192621 60807.75530657 2
TITA                 60808.12417091 60808.12996201 7
TITA                 60808.18827873 60808.19633814 37
TITA                 60808.67805562 60808.68619509 52
TITA                 60808.74494727 60808.74969521 5
TITA                 60809.11833443 60809.12318157 5
TITA                 60809.18184037 60809.19003243 53
TITA                 60809.67174519 60809.67974858 37
TITA                 60809.73815795 60809.74385406 7
TITA                 60810.11270148 60810.11618881 2
TITA                 60810.17543459 60810.18368115 76
TITA                 60810.66546114 60810.67324348 26
TITA                 60810.73146411 60810.73787843 11
TITA                 60811.16905960 60811.17728591 75
TITA                 60811.65920912 60811.66667469 19
TITA                 60811.72483578 60811.73181177 15
TITA                 60812.16271633 60812.17084707 52
TITA                 60812.23003585 60812.23468446 4
TITA                 60812.65299718 60812.66003366 14
TITA                 60812.71824468 60812.72565822 20
TITA                 60813.15640604 60813.16436380 36
TITA                 60813.22308005 60813.22875080 7
TITA                 60813.64683939 60813.65330694 10
TITA                 60813.71168612 60813.71943560 27
TITA                 60814.15013205 60814.15783388 26
TITA                 60814.21625565 60814.22267079 10
TITA                 60814.64076004 60814.64647009 7
TITA                 60814.70511197 60814.71314793 38
TITA                 60815.14389870 60815.15125333 19
TITA                 60815.20951547 60815.21649176 15
TITA                 60815.63480874 60815.63947234 4
TITA                 60815.69860317 60815.70680524 54
TITA                 60816.13771354 60816.14461514 14
TITA                 60816.20283687 60816.21023680 20
TITA                 60816.69211632 60816.70040671 78
TITA                 60817.13158915 60817.13790801 10
TITA                 60817.19620697 60817.20391874 27
TITA                 60817.68564837 60817.69395323 73
TITA                 60817.75304706 60817.75680568 3
TITA                 60818.12554706 60818.13111108 7
TITA                 60818.18957583 60818.19754305 38
TITA                 60818.67920424 60818.68744442 51
TITA                 60818.74599900 60818.75103687 5
TITA                 60819.11963149 60819.12418074 4
TITA                 60819.18302294 60819.19112070 55
TITA                 60819.67278442 60819.68087851 36
TITA                 60819.73911570 60819.74506247 8
TITA                 60820.17650426 60820.18465169 80
TITA                 60820.66639277 60820.67425210 26
TITA                 60820.73232060 60820.73896063 12
TITA                 60821.17001777 60821.17813759 70
TITA                 60821.66003498 60821.66755966 19
TITA                 60821.72558795 60821.73277027 16
TITA                 60822.16356493 60822.17157866 48
TITA                 60822.23077792 60822.23549244 4
TITA                 60822.65372027 60822.66079181 14
TITA                 60822.71889123 60822.72649371 22
TITA                 60823.15714751 60823.16497381 33
TITA                 60823.22371604 60823.22943365 7
TITA                 60823.64746404 60823.65393368 10
TITA                 60823.71222661 60823.72014850 30
TITA                 60824.15076828 60824.15832030 24
TITA                 60824.21678318 60824.22323136 11
TITA                 60824.64129364 60824.64695772 7
TITA                 60824.70554619 60824.71373768 42
TITA                 60825.14443341 60825.15161360 18
TITA                 60825.20993393 60825.21693108 15
TITA                 60825.63526721 60825.63980436 4
TITA                 60825.69893173 60825.70727113 60
TITA                 60826.13815146 60826.14484528 13
TITA                 60826.20314638 60826.21055506 21
TITA                 60826.69233998 60826.70074772 86
TITA                 60827.13193746 60827.13800149 9
TITA                 60827.19640795 60827.20411635 29
TITA                 60827.68576809 60827.69416801 67
TITA                 60827.75293159 60827.75727507 4
TITA                 60828.12581907 60828.13105570 6
TITA                 60828.18966916 60828.19761972 42
TITA                 60828.67922152 60828.68753125 46
TITA                 60828.74584339 60828.75131627 6
TITA                 60829.11985702 60829.12394698 3
TITA                 60829.18300959 60829.19107594 61
TITA                 60829.67270119 60829.68083520 33
NOAA-15              60803.51543276 60803.52198810 6
NOAA-15              60803.58281326 60803.59334245 76
NOAA-15              60803.65428919 60803.65927084 3
NOAA-15              60804.04663393 60804.05699486 51
NOAA-15              60804.11714324 60804.12508809 11
NOAA-15              60804.56476978 60804.57521131 54
NOAA-15              60804.63495855 60804.64283295 11
NOAA-15              60805.02896141 60805.03863652 26
NOAA-15              60805.09816446 60805.10769910 23
NOAA-15              60805.54694925 60805.55677962 27
NOAA-15              60805.61624886 60805.62565775 22
NOAA-15              60806.01165989 60806.02001934 13
NOAA-15              60806.07963967 60806.08995162 45
NOAA-15              60806.52943831 60806.53796826 13
NOAA-15              60806.59782792 60806.60807469 43
NOAA-15              60806.99494271 60807.00094267 5
NOAA-15              60807.06142860 60807.07196434 89
NOAA-15              60807.13335407 60807.13886694 4
NOAA-15              60807.51251401 60807.51850231 5
NOAA-15              60807.57961913 60807.59017904 85
NOAA-15              60807.65081100 60807.65647070 4
NOAA-15              60808.04350417 60808.05377480 45
NOAA-15              60808.11374731 60808.12205532 12
NOAA-15              60808.56160842 60808.57199688 48
NOAA-15              60808.63163303 60808.63984886 12
NOAA-15              60809.02588577 60809.03537560 23
NOAA-15              60809.09488358 60809.10458655 25
NOAA-15              60809.54382991 60809.55350657 24
NOAA-15              60809.61298195 60809.62258916 25
NOAA-15              60810.00866042 60810.01669875 12
NOAA-15              60810.07641448 60810.08679097 51
NOAA-15              60810.52638705 60810.53461159 12
NOAA-15              60810.59459860 60810.60494619 48
NOAA-15              60810.99211052 60810.99748254 4
NOAA-15              60811.05825026 60811.06876572 81
NOAA-15              60811.12982659 60811.13597250 5
NOAA-15              60811.50963770 60811.51495412 4
NOAA-15              60811.57642189 60811.58699874 85
NOAA-15              60811.64736913 60811.65361209 6
NOAA-15              60812.04037316 60812.05053980 40
NOAA-15              60812.11039021 60812.11899507 14
NOAA-15              60812.55844502 60812.56876474 43
NOAA-15              60812.62831179 60812.63683910 14
NOAA-15              60813.02281135 60813.03209785 21
NOAA-15              60813.09160314 60813.10145637 28
NOAA-15              60813.54071171 60813.55021309 22
NOAA-15              60813.60971385 60813.61950104 28
NOAA-15              60814.00566948 60814.01335500 10
NOAA-15              60814.07318742 60814.08361512 57
NOAA-15              60814.52334515 60814.53122602 10
NOAA-15              60814.59136663 60814.60180001 54
NOAA-15              60814.98937860 60814.99395841 3
NOAA-15              60815.05507080 60815.06555245 72
NOAA-15              60815.12633450 60815.13302503 7
NOAA-15              60815.50682811 60815.51131794 2
NOAA-15              60815.57322199 60815.58380119 76
NOAA-15              60815.64395199 60815.65070685 7
NOAA-15              60816.03724111 60816.04728983 36
NOAA-15              60816.10703877 60816.11591195 16
NOAA-15              60816.55528017 60816.56551424 38
NOAA-15              60816.62499366 60816.63380501 16
NOAA-15              60817.01973884 60817.02880291 19
NOAA-15              60817.08832254 60817.09830935 32
NOAA-15              60817.53759534 60817.54689801 19
NOAA-15              60817.60644442 60817.61639358 31
NOAA-15              60818.00268915 60818.00998584 9
NOAA-15              60818.06995847 60818.08042448 65
NOAA-15              60818.52031626 60818.52780811 9
NOAA-15              60818.58813201 60818.59863627 61
NOAA-15              60819.05188832 60819.06232515 64
NOAA-15              60819.12286723 60819.13003534 8
NOAA-15              60819.57001984 60819.58058600 68
NOAA-15              60819.64051989 60819.64776480 8
NOAA-15              60820.03410831 60820.04402494 32
NOAA-15              60820.10369124 60820.11280782 18
NOAA-15              60820.55211453 60820.56224484 34
NOAA-15              60820.62167772 60820.63074767 18
NOAA-15              60821.01666908 60821.02549005 16
NOAA-15              60821.08504131 60821.09514615 36
NOAA-15              60821.53448239 60821.54355997 17
NOAA-15              60821.60317347 60821.61326687 35
NOAA-15              60821.99972294 60822.00658840 7
NOAA-15              60822.06672755 60822.07721942 73
NOAA-15              60822.51730448 60822.52435311 7
NOAA-15              60822.58489509 60822.59545439 69
NOAA-15              60822.65661344 60822.66106873 3
NOAA-15              60823.04870408 60823.05908374 56
NOAA-15              60823.11941822 60823.12701042 9
NOAA-15              60823.56681365 60823.57735276 60
NOAA-15              60823.63713209 60823.64478546 10
NOAA-15              60824.03097516 60824.04074498 28
NOAA-15              60824.10034682 60824.10968379 21
NOAA-15              60824.54894882 60824.55895566 30
NOAA-15              60824.61836322 60824.62766757 20
NOAA-15              60825.01360318 60825.02215875 15
NOAA-15              60825.08175907 60825.09196742 41
NOAA-15              60825.53137420 60825.54019716 15
NOAA-15              60825.59990123 60825.61012105 39
NOAA-15              60825.99676751 60826.00315834 6
NOAA-18              60803.27465154 60803.28215065 8
NOAA-18              60803.65865047 60803.66423977 4
NOAA-18              60803.72604209 60803.73692727 84
NOAA-18              60803.79750903 60803.80422438 6
NOAA-18              60804.19412017 60804.20490208 50
NOAA-18              60804.26507313 60804.27373220 13
NOAA-18              60804.71714130 60804.72795100 61
NOAA-18              60804.78806546 60804.79600229 10
NOAA-18              60805.18535974 60805.19585501 36
NOAA-18              60805.25568232 60805.26516477 18
NOAA-18              60805.70828809 60805.71890395 43
NOAA-18              60805.77875822 60805.78760761 15
NOAA-18              60806.17667718 60806.18675561 26
NOAA-18              60806.24640845 60806.25649551 25
NOAA-18              60806.69949358 60806.70978106 31
NOAA-18              60806.76954283 60806.77908745 21
NOAA-18              60807.16808253 60807.17759595 19
NOAA-18              60807.23722859 60807.24774789 35
NOAA-18              60807.69076629 60807.70057321 23
NOAA-18              60807.76039712 60807.77046661 28
NOAA-18              60808.15959218 60808.16836225 14
NOAA-18              60808.22812949 60808.23893614 48
NOAA-18              60808.68212247 60808.69126464 16
NOAA-18              60808.75130891 60808.76175979 39
NOAA-18              60809.15123418 60809.15902934 9
NOAA-18              60809.21910345 60809.23006880 67
NOAA-18              60809.67359070 60809.68182725 11
NOAA-18              60809.74227141 60809.75297608 54
NOAA-18              60810.14306339 60810.14954475 6
NOAA-18              60810.21014657 60810.22115121 88
NOAA-18              60810.28254352 60810.28881227 5
NOAA-18              60810.66522547 60810.67220615 7
NOAA-18              60810.73328125 60810.74412075 75
NOAA-18              60810.80534965 60810.81065828 4
NOAA-18              60811.13528786 60811.13976326 2
NOAA-18              60811.20125862 60811.21218601 65
NOAA-18              60811.27277352 60811.28056854 9
NOAA-18              60811.65716708 60811.66225865 3
NOAA-18              60811.72433779 60811.73519636 79
NOAA-18              60811.79568904 60811.80265367 7
NOAA-18              60812.19243831 60812.20317364 46
NOAA-18              60812.26325776 60812.27210729 14
NOAA-18              60812.71544060 60812.72620294 57
NOAA-18              60812.78627247 60812.79438986 11
NOAA-18              60813.18369069 60813.19411218 34
NOAA-18              60813.25389056 60813.26351248 19
NOAA-18              60813.70659631 60813.71713795 40
NOAA-18              60813.77698112 60813.78596509 16
NOAA-18              60814.17502270 60814.18499697 25
NOAA-18              60814.24463452 60814.25482170 27
NOAA-18              60814.69781045 60814.70799547 29
NOAA-18              60814.76777637 60814.77742076 22
NOAA-18              60815.16644547 60815.17581921 18
NOAA-18              60815.23546925 60815.24605610 37
NOAA-18              60815.68909474 60815.69876535 21
NOAA-18              60815.75863849 60815.76877906 30
NOAA-18              60816.15797722 60816.16656323 13
NOAA-18              60816.22638286 60816.23722819 51
NOAA-18              60816.68046717 60816.68942979 15
NOAA-18              60816.74955652 60816.76005340 41
NOAA-18              60817.14964230 60817.15720004 9
NOAA-18              60817.21736862 60817.22834609 72
NOAA-18              60817.29071283 60817.29516092 2
NOAA-18              60817.67196016 60817.67995714 10
NOAA-18              60817.74052453 60817.75125214 58
NOAA-18              60818.14152043 60818.14766668 5
NOAA-18              60818.20842285 60818.21941440 83
NOAA-18              60818.28062689 60818.28724244 6
NOAA-18              60818.66363817 60818.67028198 6
NOAA-18              60818.73153960 60818.74237988 80
NOAA-18              60818.80344970 60818.80912424 4
NOAA-18              60819.19954633 60819.21043531 60
NOAA-18              60819.27091014 60819.27894025 10
NOAA-18              60819.65568404 60819.66021748 2
NOAA-18              60819.72260162 60819.73343868 74
NOAA-18              60819.79383939 60819.80105327 8
NOAA-18              60820.19073795 60820.20140877 43
NOAA-18              60820.26142593 60820.27044340 15
NOAA-18              60820.71371029 60820.72442809 53
NOAA-18              60820.78444784 60820.79274999 12
NOAA-18              60821.18200356 60821.19233233 32
NOAA-18              60821.25208071 60821.26182271 21
NOAA-18              60821.70487325 60821.71534484 38
NOAA-18              60821.77517169 60821.78429631 17
NOAA-18              60822.17335084 60822.18320056 23
NOAA-18              60822.24284159 60822.25311125 29
NOAA-18              60822.69609657 60822.70618258 27
NOAA-18              60822.76597732 60822.77572817 23
NOAA-18              60823.16479211 60823.17400354 17
NOAA-18              60823.23369035 60823.24432779 39
NOAA-18              60823.68739327 60823.69692959 20
NOAA-18              60823.75684724 60823.76706596 32
NOAA-18              60824.15634787 60824.16472331 12
NOAA-18              60824.22461633 60824.23548411 55
NOAA-18              60824.67878329 60824.68756605 14
NOAA-18              60824.74777173 60824.75832184 44
NOAA-18              60825.14804708 60825.15532616 8
NOAA-18              60825.21561354 60825.22658730 77
NOAA-18              60825.28867825 60825.29365692 3
NOAA-19              60803.65709857 60803.66741781 31
NOAA-19              60803.72714606 60803.73672123 21
NOAA-19              60804.12585820 60804.13528500 19
NOAA-19              60804.19502308 60804.20542589 34
NOAA-19              60804.64852676 60804.65838095 23
NOAA-19              60804.71816271 60804.72826279 28
NOAA-19              60805.11752317 60805.12621509 14
NOAA-19              60805.18608554 60805.19677487 47
NOAA-19              60805.64003543 60805.64924667 16
NOAA-19              60805.70923530 60805.71972039 39
NOAA-19              60806.10931680 60806.11704815 9
NOAA-19              60806.17721939 60806.18806904 65
NOAA-19              60806.63165121 60806.63998884 11
NOAA-19              60806.70035724 60806.71110290 54
NOAA-19              60807.10129195 60807.10773358 6
NOAA-19              60807.16842085 60807.17931365 89
NOAA-19              60807.24092123 60807.24688158 5
NOAA-19              60807.62342376 60807.63055743 7
NOAA-19              60807.69152518 60807.70241541 74
NOAA-19              60807.76360890 60807.76891564 4
NOAA-19              60808.09364972 60808.09813301 3
NOAA-19              60808.15968951 60808.17051145 66
NOAA-19              60808.23131516 60808.23882248 8
NOAA-19              60808.61547524 60808.62082848 3
NOAA-19              60808.68273840 60808.69366053 81
NOAA-19              60808.75411057 60808.76107456 7
NOAA-19              60809.15102347 60809.16166299 48
NOAA-19              60809.22191733 60809.23053860 13
NOAA-19              60809.67399646 60809.68483847 58
NOAA-19              60809.74485375 60809.75297654 11
NOAA-19              60810.14242794 60810.15276660 35
NOAA-19              60810.21270031 60810.22211397 18
NOAA-19              60810.66530510 60810.67594699 42
NOAA-19              60810.73572109 60810.74471910 16
NOAA-19              60811.13390918 60811.14381796 25
NOAA-19              60811.20359568 60811.21359131 25
NOAA-19              60811.65666996 60811.66698094 30
NOAA-19              60811.72667410 60811.73634338 22
NOAA-19              60812.12547751 60812.13480900 19
NOAA-19              60812.19458191 60812.20499281 35
NOAA-19              60812.64810095 60812.65793117 22
NOAA-19              60812.71769308 60812.72787143 29
NOAA-19              60813.11714977 60813.12572526 13
NOAA-19              60813.18564648 60813.19633176 48
NOAA-19              60813.63961433 60813.64878211 16
NOAA-19              60813.70876705 60813.71931659 40
NOAA-19              60814.10894755 60814.11654040 9
NOAA-19              60814.17678217 60814.18761647 68
NOAA-19              60814.63123817 60814.63950614 11
NOAA-19              60814.69988986 60814.71068744 56
NOAA-19              60815.10094328 60815.10719862 5
NOAA-19              60815.16798495 60815.17885194 88
NOAA-19              60815.24038697 60815.24650455 5
NOAA-19              60815.62302561 60815.63004973 7
NOAA-19              60815.69105847 60815.70198861 77
NOAA-19              60815.76304607 60815.76860765 4
NOAA-19              60816.09336480 60816.09753766 2
NOAA-19              60816.15925515 60816.17004067 64
NOAA-19              60816.23080471 60816.23841359 9
NOAA-19              60816.61511166 60816.62027560 3
NOAA-19              60816.68227240 60816.69322248 78
NOAA-19              60816.75357796 60816.76072330 7
NOAA-19              60817.15059117 60817.16118302 46
NOAA-19              60817.22141856 60817.23010969 13
NOAA-19              60817.67353130 60817.68438902 56
NOAA-19              60817.74433518 60817.75259949 12
NOAA-19              60818.14199821 60818.15227700 33
NOAA-19              60818.21220859 60818.22167006 19
NOAA-19              60818.66484140 60818.67548575 41
NOAA-19              60818.73521004 60818.74432296 16
NOAA-19              60819.13348301 60819.14331809 24
NOAA-19              60819.20310850 60819.21313499 26
NOAA-19              60819.65620851 60819.66650715 30
NOAA-19              60819.72616750 60819.73593109 22
NOAA-19              60820.12505646 60820.13429757 18
NOAA-19              60820.19409786 60820.20452559 36
NOAA-19              60820.64764311 60820.65744359 21
NOAA-19              60820.71718927 60820.72744508 31
NOAA-19              60821.11673642 60821.12519997 13
NOAA-19              60821.18516473 60821.19585463 50
NOAA-19              60821.63916223 60821.64827868 15
NOAA-19              60821.70826507 60821.71887734 42
NOAA-19              60822.10854653 60822.11599691 9
NOAA-19              60822.17630227 60822.18712999 70
NOAA-19              60822.63079557 60822.63898305 10
NOAA-19              60822.69938921 60822.71023574 58
NOAA-19              60823.10056512 60823.10662669 5
NOAA-19              60823.16750687 60823.17835643 85
NOAA-19              60823.23980683 60823.24609622 5
NOAA-19              60823.62260042 60823.62949903 6
NOAA-19              60823.69055896 60823.70152493 80
NOAA-19              60823.76245339 60823.76826108 4
NOAA-19              60824.15877879 60824.16953622 62
NOAA-19              60824.23024883 60824.23797318 9
NOAA-19              60824.61472793 60824.61967267 3
NOAA-19              60824.68177410 60824.69274691 76
NOAA-19              60824.75301346 60824.76033551 8
NOAA-19              60825.15011699 60825.16066956 44
NOAA-19              60825.22087494 60825.22964901 14
METOA                60803.30795338 60803.31249493 3
METOA                60803.74048119 60803.75007337 46
METOA                60803.80837943 60803.81581261 11
METOA                60804.19062875 60804.19795806 11
METOA                60804.25648316 60804.26578046 43
METOA                60804.69356553 60804.69878711 4
METOA                60804.75851839 60804.76823251 75
METOA                60804.82765962 60804.83234296 3
METOA                60805.20788817 60805.21664427 23
METOA                60805.27497161 60805.28354094 21
METOA                60805.71049456 60805.71822457 12
METOA                60805.77680729 60805.78610032 37
METOA                60806.22554018 60806.23503577 47
METOA                60806.29389949 60806.30092754 9
METOA                60806.72803345 60806.73698194 26
METOA                60806.79527354 60806.80362798 18
METOA                60807.17874763 60807.18459989 5
METOA                60807.24349676 60807.25320389 75
METOA                60807.74588545 60807.75535458 55
METOA                60807.81408574 60807.82070315 8
METOA                60808.19557844 60808.20360553 14
METOA                60808.26177816 60808.27115000 36
METOA                60808.69862405 60808.70442753 5
METOA                60808.76396679 60808.77341995 62
METOA                60809.21295861 60809.22217409 28
METOA                60809.28035298 60809.28882817 18
METOA                60809.71573480 60809.72363607 15
METOA                60809.78230367 60809.79118726 29
METOA                60810.23069032 60810.24048436 59
METOA                60810.29941427 60810.30607217 7
METOA                60810.73334936 60810.74227129 31
METOA                60810.80084176 60810.80858718 14
METOA                60811.18351935 60811.19033349 8
METOA                60811.24871388 60811.25858115 64
METOA                60811.75125060 60811.76054696 66
METOA                60811.81981366 60811.82544174 5
METOA                60812.20054327 60812.20915183 18
METOA                60812.26702884 60812.27645437 31
METOA                60812.70369682 60812.70992419 7
METOA                60812.76937524 60812.77851909 50
METOA                60813.21802448 60813.22762075 35
METOA                60813.28572730 60813.29403331 15
METOA                60813.72094419 60813.72894973 17
METOA                60813.78775789 60813.79617499 23
METOA                60814.17190441 60814.17663395 3
METOA                60814.23582890 60814.24585541 73
METOA                60814.30495142 60814.31110522 6
METOA                60814.73862394 60814.74747352 36
METOA                60814.80638924 60814.81343685 11
METOA                60815.18834680 60815.19592445 11
METOA                60815.25391794 60815.26388145 53
METOA                60815.75657262 60815.76565598 75
METOA                60815.82560809 60815.82998189 3
METOA                60816.20551617 60816.21460152 22
METOA                60816.27230455 60816.28167587 26
METOA                60816.70875682 60816.71530449 9
METOA                60816.77473899 60816.78353395 40
METOA                60817.22308453 60817.23298267 43
METOA                60817.29110203 60817.29914697 13
METOA                60817.72611332 60817.73417549 20
METOA                60817.79317913 60817.80107798 19
METOA                60818.17649541 60818.18237380 5
METOA                60818.24095711 60818.25114519 84
METOA                60818.31053696 60818.31599895 4
METOA                60818.74385009 60818.75259599 44
METOA                60818.81192179 60818.81817011 8
METOA                60819.19320565 60819.20139371 13
METOA                60819.25911153 60819.26909988 44
METOA                60819.69709267 60819.70102446 2
METOA                60819.76184157 60819.77068724 70
METOA                60820.21049196 60820.21995629 26
METOA                60820.27757398 60820.28681048 22
METOA                60820.71378675 60820.72058666 10
METOA                60820.78009753 60820.78847230 31
METOA                60821.22813815 60821.23825785 53
METOA                60821.29648586 60821.30415825 10
METOA                60821.73123379 60821.73932227 23
METOA                60821.79855957 60821.80589154 14
METOA                60822.18118231 60822.18791624 7
METOA                60822.24607583 60822.25635022 76
METOA                60822.31622018 60822.32070156 3
METOA                60822.74902205 60822.75764522 54
METOA                60822.81745318 60822.82277292 5
METOA                60823.19808224 60823.20675184 16
METOA                60823.26429634 60823.27423168 37
METOA                60823.70185107 60823.70649834 4
METOA                60823.76705496 60823.77564614 57
METOA                60824.21546673 60824.22521696 32
METOA                60824.28284150 60824.29185148 19
METOA                60824.71877444 60824.72578439 12
METOA                60824.78535797 60824.79333188 25
METOA                60825.16973652 60825.17388347 2
METOA                60825.23318363 60825.24344416 64
METOA                60825.30188986 60825.30905309 8
METOA                60825.73629908 60825.74439813 28
METOA                60825.80389930 60825.81061608 11
METOA                60826.18592303 60826.19330935 9
METOA                60826.25118510 60826.26146721 63
METOA                60826.75413469 60826.76262757 67
METOB                60803.60931437 60803.61789631 13
METOB                60803.67790533 60803.68833752 45
METOB                60804.07640812 60804.08277266 6
METOB                60804.14325132 60804.15396393 87
METOB                60804.21551120 60804.22106395 4
METOB                60804.59582033 60804.60249848 6
METOB                60804.66344208 60804.67413653 77
METOB                60804.73510518 60804.74039390 4
METOB                60805.12898389 60805.13954660 55
METOB                60805.19983554 60805.20781138 10
METOB                60805.64910238 60805.65975701 62
METOB                60805.71972631 60805.72737592 10
METOB                60806.11489936 60806.12500408 32
METOB                60806.18471564 60806.19406444 19
METOB                60806.63489197 60806.64519481 36
METOB                60806.70478815 60806.71384997 17
METOB                60807.10102596 60807.11031805 19
METOB                60807.16989211 60807.18006235 32
METOB                60807.62084573 60807.63042461 21
METOB                60807.69006455 60807.70002933 29
METOB                60808.08742491 60808.09543692 11
METOB                60808.15528610 60808.16588659 55
METOB                60808.60702887 60808.61538226 12
METOB                60808.67549180 60808.68598749 49
METOB                60809.07425554 60809.08021231 5
METOB                60809.14086633 60809.15157295 86
METOB                60809.21286749 60809.21889974 5
METOB                60809.59361870 60809.59989089 5
METOB                60809.66104614 60809.67175711 84
METOB                60809.73251398 60809.73826745 5
METOB                60810.12662496 60810.13713527 50
METOB                60810.19730362 60810.20553713 12
METOB                60810.64672253 60810.65734863 57
METOB                60810.71722507 60810.72514053 11
METOB                60811.11256934 60811.12257074 30
METOB                60811.18223667 60811.19174057 21
METOB                60811.63253515 60811.64275504 33
METOB                60811.70232611 60811.71155963 19
METOB                60812.09873145 60812.10785761 18
METOB                60812.16744873 60812.17770649 35
METOB                60812.61851731 60812.62794702 20
METOB                60812.68762729 60812.69769977 31
METOB                60813.08518137 60813.09293579 10
METOB                60813.15287151 60813.16350640 60
METOB                60813.60474556 60813.61285040 11
METOB                60813.67307386 60813.68362590 53
METOB                60814.07210264 60814.07762338 4
METOB                60814.13847774 60814.14917162 80
METOB                60814.21024203 60814.21670255 6
METOB                60814.59143423 60814.59725034 4
METOB                60814.65864593 60814.66936608 88
METOB                60814.72993739 60814.73610936 5
METOB                60815.12426276 60815.13471328 46
METOB                60815.19477381 60815.20324644 13
METOB                60815.64434045 60815.65492836 53
METOB                60815.71472414 60815.72288811 12
METOB                60816.11023683 60816.12012640 27
METOB                60816.17975604 60816.18940410 22
METOB                60816.63017513 60816.64030276 31
METOB                60816.69986122 60816.70925543 20
METOB                60817.09643616 60817.10538461 16
METOB                60817.16500230 60817.17533966 38
METOB                60817.61618750 60817.62545496 18
METOB                60817.68518605 60817.69535785 34
METOB                60818.08294095 60818.09041835 9
METOB                60818.15045317 60818.16111575 66
METOB                60818.60246525 60818.61029954 10
METOB                60818.67065154 60818.68125230 58
METOB                60819.06997966 60819.07499988 3
METOB                60819.13608552 60819.14676003 73
METOB                60819.20763003 60819.21447757 7
METOB                60819.58927331 60819.59456946 3
METOB                60819.65624134 60819.66696329 83
METOB                60819.72737118 60819.73392379 6
METOB                60820.12189736 60820.13228105 43
METOB                60820.19224524 60820.20094025 14
METOB                60820.64195474 60820.65249603 48
METOB                60820.71222295 60820.72061923 13
METOB                60821.10790202 60821.11767098 25
METOB                60821.17727343 60821.18705537 24
METOB                60821.62781222 60821.63783737 28
METOB                60821.69739333 60821.70693772 22
METOB                60822.09414051 60822.10289908 15
METOB                60822.16255270 60822.17296182 41
METOB                60822.61385683 60822.62294784 17
METOB                60822.68274080 60822.69300350 37
METOB                60823.08070517 60823.08788363 8
METOB                60823.14803126 60823.15871473 72
METOB                60823.60018965 60823.60772793 9
METOB                60823.66822493 60823.67886685 63
METOB                60824.06795686 60824.07233269 2
METOB                60824.13369068 60824.14433824 68
METOB                60824.20502780 60824.21222830 8
METOB                60824.58714736 60824.59183695 3
METOB                60824.65383260 60824.66454861 77
METOB                60824.72478095 60824.73171639 7
METOB                60825.11952886 60825.12983835 39
METOB                60825.18971701 60825.19861929 15
METOB                60825.63956517 60825.65005120 44
