iss                  60803.35556204 60803.36026944 13
iss                  60803.42013845 60803.42689286 17
iss                  60803.48705624 60803.49295218 10
iss                  60804.25444432 60804.25933593 6
iss                  60804.31999240 60804.32651709 15
iss                  60804.38642064 60804.39323127 18
iss                  60804.45323566 60804.45948917 12
iss                  60804.52073576 60804.52452423 3
iss                  60805.22135173 60805.22525354 3
iss                  60805.28643203 60805.29271822 12
iss                  60805.35270568 60805.35952057 18
iss                  60805.41942945 60805.42593296 14
iss                  60805.48662937 60805.49144916 5
iss                  60806.25292380 60806.25886382 10
iss                  60806.31899787 60806.32576531 17
iss                  60806.38562866 60806.39230024 16
iss                  60806.45264677 60806.45814877 8
iss                  60807.21948903 60807.22493766 8
iss                  60807.28530439 60807.29196748 16
iss                  60807.35182930 60807.35860331 17
iss                  60807.41872096 60807.42469914 10
iss                  60808.18616868 60808.19090749 5
iss                  60808.25163502 60808.25812604 14
iss                  60808.31803092 60808.32485143 18
iss                  60808.38482261 60808.39113704 13
iss                  60808.45224279 60808.45628004 3
iss                  60809.15304874 60809.15669754 3
iss                  60809.21800301 60809.22423628 12
iss                  60809.28423603 60809.29105125 18
iss                  60809.35093669 60809.35748479 15
iss                  60809.41808810 60809.42307178 6
iss                  60810.18442796 60810.19028815 10
iss                  60810.25044983 60810.25720687 17
iss                  60810.31705531 60810.32375829 16
iss                  60810.38403881 60810.38965822 8
iss                  60811.15093364 60811.15626289 7
iss                  60811.21668013 60811.22331974 16
iss                  60811.28317523 60811.28996930 18
iss                  60811.35003921 60811.35610395 11
iss                  60812.11756705 60812.12212249 5
iss                  60812.18293746 60812.18938812 14
iss                  60812.24929668 60812.25612664 18
iss                  60812.31606344 60812.32244170 13
iss                  60812.38340631 60812.38769198 4
iss                  60813.08443708 60813.08777030 2
iss                  60813.14923608 60813.15540628 11
iss                  60813.21542278 60813.22223650 18
iss                  60813.28209822 60813.28869267 15
iss                  60813.34920100 60813.35435216 6
iss                  60814.11559742 60814.12136253 9
iss                  60814.18155939 60814.18830247 17
iss                  60814.24813674 60814.25487178 17
iss                  60814.31508491 60814.32082501 9
iss                  60815.08204823 60815.08723487 7
iss                  60815.14771501 60815.15432537 15
iss                  60815.21417657 60815.22099024 18
iss                  60815.28101171 60815.28716513 11
iss                  60815.34866144 60815.35194396 2
iss                  60816.04864418 60816.05297745 4
iss                  60816.11390103 60816.12030261 13
iss                  60816.18021864 60816.18705634 18
iss                  60816.24695882 60816.25340219 14
iss                  60816.31422768 60816.31875845 4
iss                  60817.08013436 60817.08622731 11
iss                  60817.14626679 60817.15307577 18
iss                  60817.21291468 60817.21955578 16
iss                  60817.27996937 60817.28528890 7
iss                  60818.04643433 60818.05208561 8
iss                  60818.11232756 60818.11905154 17
iss                  60818.17887361 60818.18564002 17
iss                  60818.24578619 60818.25164778 9
iss                  60819.01283603 60819.01785154 6
iss                  60819.07841020 60819.08498371 15
iss                  60819.14483403 60819.15166550 18
iss                  60819.21163922 60819.21788179 12
iss                  60819.27916063 60819.28283140 3
iss                  60819.97940599 60819.98346750 3
iss                  60820.04452723 60820.05086874 13
iss                  60820.11079764 60820.11763997 18
iss                  60820.17750943 60820.18401759 14
iss                  60820.24470793 60820.24947774 5
iss                  60821.01069693 60821.01669809 10
iss                  60821.07676903 60821.08356852 18
iss                  60821.14338676 60821.15007334 16
iss                  60821.21039421 60821.21588022 8
iss                  60821.97694133 60821.98245578 8
iss                  60822.04275551 60822.04945350 16
iss                  60822.10926666 60822.11606233 18
iss                  60822.17614317 60822.18212520 10
iss                  60822.94330117 60822.94810971 5
iss                  60823.00876722 60823.01529410 14
iss                  60823.07514843 60823.08199449 18
iss                  60823.14192253 60823.14825281 13
iss                  60823.20933027 60823.21335933 3
iss                  60823.90986181 60823.91358499 3
iss                  60823.97481784 60823.98108561 12
iss                  60824.04103462 60824.04787696 18
iss                  60824.10771603 60824.11428698 15
iss                  60824.17484800 60824.17984843 6
AO-07                60803.49458668 60803.50391262 6
AO-07                60803.57287452 60803.58713672 27
AO-07                60803.65150469 60803.66704451 76
AO-07                60803.72990684 60803.74485475 48
AO-07                60803.80767356 60803.82148683 28
AO-07                60803.88453390 60803.89816271 26
AO-07                60803.96103406 60803.97569712 40
AO-07                60804.03840179 60804.05397245 85
AO-07                60804.11763663 60804.13258392 37
AO-07                60804.19973803 60804.21107998 11
AO-07                60804.53114451 60804.54344191 14
AO-07                60804.60971225 60804.62488308 45
AO-07                60804.68828482 60804.70370447 73
AO-07                60804.76644274 60804.78083042 36
AO-07                60804.84378728 60804.85732698 26
AO-07                60804.92034560 60804.93436754 30
AO-07                60804.99710057 60805.01229702 56
AO-07                60805.07523690 60805.09077820 64
AO-07                60805.15564827 60805.16940918 22
AO-07                60805.23984095 60805.24744344 4
AO-07                60805.48970265 60805.49846555 5
AO-07                60805.56791567 60805.58199348 25
AO-07                60805.64654636 60805.66206916 72
AO-07                60805.72497546 60805.73999011 51
AO-07                60805.80279627 60805.81666393 29
AO-07                60805.87971120 60805.89330179 26
AO-07                60805.95619894 60805.97077698 39
AO-07                60806.03347573 60806.04901675 81
AO-07                60806.11256398 60806.12761817 40
AO-07                60806.19443226 60806.20614381 12
AO-07                60806.52620406 60806.53816879 13
AO-07                60806.60474992 60806.61982702 42
AO-07                60806.68333582 60806.69878773 77
AO-07                60806.76153352 60806.77599593 37
AO-07                60806.83893955 60806.85249400 26
AO-07                60806.91552825 60806.92947724 30
AO-07                60806.99223091 60807.00735675 53
AO-07                60807.07024921 60807.08581476 68
AO-07                60807.15048333 60807.16444898 24
AO-07                60807.23433002 60807.24258330 5
AO-07                60807.48483597 60807.49298374 4
AO-07                60807.56295794 60807.57683665 24
AO-07                60807.64158709 60807.65708495 68
AO-07                60807.72004149 60807.73512023 53
AO-07                60807.79791484 60807.81184107 30
AO-07                60807.87488640 60807.88844486 26
AO-07                60807.95136740 60807.96586001 37
AO-07                60808.02855749 60808.04406254 77
AO-07                60808.10750280 60808.12265235 43
AO-07                60808.18914687 60808.20120291 13
AO-07                60808.52126794 60808.53287639 12
AO-07                60808.59978761 60808.61475995 40
AO-07                60808.67838517 60808.69386367 81
AO-07                60808.75662084 60808.77115843 39
AO-07                60808.83408792 60808.84766351 26
AO-07                60808.91071137 60808.92459100 29
AO-07                60808.98736708 60809.00241889 50
AO-07                60809.06527089 60809.08085208 72
AO-07                60809.14533265 60809.15948746 26
AO-07                60809.22886014 60809.23770849 6
AO-07                60809.48003502 60809.48746082 4
AO-07                60809.55800023 60809.57166578 22
AO-07                60809.63662704 60809.65209167 64
AO-07                60809.71510505 60809.73024479 56
AO-07                60809.79302930 60809.80701789 30
AO-07                60809.87005919 60809.88359184 26
AO-07                60809.94653908 60809.96094645 36
AO-07                60810.02364685 60810.03910993 73
AO-07                60810.10245277 60810.11768652 46
AO-07                60810.18388079 60810.19625797 14
AO-07                60810.51633691 60810.52756360 11
AO-07                60810.59482547 60810.60968188 37
AO-07                60810.67343299 60810.68893209 85
AO-07                60810.75170480 60810.76631766 40
AO-07                60810.82923228 60810.84283522 26
AO-07                60810.90589457 60810.91970888 28
AO-07                60810.98250879 60810.99748370 48
AO-07                60811.06030169 60811.07589028 77
AO-07                60811.14019576 60811.15452486 28
AO-07                60811.22342389 60811.23281792 6
AO-07                60811.47522235 60811.48188958 3
AO-07                60811.55304556 60811.56648037 20
AO-07                60811.63166658 60811.64708911 60
AO-07                60811.71016625 60811.72536351 59
AO-07                60811.78813969 60811.80219403 31
AO-07                60811.86522926 60811.87874262 25
AO-07                60811.94171359 60811.95603643 34
AO-07                60812.01874356 60812.03415903 69
AO-07                60812.09741360 60812.11272081 49
AO-07                60812.17863281 60812.19130959 16
AO-07                60812.51141190 60812.52222912 9
AO-07                60812.58986373 60812.60459221 34
AO-07                60812.66847937 60812.68399277 88
AO-07                60812.74678551 60812.76147299 42
AO-07                60812.82437253 60812.83800884 27
AO-07                60812.90107746 60812.91483093 28
AO-07                60812.97765573 60812.99255093 46
AO-07                60813.05534139 60813.07092947 81
AO-07                60813.13507220 60813.14956136 30
LO-19                60803.51852992 60803.52379194 3
LO-19                60803.58672189 60803.59634186 23
LO-19                60803.65566635 60803.66621286 87
LO-19                60803.72467417 60803.73439596 28
LO-19                60803.79341946 60803.80146516 12
LO-19                60803.86144289 60803.86841874 8
LO-19                60803.92845397 60803.93631262 11
LO-19                60803.99543617 60804.00501798 26
LO-19                60804.06352289 60804.07401554 84
LO-19                60804.13325427 60804.14297469 25
LO-19                60804.20555893 60804.21128726 4
LO-19                60804.56396969 60804.57270074 14
LO-19                60804.63280408 60804.64328097 56
LO-19                60804.70182558 60804.71196766 40
LO-19                60804.77070154 60804.77932699 15
LO-19                60804.83900227 60804.84617638 8
LO-19                60804.90632228 60804.91370663 9
LO-19                60804.97315570 60804.98220789 19
LO-19                60805.04081102 60805.05114985 55
LO-19                60805.10993418 60805.12015735 39
LO-19                60805.18120082 60805.18883825 9
LO-19                60805.54133232 60805.54871840 8
LO-19                60805.60995943 60805.62014289 35
LO-19                60805.67896171 60805.68938905 60
LO-19                60805.74792213 60805.75712577 21
LO-19                60805.81647751 60805.82401719 10
LO-19                60805.88414152 60805.89121435 8
LO-19                60805.95096666 60805.95944380 15
LO-19                60806.01826284 60806.02829082 37
LO-19                60806.08683920 60806.09730953 63
LO-19                60806.15729363 60806.16616792 16
LO-19                60806.51895372 60806.52422797 3
LO-19                60806.58714862 60806.59677285 23
LO-19                60806.65609315 60806.66664207 87
LO-19                60806.72510028 60806.73482440 28
LO-19                60806.79384397 60806.80189390 12
LO-19                60806.86186496 60806.86884901 8
LO-19                60806.92887469 60806.93674387 11
LO-19                60806.99585711 60807.00544921 26
LO-19                60807.06394466 60807.07444659 84
LO-19                60807.13367706 60807.14340581 25
LO-19                60807.20598229 60807.21171956 4
LO-19                60807.56439512 60807.57313108 14
LO-19                60807.63322992 60807.64370911 57
LO-19                60807.70225098 60807.71239477 40
LO-19                60807.77112570 60807.77975402 15
LO-19                60807.83942417 60807.84660462 8
LO-19                60807.90674224 60807.91413630 9
LO-19                60807.97357542 60807.98263782 19
LO-19                60808.04123138 60808.05157964 55
LO-19                60808.11035548 60808.12058712 39
LO-19                60808.18162311 60808.18926849 9
LO-19                60808.54175619 60808.54914840 8
LO-19                60808.61038424 60808.62057004 36
LO-19                60808.67938631 60808.68981490 60
LO-19                60808.74834581 60808.75755121 21
LO-19                60808.81689929 60808.82444342 10
LO-19                60808.88456098 60808.89164223 8
LO-19                60808.95138527 60808.95987235 15
LO-19                60809.01868186 60809.02871932 37
LO-19                60809.08725904 60809.09773815 63
LO-19                60809.15771450 60809.16659655 16
LO-19                60809.51937518 60809.52465850 3
LO-19                60809.58757232 60809.59719910 23
LO-19                60809.65651686 60809.66706673 87
LO-19                60809.72552334 60809.73524837 28
LO-19                60809.79426553 60809.80231823 12
LO-19                60809.86228416 60809.86927490 8
LO-19                60809.92929242 60809.93717091 11
LO-19                60809.99627489 60810.00587639 26
LO-19                60810.06436310 60810.07487369 84
LO-19                60810.13409645 60810.14383298 25
LO-19                60810.20640229 60810.21214777 4
LO-19                60810.56481761 60810.57355654 14
LO-19                60810.63365267 60810.64413263 57
LO-19                60810.70267330 60810.71281737 40
LO-19                60810.77154689 60810.78017659 15
LO-19                60810.83984322 60810.84702843 8
LO-19                60810.90715929 60810.91456166 9
LO-19                60810.97399206 60810.98306361 19
LO-19                60811.04164849 60811.05200541 55
LO-19                60811.11077343 60811.12101291 39
LO-19                60811.18204201 60811.18969468 9
LO-19                60811.54217726 60811.54957331 8
LO-19                60811.61080598 60811.62099249 36
LO-19                60811.67980780 60811.69023620 60
LO-19                60811.74876647 60811.75797217 21
LO-19                60811.81731819 60811.82486519 10
LO-19                60811.88497760 60811.89206571 8
LO-19                60811.95180088 60811.96029667 15
LO-19                60812.01909771 60812.02914374 37
LO-19                60812.08767559 60812.09816254 63
LO-19                60812.15813201 60812.16702114 16
LO-19                60812.51979424 60812.52508349 3
LO-19                60812.58799297 60812.59762055 23
LO-19                60812.65693745 60812.66748678 87
LO-19                60812.72594333 60812.73566783 28
LO-19                60812.79468416 60812.80273806 12
LO-19                60812.86270055 60812.86969631 8
FO-29                60803.38652753 60803.39770075 54
FO-29                60803.45958955 60803.46916222 19
FO-29                60803.53214331 60803.53980252 9
FO-29                60803.60361739 60803.61107018 9
FO-29                60803.67441108 60803.68353891 19
FO-29                60803.74606853 60803.75657813 57
FO-29                60803.81941513 60803.82970954 35
FO-29                60803.89529893 60803.90243418 7
FO-29                60804.20284029 60804.20759595 2
FO-29                60804.27492068 60804.28524318 21
FO-29                60804.34801356 60804.35954600 73
FO-29                60804.42118469 60804.43181084 32
FO-29                60804.49408616 60804.50272308 13
FO-29                60804.56615744 60804.57347377 8
FO-29                60804.63714434 60804.64534716 12
FO-29                60804.70823139 60804.71815923 30
FO-29                60804.78062173 60804.79128417 76
FO-29                60804.85505333 60804.86431558 18
FO-29                60805.23668515 60805.24513325 10
FO-29                60805.30953563 60805.32084868 39
FO-29                60805.38271085 60805.39408894 57
FO-29                60805.45580237 60805.46559967 21
FO-29                60805.52839300 60805.53623448 10
FO-29                60805.59993451 60805.60742498 9
FO-29                60805.67074685 60805.67982887 18
FO-29                60805.74236232 60805.75284268 54
FO-29                60805.81563019 60805.82597256 38
FO-29                60805.89137162 60805.89873981 8
FO-29                60806.19910405 60806.20367914 2
FO-29                60806.27112629 60806.28150454 20
FO-29                60806.34421457 60806.35590056 70
FO-29                60806.41738916 60806.42823094 34
FO-29                60806.49030902 60806.49917204 14
FO-29                60806.56243559 60806.56987971 9
FO-29                60806.63347534 60806.64167052 12
FO-29                60806.70454790 60806.71443796 29
FO-29                60806.77687788 60806.78754945 80
FO-29                60806.85117598 60806.86059476 19
FO-29                60807.23289936 60807.24133084 9
FO-29                60807.30573691 60807.31716244 37
FO-29                60807.37891154 60807.39048163 60
FO-29                60807.45201120 60807.46204404 22
FO-29                60807.52463435 60807.53267828 10
FO-29                60807.59620186 60807.60379707 9
FO-29                60807.66707596 60807.67613080 18
FO-29                60807.73864990 60807.74911650 51
FO-29                60807.81184048 60807.82224379 40
FO-29                60807.88744311 60807.89505132 9
FO-29                60808.26733020 60808.27776861 19
FO-29                60808.34041410 60808.35225860 67
FO-29                60808.41359127 60808.42465613 36
FO-29                60808.48652698 60808.49562960 15
FO-29                60808.55870369 60808.56629991 9
FO-29                60808.62979654 60808.63800787 12
FO-29                60808.70085747 60808.71072730 28
FO-29                60808.77312870 60808.78382346 84
FO-29                60808.84732846 60808.85687971 20
FO-29                60809.22911158 60809.23753059 9
FO-29                60809.30193712 60809.31347886 36
FO-29                60809.37511089 60809.38687815 63
FO-29                60809.44821714 60809.45849458 23
FO-29                60809.52086882 60809.52913319 11
FO-29                60809.59249758 60809.60018212 9
FO-29                60809.66339531 60809.67244503 17
FO-29                60809.73493162 60809.74539997 48
FO-29                60809.80804635 60809.81852328 43
FO-29                60809.88351379 60809.89136886 10
FO-29                60810.26353315 60810.27403442 19
FO-29                60810.33661294 60810.34861948 64
FO-29                60810.40979195 60810.42108572 38
FO-29                60810.48274101 60810.49209509 16
FO-29                60810.55496307 60810.56273358 9
FO-29                60810.62610863 60810.63435928 12
FO-29                60810.69716050 60810.70702756 27
FO-29                60810.76937457 60810.78010646 85
FO-29                60810.84347784 60810.85317246 22
FO-29                60810.92071810 60810.92537213 3
FO-29                60811.22532252 60811.23373189 9
FO-29                60811.29813701 60811.30979729 35
FO-29                60811.37130973 60811.38327781 66
FO-29                60811.44442127 60811.45495047 24
FO-29                60811.51709764 60811.52559814 12
FO-29                60811.58878387 60811.59658175 10
FO-29                60811.65970716 60811.66877175 17
FO-29                60811.73120791 60811.74169335 46
FO-29                60811.80424822 60811.81481122 45
FO-29                60811.87958003 60811.88768642 10
FO-29                60812.25973585 60812.27030172 18
FO-29                60812.33281187 60812.34498249 62
FO-29                60812.40599208 60812.41751896 41
FO-29                60812.47895238 60812.48856726 17
FO-29                60812.55121519 60812.55917979 10
FO-29                60812.62241220 60812.63072461 12
FO-29                60812.69345750 60812.70333894 26
FO-29                60812.76561594 60812.77639866 82
FO-29                60812.83962441 60812.84947309 23
FO-29                60812.91662368 60812.92180640 3
FO-29                60813.22153291 60813.22993406 8
FO-29                60813.29433732 60813.30611702 34
SO-50                60803.63332038 60803.64154971 18
SO-50                60803.70167918 60803.71113722 61
SO-50                60803.77115014 60803.78074640 62
SO-50                60803.84095609 60803.85058698 54
SO-50                60803.91059969 60803.92033726 88
SO-50                60803.98009185 60803.98928647 31
SO-50                60804.05002289 60804.05648115 7
SO-50                60804.57893446 60804.58479773 6
SO-50                60804.64594599 60804.65482276 28
SO-50                60804.71479377 60804.72436252 84
SO-50                60804.78446312 60804.79405439 55
SO-50                60804.85424393 60804.86392722 61
SO-50                60804.92380788 60804.93348550 64
SO-50                60804.99333763 60805.00195735 20
SO-50                60805.06394760 60805.06794154 2
SO-50                60805.59094383 60805.59834149 12
SO-50                60805.65877890 60805.66804903 43
SO-50                60805.72800583 60805.73760738 73
SO-50                60805.79778295 60805.80738695 53
SO-50                60805.86749709 60805.87722767 75
SO-50                60805.93700463 60805.94649803 44
SO-50                60806.00666458 60806.01436269 12
SO-50                60806.60333487 60806.61168661 20
SO-50                60806.67177500 60806.68126081 65
SO-50                60806.74128152 60806.75088077 60
SO-50                60806.81108696 60806.82072885 55
SO-50                60806.88071757 60806.89045544 84
SO-50                60806.95021066 60806.95933903 29
SO-50                60807.02020508 60807.02639124 6
SO-50                60807.54882949 60807.55498402 7
SO-50                60807.61598669 60807.62494103 30
SO-50                60807.68489776 60807.69447947 86
SO-50                60807.75458852 60807.76418425 54
SO-50                60807.82436107 60807.83405621 63
SO-50                60807.89391433 60807.90357661 61
SO-50                60807.96345621 60807.97196574 19
SO-50                60808.56090159 60808.56847649 13
SO-50                60808.62883807 60808.63815461 46
SO-50                60808.69811279 60808.70771944 71
SO-50                60808.76789850 60808.77751058 53
SO-50                60808.83760033 60808.84733901 77
SO-50                60808.90710228 60808.91655696 41
SO-50                60808.97679283 60808.98431557 11
SO-50                60809.50718688 60809.51128392 3
SO-50                60809.57332879 60809.58179432 21
SO-50                60809.64184675 60809.65135748 68
SO-50                60809.71138643 60809.72098866 59
SO-50                60809.78118999 60809.79084313 56
SO-50                60809.85080785 60809.86054410 81
SO-50                60809.92030325 60809.92936018 27
SO-50                60809.99036940 60809.99626123 6
SO-50                60810.51871296 60810.52513330 8
SO-50                60810.58600528 60810.59503128 32
SO-50                60810.65497677 60810.66456980 85
SO-50                60810.72468680 60810.73428742 53
SO-50                60810.79445030 60810.80415696 64
SO-50                60810.86399354 60810.87363757 57
SO-50                60810.93354960 60810.94194166 18
SO-50                60811.53084106 60811.53858033 14
SO-50                60811.59887397 60811.60823287 49
SO-50                60811.66819393 60811.67780502 68
SO-50                60811.73798646 60811.74760710 53
SO-50                60811.80767577 60811.81742142 80
SO-50                60811.87717317 60811.88658514 39
SO-50                60811.94689797 60811.95423362 10
SO-50                60812.47693506 60812.48150418 3
SO-50                60812.54330195 60812.55187310 22
SO-50                60812.61189426 60812.62142728 72
SO-50                60812.68146475 60812.69107002 58
SO-50                60812.75126517 60812.76092974 57
SO-50                60812.82087060 60812.83060318 77
SO-50                60812.89036974 60812.89934984 25
SO-50                60812.96051774 60812.96608964 5
SO-50                60813.48858287 60813.49524725 8
SO-50                60813.55600152 60813.56509366 35
SO-50                60813.62503067 60813.63463352 83
SO-50                60813.69475786 60813.70436383 53
SO-50                60813.76451165 60813.77422938 66
SO-50                60813.83404557 60813.84366836 54
SO-50                60813.90361797 60813.91188496 16
SO-50                60814.50076161 60814.50865374 15
SO-50                60814.56888640 60814.57828390 52
SO-50                60814.63824913 60814.64786411 66
SO-50                60814.70804677 60814.71767644 53
SO-50                60814.77772346 60814.78747483 83
SO-50                60814.84721737 60814.85658253 36
SO-50                60814.91698044 60814.92411665 10
SO-50                60815.44669012 60815.45167044 4
SO-50                60815.51325385 60815.52192317 24
SO-50                60815.58191736 60815.59147024 76
SO-50                60815.65151638 60815.66112483 57
SO-50                60815.72131250 60815.73098858 58
SO-50                60815.79090586 60815.80063263 74
SO-50                60815.86041023 60815.86930797 24
SO-50                60815.93065244 60815.93587403 4
SO-50                60816.45843790 60816.46532710 9
SO-50                60816.52597498 60816.53512830 37
SO-50                60816.59505928 60816.60467066 80
SO-50                60816.66480165 60816.67441343 53
HO-68                60803.41367235 60803.42505291 16
HO-68                60803.48862370 60803.50216286 53
HO-68                60803.56360819 60803.57703279 57
HO-68                60803.63824430 60803.65040525 26
HO-68                60803.71211070 60803.72327058 18
HO-68                60803.78511377 60803.79676555 22
HO-68                60803.85815063 60803.87115585 41
HO-68                60803.93236066 60803.94605078 80
HO-68                60804.00851317 60804.02106964 26
HO-68                60804.08768215 60804.09565453 6
HO-68                60804.40186659 60804.41260263 13
HO-68                60804.47677538 60804.49015947 44
HO-68                60804.55178166 60804.56533032 67
HO-68                60804.62649916 60804.63888539 29
HO-68                60804.70051266 60804.71174702 19
HO-68                60804.77361717 60804.78509526 20
HO-68                60804.84656459 60804.85936509 36
HO-68                60804.92053200 60804.93420803 88
HO-68                60804.99632999 60805.00923157 32
HO-68                60805.07489425 60805.08396392 8
HO-68                60805.39009435 60805.40005452 10
HO-68                60805.46492870 60805.47809840 37
HO-68                60805.53994812 60805.55358728 77
HO-68                60805.61473637 60805.62734730 33
HO-68                60805.68888935 60805.70023767 19
HO-68                60805.76211569 60805.77344977 19
HO-68                60805.83500498 60805.84758863 32
HO-68                60805.90874873 60805.92236977 76
HO-68                60805.98421197 60805.99738811 38
HO-68                60806.06221594 60806.07222720 10
HO-68                60806.37835803 60806.38739348 8
HO-68                60806.45308534 60806.46597583 31
HO-68                60806.52810886 60806.54180109 88
HO-68                60806.60295782 60806.61578640 37
HO-68                60806.67724071 60806.68873783 20
HO-68                60806.75060422 60806.76182966 18
HO-68                60806.82346767 60806.83582805 29
HO-68                60806.89700837 60806.91053731 66
HO-68                60806.97215496 60806.98554153 45
HO-68                60807.04967518 60807.06045337 13
HO-68                60807.36667713 60807.37459612 5
HO-68                60807.44124742 60807.45378797 26
HO-68                60807.51626544 60807.52996926 79
HO-68                60807.59116537 60807.60419891 41
HO-68                60807.66556738 60807.67724238 22
HO-68                60807.73907815 60807.75023477 18
HO-68                60807.81194813 60807.82408531 26
HO-68                60807.88530832 60807.89871202 57
HO-68                60807.96015535 60807.97369349 54
HO-68                60808.03723143 60808.04865553 17
HO-68                60808.35509049 60808.36161928 3
HO-68                60808.42941737 60808.44152946 21
HO-68                60808.50441878 60808.51808929 67
HO-68                60808.57936077 60808.59258072 47
HO-68                60808.65387053 60808.66574596 23
HO-68                60808.72753355 60808.73866411 18
HO-68                60808.80044145 60808.81236234 24
HO-68                60808.87364587 60808.88689535 49
HO-68                60808.94820999 60808.96184550 64
HO-68                60809.02487414 60809.03684066 20
HO-68                60809.10502634 60809.11107644 3
HO-68                60809.41759622 60809.42919441 18
HO-68                60809.49257039 60809.50615861 56
HO-68                60809.56754568 60809.58092867 55
HO-68                60809.64215173 60809.65424317 26
HO-68                60809.71596732 60809.72711573 18
HO-68                60809.78894246 60809.80066096 22
HO-68                60809.86201804 60809.87508883 43
HO-68                60809.93631602 60809.94999895 76
HO-68                60810.01259507 60810.02501362 25
HO-68                60810.09199063 60810.09952968 5
HO-68                60810.40579231 60810.41677530 14
HO-68                60810.48072162 60810.49417441 47
HO-68                60810.55572164 60810.56923973 63
HO-68                60810.63041275 60810.64272876 28
HO-68                60810.70437729 60810.71558675 18
HO-68                60810.77744577 60810.78898279 21
HO-68                60810.85042158 60810.86329389 38
HO-68                60810.92447081 60810.93815515 88
HO-68                60811.00038814 60811.01317782 30
HO-68                60811.07914885 60811.08786456 7
HO-68                60811.39401016 60811.40426244 11
HO-68                60811.46887400 60811.48213366 40
HO-68                60811.54389011 60811.55751109 74
HO-68                60811.61865550 60811.63119773 31
HO-68                60811.69276225 60811.70407341 19
HO-68                60811.76594602 60811.77732910 20
HO-68                60811.83885286 60811.85151271 33
HO-68                60811.91267184 60811.92631540 80
HO-68                60811.98824795 60812.00133624 36
HO-68                60812.06642803 60812.07614386 10
HO-68                60812.38225931 60812.39164255 9
HO-68                60812.45702899 60812.47003293 33
HO-68                60812.53205248 60812.54574017 85
HO-68                60812.60688187 60812.61964541 35
HO-68                60812.68112185 60812.69257125 20
HO-68                60812.75443800 60812.76570067 19
HO-68                60812.82730790 60812.83974676 30
HO-68                60812.90091663 60812.91448101 69
AO-73                60803.45685339 60803.46392445 13
AO-73                60803.52263101 60803.53104607 71
AO-73                60803.58873932 60803.59641312 23
AO-73                60803.65483376 60803.66047262 7
AO-73                60803.72056456 60803.72394636 2
AO-73                60803.78476314 60803.78866102 3
AO-73                60803.84822914 60803.85457462 10
AO-73                60803.91255009 60803.92068892 33
AO-73                60803.97827845 60803.98671891 47
AO-73                60804.04593568 60804.05235670 9
AO-73                60804.45622430 60804.46326311 13
AO-73                60804.52199651 60804.53040583 70
AO-73                60804.58810295 60804.59578683 23
AO-73                60804.65419918 60804.65985458 7
AO-73                60804.71994283 60804.72332078 2
AO-73                60804.78416018 60804.78801425 3
AO-73                60804.84761956 60804.85392450 9
AO-73                60804.91192628 60804.92003856 32
AO-73                60804.97763699 60804.98606941 47
AO-73                60805.04526946 60805.05171255 9
AO-73                60805.45557948 60805.46258416 13
AO-73                60805.52134440 60805.52974862 69
AO-73                60805.58744888 60805.59514402 24
AO-73                60805.65354675 60805.65922046 7
AO-73                60805.71930300 60805.72267956 2
AO-73                60805.78354009 60805.78735088 3
AO-73                60805.84699314 60805.85325733 9
AO-73                60805.91128543 60805.91937107 32
AO-73                60805.97697813 60805.98540278 48
AO-73                60806.04458528 60806.05105144 9
AO-73                60806.45491728 60806.46188760 12
AO-73                60806.52067471 60806.52907443 67
AO-73                60806.58677711 60806.59448469 24
AO-73                60806.65287646 60806.65857028 7
AO-73                60806.71864504 60806.72202275 2
AO-73                60806.78290283 60806.78667099 3
AO-73                60806.84634985 60806.85257316 9
AO-73                60806.91062752 60806.91868646 31
AO-73                60806.97630186 60806.98471905 49
AO-73                60807.04388314 60807.05037338 9
AO-73                60807.45423771 60807.46117342 12
AO-73                60807.51998744 60807.52838327 66
AO-73                60807.58608767 60807.59380884 24
AO-73                60807.65218832 60807.65790405 7
AO-73                60807.71796890 60807.72135040 2
AO-73                60807.78224834 60807.78597465 3
AO-73                60807.84568969 60807.85187203 9
AO-73                60807.90995256 60807.91798477 30
AO-73                60807.97560817 60807.98401824 50
AO-73                60808.04316305 60808.04967841 10
AO-73                60808.45354078 60808.46044161 12
AO-73                60808.51928260 60808.52767512 65
AO-73                60808.58538054 60808.59311648 25
AO-73                60808.65148233 60808.65722178 7
AO-73                60808.71727457 60808.72066258 2
AO-73                60808.78157657 60808.78526193 2
AO-73                60808.84501263 60808.85115396 9
AO-73                60808.90926054 60808.91726602 30
AO-73                60808.97489706 60808.98330038 51
AO-73                60809.04242500 60809.04896653 10
AO-73                60809.45282651 60809.45969215 12
AO-73                60809.51856013 60809.52694999 63
AO-73                60809.58465575 60809.59240760 25
AO-73                60809.65075849 60809.65652347 7
AO-73                60809.71656201 60809.71995930 2
AO-73                60809.78088747 60809.78453292 2
AO-73                60809.84431866 60809.85041902 9
AO-73                60809.90855144 60809.91653026 29
AO-73                60809.97416853 60809.98256550 52
AO-73                60810.04166902 60810.04823776 10
AO-73                60810.45209492 60810.45892502 11
AO-73                60810.51782030 60810.52620786 62
AO-73                60810.58391330 60810.59168219 25
AO-73                60810.65001682 60810.65580913 8
AO-73                60810.71583120 60810.71924061 2
AO-73                60810.78018099 60810.78378758 2
AO-73                60810.84360777 60810.84966724 9
AO-73                60810.90782527 60810.91577749 29
AO-73                60810.97342259 60810.98181362 53
AO-73                60811.04089511 60811.04749213 10
AO-73                60811.45134604 60811.45814019 11
AO-73                60811.51706280 60811.52544872 61
AO-73                60811.58315322 60811.59094025 26
AO-73                60811.64925732 60811.65507874 8
AO-73                60811.71508214 60811.71850654 2
AO-73                60811.77945707 60811.78302621 2
AO-73                60811.84287995 60811.84889864 8
AO-73                60811.90708202 60811.91500776 28
AO-73                60811.97265922 60811.98104476 54
AO-73                60812.04010327 60812.04672965 10
AO-73                60812.45057989 60812.45733766 11
AO-73                60812.51628782 60812.52467257 59
AO-73                60812.58237550 60812.59018178 26
AO-73                60812.64848002 60812.65433232 8
AO-73                60812.71431482 60812.71775711 2
AO-73                60812.77871568 60812.78224873 2
AO-73                60812.84213518 60812.84811327 8
AO-73                60812.90632169 60812.91422109 28
AO-73                60812.97187844 60812.98025895 56
TITA                 60803.70443649 60803.70825148 2
TITA                 60803.76905963 60803.77673844 23
TITA                 60803.83463331 60803.84275071 59
TITA                 60803.90034182 60803.90720043 14
TITA                 60803.96601102 60803.97053909 4
TITA                 60804.09429195 60804.09883295 4
TITA                 60804.15760941 60804.16450408 14
TITA                 60804.22203756 60804.23022184 58
TITA                 60804.28801260 60804.29575973 24
TITA                 60804.35640758 60804.36044017 3
TITA                 60804.76275540 60804.77026049 20
TITA                 60804.82829412 60804.83645322 71
TITA                 60804.89399457 60804.90103851 16
TITA                 60804.95968251 60804.96445804 5
TITA                 60805.08822078 60805.09250094 4
TITA                 60805.15146409 60805.15814929 13
TITA                 60805.21575889 60805.22387233 49
TITA                 60805.28155924 60805.28944015 28
TITA                 60805.34959694 60805.35430808 4
TITA                 60805.75644860 60805.76374813 17
TITA                 60805.82189996 60805.83012618 84
TITA                 60805.88763524 60805.89485407 18
TITA                 60805.95333758 60805.95836309 5
TITA                 60806.08213885 60806.08616408 3
TITA                 60806.14531817 60806.15178364 11
TITA                 60806.20948336 60806.21751010 41
TITA                 60806.27511415 60806.28310424 33
TITA                 60806.34284356 60806.34811363 5
TITA                 60806.75013885 60806.75719977 14
TITA                 60806.81554123 60806.82377518 80
TITA                 60806.88126410 60806.88864656 21
TITA                 60806.94697686 60806.95225262 6
TITA                 60807.07604367 60807.07982370 3
TITA                 60807.13917117 60807.14540741 10
TITA                 60807.20321070 60807.21113536 35
TITA                 60807.26867654 60807.27675261 39
TITA                 60807.33613023 60807.34187370 7
TITA                 60807.74382766 60807.75061332 12
TITA                 60807.80917311 60807.81739659 67
TITA                 60807.87488138 60807.88241530 23
TITA                 60807.94060124 60807.94612550 7
TITA                 60808.06993267 60808.07348206 2
TITA                 60808.13302249 60808.13902101 9
TITA                 60808.19694062 60808.20474830 30
TITA                 60808.26224574 60808.27038582 47
TITA                 60808.32944736 60808.33559784 9
TITA                 60808.73751745 60808.74398600 10
TITA                 60808.80279604 60808.81098982 55
TITA                 60808.86848729 60808.87616024 27
TITA                 60808.93421136 60808.93998051 8
TITA                 60808.99969972 60809.00305545 2
TITA                 60809.06380278 60809.06714150 2
TITA                 60809.12687142 60809.13262459 8
TITA                 60809.19067286 60809.19834914 26
TITA                 60809.25582118 60809.26400432 57
TITA                 60809.32278856 60809.32929187 10
TITA                 60809.73121129 60809.73731419 8
TITA                 60809.79641038 60809.80455425 46
TITA                 60809.86208205 60809.86988064 31
TITA                 60809.92780774 60809.93381681 9
TITA                 60809.99335072 60809.99691219 2
TITA                 60810.12071717 60810.12621891 7
TITA                 60810.18440695 60810.19193801 23
TITA                 60810.24940236 60810.25760854 69
TITA                 60810.31614962 60810.32295981 12
TITA                 60810.72491391 60810.73059285 7
TITA                 60810.79001665 60810.79808915 38
TITA                 60810.85567192 60810.86358251 36
TITA                 60810.92139091 60810.92763318 10
TITA                 60810.98697756 60810.99076590 3
TITA                 60811.11455877 60811.11980437 6
TITA                 60811.17814287 60811.18551540 20
TITA                 60811.24298881 60811.25119883 83
TITA                 60811.30952743 60811.31660449 15
TITA                 60811.71863202 60811.72381466 5
TITA                 60811.78361527 60811.79159374 32
TITA                 60811.84924507 60811.85725259 42
TITA                 60811.91496100 60811.92142905 11
TITA                 60811.98058255 60811.98461361 3
TITA                 60812.10839521 60812.11338169 5
TITA                 60812.17188010 60812.17908112 18
TITA                 60812.23658015 60812.24477552 82
TITA                 60812.30291977 60812.31022802 17
TITA                 60812.71237695 60812.71696757 4
TITA                 60812.77720701 60812.78506708 27
TITA                 60812.84280774 60812.85089688 50
TITA                 60812.90851871 60812.91520363 13
TITA                 60812.97416767 60812.97845239 4
TITA                 60813.10222521 60813.10695153 5
TITA                 60813.16561830 60813.17263558 16
TITA                 60813.23017601 60813.23833890 69
TITA                 60813.29632463 60813.30383179 20
TITA                 60813.70617005 60813.71002937 2
TITA                 60813.77079249 60813.77850814 23
TITA                 60813.83636019 60813.84451491 60
TITA                 60813.90206416 60813.90895624 14
TITA                 60813.96773451 60813.97228022 4
TITA                 60814.09604729 60814.10051501 4
TITA                 60814.15935706 60814.16617907 14
NOAA-15              60803.57681825 60803.58257118 4
NOAA-15              60803.64549533 60803.65530062 24
NOAA-15              60803.71481996 60803.72544079 86
NOAA-15              60803.78418777 60803.79389250 27
NOAA-15              60803.85327190 60803.86123583 11
NOAA-15              60803.92158735 60803.92851814 8
NOAA-15              60803.98886722 60803.99680167 11
NOAA-15              60804.05617312 60804.06589180 27
NOAA-15              60804.12464188 60804.13525993 87
NOAA-15              60804.19480320 60804.20458293 24
NOAA-15              60804.26760751 60804.27324143 4
NOAA-15              60804.62741981 60804.63660298 17
NOAA-15              60804.69667448 60804.70728496 67
NOAA-15              60804.76606001 60804.77612807 35
NOAA-15              60804.83525838 60804.84368573 14
NOAA-15              60804.90384369 60804.91085155 8
NOAA-15              60804.97132280 60804.97884182 10
NOAA-15              60805.03848377 60805.04778165 21
NOAA-15              60805.10659538 60805.11711223 63
NOAA-15              60805.17626173 60805.18647768 34
NOAA-15              60805.24820113 60805.25545678 8
NOAA-15              60805.60939723 60805.61771441 12
NOAA-15              60805.67853591 60805.68900531 47
NOAA-15              60805.74791978 60805.75827352 47
NOAA-15              60805.81720097 60805.82610490 17
NOAA-15              60805.88597608 60805.89325181 9
NOAA-15              60805.95375791 60805.96094921 9
NOAA-15              60806.02085920 60806.02969608 17
NOAA-15              60806.08865459 60806.09896642 45
NOAA-15              60806.15786547 60806.16835090 49
NOAA-15              60806.22910662 60806.23750349 12
NOAA-15              60806.59146299 60806.59858903 7
NOAA-15              60806.66041092 60806.67059147 33
NOAA-15              60806.72977238 60806.74031954 66
NOAA-15              60806.79911025 60806.80847301 22
NOAA-15              60806.86807198 60806.87569197 10
NOAA-15              60806.93614623 60806.94313441 8
NOAA-15              60807.00332666 60807.01164204 13
NOAA-15              60807.07080876 60807.08082736 33
NOAA-15              60807.13960108 60807.15021073 71
NOAA-15              60807.21020966 60807.21947521 18
NOAA-15              60807.57370730 60807.57912566 4
NOAA-15              60807.64230778 60807.65202909 23
NOAA-15              60807.71162261 60807.72225763 88
NOAA-15              60807.78099496 60807.79077327 28
NOAA-15              60807.85010138 60807.85814758 12
NOAA-15              60807.91846623 60807.92540187 8
NOAA-15              60807.98577610 60807.99363460 11
NOAA-15              60808.05305268 60808.06270063 26
NOAA-15              60808.12145811 60808.13206321 83
NOAA-15              60808.19153158 60808.20139501 26
NOAA-15              60808.26416887 60808.27012426 5
NOAA-15              60808.62423672 60808.63329930 16
NOAA-15              60808.69347569 60808.70407951 63
NOAA-15              60808.76286224 60808.77299247 37
NOAA-15              60808.83207695 60808.84059234 14
NOAA-15              60808.90066433 60808.90774863 8
NOAA-15              60808.96822725 60808.97568387 9
NOAA-15              60809.03537274 60809.04459246 20
NOAA-15              60809.10342770 60809.11391372 59
NOAA-15              60809.17301353 60809.18328358 36
NOAA-15              60809.24482482 60809.25230003 8
NOAA-15              60809.60622320 60809.61437252 11
NOAA-15              60809.67533652 60809.68577588 44
NOAA-15              60809.74471805 60809.75511977 50
NOAA-15              60809.81401066 60809.82300248 18
NOAA-15              60809.88282130 60809.89015428 9
NOAA-15              60809.95065323 60809.95780267 8
NOAA-15              60810.01775496 60810.02651035 16
NOAA-15              60810.08550157 60810.09576682 43
NOAA-15              60810.15463816 60810.16515224 52
NOAA-15              60810.22577100 60810.23432708 13
NOAA-15              60810.58830747 60810.59519770 6
NOAA-15              60810.65721209 60810.66733581 31
NOAA-15              60810.72656756 60810.73714613 70
NOAA-15              60810.79591276 60810.80535845 23
NOAA-15              60810.86490225 60810.87259764 10
NOAA-15              60810.93302826 60810.94000065 8
NOAA-15              60811.00022578 60811.00846159 13
NOAA-15              60811.06766884 60811.07762782 32
NOAA-15              60811.13639271 60811.14700843 75
NOAA-15              60811.20690541 60811.21628664 19
NOAA-15              60811.57059850 60811.57565444 3
NOAA-15              60811.63911136 60811.64874452 22
NOAA-15              60811.70841569 60811.71906311 84
NOAA-15              60811.77779167 60811.78764399 29
NOAA-15              60811.84691901 60811.85505168 12
NOAA-15              60811.91533216 60811.92228075 8
NOAA-15              60811.98267455 60811.99046160 11
NOAA-15              60812.04992407 60812.05950212 25
NOAA-15              60812.11826709 60812.12885840 78
NOAA-15              60812.18825377 60812.19819823 27
NOAA-15              60812.26073241 60812.26699058 5
NOAA-15              60812.62104531 60812.62998154 15
NOAA-15              60812.69026715 60812.70086234 60
NOAA-15              60812.75965427 60812.76984645 39
NOAA-15              60812.82888418 60812.83749049 15
NOAA-15              60812.89751326 60812.90463810 8
NOAA-15              60812.96512045 60812.97252064 9
NOAA-18              60803.35556204 60803.36282982 21
NOAA-18              60803.42675208 60803.43198757 3
NOAA-18              60803.72004380 60803.72561429 4
NOAA-18              60803.78927835 60803.79931548 23
NOAA-18              60803.85922189 60803.87027356 84
NOAA-18              60803.92920378 60803.93948884 31
NOAA-18              60803.99889074 60804.00755276 14
NOAA-18              60804.06779108 60804.07547457 9
NOAA-18              60804.13574209 60804.14430278 13
NOAA-18              60804.20373661 60804.21395257 29
NOAA-18              60804.27282548 60804.28392685 88
NOAA-18              60804.34361443 60804.35389098 25
NOAA-18              60804.41701900 60804.42327422 5
NOAA-18              60804.78034547 60804.79006662 19
NOAA-18              60804.85025877 60804.86129438 72
NOAA-18              60804.92025318 60804.93070312 35
NOAA-18              60804.99000145 60804.99887068 15
NOAA-18              60805.05903190 60805.06673823 9
NOAA-18              60805.12706894 60805.13543081 12
NOAA-18              60805.19498686 60805.20500655 25
NOAA-18              60805.26389615 60805.27496033 76
NOAA-18              60805.33443536 60805.34494397 30
NOAA-18              60805.40740201 60805.41448533 7
NOAA-18              60805.77142440 60805.78077290 16
NOAA-18              60805.84129615 60805.85228525 61
NOAA-18              60805.91129831 60805.92189594 40
NOAA-18              60805.98110000 60805.99018236 16
NOAA-18              60806.05025366 60806.05801708 10
NOAA-18              60806.11839341 60806.12657322 11
NOAA-18              60806.18625396 60806.19606576 23
NOAA-18              60806.25499323 60806.26599379 65
NOAA-18              60806.32529314 60806.33599106 35
NOAA-18              60806.39787141 60806.40564917 8
NOAA-18              60806.76251620 60806.77143028 13
NOAA-18              60806.83233494 60806.84324497 51
NOAA-18              60806.90233988 60806.91306599 46
NOAA-18              60806.97218765 60806.98148548 18
NOAA-18              60807.04145620 60807.04930915 10
NOAA-18              60807.10971260 60807.11773128 11
NOAA-18              60807.17753614 60807.18713111 20
NOAA-18              60807.24611571 60807.25702778 55
NOAA-18              60807.31618587 60807.32703313 42
NOAA-18              60807.38840663 60807.39677421 11
NOAA-18              60807.75362492 60807.76203377 11
NOAA-18              60807.82337580 60807.83417225 43
NOAA-18              60807.89337852 60807.90421220 54
NOAA-18              60807.96326541 60807.97277723 20
NOAA-18              60808.03263984 60808.04061188 10
NOAA-18              60808.10102351 60808.10890617 10
NOAA-18              60808.16883143 60808.17820363 18
NOAA-18              60808.23726258 60808.24806290 48
NOAA-18              60808.30711188 60808.31807122 50
NOAA-18              60808.37900678 60808.38788169 13
NOAA-18              60808.74475618 60808.75257646 9
NOAA-18              60808.81441968 60808.82506564 36
NOAA-18              60808.88441488 60808.89533346 63
NOAA-18              60808.95433480 60808.96405559 22
NOAA-18              60809.02380531 60809.03192275 11
NOAA-18              60809.09232328 60809.10009852 10
NOAA-18              60809.16013762 60809.16928443 17
NOAA-18              60809.22843277 60809.23909975 41
NOAA-18              60809.29806972 60809.30910617 59
NOAA-18              60809.36962640 60809.37897315 16
NOAA-18              60809.73591868 60809.74304816 7
NOAA-18              60809.80546750 60809.81592344 30
NOAA-18              60809.87544955 60809.88642875 74
NOAA-18              60809.94539686 60809.95531854 25
NOAA-18              60810.01495361 60810.02323874 12
NOAA-18              60810.08360933 60810.09130894 9
NOAA-18              60810.15145233 60810.16037450 15
NOAA-18              60810.21962515 60810.23013888 36
NOAA-18              60810.28905810 60810.30013872 70
NOAA-18              60810.36032739 60810.37004830 19
NOAA-18              60810.72712693 60810.73343305 5
NOAA-18              60810.79652033 60810.80674394 26
NOAA-18              60810.86648312 60810.87749705 85
NOAA-18              60810.93645213 60810.94656424 28
NOAA-18              60811.00608595 60811.01455682 13
NOAA-18              60811.07487930 60811.08253747 9
NOAA-18              60811.14277288 60811.15147537 14
NOAA-18              60811.21083848 60811.22118119 31
NOAA-18              60811.28007584 60811.29116954 82
NOAA-18              60811.35107293 60811.36111234 22
NOAA-18              60811.42488765 60811.43031514 3
NOAA-18              60811.71840849 60811.72370180 3
NOAA-18              60811.78757994 60811.79752455 22
NOAA-18              60811.85751620 60811.86853733 81
NOAA-18              60811.92750169 60811.93779102 31
NOAA-18              60811.99720362 60812.00587398 14
NOAA-18              60812.06613191 60812.07378363 9
NOAA-18              60812.13409673 60812.14258824 13
NOAA-18              60812.20207144 60812.21222718 28
NOAA-18              60812.27112183 60812.28219927 85
NOAA-18              60812.34185965 60812.35216739 26
NOAA-18              60812.41517610 60812.42158131 5
NOAA-18              60812.77864551 60812.78826282 18
NOAA-18              60812.84854944 60812.85954854 69
NOAA-18              60812.91854635 60812.92899752 36
NOAA-18              60812.98830797 60812.99718729 15
NOAA-19              60803.35557190 60803.36310731 8
NOAA-19              60803.72020871 60803.72900909 13
NOAA-19              60803.79001367 60803.80085166 50
NOAA-19              60803.86002061 60803.87068605 47
NOAA-19              60803.92987809 60803.93911618 18
NOAA-19              60803.99916439 60804.00695026 10
NOAA-19              60804.06744521 60804.07538248 10
NOAA-19              60804.13529467 60804.14479118 20
NOAA-19              60804.20389941 60804.21469261 56
NOAA-19              60804.27399712 60804.28469493 41
NOAA-19              60804.34626686 60804.35440768 10
NOAA-19              60804.71147970 60804.71977752 10
NOAA-19              60804.78121405 60804.79194339 42
NOAA-19              60804.85121775 60804.86199446 54
NOAA-19              60804.92111308 60804.93056805 20
NOAA-19              60804.99050273 60804.99841247 10
NOAA-19              60805.05890917 60805.06671758 10
NOAA-19              60805.12674388 60805.13602468 18
NOAA-19              60805.19520259 60805.20588935 48
NOAA-19              60805.26508161 60805.27589580 48
NOAA-19              60805.33702352 60805.34568329 12
NOAA-19              60805.70277355 60805.71048547 8
NOAA-19              60805.77241743 60805.78300194 36
NOAA-19              60805.84241258 60805.85327857 63
NOAA-19              60805.91233965 60805.92200696 22
NOAA-19              60805.98182317 60805.98988282 11
NOAA-19              60806.05036183 60806.05806999 10
NOAA-19              60806.11820325 60806.12726620 17
NOAA-19              60806.18652813 60806.19708785 42
NOAA-19              60806.25619703 60806.26709337 57
NOAA-19              60806.32783372 60806.33693966 15
NOAA-19              60806.69409919 60806.70112266 6
NOAA-19              60806.76362461 60806.77402565 30
NOAA-19              60806.83360570 60806.84453734 74
NOAA-19              60806.90355880 60806.91343095 25
NOAA-19              60806.97312673 60806.98135836 12
NOAA-19              60807.04180076 60807.04944032 9
NOAA-19              60807.10967047 60807.11851730 15
NOAA-19              60807.17787491 60807.18828852 36
NOAA-19              60807.24734206 60807.25828842 68
NOAA-19              60807.31865790 60807.32818274 18
NOAA-19              60807.68547149 60807.69167281 5
NOAA-19              60807.75483666 60807.76501270 26
NOAA-19              60807.82479768 60807.83576980 86
NOAA-19              60807.89477146 60807.90483823 28
NOAA-19              60807.96441461 60807.97283614 13
NOAA-19              60808.03322389 60808.04082858 9
NOAA-19              60808.10114319 60808.10977892 14
NOAA-19              60808.16924176 60808.17949217 32
NOAA-19              60808.23851553 60808.24948164 80
NOAA-19              60808.30955939 60808.31941198 21
NOAA-19              60808.38351202 60808.38851099 3
NOAA-19              60808.67691904 60808.68210564 3
NOAA-19              60808.74605524 60808.75596086 22
NOAA-19              60808.81598912 60808.82697491 81
NOAA-19              60808.88597851 60808.89622727 31
NOAA-19              60808.95568812 60808.96431322 14
NOAA-19              60809.02462948 60809.03223431 9
NOAA-19              60809.09261840 60809.10105244 13
NOAA-19              60809.16062737 60809.17069973 28
NOAA-19              60809.22971635 60809.24067366 87
NOAA-19              60809.30050165 60809.31063173 25
NOAA-19              60809.37392776 60809.37997304 4
NOAA-19              60809.73727976 60809.74686750 18
NOAA-19              60809.80718065 60809.81815165 69
NOAA-19              60809.87718071 60809.88759639 36
NOAA-19              60809.94694857 60809.95578676 15
NOAA-19              60810.01601680 60810.02365648 9
NOAA-19              60810.08409347 60810.09233920 12
NOAA-19              60810.15203030 60810.16191170 25
NOAA-19              60810.22094348 60810.23186510 75
NOAA-19              60810.29148196 60810.30184380 30
NOAA-19              60810.36446498 60810.37135287 6
NOAA-19              60810.72851651 60810.73772946 15
NOAA-19              60810.79837278 60810.80929893 58
NOAA-19              60810.86837880 60810.87894459 41
NOAA-19              60810.93819729 60810.94725396 16
NOAA-19              60811.00738512 60811.01509354 10
NOAA-19              60811.07556548 60811.08364049 11
NOAA-19              60811.14344899 60811.15312902 22
NOAA-19              60811.21219591 60811.22305655 64
NOAA-19              60811.28249808 60811.29304974 35
NOAA-19              60811.35509058 60811.36268213 8
NOAA-19              60811.71976647 60811.72854253 13
NOAA-19              60811.78956633 60811.80041557 49
NOAA-19              60811.85957346 60811.87027036 48
NOAA-19              60811.92943551 60811.93871260 18
NOAA-19              60811.99873450 60812.00654346 10
NOAA-19              60812.06703147 60812.07495754 10
NOAA-19              60812.13488167 60812.14435263 20
NOAA-19              60812.20347266 60812.21424860 55
NOAA-19              60812.27354810 60812.28425043 41
NOAA-19              60812.34578251 60812.35397077 10
NOAA-19              60812.71103398 60812.71930164 10
NOAA-19              60812.78076193 60812.79150026 41
NOAA-19              60812.85076532 60812.86157279 55
NOAA-19              60812.92066440 60812.93015996 20
NOAA-19              60812.99006537 60812.99800367 10
NOAA-19              60813.05848859 60813.06629147 10
METOA                60803.38195250 60803.39102870 19
METOA                60803.45292389 60803.45721212 2
METOA                60803.80080152 60803.80955601 15
METOA                60803.86783405 60803.87816001 59
METOA                60803.93503378 60803.94500373 38
METOA                60804.00211215 60804.01057210 15
METOA                60804.06872322 60804.07558411 8
METOA                60804.13429358 60804.14120482 8
METOA                60804.19933299 60804.20781603 16
METOA                60804.26495071 60804.27490855 41
METOA                60804.33192476 60804.34210137 53
METOA                60804.40073930 60804.40908880 13
METOA                60804.75248103 60804.75768561 3
METOA                60804.81887794 60804.82827898 22
METOA                60804.88598998 60804.89635149 82
METOA                60804.95318202 60804.96280936 29
METOA                60805.02016941 60805.02813930 12
METOA                60805.08654002 60805.09320700 7
METOA                60805.15185461 60805.15912426 9
METOA                60805.21691103 60805.22592145 20
METOA                60805.28287576 60805.29306813 58
METOA                60805.35027325 60805.36024390 36
METOA                60805.41972262 60805.42708363 9
METOA                60805.77024152 60805.77710968 7
METOA                60805.83698602 60805.84683181 31
METOA                60805.90414787 60805.91442408 67
METOA                60805.97131350 60805.98052821 22
METOA                60806.03817641 60806.04568213 10
METOA                60806.10426840 60806.11089907 7
METOA                60806.16939545 60806.17710644 11
METOA                60806.23459591 60806.24404423 25
METOA                60806.30089889 60806.31122577 81
METOA                60806.36875822 60806.37836272 25
METOA                60806.43897573 60806.44493813 5
METOA                60806.78818032 60806.79619404 11
METOA                60806.85511511 60806.86523443 45
METOA                60806.92230291 60806.93238598 48
METOA                60806.98942160 60806.99817226 17
METOA                60807.05611991 60807.06322620 8
METOA                60807.12191453 60807.12867149 7
METOA                60807.18694302 60807.19513749 13
METOA                60807.25235591 60807.26217964 34
METOA                60807.31903036 60807.32937669 70
METOA                60807.38743185 60807.39644475 18
METOA                60807.80620580 60807.81504139 16
METOA                60807.87325654 60807.88350120 65
METOA                60807.94045037 60807.95024520 35
METOA                60808.00749814 60808.01575674 14
METOA                60808.07402926 60808.08079664 7
METOA                60808.13949566 60808.14652411 8
METOA                60808.20447552 60808.21320738 17
METOA                60808.27020387 60808.28032170 46
METOA                60808.33727883 60808.34751579 48
METOA                60808.40624697 60808.41447624 12
METOA                60808.75779356 60808.76334776 4
METOA                60808.82428240 60808.83369825 24
METOA                60808.89140384 60808.90164280 81
METOA                60808.95858521 60808.96801059 26
METOA                60809.02553301 60809.03330066 11
METOA                60809.09180985 60809.09842413 7
METOA                60809.15703676 60809.16444815 10
METOA                60809.22210398 60809.23130095 21
METOA                60809.28814398 60809.29846507 64
METOA                60809.35565469 60809.36563676 33
METOA                60809.42528611 60809.43242948 8
METOA                60809.77559776 60809.78265351 8
METOA                60809.84238650 60809.85219156 34
METOA                60809.90955164 60809.91966811 60
METOA                60809.97670170 60809.98569245 20
METOA                60810.04351402 60810.05082681 9
METOA                60810.10950228 60810.11612502 7
METOA                60810.17456543 60810.18243065 12
METOA                60810.23979808 60810.24941200 28
METOA                60810.30618678 60810.31660505 87
METOA                60810.37417131 60810.38373129 23
METOA                60810.44462443 60810.45021565 4
METOA                60810.79354997 60810.80165333 12
METOA                60810.86050898 60810.87053945 49
METOA                60810.92769539 60810.93758537 43
METOA                60810.99479289 60811.00330325 16
METOA                60811.06147020 60811.06835957 8
METOA                60811.12711593 60811.13390723 8
METOA                60811.19210784 60811.20045826 14
METOA                60811.25757056 60811.26753377 37
METOA                60811.32434041 60811.33473687 64
METOA                60811.39288290 60811.40178458 16
METOA                60811.81157780 60811.82043043 18
METOA                60811.87864190 60811.88875492 70
METOA                60811.94583036 60811.95540243 32
METOA                60812.01285015 60812.02085925 13
METOA                60812.07930350 60812.08593131 7
METOA                60812.14467076 60812.15176771 9
METOA                60812.20964073 60812.21852108 18
METOA                60812.27543365 60812.28566046 50
METOA                60812.34261397 60812.35285500 44
METOA                60812.41174517 60812.41978037 11
METOA                60812.76309723 60812.76888541 5
METOA                60812.82965080 60812.83902533 25
METOA                60812.89677928 60812.90684829 75
METOB                60803.67149247 60803.67878098 7
METOB                60803.74071962 60803.75107240 33
METOB                60803.81034399 60803.82108038 67
METOB                60803.87993326 60803.88950571 22
METOB                60803.94913238 60803.95699491 10
METOB                60804.01744526 60804.02469955 8
METOB                60804.08484416 60804.09345303 14
METOB                60804.15264812 60804.16288390 35
METOB                60804.22172339 60804.23252515 70
METOB                60804.29263228 60804.30205624 18
METOB                60804.65735839 60804.66336594 4
METOB                60804.72634171 60804.73634222 25
METOB                60804.79593384 60804.80674416 86
METOB                60804.86555459 60804.87545385 27
METOB                60804.93487399 60804.94305960 12
METOB                60805.00341481 60805.01061258 8
METOB                60805.07090367 60805.07915384 12
METOB                60805.13853769 60805.14849166 28
METOB                60805.20730179 60805.21811621 90
METOB                60805.27777986 60805.28770135 24
METOB                60805.35093557 60805.35662263 4
METOB                60805.71198046 60805.72151002 19
METOB                60805.78152429 60805.79233610 73
METOB                60805.85116366 60805.86135280 33
METOB                60805.92058007 60805.92912079 14
METOB                60805.98929484 60805.99657611 8
METOB                60806.05701296 60806.06488641 11
METOB                60806.12447475 60806.13411043 23
METOB                60806.19295226 60806.20370570 70
METOB                60806.26303095 60806.27332569 31
METOB                60806.33547493 60806.34251725 7
METOB                60806.69764814 60806.70656349 14
METOB                60806.76711783 60806.77785182 55
METOB                60806.83676360 60806.84719679 42
METOB                60806.90625657 60806.91516624 16
METOB                60806.97516553 60806.98257961 9
METOB                60807.04307010 60807.05066082 10
METOB                60807.11045724 60807.11974383 19
METOB                60807.17867066 60807.18929604 54
METOB                60807.24837601 60807.25893553 41
METOB                60807.32022728 60807.32828778 10
METOB                60807.68335659 60807.69148499 10
METOB                60807.75271744 60807.76328640 41
METOB                60807.82235718 60807.83298101 54
METOB                60807.89190891 60807.90118529 19
METOB                60807.96098648 60807.96861565 10
METOB                60808.02910649 60808.03648068 9
METOB                60808.09647524 60808.10539581 16
METOB                60808.16445287 60808.17488958 42
METOB                60808.23380773 60808.24453513 55
METOB                60808.30514519 60808.31399837 14
METOB                60808.66912949 60808.67624579 7
METOB                60808.73832651 60808.74863397 31
METOB                60808.80794691 60808.81870097 70
METOB                60808.87754188 60808.88716849 23
METOB                60808.94676127 60808.95467208 11
METOB                60809.01510998 60809.02234985 8
METOB                60809.08251933 60809.09107134 14
METOB                60809.15029448 60809.16048898 34
METOB                60809.21932022 60809.23012816 73
METOB                60809.29016002 60809.29966893 19
METOB                60809.65501709 60809.66078997 4
METOB                60809.72394956 60809.73388727 24
METOB                60809.79353520 60809.80435256 88
METOB                60809.86315959 60809.87310814 28
METOB                60809.93249544 60809.94073590 12
METOB                60810.00102923 60810.00827159 8
METOB                60810.06862341 60810.07677359 12
METOB                60810.13618841 60810.14609680 27
METOB                60810.20490852 60810.21571745 87
METOB                60810.27532278 60810.28530897 25
METOB                60810.34835619 60810.35428244 4
METOB                60810.70959029 60810.71903689 18
METOB                60810.77912446 60810.78993164 70
METOB                60810.84876556 60810.85899771 35
METOB                60810.91819505 60810.92679416 14
METOB                60810.98694157 60810.99423871 8
METOB                60811.05468633 60811.06251278 11
METOB                60811.12213329 60811.13171626 22
METOB                60811.19056825 60811.20130556 67
METOB                60811.26058743 60811.27092936 33
METOB                60811.33293379 60811.34015169 7
METOB                60811.69526175 60811.70406989 13
METOB                60811.76471726 60811.77543376 53
METOB                60811.83436286 60811.84483129 44
METOB                60811.90386596 60811.91283486 17
METOB                60811.97280287 60811.98024673 9
METOB                60812.04073955 60812.04829265 9
METOB                60812.10812029 60812.11735097 19
METOB                60812.17629529 60812.18689489 52
METOB                60812.24594481 60812.25653594 43
METOB                60812.31771213 60812.32590830 11
METOB                60812.68097669 60812.68896736 10
METOB                60812.75031658 60812.76085392 40
METOB                60812.81995420 60812.83060452 56
METOB                60812.88951352 60812.89884767 20
METOB                60812.95861479 60812.96628555 10
METOB                60813.02677002 60813.03411873 9
METOB                60813.09414145 60813.10300498 16
