iss                  54942.78940437 54942.79572601 20
iss                  54942.85540506 54942.86195129 24
iss                  54942.92327503 54942.92766970 5
iss                  54942.99129869 54942.99425620 2
iss                  54943.05735356 54943.06258009 8
iss                  54943.12312720 54943.12995556 54
iss                  54943.18981880 54943.19508699 8
iss                  54943.74272684 54943.74713288 5
iss                  54943.80731662 54943.81417711 82
iss                  54943.87442200 54943.88000943 10
iss                  54943.94275120 54943.94590975 2
iss                  54944.00965436 54944.01366142 4
iss                  54944.07539384 54944.08172075 18
iss                  54944.14146948 54944.14806753 29
iss                  54944.75972447 54944.76616920 24
iss                  54944.82585806 54944.83233220 21
iss                  54944.89380205 54944.89804858 4
iss                  54944.96173116 54944.96475013 2
iss                  54945.02772216 54945.03308274 8
iss                  54945.09351380 54945.10035664 64
iss                  54945.16032268 54945.16529664 7
iss                  54945.71287829 54945.71765347 6
iss                  54945.77768533 54945.78454671 69
AO-07                54942.89248810 54942.90365116 11
AO-07                54942.96941654 54942.98487559 76
AO-07                54943.04834159 54943.06144684 22
AO-07                54943.34855607 54943.36031618 14
AO-07                54943.42406724 54943.43956313 75
AO-07                54943.50394853 54943.51722236 20
AO-07                54943.92818582 54943.94254978 31
AO-07                54944.00632629 54944.02135808 52
AO-07                54944.08595848 54944.09572473 9
AO-07                54944.31101038 54944.31730177 3
AO-07                54944.38345740 54944.39770535 32
AO-07                54944.46099462 54944.47631340 52
AO-07                54944.54407916 54944.55201703 4
AO-07                54944.88798742 54944.89847090 9
AO-07                54944.96467243 54944.98009530 70
AO-07                54945.04351855 54945.05691819 24
AO-07                54945.12531711 54945.12740906 0
AO-07                54945.34412988 54945.35545800 13
AO-07                54945.41936261 54945.43479237 69
AO-07                54945.49895494 54945.51258923 22
AO-07                54945.92351325 54945.93761927 28
AO-07                54946.00154397 54946.01669043 57
AO-07                54946.08107014 54946.09136510 10
lo-19                54942.79514447 54942.80432651 19
lo-19                54942.86383270 54942.87388934 41
lo-19                54942.93512276 54942.93885770 2
lo-19                54943.26331129 54943.27251141 20
lo-19                54943.33159741 54943.34184859 42
lo-19                54943.77431833 54943.78159776 8
lo-19                54943.84217046 54943.85256899 84
lo-19                54943.91225992 54943.91939434 8
lo-19                54944.24283832 54944.25042060 10
lo-19                54944.30987770 54944.32038382 87
lo-19                54944.38112482 54944.38807209 7
lo-19                54944.75492968 54944.75728935 1
lo-19                54944.82067784 54944.83089962 46
lo-19                54944.89011002 54944.89900823 18
lo-19                54945.22318733 54945.22779594 3
lo-19                54945.28850959 54945.29874625 46
lo-19                54945.35825719 54945.36733116 18
lo-19                54945.79939820 54945.80884397 22
lo-19                54945.86822881 54945.87814061 35
lo-19                54945.94011206 54945.94235699 1
lo-19                54946.26749933 54946.27693878 23
lo-19                54946.33604007 54946.34615048 36
lo-19                54946.77846002 54946.78626815 10
RS-22                54942.63850918 54942.64335697 4
RS-22                54942.96162351 54942.96806678 7
RS-22                54943.02710205 54943.03674228 89
RS-22                54943.09681772 54943.10300476 6
RS-22                54943.52724431 54943.53624742 28
RS-22                54943.59494991 54943.60360078 24
RS-22                54943.98569416 54943.99416203 20
RS-22                54944.05270968 54944.06200515 35
RS-22                54944.48659509 54944.49171102 4
RS-22                54944.55243676 54944.56198360 73
RS-22                54944.62093511 54944.62785199 9
RS-22                54944.94644686 54944.95026237 2
RS-22                54945.01043903 54945.01986890 47
RS-22                54945.07896236 54945.08689703 14
RS-22                54945.51077701 54945.51887157 15
RS-22                54945.57795032 54945.58720069 42
RS-22                54945.64786132 54945.65084582 1
RS-22                54945.96966316 54945.97695018 11
RS-22                54946.03575178 54946.04531344 66
RS-22                54946.10629212 54946.11093043 3
RS-22                54946.53572013 54946.54501430 38
RS-22                54946.60368720 54946.61187452 18
RS-22                54946.99399820 54947.00288255 26
fo-29                54942.63647664 54942.64876527 21
fo-29                54942.98645372 54942.99729138 22
fo-29                54943.05853656 54943.07057960 50
fo-29                54943.13570904 54943.14090618 3
fo-29                54943.52512336 54943.53879879 32
fo-29                54943.59789483 54943.61202750 49
fo-29                54943.67226065 54943.68115964 8
fo-29                54943.95051392 54943.95827745 7
fo-29                54944.02036587 54944.03254340 54
fo-29                54944.09435306 54944.10494657 19
fo-29                54944.48811300 54944.49872174 11
fo-29                54944.55971685 54944.57425433 74
fo-29                54944.63318516 54944.64567272 22
fo-29                54944.98321035 54944.99409339 21
fo-29                54945.05515595 54945.06743065 54
fo-29                54945.13191078 54945.13809362 4
fo-29                54945.52196400 54945.53546955 30
fo-29                54945.59467246 54945.60884053 52
fo-29                54945.66894845 54945.67817413 8
fo-29                54945.94736128 54945.95504647 7
fo-29                54946.01705761 54946.02936782 51
fo-29                54946.09088254 54946.10185370 21
fo-29                54946.48505079 54946.49525449 10
SO-50                54942.67840263 54942.68769989 77
SO-50                54942.75005970 54942.75691497 8
SO-50                54942.96765218 54942.97291274 4
SO-50                54943.03637968 54943.04592790 37
SO-50                54943.10649222 54943.11536119 21
SO-50                54943.62932937 54943.63791930 26
SO-50                54943.69909257 54943.70788643 26
SO-50                54943.77271717 54943.77622440 2
SO-50                54943.98725497 54943.99518195 12
SO-50                54944.05662222 54944.06648157 79
SO-50                54944.12788492 54944.13400650 6
SO-50                54944.58178218 54944.58714658 5
SO-50                54944.64918615 54944.65847594 82
SO-50                54944.72048454 54944.72782639 11
SO-50                54944.93870080 54944.94306818 3
SO-50                54945.00720975 54945.01656909 30
SO-50                54945.07716176 54945.08635691 27
SO-50                54945.60032934 54945.60858234 20
SO-50                54945.66973103 54945.67871974 33
SO-50                54945.74281029 54945.74734937 3
SO-50                54945.95816306 54945.96561372 10
SO-50                54946.02739725 54946.03727047 81
SO-50                54946.09826580 54946.10531679 9
AO-51                54942.90379619 54942.91301502 27
AO-51                54942.97249286 54942.98144948 25
AO-51                54943.36910942 54943.37842490 26
AO-51                54943.43753121 54943.44711846 29
AO-51                54943.87716967 54943.88455851 10
AO-51                54943.94491368 54943.95466589 65
AO-51                54944.01508482 54944.02047050 5
AO-51                54944.34301555 54944.35049216 10
AO-51                54944.40986548 54944.41999340 75
AO-51                54944.48111739 54944.48699790 5
AO-51                54944.85284782 54944.85354288 0
AO-51                54944.91762551 54944.92730006 46
AO-51                54944.98674428 54944.99492217 16
AO-51                54945.31831294 54945.32158877 1
AO-51                54945.38278683 54945.39256640 42
AO-51                54945.45203001 54945.46082283 18
AO-51                54945.89069978 54945.89929280 18
AO-51                54945.95902902 54945.96847348 39
AO-51                54946.03039133 54946.03259112 1
AO-51                54946.35631126 54946.36483953 17
AO-51                54946.42400599 54946.43390664 45
AO-51                54946.49768442 54946.49887922 0
AO-51                54946.86451405 54946.87025146 5
VO-52                54942.62936447 54942.63015090 1
VO-52                54943.05073435 54943.05957206 32
VO-52                54943.11779727 54943.12582012 19
VO-52                54943.50388126 54943.51159443 17
VO-52                54943.57006501 54943.57868798 34
VO-52                54943.99943366 54944.00217856 1
VO-52                54944.06353281 54944.07267211 54
VO-52                54944.13100739 54944.13816472 12
VO-52                54944.51636574 54944.52472579 26
VO-52                54944.58329121 54944.59139534 21
VO-52                54945.01099157 54945.01673698 5
VO-52                54945.07641194 54945.08563054 88
VO-52                54945.14437069 54945.15027767 7
VO-52                54945.46618979 54945.46854986 1
VO-52                54945.52900382 54945.53777230 43
VO-52                54945.59671768 54945.60397619 12
VO-52                54946.02328711 54946.03054325 11
VO-52                54946.08935992 54946.09845479 53
VO-52                54946.15805001 54946.16199073 2
VO-52                54946.47746435 54946.48258811 5
VO-52                54946.54178017 54946.55074552 75
VO-52                54946.61042331 54946.61634169 6
VO-52                54947.03582745 54947.04403668 19
noaa-15              54942.79223738 54942.79690205 3
noaa-15              54942.85924529 54942.86982938 55
noaa-15              54942.92911279 54942.93799817 16
noaa-15              54943.26298637 54943.26917505 6
noaa-15              54943.32944013 54943.33994610 61
noaa-15              54943.40002795 54943.40856047 13
noaa-15              54943.84278711 54943.85295275 32
noaa-15              54943.91221236 54943.92203101 27
noaa-15              54944.24850153 54944.25121511 1
noaa-15              54944.31311369 54944.32321866 36
noaa-15              54944.38271013 54944.39237897 23
noaa-15              54944.82648236 54944.83582014 19
noaa-15              54944.89542840 54944.90582655 45
noaa-15              54944.96672725 54944.97147365 3
noaa-15              54945.29700683 54945.30638738 22
noaa-15              54945.36569153 54945.37600498 40
noaa-15              54945.81041453 54945.81834199 10
noaa-15              54945.87874311 54945.88941074 78
noaa-15              54945.94921136 54945.95639475 8
noaa-15              54946.28115829 54946.28942306 13
noaa-15              54946.34890979 54946.35949835 71
noaa-15              54946.42105251 54946.42711181 5
noaa-15              54946.79484925 54946.80024870 4
NOAA-17              54942.99276460 54942.99851899 4
NOAA-17              54943.06027722 54943.07087756 66
NOAA-17              54943.13033917 54943.13878324 14
NOAA-17              54943.46376538 54943.47066557 7
NOAA-17              54943.53063359 54943.54126057 73
NOAA-17              54943.60163563 54943.60971171 11
NOAA-17              54944.04424939 54944.05455412 38
NOAA-17              54944.11387271 54944.12335875 23
NOAA-17              54944.44926971 54944.45359408 2
NOAA-17              54944.51470914 54944.52503992 43
NOAA-17              54944.58466691 54944.59407311 20
NOAA-17              54945.02835019 54945.03800526 23
NOAA-17              54945.09752801 54945.10769550 37
NOAA-17              54945.16947653 54945.17255944 1
NOAA-17              54945.49898415 54945.50872568 26
NOAA-17              54945.56804365 54945.57821991 33
NOAA-17              54946.01263556 54946.02117138 13
NOAA-17              54946.08128045 54946.09182613 63
NOAA-17              54946.15211128 54946.15834670 6
NOAA-17              54946.48348544 54946.49229982 16
NOAA-17              54946.55165840 54946.56222696 56
NOAA-17              54946.62459930 54946.62931387 3
NOAA-17              54946.99724822 54947.00390189 6
NOAA-18              54942.67291793 54942.68033581 7
NOAA-18              54942.74150268 54942.75261171 82
NOAA-18              54942.81230419 54942.82072483 12
NOAA-18              54943.14785019 54943.15633776 13
NOAA-18              54943.21610207 54943.22707758 77
NOAA-18              54943.28863880 54943.29551141 6
NOAA-18              54943.66605494 54943.67231759 5
NOAA-18              54943.73419501 54943.74526531 65
NOAA-18              54943.80479183 54943.81380440 15
NOAA-18              54944.14097323 54944.14879771 10
NOAA-18              54944.20877844 54944.21975813 85
NOAA-18              54944.28071901 54944.28858860 9
NOAA-18              54944.65945889 54944.66403150 2
NOAA-18              54944.72690762 54944.73787788 52
NOAA-18              54944.79731188 54944.80682475 19
NOAA-18              54945.13417561 54945.14120599 7
NOAA-18              54945.20149415 54945.21242015 68
NOAA-18              54945.27288920 54945.28156931 13
NOAA-18              54945.71963973 54945.73044768 41
NOAA-18              54945.78985870 54945.79979224 24
NOAA-18              54946.12748185 54946.13353926 5
NOAA-18              54946.19424885 54946.20506414 54
NOAA-18              54946.26517892 54946.27447934 16
NOAA-19              54942.71036717 54942.72031096 22
NOAA-19              54942.78010939 54942.79072953 41
NOAA-19              54942.85225915 54942.85664196 2
NOAA-19              54943.18511363 54943.19546349 30
NOAA-19              54943.25495355 54943.26548366 31
NOAA-19              54943.70342512 54943.71291195 18
NOAA-19              54943.77294263 54943.78374030 51
NOAA-19              54943.84464309 54943.85034702 4
NOAA-19              54944.17822526 54944.18825187 25
NOAA-19              54944.24768309 54944.25845540 39
NOAA-19              54944.69651953 54944.70544897 14
NOAA-19              54944.76579280 54944.77671392 63
NOAA-19              54944.83713508 54944.84388409 6
NOAA-19              54945.17138116 54945.18101937 20
NOAA-19              54945.24045568 54945.25140347 49
NOAA-19              54945.31466291 54945.31862513 2
NOAA-19              54945.68967082 54945.69790839 10
NOAA-19              54945.75865961 54945.76965097 79
NOAA-19              54945.82974019 54945.83731000 9
NOAA-19              54946.16458478 54946.17376302 16
NOAA-19              54946.23326870 54946.24433052 61
NOAA-19              54946.30650817 54946.31231857 4
NOAA-19              54946.68290082 54946.69026772 7
