iss                  60803.03383815 60803.04120100 35
iss                  60803.10095254 60803.10752982 15
iss                  60803.80208497 60803.80548075 2
iss                  60803.86677207 60803.87345395 16
iss                  60803.93315836 60803.94054410 36
iss                  60804.00005120 60804.00747334 39
iss                  60804.06710230 60804.07401102 20
iss                  60804.13470853 60804.13926617 5
iss                  60804.83331302 60804.83955580 12
iss                  60804.89943449 60804.90673275 31
iss                  60804.96624914 60804.97370075 42
iss                  60805.03325860 60805.04039320 25
iss                  60805.10059704 60805.10614287 8
iss                  60805.79996391 60805.80556714 8
iss                  60805.86573408 60805.87289062 26
iss                  60805.93243633 60805.93989125 42
iss                  60805.99941038 60806.00669460 30
iss                  60806.06659599 60806.07279775 12
iss                  60806.76679097 60806.77143037 5
iss                  60806.83207214 60806.83901106 20
iss                  60806.89861835 60806.90605040 39
iss                  60806.96555125 60806.97293042 36
iss                  60807.03264527 60807.03929780 16
iss                  60807.10065055 60807.10393425 2
iss                  60807.79846880 60807.80508324 16
iss                  60807.86480341 60807.87218101 35
iss                  60807.93167849 60807.93911279 40
iss                  60807.99871559 60808.00567858 21
iss                  60808.06625069 60808.07104077 5
iss                  60808.76494725 60808.77108882 11
iss                  60808.83100212 60808.83828297 30
iss                  60808.89779257 60808.90525172 42
iss                  60808.96479008 60808.97196360 26
iss                  60809.03208624 60809.03778720 9
iss                  60809.73154762 60809.73699502 8
iss                  60809.79722754 60809.80435306 24
iss                  60809.86389694 60809.87135488 41
iss                  60809.93085861 60809.93817050 32
iss                  60809.99801665 60810.00432825 13
iss                  60810.69834748 60810.70273259 4
iss                  60810.76349550 60810.77038372 19
iss                  60810.82999783 60810.83742733 39
iss                  60810.89691552 60810.90431409 37
iss                  60810.96399053 60810.97072214 17
iss                  60811.03185661 60811.03554510 3
iss                  60811.72982755 60811.73636275 15
iss                  60811.79610407 60811.80347136 34
iss                  60811.86295874 60811.87040620 40
iss                  60811.92998153 60811.93700151 22
iss                  60811.99744761 60812.00247211 6
iss                  60812.69624899 60812.70226924 10
iss                  60812.76222693 60812.76948617 29
iss                  60812.82898943 60812.83645646 42
iss                  60812.89597431 60812.90318861 27
iss                  60812.96322861 60812.96908857 9
iss                  60813.66280570 60813.66806538 7
iss                  60813.72838020 60813.73546774 23
iss                  60813.79501171 60813.80247211 41
iss                  60813.86195971 60813.86930047 33
iss                  60813.92909040 60813.93551492 13
iss                  60814.62959365 60814.63366441 4
iss                  60814.69458064 60814.70140743 18
iss                  60814.76103250 60814.76845766 38
iss                  60814.82793285 60814.83535151 38
iss                  60814.89498887 60814.90180170 18
iss                  60814.96272968 60814.96679945 3
iss                  60815.66085151 60815.66729139 14
iss                  60815.72706129 60815.73441476 33
iss                  60815.79389243 60815.80135314 41
iss                  60815.86090057 60815.86797886 23
iss                  60815.92830055 60815.93355797 7
iss                  60816.62722105 60816.63309561 10
iss                  60816.69311009 60816.70034205 28
iss                  60816.75984030 60816.76731460 42
iss                  60816.82681170 60816.83406728 29
iss                  60816.89402529 60816.90004540 10
iss                  60817.59374277 60817.59877489 6
iss                  60817.65919350 60817.66623404 22
iss                  60817.72578135 60817.73324259 41
iss                  60817.79271408 60817.80008389 34
iss                  60817.85981799 60817.86635634 15
iss                  60818.56054180 60818.56421558 3
iss                  60818.62532939 60818.63208132 17
iss                  60818.69172323 60818.69914103 37
iss                  60818.75860371 60818.76604213 39
iss                  60818.82564089 60818.83253531 19
iss                  60818.89326878 60818.89769786 4
iss                  60819.59154319 60819.59786784 13
iss                  60819.65767618 60819.66501083 32
iss                  60819.72448009 60819.73195317 42
iss                  60819.79147324 60819.79860965 25
iss                  60819.85881059 60819.86429661 8
iss                  60820.55786687 60820.56356554 9
iss                  60820.62365296 60820.63084975 26
iss                  60820.69034586 60820.69782575 42
iss                  60820.75730272 60820.76459916 30
iss                  60820.82447722 60820.83065566 11
iss                  60821.52436494 60821.52911869 5
iss                  60821.58966909 60821.59665126 21
AO-07                60803.09720604 60803.10626858 6
AO-07                60803.17488611 60803.18948590 32
AO-07                60803.25336018 60803.26884101 82
AO-07                60803.33168895 60803.34586111 33
AO-07                60803.40923976 60803.42163684 18
AO-07                60803.48546550 60803.49788566 18
AO-07                60803.56122313 60803.57545134 33
AO-07                60803.63823456 60803.65378676 83
AO-07                60803.71759011 60803.73226545 33
AO-07                60803.80083266 60803.80994946 6
AO-07                60804.13335908 60804.14593582 16
AO-07                60804.21162903 60804.22700653 57
AO-07                60804.29010627 60804.30515818 52
AO-07                60804.36816172 60804.38141873 23
AO-07                60804.44511060 60804.45719876 16
AO-07                60804.52090183 60804.53407735 22
AO-07                60804.59706527 60804.61209302 49
AO-07                60804.67506126 60804.69056580 61
AO-07                60804.75589885 60804.76888043 17
AO-07                60805.09242826 60805.10075111 5
AO-07                60805.16994507 60805.18436833 30
AO-07                60805.24840747 60805.26390920 87
AO-07                60805.32676339 60805.34105359 34
AO-07                60805.40438765 60805.41686201 18
AO-07                60805.48069482 60805.49303386 18
AO-07                60805.55642700 60805.57052472 31
AO-07                60805.63331757 60805.64883139 78
AO-07                60805.71249208 60805.72731874 35
AO-07                60805.79535452 60805.80513186 7
AO-07                60806.12845554 60806.14066594 14
AO-07                60806.20667679 60806.22198561 53
AO-07                60806.28516142 60806.30029209 56
AO-07                60806.36326423 60806.37664191 24
AO-07                60806.44030330 60806.45239622 16
AO-07                60806.51613529 60806.52918456 22
AO-07                60806.59222067 60806.60714810 46
AO-07                60806.67006849 60806.68560928 66
AO-07                60806.75067757 60806.76395980 19
AO-07                60807.08768661 60807.09517157 4
AO-07                60807.16500658 60807.17923550 27
AO-07                60807.24345426 60807.25896753 87
AO-07                60807.32183478 60807.33624020 36
AO-07                60807.39952940 60807.41208907 19
AO-07                60807.47592132 60807.48818828 17
AO-07                60807.55163626 60807.56560143 30
AO-07                60807.62841034 60807.64387675 73
AO-07                60807.70740852 60807.72237000 38
AO-07                60807.78993545 60807.80028994 8
AO-07                60808.12356053 60808.13537184 13
AO-07                60808.20172536 60808.21695269 49
AO-07                60808.28021499 60808.29541773 59
AO-07                60808.35836213 60808.37186270 25
AO-07                60808.43549006 60808.44759890 16
AO-07                60808.51137005 60808.52429692 21
AO-07                60808.58738389 60808.60220508 44
AO-07                60808.66508715 60808.68065246 71
AO-07                60808.74547632 60808.75903405 21
AO-07                60809.08305057 60809.08950955 3
AO-07                60809.16006950 60809.17408669 25
AO-07                60809.23850068 60809.25401580 82
AO-07                60809.31690332 60809.33142060 38
AO-07                60809.39466512 60809.40731751 19
AO-07                60809.47114448 60809.48334899 17
AO-07                60809.54685049 60809.56068170 28
AO-07                60809.62351265 60809.63892298 68
AO-07                60809.70233892 60809.71741936 41
AO-07                60809.78455295 60809.79542989 10
AO-07                60810.11867556 60810.13005148 11
AO-07                60810.19677494 60810.21190744 45
AO-07                60810.27526712 60810.29053488 63
AO-07                60810.35345562 60810.36708009 27
AO-07                60810.43067068 60810.44280646 17
AO-07                60810.50660553 60810.51941463 20
AO-07                60810.58255466 60810.59726420 41
AO-07                60810.66011696 60810.67569548 76
AO-07                60810.74029399 60810.75410349 23
AO-07                60811.15513706 60811.16892120 23
AO-07                60811.23354684 60811.24905380 77
AO-07                60811.31196919 60811.32659458 41
AO-07                60811.38979493 60811.40254674 20
AO-07                60811.46636377 60811.47851599 17
AO-07                60811.54206921 60811.55576575 27
AO-07                60811.61862427 60811.63397024 64
AO-07                60811.69728284 60811.71246731 45
AO-07                60811.77920295 60811.79055525 11
AO-07                60812.11380258 60812.12470232 10
AO-07                60812.19182574 60812.20684949 42
AO-07                60812.27031795 60812.28564333 67
AO-07                60812.34854492 60812.36229385 28
AO-07                60812.42584503 60812.43801854 17
AO-07                60812.50184111 60812.51453792 19
AO-07                60812.57773264 60812.59232577 39
AO-07                60812.65515768 60812.67073850 81
AO-07                60812.73512964 60812.74916893 25
AO-07                60812.81983464 60812.82618644 3
AO-07                60813.15020901 60813.16373822 21
AO-07                60813.22859288 60813.24408129 72
AO-07                60813.30703256 60813.32176149 43
AO-07                60813.38491901 60813.39777622 21
LO-19                60803.16924525 60803.17849814 18
LO-19                60803.23802294 60803.24855684 88
LO-19                60803.30712184 60803.31649026 23
LO-19                60803.37621219 60803.38279442 7
LO-19                60803.44466584 60803.44858659 2
LO-19                60803.51090262 60803.51638492 4
LO-19                60803.57684379 60803.58537534 15
LO-19                60803.64416634 60803.65450328 56
LO-19                60803.71348507 60803.72343155 30
LO-19                60803.78583316 60803.79135740 4
LO-19                60804.14667188 60804.15463194 10
LO-19                60804.21518115 60804.22561677 53
LO-19                60804.28421854 60804.29419360 34
LO-19                60804.35334655 60804.36097921 10
LO-19                60804.42218058 60804.42670018 3
LO-19                60804.48914782 60804.49368364 3
LO-19                60804.55489155 60804.56249023 10
LO-19                60804.62166170 60804.63161290 35
LO-19                60804.69027243 60804.70064443 51
LO-19                60804.76134795 60804.76912441 10
LO-19                60805.12440548 60805.13019840 4
LO-19                60805.19238845 60805.20242162 31
LO-19                60805.26132491 60805.27169679 55
LO-19                60805.33045327 60805.33903120 15
LO-19                60805.39948502 60805.40495700 4
LO-19                60805.46725964 60805.47119679 2
LO-19                60805.53306568 60805.53962625 7
LO-19                60805.59935090 60805.60871204 23
LO-19                60805.66731608 60805.67780618 87
LO-19                60805.73742163 60805.74656872 18
LO-19                60806.16967247 60806.17892981 19
LO-19                60806.23845062 60806.24898625 87
LO-19                60806.30754898 60806.31691858 23
LO-19                60806.37663753 60806.38322303 7
LO-19                60806.44508599 60806.44901924 2
LO-19                60806.51132126 60806.51681859 4
LO-19                60806.57726399 60806.58580767 15
LO-19                60806.64458791 60806.65493494 57
LO-19                60806.71390797 60806.72386298 30
LO-19                60806.78625679 60806.79178968 4
LO-19                60807.14709759 60807.15506334 10
LO-19                60807.21560761 60807.22604522 53
LO-19                60807.28464493 60807.29462069 34
LO-19                60807.35377175 60807.36140599 10
LO-19                60807.42260207 60807.42712942 3
LO-19                60807.48956521 60807.49411626 3
LO-19                60807.55531023 60807.56292157 10
LO-19                60807.62208172 60807.63204344 35
LO-19                60807.69069372 60807.70107462 51
LO-19                60807.76177053 60807.76955479 10
LO-19                60808.12482873 60808.13063045 4
LO-19                60808.19281399 60808.20284920 31
LO-19                60808.26175044 60808.27212272 55
LO-19                60808.33087802 60808.33945643 15
LO-19                60808.39990735 60808.40538336 4
LO-19                60808.46767662 60808.47162760 2
LO-19                60808.53348291 60808.54005660 7
LO-19                60808.59976938 60808.60914145 23
LO-19                60808.66773581 60808.67823515 87
LO-19                60808.73784262 60808.74699764 18
LO-19                60809.17009677 60809.17935667 19
LO-19                60809.23887520 60809.24941108 87
LO-19                60809.30797308 60809.31734244 23
LO-19                60809.37706004 60809.38364714 7
LO-19                60809.44550378 60809.44944706 2
LO-19                60809.51173715 60809.51724788 4
LO-19                60809.57768106 60809.58623598 15
LO-19                60809.64500614 60809.65536271 57
LO-19                60809.71432739 60809.72429057 30
LO-19                60809.78667710 60809.79221808 4
LO-19                60810.14752044 60810.15548972 10
LO-19                60810.21603117 60810.22646901 53
LO-19                60810.28506824 60810.29504326 34
LO-19                60810.35419403 60810.36182828 10
LO-19                60810.42302106 60810.42755391 3
LO-19                60810.48998010 60810.49454424 3
LO-19                60810.55572591 60810.56334876 10
LO-19                60810.62249849 60810.63247001 35
LO-19                60810.69111160 60810.70150092 51
LO-19                60810.76218962 60810.76998127 10
LO-19                60811.12524950 60811.13105705 4
LO-19                60811.19323645 60811.20327203 31
LO-19                60811.26217286 60811.27254408 55
LO-19                60811.33129976 60811.33987717 15
LO-19                60811.40032701 60811.40580506 4
LO-19                60811.46809130 60811.47205351 2
LO-19                60811.53389730 60811.54048263 7
LO-19                60811.60018470 60811.60956682 23
LO-19                60811.66815221 60811.67866018 87
LO-19                60811.73826018 60811.74742263 18
LO-19                60812.17051805 60812.17977865 19
LO-19                60812.23929665 60812.24983129 87
LO-19                60812.30839411 60812.31776176 22
LO-19                60812.37747973 60812.38406666 7
LO-19                60812.44591928 60812.44986992 2
LO-19                60812.51215040 60812.51767265 4
LO-19                60812.57809510 60812.58666014 15
LO-19                60812.64542111 60812.65578648 57
LO-19                60812.71474342 60812.72471420 30
FO-29                60803.01743358 60803.02732637 21
FO-29                60803.09060733 60803.09719259 6
FO-29                60803.16280620 60803.16692633 2
FO-29                60803.23264666 60803.23913845 6
FO-29                60803.30280267 60803.31231581 23
FO-29                60803.37485180 60803.38553388 80
FO-29                60803.44943891 60803.45836013 15
FO-29                60803.83315580 60803.84141485 9
FO-29                60803.90569977 60803.91716057 45
FO-29                60803.97887207 60803.98997410 42
FO-29                60804.05214480 60804.06067166 12
FO-29                60804.12509978 60804.13011409 3
FO-29                60804.19605849 60804.20094039 3
FO-29                60804.26574650 60804.27382322 12
FO-29                60804.33671515 60804.34706716 45
FO-29                60804.40986705 60804.42016912 36
FO-29                60804.48623896 60804.49236167 5
FO-29                60804.86738424 60804.87788958 21
FO-29                60804.94035413 60804.95205152 77
FO-29                60805.01361146 60805.02378211 23
FO-29                60805.08680264 60805.09370223 7
FO-29                60805.15908500 60805.16336541 2
FO-29                60805.22903533 60805.23542919 6
FO-29                60805.29919387 60805.30856913 22
FO-29                60805.37112572 60805.38178650 85
FO-29                60805.44558979 60805.45464143 16
FO-29                60805.82939774 60805.83759440 8
FO-29                60805.90190626 60805.91348573 43
FO-29                60805.97506846 60805.98639280 45
FO-29                60806.04833612 60806.05716297 13
FO-29                60806.12130882 60806.12662478 4
FO-29                60806.19240833 60806.19729676 3
FO-29                60806.26212255 60806.27009545 11
FO-29                60806.33303113 60806.34332272 42
FO-29                60806.40608769 60806.41643296 38
FO-29                60806.48225947 60806.48871529 6
FO-29                60806.86360077 60806.87415497 20
FO-29                60806.93655431 60806.94842772 76
FO-29                60807.00980397 60807.02024218 25
FO-29                60807.08299352 60807.09021959 7
FO-29                60807.15534505 60807.15982729 3
FO-29                60807.22540506 60807.23173085 6
FO-29                60807.29554130 60807.30483423 21
FO-29                60807.36739631 60807.37804687 89
FO-29                60807.44170497 60807.45093096 17
FO-29                60807.82563978 60807.83377362 8
FO-29                60807.89811238 60807.90981275 41
FO-29                60807.97126412 60807.98281456 48
FO-29                60808.04452539 60808.05365929 14
FO-29                60808.11751012 60808.12314733 4
FO-29                60808.18873951 60808.19367626 3
FO-29                60808.25848976 60808.26638050 11
FO-29                60808.32934128 60808.33958694 40
FO-29                60808.40230413 60808.41270426 41
FO-29                60808.47828479 60808.48506904 6
FO-29                60808.85981733 60808.87042114 19
FO-29                60808.93275440 60808.94480603 75
FO-29                60809.00599577 60809.01670550 26
FO-29                60809.07918161 60809.08674349 8
FO-29                60809.15158979 60809.15630917 3
FO-29                60809.22176831 60809.22805552 6
FO-29                60809.29188197 60809.30110990 20
FO-29                60809.36366197 60809.37431539 83
FO-29                60809.43785092 60809.44722479 19
FO-29                60809.82188273 60809.82995173 8
FO-29                60809.89431890 60809.90614094 39
FO-29                60809.96745989 60809.97923868 51
FO-29                60810.04071380 60810.05015995 15
FO-29                60810.11367109 60810.11968221 5
FO-29                60810.18505358 60810.19007832 3
FO-29                60810.25484832 60810.26267877 11
FO-29                60810.32564587 60810.33586055 37
FO-29                60810.39851668 60810.40898313 44
FO-29                60810.47431460 60810.48142377 7
FO-29                60810.85603473 60810.86668735 19
FO-29                60810.92895520 60810.94118572 72
FO-29                60811.00218781 60811.01317176 28
FO-29                60811.07536815 60811.08327288 9
FO-29                60811.14782274 60811.15280832 3
FO-29                60811.21811926 60811.22439796 6
FO-29                60811.28821618 60811.29739660 19
FO-29                60811.35992302 60811.37059243 78
FO-29                60811.43399476 60811.44352529 20
FO-29                60811.81812745 60811.82612792 7
FO-29                60811.89052656 60811.90246956 37
FO-29                60811.96365660 60811.97566438 54
FO-29                60812.03690243 60812.04666379 17
FO-29                60812.10986379 60812.11622268 5
FO-29                60812.18135193 60812.18650162 3
FO-29                60812.25119856 60812.25899081 10
FO-29                60812.32194528 60812.33214385 35
FO-29                60812.39472570 60812.40526984 48
FO-29                60812.47034457 60812.47777418 8
FO-29                60812.85225368 60812.86295284 18
FO-29                60812.92515745 60812.93756602 70
FO-29                60812.99838096 60813.00963984 30
FO-29                60813.07155483 60813.07980656 10
FO-29                60813.14404677 60813.14932196 3
FO-29                60813.21445853 60813.22075825 6
SO-50                60803.16134218 60803.16505227 2
SO-50                60803.22725935 60803.23593587 25
SO-50                60803.29604096 60803.30556623 77
SO-50                60803.36605345 60803.37530898 32
SO-50                60803.43630836 60803.44552172 28
SO-50                60803.50614981 60803.51581663 52
SO-50                60803.57570200 60803.58523227 45
SO-50                60803.64569330 60803.65271582 9
SO-50                60804.17267678 60804.17916160 8
SO-50                60804.24001617 60804.24922306 43
SO-50                60804.30934026 60804.31882123 52
SO-50                60804.37955004 60804.38871738 28
SO-50                60804.44969352 60804.45904829 32
SO-50                60804.51938738 60804.52914795 76
SO-50                60804.58896542 60804.59802642 27
SO-50                60804.65963477 60804.66425447 3
SO-50                60805.18478928 60805.19271807 16
SO-50                60805.25300037 60805.26246462 72
SO-50                60805.32274712 60805.33211344 38
SO-50                60805.39302902 60805.40218528 27
SO-50                60805.46301314 60805.47254543 40
SO-50                60805.53260423 60805.54232481 70
SO-50                60805.60231439 60805.61053223 16
SO-50                60806.13108130 60806.13539610 3
SO-50                60806.19729580 60806.20607829 27
SO-50                60806.26616718 60806.27569698 72
SO-50                60806.33621707 60806.34545994 31
SO-50                60806.40645958 60806.41569412 29
SO-50                60806.47627656 60806.48596692 55
SO-50                60806.54582700 60806.55530822 42
SO-50                60806.61588372 60806.62263974 8
SO-50                60807.14259089 60807.14935222 9
SO-50                60807.21008187 60807.21934690 46
SO-50                60807.27947663 60807.28894752 49
SO-50                60807.34970469 60807.35886902 28
SO-50                60807.41982600 60807.42921018 33
SO-50                60807.48950091 60807.49926856 81
SO-50                60807.55909069 60807.56805467 25
SO-50                60807.62994854 60807.63400387 2
SO-50                60808.15476683 60808.16285872 17
SO-50                60808.22308749 60808.23257629 77
SO-50                60808.29288707 60808.30223823 37
SO-50                60808.36316925 60808.37233578 27
SO-50                60808.43312767 60808.44268991 42
SO-50                60808.50270814 60808.51240997 65
SO-50                60808.57245029 60808.58050128 15
SO-50                60809.10084665 60809.10566865 4
SO-50                60809.16731216 60809.17619169 29
SO-50                60809.23626951 60809.24580103 68
SO-50                60809.30635369 60809.31558508 31
SO-50                60809.37658207 60809.38583924 29
SO-50                60809.44637536 60809.45608717 58
SO-50                60809.51592583 60809.52535207 39
SO-50                60809.58605632 60809.59252326 7
SO-50                60810.11249309 60810.11950641 10
SO-50                60810.18012576 60810.18944276 50
SO-50                60810.24958802 60810.25904758 47
SO-50                60810.31983143 60810.32899464 28
SO-50                60810.38992982 60810.39934379 34
SO-50                60810.45958683 60810.46935839 86
SO-50                60810.52919088 60810.53804961 23
SO-50                60811.12472629 60811.13296833 19
SO-50                60811.19315158 60811.20266076 82
SO-50                60811.26300093 60811.27233708 36
SO-50                60811.33328098 60811.34245971 27
SO-50                60811.40321388 60811.41280512 44
SO-50                60811.47278521 60811.48246370 60
SO-50                60811.54256322 60811.55043507 13
SO-50                60812.07062299 60812.07588354 5
SO-50                60812.13730792 60812.14627597 32
SO-50                60812.20634774 60812.21587847 64
SO-50                60812.27646315 60812.28568435 30
SO-50                60812.34667584 60812.35595692 30
SO-50                60812.41644628 60812.42617729 61
SO-50                60812.48599858 60812.49536377 36
SO-50                60812.55621285 60812.56236487 6
SO-50                60813.08238155 60813.08962560 11
SO-50                60813.15014737 60813.15951079 54
SO-50                60813.21967423 60813.22912145 45
SO-50                60813.28993017 60813.29909415 27
SO-50                60813.36000505 60813.36944897 35
SO-50                60813.42964559 60813.43941738 89
SO-50                60813.49926616 60813.50801150 21
SO-50                60814.09466713 60814.10304739 20
SO-50                60814.16319244 60814.17271814 85
SO-50                60814.23308853 60814.24241001 35
SO-50                60814.30336416 60814.31255692 28
SO-50                60814.37327183 60814.38289095 46
SO-50                60814.44283555 60814.45248595 56
SO-50                60814.51265364 60814.52033315 12
SO-50                60815.04040156 60815.04604871 5
SO-50                60815.10728282 60815.11633153 34
SO-50                60815.17640168 60815.18592936 60
SO-50                60815.24654533 60815.25575772 29
SO-50                60815.31674091 60815.32604702 30
SO-50                60815.38648941 60815.39623721 65
SO-50                60815.45604539 60815.46534326 33
SO-50                60815.52635510 60815.53216249 5
SO-50                60816.05225508 60816.05971093 12
HO-68                60803.03437249 60803.04691157 26
HO-68                60803.10923371 60803.12290920 88
HO-68                60803.18415535 60803.19660587 30
HO-68                60803.25859686 60803.26883188 13
HO-68                60803.33177667 60803.34118229 10
HO-68                60803.40383659 60803.41496736 18
HO-68                60803.47653100 60803.48968302 46
HO-68                60803.55108065 60803.56464230 57
HO-68                60803.62832292 60803.63930108 14
HO-68                60804.02258520 60804.03463824 21
HO-68                60804.09739576 60804.11108284 78
HO-68                60804.17234120 60804.18509403 35
HO-68                60804.24690457 60804.25747173 15
HO-68                60804.32032745 60804.32967176 10
HO-68                60804.39246245 60804.40323202 16
HO-68                60804.46494966 60804.47785642 39
HO-68                60804.53915785 60804.55280971 70
HO-68                60804.61588866 60804.62757078 18
HO-68                60805.01083414 60805.02226881 17
HO-68                60805.08556030 60805.09919743 64
HO-68                60805.16051824 60805.17354013 41
HO-68                60805.23518360 60805.24610581 17
HO-68                60805.30884000 60805.31820133 10
HO-68                60805.38109892 60805.39152307 14
HO-68                60805.45341241 60805.46603724 33
HO-68                60805.52729589 60805.54097332 84
HO-68                60805.60355825 60805.61580911 23
HO-68                60805.99911889 60806.00978918 13
HO-68                60806.07372953 60806.08724986 53
HO-68                60806.14868853 60806.16194072 49
HO-68                60806.22343789 60806.23472588 19
HO-68                60806.29731153 60806.30676729 10
HO-68                60806.36973774 60806.37984448 13
HO-68                60806.44191592 60806.45422791 28
HO-68                60806.51549184 60806.52913502 82
HO-68                60806.59131967 60806.60402445 29
HO-68                60806.67088079 60806.67790887 4
HO-68                60806.98745524 60806.99717883 10
HO-68                60807.06190571 60807.07523645 43
HO-68                60807.13685395 60807.15029325 58
HO-68                60807.21167119 60807.22332503 22
HO-68                60807.28574147 60807.29536411 11
HO-68                60807.35837013 60807.36820024 12
HO-68                60807.43045627 60807.44243072 24
HO-68                60807.50374306 60807.51729657 69
HO-68                60807.57916365 60807.59222278 35
HO-68                60807.65789577 60807.66645242 7
HO-68                60807.97587017 60807.98440439 7
HO-68                60808.05009148 60808.06315274 35
HO-68                60808.12501627 60808.13859517 70
HO-68                60808.19988686 60808.21189694 25
HO-68                60808.27413113 60808.28398390 12
HO-68                60808.34698718 60808.35659390 11
HO-68                60808.41902884 60808.43064840 21
HO-68                60808.49204713 60808.50545969 58
HO-68                60808.56708319 60808.58040825 43
HO-68                60808.64510613 60808.65486579 10
HO-68                60808.96442073 60808.97140252 4
HO-68                60809.03829031 60809.05099302 28
HO-68                60809.11317711 60809.12684407 83
HO-68                60809.18808793 60809.20043624 29
HO-68                60809.26248320 60809.27261840 13
HO-68                60809.33558049 60809.34502782 10
HO-68                60809.40762821 60809.41888399 19
HO-68                60809.48040162 60809.49362607 48
HO-68                60809.55507278 60809.56858433 53
HO-68                60809.63250263 60809.64319959 13
HO-68                60810.02650416 60810.03875036 23
HO-68                60810.10133844 60810.11503750 82
HO-68                60810.17627708 60810.18893835 33
HO-68                60810.25080129 60810.26125868 14
HO-68                60810.32414270 60810.33350362 10
HO-68                60810.39624806 60810.40714100 17
HO-68                60810.46880401 60810.48179752 41
HO-68                60810.54312796 60810.55675367 65
HO-68                60810.62002864 60810.63148297 17
HO-68                60811.01474295 60811.02641545 18
HO-68                60811.08950163 60811.10317283 69
HO-68                60811.16445668 60811.17739952 39
HO-68                60811.23908935 60811.24989596 16
HO-68                60811.31266818 60811.32202027 10
HO-68                60811.38488119 60811.39542286 15
HO-68                60811.45725150 60811.46997577 35
HO-68                60811.53124509 60811.54491852 79
HO-68                60811.60766383 60811.61973109 21
HO-68                60812.00301362 60812.01397580 14
HO-68                60812.07766881 60812.09124712 56
HO-68                60812.15262888 60812.16581618 46
HO-68                60812.22735141 60812.23852204 18
HO-68                60812.30115341 60812.31057481 10
HO-68                60812.37351957 60812.38373386 13
HO-68                60812.44574094 60812.45816313 30
HO-68                60812.51942108 60812.53308085 87
HO-68                60812.59539466 60812.60795371 27
HO-68                60812.67529364 60812.68167253 3
HO-68                60812.99132952 60813.00141353 11
HO-68                60813.06584201 60813.07925690 46
HO-68                60813.14079559 60813.15418567 55
HO-68                60813.21559126 60813.22712942 21
AO-73                60803.05790804 60803.06533155 17
AO-73                60803.12368632 60803.13204947 67
AO-73                60803.18999012 60803.19669561 12
AO-73                60803.44804223 60803.45347323 6
AO-73                60803.51186316 60803.51993389 30
AO-73                60803.57758571 60803.58596193 39
AO-73                60803.64588642 60803.65110967 5
AO-73                60804.05729596 60804.06468064 16
AO-73                60804.12305743 60804.13142199 69
AO-73                60804.18935690 60804.19608586 12
AO-73                60804.44745183 60804.45282138 6
AO-73                60804.51124912 60804.51928891 29
AO-73                60804.57694958 60804.58532076 40
AO-73                60804.64521387 60804.65048369 5
AO-73                60805.05665845 60805.06401216 16
AO-73                60805.12241094 60805.13077767 70
AO-73                60805.18870588 60805.19545984 13
AO-73                60805.44684513 60805.45215205 6
AO-73                60805.51061801 60805.51862667 28
AO-73                60805.57629608 60805.58466241 41
AO-73                60805.64452330 60805.64984075 5
AO-73                60806.05600362 60806.06332610 16
AO-73                60806.12174686 60806.13011649 72
AO-73                60806.18803708 60806.19481753 13
AO-73                60806.44622210 60806.45146527 5
AO-73                60806.50997020 60806.51794717 28
AO-73                60806.57562520 60806.58398691 42
AO-73                60806.64381472 60806.64918086 5
AO-73                60807.05533151 60807.06262245 15
AO-73                60807.12106521 60807.12943845 73
AO-73                60807.18735051 60807.19415894 13
AO-73                60807.44558276 60807.45076106 5
AO-73                60807.50930550 60807.51725046 27
AO-73                60807.57493695 60807.58329428 42
AO-73                60807.64308817 60807.64850403 6
AO-73                60808.05464213 60808.06190119 15
AO-73                60808.12036599 60808.12874355 75
AO-73                60808.18664618 60808.19348406 13
AO-73                60808.44492709 60808.45003941 5
AO-73                60808.50862389 60808.51653656 27
AO-73                60808.57423131 60808.58258454 43
AO-73                60808.64234363 60808.64781028 6
AO-73                60809.05393550 60809.06116229 15
AO-73                60809.11964923 60809.12803177 77
AO-73                60809.18592411 60809.19279288 13
AO-73                60809.44425509 60809.44930037 5
AO-73                60809.50792539 60809.51580549 26
AO-73                60809.57351426 60809.58186380 44
AO-73                60809.64158114 60809.64709961 6
AO-73                60810.05321165 60810.06040574 14
AO-73                60810.11891494 60810.12730310 79
AO-73                60810.18518431 60810.19208538 14
AO-73                60810.44356678 60810.44854418 5
AO-73                60810.50720997 60810.51505728 26
AO-73                60810.57277387 60810.58111992 45
AO-73                60810.64080071 60810.64637202 6
AO-73                60811.05247060 60811.05963151 14
AO-73                60811.11816314 60811.12655752 81
AO-73                60811.18442682 60811.19136156 14
AO-73                60811.44286214 60811.44777048 5
AO-73                60811.50647764 60811.51429196 25
AO-73                60811.57201610 60811.58035900 47
AO-73                60811.64000218 60811.64562752 6
AO-73                60812.05171240 60812.05883956 14
AO-73                60812.11739386 60812.12579502 83
AO-73                60812.18365166 60812.19062139 14
AO-73                60812.44214118 60812.44697948 5
AO-73                60812.50572839 60812.51350955 25
AO-73                60812.57124097 60812.57958106 48
AO-73                60812.63918595 60812.64486613 6
AO-73                60813.05093707 60813.05802987 13
AO-73                60813.11660710 60813.12501559 85
AO-73                60813.18285884 60813.18986485 14
AO-73                60813.44140408 60813.44617120 4
AO-73                60813.50496226 60813.51271007 24
AO-73                60813.57044847 60813.57878613 49
AO-73                60813.63835185 60813.64408783 7
AO-73                60814.05014465 60814.05720240 13
AO-73                60814.11580292 60814.12421919 87
AO-73                60814.18204840 60814.18909193 15
AO-73                60814.44065051 60814.44534565 4
AO-73                60814.50417923 60814.51189356 23
AO-73                60814.56963862 60814.57797423 50
AO-73                60814.63749992 60814.64329263 7
AO-73                60815.04933518 60815.05635709 13
AO-73                60815.11498130 60815.12340580 88
AO-73                60815.18122037 60815.18830259 15
AO-73                60815.43988071 60815.44450286 4
AO-73                60815.50337931 60815.51106004 23
AO-73                60815.56881143 60815.57714537 52
AO-73                60815.63663019 60815.64248054 7
AO-73                60816.04850869 60816.05549392 12
AO-73                60816.11414230 60816.12257541 88
AO-73                60816.18037478 60816.18749682 15
AO-73                60816.43909465 60816.44364283 4
AO-73                60816.50256252 60816.51020947 22
AO-73                60816.56796691 60816.57629958 53
AO-73                60816.63574269 60816.64165156 7
AO-73                60817.04766523 60817.05461283 12
TITA                 60803.30777764 60803.31222898 4
TITA                 60803.37235204 60803.38033813 35
TITA                 60803.43800963 60803.44576408 30
TITA                 60803.50407469 60803.50922383 6
TITA                 60803.75934318 60803.76588678 11
TITA                 60803.82357299 60803.83178099 62
TITA                 60803.88978914 60803.89717705 18
TITA                 60804.30178206 60804.30531798 2
TITA                 60804.36605414 60804.37391077 29
TITA                 60804.43165859 60804.43954233 36
TITA                 60804.49767042 60804.50319834 7
TITA                 60804.75326292 60804.75949557 10
TITA                 60804.81730133 60804.82543258 50
TITA                 60804.88329129 60804.89089477 21
TITA                 60805.35975070 60805.36744728 24
TITA                 60805.42529960 60805.43329090 43
TITA                 60805.49126269 60805.49714011 8
TITA                 60805.74719199 60805.75308626 8
TITA                 60805.81103722 60805.81906867 41
TITA                 60805.87680881 60805.88459067 25
TITA                 60806.35344764 60806.36094603 20
TITA                 60806.41893282 60806.42700948 53
TITA                 60806.48485013 60806.49105038 10
TITA                 60806.74113137 60806.74665790 7
TITA                 60806.80478039 60806.81268938 34
TITA                 60806.87034021 60806.87826595 31
TITA                 60806.93874676 60806.94265509 3
TITA                 60807.34714458 60807.35440464 16
TITA                 60807.41251365 60807.42069469 66
TITA                 60807.47843165 60807.48492970 12
TITA                 60807.73508260 60807.74020849 5
TITA                 60807.79853111 60807.80629477 29
TITA                 60807.86388416 60807.87192182 37
TITA                 60807.93184858 60807.93657198 4
TITA                 60808.34084384 60808.34782051 14
TITA                 60808.40613201 60808.41435238 81
TITA                 60808.47200684 60808.47877858 14
TITA                 60808.72904813 60808.73373558 4
TITA                 60808.79228911 60808.79988480 24
TITA                 60808.85743959 60808.86555919 46
TITA                 60808.92503414 60808.93040176 6
TITA                 60809.33454855 60809.34119006 11
TITA                 60809.39974330 60809.40797887 82
TITA                 60809.46557506 60809.47259731 16
TITA                 60809.72308150 60809.72723540 3
TITA                 60809.78605453 60809.79345967 21
TITA                 60809.85100566 60809.85917880 57
TITA                 60809.91827505 60809.92417231 8
TITA                 60810.32826316 60810.33450834 9
TITA                 60810.39334805 60810.40157355 66
TITA                 60810.45913601 60810.46638605 18
TITA                 60810.52542361 60810.52919675 3
TITA                 60810.71709061 60810.72069996 2
TITA                 60810.77978081 60810.78701658 18
TITA                 60810.84458165 60810.85278128 71
TITA                 60810.91155673 60810.91789802 10
TITA                 60811.32199385 60811.32776821 7
TITA                 60811.38694671 60811.39513575 53
TITA                 60811.45268946 60811.46014465 22
TITA                 60811.51888773 60811.52318415 4
TITA                 60811.77356136 60811.78056032 15
TITA                 60811.83816703 60811.84636711 87
TITA                 60811.90487027 60811.91158715 12
TITA                 60812.31575119 60812.32095885 5
TITA                 60812.38053988 60812.38866461 43
TITA                 60812.44623530 60812.45387342 26
TITA                 60812.51236057 60812.51712749 5
TITA                 60812.76735001 60812.77408811 13
TITA                 60812.83176134 60812.83993670 76
TITA                 60812.89820981 60812.90524527 14
TITA                 60813.30955311 60813.31406108 4
TITA                 60813.37412824 60813.38215916 35
TITA                 60813.43977347 60813.44757213 30
TITA                 60813.50583654 60813.51103200 6
TITA                 60813.76114711 60813.76759950 11
TITA                 60813.82536424 60813.83349039 61
TITA                 60813.89157131 60813.89887618 17
TITA                 60814.30343803 60814.30703488 2
TITA                 60814.36771292 60814.37561819 29
TITA                 60814.43330997 60814.44124699 36
TITA                 60814.49931202 60814.50490084 7
TITA                 60814.75495322 60814.76109384 9
TITA                 60814.81897545 60814.82702844 49
TITA                 60814.88495179 60814.89248239 21
TITA                 60815.36129226 60815.36904025 24
TITA                 60815.42683293 60815.43488488 44
TITA                 60815.49278485 60815.49873581 9
TITA                 60815.74876915 60815.75457021 8
TITA                 60815.81259481 60815.82055104 40
TITA                 60815.87834875 60815.88606635 25
TITA                 60816.35487235 60816.36242350 20
TITA                 60816.42034846 60816.42849202 54
TITA                 60816.48625358 60816.49253833 10
TITA                 60816.74259598 60816.74802753 6
TITA                 60816.80622201 60816.81405834 33
TITA                 60816.87176056 60816.87962939 31
TITA                 60816.94014143 60816.94401138 3
TITA                 60817.34845287 60817.35576599 16
TITA                 60817.41381209 60817.42206496 67
NOAA-15              60803.22599588 60803.23537730 19
NOAA-15              60803.29515216 60803.30576619 88
NOAA-15              60803.36462019 60803.37400778 22
NOAA-15              60803.43408374 60803.44058440 6
NOAA-15              60803.56936918 60803.57483751 4
NOAA-15              60803.63558813 60803.64421727 15
NOAA-15              60803.70324715 60803.71371452 57
NOAA-15              60803.77294265 60803.78300920 30
NOAA-15              60803.84570504 60803.85131054 4
NOAA-15              60804.20805231 60804.21649631 12
NOAA-15              60804.27701964 60804.28759430 61
NOAA-15              60804.34644338 60804.35634354 30
NOAA-15              60804.41593829 60804.42330061 9
NOAA-15              60804.48508611 60804.48926041 2
NOAA-15              60804.55214552 60804.55679642 3
NOAA-15              60804.61816597 60804.62605124 11
NOAA-15              60804.68537424 60804.69554898 39
NOAA-15              60804.75449812 60804.76492825 46
NOAA-15              60804.82621392 60804.83369154 8
NOAA-15              60805.19024907 60805.19731615 7
NOAA-15              60805.25891315 60805.26926825 40
NOAA-15              60805.32827089 60805.33855568 44
NOAA-15              60805.39777322 60805.40593788 12
NOAA-15              60805.46711483 60805.47200303 3
NOAA-15              60805.53485328 60805.53885953 2
NOAA-15              60805.60082807 60805.60789110 8
NOAA-15              60805.66762226 60805.67737498 28
NOAA-15              60805.73621737 60805.74681295 70
NOAA-15              60805.80713254 60805.81583913 14
NOAA-15              60806.17275922 60806.17764721 3
NOAA-15              60806.24084398 60806.25077212 27
NOAA-15              60806.31010701 60806.32063801 64
NOAA-15              60806.37959779 60806.38847830 17
NOAA-15              60806.44904886 60806.45478366 5
NOAA-15              60806.58356125 60806.58975336 6
NOAA-15              60806.65002953 60806.65919487 20
NOAA-15              60806.71808399 60806.72867318 79
NOAA-15              60806.78828669 60806.79786969 22
NOAA-15              60807.22282681 60807.23208122 18
NOAA-15              60807.29195656 60807.30258368 85
NOAA-15              60807.36141830 60807.37090963 23
NOAA-15              60807.43088906 60807.43754688 7
NOAA-15              60807.56633506 60807.57165567 4
NOAA-15              60807.63251173 60807.64101684 15
NOAA-15              60807.70009209 60807.71051595 53
NOAA-15              60807.76968787 60807.77982689 32
NOAA-15              60807.84224404 60807.84823267 5
NOAA-15              60808.20489906 60808.21315395 11
NOAA-15              60808.27382548 60808.28438451 57
NOAA-15              60808.34323958 60808.35322300 32
NOAA-15              60808.41273697 60808.42024959 10
NOAA-15              60808.48192581 60808.48621467 2
NOAA-15              60808.54910291 60808.55362859 3
NOAA-15              60808.61510362 60808.62285067 11
NOAA-15              60808.68223879 60808.69234676 37
NOAA-15              60808.75127006 60808.76173727 49
NOAA-15              60808.82283664 60808.83055491 9
NOAA-15              60809.18712791 60809.19390863 6
NOAA-15              60809.25572207 60809.26602885 38
NOAA-15              60809.32506593 60809.33541161 47
NOAA-15              60809.39456724 60809.40286970 13
NOAA-15              60809.46393196 60809.46896771 3
NOAA-15              60809.53178818 60809.53571637 2
NOAA-15              60809.59777669 60809.60469186 8
NOAA-15              60809.66450530 60809.67417000 26
NOAA-15              60809.73301321 60809.74361536 75
NOAA-15              60809.80380513 60809.81267509 15
NOAA-15              60810.16978767 60810.17410525 2
NOAA-15              60810.23765620 60810.24749961 25
NOAA-15              60810.30690167 60810.31746921 69
NOAA-15              60810.37638844 60810.38539040 18
NOAA-15              60810.44585181 60810.45174671 5
NOAA-15              60810.58051640 60810.58655816 5
NOAA-15              60810.64693000 60810.65598787 19
NOAA-15              60810.71490175 60810.72547033 74
NOAA-15              60810.78499607 60810.79468916 23
NOAA-15              60811.21965058 60811.22877012 17
NOAA-15              60811.28875176 60811.29938893 80
NOAA-15              60811.35820651 60811.36780038 25
NOAA-15              60811.42768313 60811.43450055 7
NOAA-15              60811.56328987 60811.56846893 4
NOAA-15              60811.62943469 60811.63781463 14
NOAA-15              60811.69693664 60811.70730892 50
NOAA-15              60811.76642757 60811.77663526 35
NOAA-15              60811.83879065 60811.84513312 5
NOAA-15              60812.20174026 60812.20979432 10
NOAA-15              60812.27062240 60812.28116203 53
NOAA-15              60812.34002614 60812.35009101 34
NOAA-15              60812.40952501 60812.41718886 10
NOAA-15              60812.47875018 60812.48316564 3
NOAA-15              60812.54603988 60812.55045170 3
NOAA-15              60812.61203324 60812.61964272 10
NOAA-15              60812.67909660 60812.68913633 34
NOAA-15              60812.74803602 60812.75853748 53
NOAA-15              60812.81945837 60812.82740488 10
NOAA-15              60813.18400617 60813.19047831 6
NOAA-15              60813.25252251 60813.26277612 35
NOAA-15              60813.32185156 60813.33225573 50
NOAA-15              60813.39135108 60813.39979109 14
NOAA-18              60803.00058103 60803.00616139 4
NOAA-18              60803.36593561 60803.37526979 16
NOAA-18              60803.43564343 60803.44666872 74
NOAA-18              60803.50569431 60803.51581608 28
NOAA-18              60803.57570862 60803.58326605 9
NOAA-18              60803.64508225 60803.65008135 3
NOAA-18              60803.71245921 60803.71854436 5
NOAA-18              60803.77935626 60803.78836796 16
NOAA-18              60803.84754484 60803.85844737 54
NOAA-18              60803.91773619 60803.92839209 34
NOAA-18              60803.99083773 60803.99753299 6
NOAA-18              60804.35707999 60804.36590273 13
NOAA-18              60804.42668953 60804.43766558 61
NOAA-18              60804.49672157 60804.50706579 33
NOAA-18              60804.56676195 60804.57469909 10
NOAA-18              60804.63629702 60804.64147748 3
NOAA-18              60804.70392148 60804.70966256 4
NOAA-18              60804.77073795 60804.77940074 14
NOAA-18              60804.83870929 60804.84947452 45
NOAA-18              60804.90862162 60804.91945615 42
NOAA-18              60804.98122111 60804.98879772 8
NOAA-18              60805.34825537 60805.35646456 10
NOAA-18              60805.41774106 60805.42862468 50
NOAA-18              60805.48774859 60805.49828574 38
NOAA-18              60805.55780749 60805.56611508 12
NOAA-18              60805.62747582 60805.63290053 4
NOAA-18              60805.69537129 60805.70080536 4
NOAA-18              60805.76214106 60805.77043715 12
NOAA-18              60805.82990456 60805.84049969 38
NOAA-18              60805.89954760 60805.91051139 51
NOAA-18              60805.97171121 60805.98000812 10
NOAA-18              60806.33947377 60806.34694149 8
NOAA-18              60806.40879927 60806.41954430 41
NOAA-18              60806.47877596 60806.48947476 46
NOAA-18              60806.54884681 60806.55751126 14
NOAA-18              60806.61862351 60806.62434294 4
NOAA-18              60806.68680117 60806.69197763 3
NOAA-18              60806.75356334 60806.76147845 10
NOAA-18              60806.82112983 60806.83152341 32
NOAA-18              60806.89051213 60806.90155919 62
NOAA-18              60806.96228297 60806.97117662 13
NOAA-18              60807.33075583 60807.33731067 5
NOAA-18              60807.39986559 60807.41042240 34
NOAA-18              60807.46980429 60807.48063233 55
NOAA-18              60807.53988118 60807.54888530 16
NOAA-18              60807.60974504 60807.61579740 5
NOAA-18              60807.67820351 60807.68318445 3
NOAA-18              60807.74500207 60807.75252620 9
NOAA-18              60807.81238428 60807.82254631 28
NOAA-18              60807.88151353 60807.89260071 76
NOAA-18              60807.95288980 60807.96231627 16
NOAA-18              60808.32214315 60808.32752778 3
NOAA-18              60808.39094180 60808.40125631 28
NOAA-18              60808.46083420 60808.47175750 66
NOAA-18              60808.53091167 60808.54023550 18
NOAA-18              60808.60080525 60808.60725920 6
NOAA-18              60808.66957113 60808.67442986 3
NOAA-18              60808.73645403 60808.74358216 8
NOAA-18              60808.80366699 60808.81356896 24
NOAA-18              60808.87255041 60808.88363690 90
NOAA-18              60808.94358948 60808.95343023 20
NOAA-18              60809.38202776 60809.39204297 23
NOAA-18              60809.45186634 60809.46284940 79
NOAA-18              60809.52193921 60809.53155999 21
NOAA-18              60809.59188767 60809.59871749 7
NOAA-18              60809.66089915 60809.66571648 3
NOAA-18              60809.72791554 60809.73464862 7
NOAA-18              60809.79497697 60809.80459201 20
NOAA-18              60809.86362158 60809.87466859 76
NOAA-18              60809.93434313 60809.94452568 24
NOAA-18              60810.00865456 60810.01300851 2
NOAA-18              60810.37313065 60810.38277830 19
NOAA-18              60810.44290134 60810.45390705 85
NOAA-18              60810.51296460 60810.52285756 24
NOAA-18              60810.58295584 60810.59016949 8
NOAA-18              60810.65218460 60810.65704424 3
NOAA-18              60810.71938162 60810.72572837 6
NOAA-18              60810.78631283 60810.79561617 18
NOAA-18              60810.85472600 60810.86569653 63
NOAA-18              60810.92514595 60810.93560618 30
NOAA-18              60810.99871813 60811.00451630 4
NOAA-18              60811.36425283 60811.37345707 15
NOAA-18              60811.43394022 60811.44492938 71
NOAA-18              60811.50398857 60811.51412703 29
NOAA-18              60811.57401246 60811.58161074 9
NOAA-18              60811.64342781 60811.64841020 3
NOAA-18              60811.71084719 60811.71682484 5
NOAA-18              60811.77771911 60811.78663997 15
NOAA-18              60811.84586050 60811.85672137 52
NOAA-18              60811.91599421 60811.92667447 36
NOAA-18              60811.98899298 60811.99585858 6
NOAA-18              60812.35539986 60812.36407201 12
NOAA-18              60812.42498364 60812.43591510 59
NOAA-18              60812.49501177 60812.50536739 33
NOAA-18              60812.56505980 60812.57303745 10
NOAA-18              60812.63463107 60812.63980881 3
NOAA-18              60812.70230586 60812.70794200 4
NOAA-18              60812.76910298 60812.77766858 13
NOAA-18              60812.83702855 60812.84774372 44
NOAA-19              60803.29710836 60803.30444067 7
NOAA-19              60803.36640648 60803.37708440 40
NOAA-19              60803.43638242 60803.44702948 46
NOAA-19              60803.50646076 60803.51507717 14
NOAA-19              60803.57625490 60803.58191912 4
NOAA-19              60803.64446260 60803.64956105 3
NOAA-19              60803.71125114 60803.71907392 10
NOAA-19              60803.77884291 60803.78912515 32
NOAA-19              60803.84825052 60803.85915956 61
NOAA-19              60803.92006399 60803.92875277 13
NOAA-19              60804.28855684 60804.29497162 5
NOAA-19              60804.35763253 60804.36812740 33
NOAA-19              60804.42756965 60804.43834935 55
NOAA-19              60804.49765280 60804.50661064 16
NOAA-19              60804.56753079 60804.57353230 5
NOAA-19              60804.63601560 60804.64092834 3
NOAA-19              60804.70284189 60804.71028258 9
NOAA-19              60804.77025264 60804.78030954 28
NOAA-19              60804.83941027 60804.85036329 74
NOAA-19              60804.91082906 60804.92005904 16
NOAA-19              60805.28011455 60805.28534728 3
NOAA-19              60805.34886827 60805.35912727 27
NOAA-19              60805.41875837 60805.42963763 66
NOAA-19              60805.48884109 60805.49812091 18
NOAA-19              60805.55874657 60805.56515265 6
NOAA-19              60805.62753429 60805.63233401 3
NOAA-19              60805.69444493 60805.70149960 8
NOAA-19              60805.76168941 60805.77149366 24
NOAA-19              60805.83060441 60805.84156163 88
NOAA-19              60805.90168626 60805.91133851 19
NOAA-19              60806.34011351 60806.35008083 23
NOAA-19              60806.40994921 60806.42089344 80
NOAA-19              60806.48002651 60806.48960616 21
NOAA-19              60806.54998447 60806.55676952 7
NOAA-19              60806.61901345 60806.62378055 3
NOAA-19              60806.68605670 60806.69272716 7
NOAA-19              60806.75315237 60806.76267824 21
NOAA-19              60806.82183174 60806.83275544 77
NOAA-19              60806.89259691 60806.90259881 23
NOAA-19              60807.33137539 60807.34098404 19
NOAA-19              60807.40114278 60807.41211582 85
NOAA-19              60807.47120983 60807.48106522 25
NOAA-19              60807.54120879 60807.54838031 8
NOAA-19              60807.61045062 60807.61526774 3
NOAA-19              60807.67767235 60807.68396804 6
NOAA-19              60807.74468523 60807.75386200 18
NOAA-19              60807.81308912 60807.82394547 64
NOAA-19              60807.88355608 60807.89384361 28
NOAA-19              60807.95726066 60807.96265315 3
NOAA-19              60808.32265614 60808.33183189 15
NOAA-19              60808.39234012 60808.40330371 71
NOAA-19              60808.46239174 60808.47249694 29
NOAA-19              60808.53242190 60808.53998071 9
NOAA-19              60808.60184637 60808.60679259 3
NOAA-19              60808.66928695 60808.67522566 5
NOAA-19              60808.73619682 60808.74504942 15
NOAA-19              60808.80437964 60808.81513240 53
NOAA-19              60808.87455997 60808.88507581 34
NOAA-19              60808.94766413 60808.95418953 5
NOAA-19              60809.31396112 60809.32261731 12
NOAA-19              60809.38354180 60809.39445588 59
NOAA-19              60809.45357290 60809.46390030 33
NOAA-19              60809.52362603 60809.53156705 10
NOAA-19              60809.59320306 60809.59834959 3
NOAA-19              60809.66089434 60809.66650382 4
NOAA-19              60809.72773034 60809.73623978 13
NOAA-19              60809.79570052 60809.80631686 45
NOAA-19              60809.86560558 60809.87629762 42
NOAA-19              60809.93820704 60809.94561786 8
NOAA-19              60810.30529847 60810.31333079 9
NOAA-19              60810.37474888 60810.38557086 48
NOAA-19              60810.44475389 60810.45527434 39
NOAA-19              60810.51482295 60810.52313635 12
NOAA-19              60810.58452523 60810.58993208 4
NOAA-19              60810.65248770 60810.65780741 4
NOAA-19              60810.71928389 60810.72743407 12
NOAA-19              60810.78705095 60810.79749940 38
NOAA-19              60810.85669049 60810.86751058 51
NOAA-19              60810.92885686 60810.93699007 10
NOAA-19              60811.29668104 60811.30395765 7
NOAA-19              60811.36596273 60811.37664693 40
NOAA-19              60811.43593531 60811.44661844 47
NOAA-19              60811.50601410 60811.51468600 14
NOAA-19              60811.57581784 60811.58153245 4
NOAA-19              60811.64405969 60811.64914118 3
NOAA-19              60811.71085522 60811.71863367 10
NOAA-19              60811.77843012 60811.78868064 32
NOAA-19              60811.84781271 60811.85871616 62
NOAA-19              60811.91958790 60811.92831935 13
NOAA-19              60812.28813139 60812.29447313 5
NOAA-19              60812.35718466 60812.36768192 33
NOAA-19              60812.42711773 60812.43793154 56
NOAA-19              60812.49720067 60812.50621380 16
NOAA-19              60812.56708579 60812.57314360 5
NOAA-19              60812.63560280 60812.64051025 3
NOAA-19              60812.70244162 60812.70983991 9
NOAA-19              60812.76983719 60812.77986135 27
NOAA-19              60812.83897059 60812.84991549 75
NOAA-19              60812.91035372 60812.91961925 16
METOA                60802.98020532 60802.98255041 5
METOA                60803.39453880 60803.40320583 15
METOA                60803.46141000 60803.47174064 71
METOA                60803.52866568 60803.53817324 27
METOA                60803.59600178 60803.60293772 8
METOA                60803.72808753 60803.73208731 2
METOA                60803.79194339 60803.79922444 9
METOA                60803.85691872 60803.86655377 32
METOA                60803.92365977 60803.93377006 55
METOA                60803.99267482 60804.00048859 11
METOA                60804.41254015 60804.42195357 23
METOA                60804.47956645 60804.48985299 74
METOA                60804.54686313 60804.55580771 19
METOA                60804.61421771 60804.62020180 5
METOA                60804.74528335 60804.75017423 3
METOA                60804.80934151 60804.81742363 13
METOA                60804.87474403 60804.88474279 47
METOA                60804.94200644 60804.95188452 36
METOA                60805.01187927 60805.01827482 6
METOA                60805.36426202 60805.37054097 5
METOA                60805.43060537 60805.44049432 34
METOA                60805.49773747 60805.50782435 49
METOA                60805.56505975 60805.57332439 14
METOA                60805.63236195 60805.63740963 4
METOA                60805.76248428 60805.76831491 5
METOA                60805.82683443 60805.83561488 18
METOA                60805.89268979 60805.90291561 70
METOA                60805.96052095 60805.96995321 24
METOA                60806.38201219 60806.38978632 10
METOA                60806.44870916 60806.45885743 52
METOA                60806.51591835 60806.52566150 34
METOA                60806.58325136 60806.59073166 10
METOA                60806.65044960 60806.65459928 2
METOA                60806.77973341 60806.78648198 7
METOA                60806.84440607 60806.85380876 25
METOA                60806.91077698 60806.92106752 76
METOA                60806.97926510 60806.98795333 16
METOA                60807.39993091 60807.40869919 16
METOA                60807.46684089 60807.47706135 77
METOA                60807.53410503 60807.54337024 24
METOA                60807.60147341 60807.60803921 7
METOA                60807.73317645 60807.73747694 3
METOA                60807.79705747 60807.80466068 11
METOA                60807.86213376 60807.87199065 36
METOA                60807.92900356 60807.93919222 50
METOA                60807.99821591 60808.00585122 10
METOA                60808.35212234 60808.35648559 2
METOA                60808.41794233 60808.42737052 25
METOA                60808.48499210 60808.49511811 65
METOA                60808.55229402 60808.56095606 17
METOA                60808.61963507 60808.62526975 5
METOA                60808.75035970 60808.75556501 4
METOA                60808.81447349 60808.82284250 15
METOA                60808.87998391 60808.89015942 53
METOA                60808.94738476 60808.95728081 32
METOA                60809.01751407 60809.02356356 5
METOA                60809.36957134 60809.37613330 6
METOA                60809.43600638 60809.44584444 37
METOA                60809.50315657 60809.51303631 44
METOA                60809.57048184 60809.57842564 12
METOA                60809.63776211 60809.64244905 3
METOA                60809.76756117 60809.77369822 6
METOA                60809.83198638 60809.84101589 20
METOA                60809.89795597 60809.90831103 79
METOA                60809.96594010 60809.97531931 22
METOA                60810.38735918 60810.39526535 11
METOA                60810.45410757 60810.46414679 58
METOA                60810.52133010 60810.53082206 30
METOA                60810.58866448 60810.59578790 9
METOA                60810.78481859 60810.79185327 8
METOA                60810.84957943 60810.85919083 28
METOA                60810.91607156 60810.92644025 68
METOA                60810.98473474 60810.99328169 14
METOA                60811.40529130 60811.41409377 18
METOA                60811.47223438 60811.48229394 79
METOA                60811.53950903 60811.54848075 21
METOA                60811.60687771 60811.61305284 6
METOA                60811.73825433 60811.74277713 3
METOA                60811.80215589 60811.81001751 12
METOA                60811.86733020 60811.87735321 40
METOA                60811.93432982 60811.94454015 44
METOA                60812.00375459 60812.01112646 8
METOA                60812.35732504 60812.36212985 3
METOA                60812.42330602 60812.43269410 27
METOA                60812.49037924 60812.50029664 58
METOA                60812.55769025 60812.56601755 15
METOA                60812.62502995 60812.63024445 4
METOA                60812.75542307 60812.76086942 4
METOA                60812.81958839 60812.82818341 16
METOA                60812.88520498 60812.89550145 59
METOA                60812.95274741 60812.96260057 29
METOA                60813.02316798 60813.02874342 4
METOA                60813.37486115 60813.38161034 7
METOA                60813.44136846 60813.45110482 41
METOA                60813.50853655 60813.51816258 39
METOA                60813.57587065 60813.58343934 11
METOA                60813.64314592 60813.64739039 2
METOA                60813.77262306 60813.77899779 6
METOA                60813.83712027 60813.84633954 22
METOB                60803.25127545 60803.25606625 3
METOB                60803.31956798 60803.32961213 26
METOB                60803.38908212 60803.39981467 68
METOB                60803.45881791 60803.46797313 18
METOB                60803.52848810 60803.53459714 5
METOB                60803.59707925 60803.60120470 2
METOB                60803.66356105 60803.66999700 6
METOB                60803.73025954 60803.73965546 20
METOB                60803.79860305 60803.80938249 79
METOB                60803.86905195 60803.87884959 22
METOB                60804.30525915 60804.31476941 19
METOB                60804.37467160 60804.38547636 87
METOB                60804.44438841 60804.45401855 23
METOB                60804.51407671 60804.52089761 7
METOB                60804.58308018 60804.58726973 2
METOB                60804.64986805 60804.65564114 5
METOB                60804.71637880 60804.72522514 16
METOB                60804.78430578 60804.79496727 58
METOB                60804.85427262 60804.86452361 31
METOB                60804.92730220 60804.93311794 4
METOB                60805.29100213 60805.29978317 13
METOB                60805.36027212 60805.37104794 65
METOB                60805.42995805 60805.43999119 30
METOB                60805.49968058 60805.50716422 9
METOB                60805.56895924 60805.57344736 3
METOB                60805.63616736 60805.64132262 4
METOB                60805.70252432 60805.71080129 13
METOB                60805.77009418 60805.78054462 43
METOB                60805.83960926 60805.85016764 42
METOB                60805.91179119 60805.91913541 8
METOB                60806.27682188 60806.28462111 9
METOB                60806.34588761 60806.35652412 47
METOB                60806.41552917 60806.42588729 39
METOB                60806.48526871 60806.49338546 12
METOB                60806.55473803 60806.55970485 3
METOB                60806.62244269 60806.62707426 3
METOB                60806.68873477 60806.69639157 10
METOB                60806.75596935 60806.76611707 33
METOB                60806.82505087 60806.83578908 58
METOB                60806.89655810 60806.90499280 12
METOB                60807.26277306 60807.26922081 5
METOB                60807.33152294 60807.34189779 34
METOB                60807.40110401 60807.41170357 53
METOB                60807.47084664 60807.47955103 15
METOB                60807.54044361 60807.54600419 4
METOB                60807.60865052 60807.61291649 2
METOB                60807.67498689 60807.68198904 8
METOB                60807.74191552 60807.75168669 25
METOB                60807.81058957 60807.82139366 80
METOB                60807.88148205 60807.89076066 17
METOB                60808.24906775 60808.25341232 2
METOB                60808.31718282 60808.32715924 25
METOB                60808.38668486 60808.39743683 71
METOB                60808.45641840 60808.46565332 19
METOB                60808.52609923 60808.53231299 6
METOB                60808.59475461 60808.59887443 2
METOB                60808.66127507 60808.66760685 6
METOB                60808.72797381 60808.73725381 20
METOB                60808.79621742 60808.80698541 76
METOB                60808.86659089 60808.87646796 23
METOB                60809.30288083 60809.31229447 18
METOB                60809.37227435 60809.38308353 84
METOB                60809.44198712 60809.45168646 24
METOB                60809.51168179 60809.51860842 7
METOB                60809.58073428 60809.58495727 2
METOB                60809.64758203 60809.65325539 4
METOB                60809.71406337 60809.72282461 15
METOB                60809.78193385 60809.79256752 56
METOB                60809.85182883 60809.86213538 32
METOB                60809.92471100 60809.93080329 5
METOB                60810.28863217 60810.29728220 13
METOB                60810.35787545 60810.36863936 62
METOB                60810.42755536 60810.43764616 31
METOB                60810.49728139 60810.50486756 9
METOB                60810.56659445 60810.57114857 3
METOB                60810.63387695 60810.63894399 3
METOB                60810.70021685 60810.70840044 12
METOB                60810.76773338 60810.77814261 41
METOB                60810.83718080 60810.84777402 44
METOB                60810.90924976 60810.91678508 8
METOB                60811.27446596 60811.28208714 8
METOB                60811.34349215 60811.35409881 45
METOB                60811.41312544 60811.42352876 41
METOB                60811.48286615 60811.49107947 12
METOB                60811.55235860 60811.55741382 3
METOB                60811.62014283 60811.62470679 3
METOB                60811.68643382 60811.69399106 9
METOB                60811.75361922 60811.76371310 31
METOB                60811.82263637 60811.83339121 62
METOB                60811.89404845 60811.90262365 13
METOB                60812.26044486 60812.26663884 5
METOB                60812.32912957 60812.33945444 32
METOB                60812.39869958 60812.40933106 55
METOB                60812.46844142 60812.47723437 15
METOB                60812.53805360 60812.54371525 4
METOB                60812.60633505 60812.61056447 2
METOB                60812.67269107 60812.67958991 7
METOB                60812.73957550 60812.74928115 24
METOB                60812.80818802 60812.81899220 84
