iss                  60803.35523453 60803.36280161 61
iss                  60803.42234163 60803.42958900 29
iss                  60803.48978879 60803.49529966 8
iss                  60804.18821125 60804.19469707 14
iss                  60804.25446401 60804.26191708 42
iss                  60804.32141993 60804.32899671 64
iss                  60804.38850967 60804.39590811 38
iss                  60804.45578139 60804.46202266 12
iss                  60805.15484722 60805.16071742 10
iss                  60805.22074000 60805.22807329 33
iss                  60805.28758717 60805.29516257 63
iss                  60805.35466429 60805.36215523 47
iss                  60805.42183779 60805.42857123 17
iss                  60806.12165771 60806.12659467 6
iss                  60806.18705640 60806.19419611 25
iss                  60806.25374620 60806.26130428 58
iss                  60806.32080045 60806.32834449 56
iss                  60806.38792175 60806.39498715 23
iss                  60806.45560797 60806.46024502 5
iss                  60807.08880757 60807.09217867 2
iss                  60807.15343239 60807.16027324 19
iss                  60807.21990669 60807.22742403 49
iss                  60807.28691645 60807.29448815 62
iss                  60807.35401240 60807.36129683 31
iss                  60807.42141274 60807.42708964 8
iss                  60808.11989537 60808.12628600 13
iss                  60808.18608070 60808.19352072 40
iss                  60808.25301385 60808.26059616 64
iss                  60808.32009667 60808.32752058 40
iss                  60808.38733936 60808.39369555 13
iss                  60809.08648033 60809.09220212 9
iss                  60809.15228251 60809.15958994 31
iss                  60809.21909734 60809.22667604 62
iss                  60809.28616632 60809.29367467 49
iss                  60809.35332152 60809.36013589 18
iss                  60809.42143676 60809.42473059 2
iss                  60810.05326114 60810.05795622 5
iss                  60810.11852883 60810.12562361 24
iss                  60810.18517455 60810.19273235 56
iss                  60810.25221695 60810.25977317 57
iss                  60810.31932657 60810.32644877 25
iss                  60810.38693269 60810.39182970 5
iss                  60811.08484160 60811.09160813 17
iss                  60811.15125581 60811.15876667 48
iss                  60811.21824754 60811.22582807 63
iss                  60811.28533537 60811.29265917 33
iss                  60811.35268941 60811.35853697 9
iss                  60812.05124632 60812.05752254 12
iss                  60812.11735380 60812.12477722 38
iss                  60812.18426036 60812.19184894 64
iss                  60812.25133582 60812.25878674 42
iss                  60812.31854998 60812.32502478 14
iss                  60813.01778689 60813.02332962 8
iss                  60813.08348349 60813.09075874 30
iss                  60813.15026079 60813.15784280 61
iss                  60813.21732050 60813.22484741 51
iss                  60813.28445787 60813.29135575 20
iss                  60813.35241444 60813.35616452 3
iss                  60813.98455180 60813.98894906 4
iss                  60814.04966247 60814.05670211 22
iss                  60814.11625723 60814.12381361 54
iss                  60814.18328571 60814.19085500 59
iss                  60814.25038398 60814.25756462 26
iss                  60814.31791368 60814.32306857 6
iss                  60815.01591428 60815.02259216 16
iss                  60815.08226068 60815.08976225 45
iss                  60815.14923120 60815.15682105 64
iss                  60815.21631085 60815.22367500 35
iss                  60815.28362006 60815.28963994 10
iss                  60815.98226686 60815.98840506 11
iss                  60816.04828450 60816.05568615 36
iss                  60816.11515997 60816.12275478 64
iss                  60816.18222745 60816.18970591 44
iss                  60816.24941400 60816.25600883 15
iss                  60816.94877126 60816.95409680 7
iss                  60817.01434442 60817.02157930 28
iss                  60817.08107822 60817.08866259 60
iss                  60817.14812717 60817.15567291 53
iss                  60817.21524741 60817.22222955 21
iss                  60817.28306420 60817.28723532 4
iss                  60817.91554030 60817.91956452 3
iss                  60817.98045907 60817.98743081 21
iss                  60818.04699512 60818.05454777 52
iss                  60818.11400714 60818.12158947 60
iss                  60818.18109443 60818.18833365 28
iss                  60818.24855211 60818.25395984 7
iss                  60818.94665388 60818.95322409 15
iss                  60819.01292240 60819.02041042 43
iss                  60819.07986790 60819.08746674 64
iss                  60819.14693925 60819.15434348 37
iss                  60819.21420567 60819.22039636 12
iss                  60819.91296034 60819.91893127 10
iss                  60819.97887417 60819.98624706 34
iss                  60820.04571332 60820.05331339 63
iss                  60820.11277191 60820.12027743 46
iss                  60820.17993219 60820.18664617 17
iss                  60820.87943920 60820.88449944 6
iss                  60820.94486701 60820.95205062 26
iss                  60821.01155044 60821.01913516 58
AO-07                60803.49525776 60803.50845546 19
AO-07                60803.57350240 60803.58898941 70
AO-07                60803.65195730 60803.66661753 41
AO-07                60803.72993158 60803.74235164 18
AO-07                60803.80656575 60803.81788735 13
AO-07                60803.88192776 60803.89490617 21
AO-07                60803.95796388 60803.97306149 52
AO-07                60804.03613822 60804.05153700 54
AO-07                60804.11755096 60804.12958934 13
AO-07                60804.45429973 60804.46365329 6
AO-07                60804.53183119 60804.54662608 36
AO-07                60804.61027141 60804.62565223 71
AO-07                60804.68859216 60804.70225745 27
AO-07                60804.76604931 60804.77762125 14
AO-07                60804.84193033 60804.85376473 15
AO-07                60804.91734900 60804.93143332 31
AO-07                60804.99426587 60805.00982058 84
AO-07                60805.07375955 60805.08822316 30
AO-07                60805.15782838 60805.16527745 4
AO-07                60805.49035496 60805.50322517 17
AO-07                60805.56855146 60805.58400155 65
AO-07                60805.64701445 60805.66178673 44
AO-07                60805.72504434 60805.73760497 19
AO-07                60805.80178773 60805.81308561 13
AO-07                60805.87718207 60805.89000110 20
AO-07                60805.95311718 60805.96811124 48
AO-07                60806.03112534 60806.04658553 58
AO-07                60806.11226668 60806.12470472 15
AO-07                60806.44953679 60806.45814215 5
AO-07                60806.52689439 60806.54152804 33
AO-07                60806.60531944 60806.62074423 76
AO-07                60806.68366780 60806.69747928 28
AO-07                60806.76121031 60806.77286678 15
AO-07                60806.83718700 60806.84890932 15
AO-07                60806.91256777 60806.92650035 29
AO-07                60806.98934814 60807.00486504 79
AO-07                60807.06864370 60807.08328775 32
AO-07                60807.15223132 60807.16057476 5
AO-07                60807.48546038 60807.49797181 15
AO-07                60807.56360138 60807.57900174 60
AO-07                60807.64206984 60807.65694743 47
AO-07                60807.72015149 60807.73285669 20
AO-07                60807.79700291 60807.80829111 13
AO-07                60807.87243920 60807.88510102 19
AO-07                60807.94827962 60807.96316257 45
AO-07                60808.02612520 60808.04163290 63
AO-07                60808.10700824 60808.11981030 17
AO-07                60808.44481859 60808.45256541 4
AO-07                60808.52196068 60808.53641424 31
AO-07                60808.60036707 60808.61582601 81
AO-07                60808.67874014 60808.69269508 30
AO-07                60808.75636388 60808.76811564 15
AO-07                60808.83244081 60808.84406114 14
AO-07                60808.90779308 60808.92157043 28
AO-07                60808.98444107 60808.99990974 74
AO-07                60809.06354396 60809.07834889 35
AO-07                60809.14668818 60809.15582393 6
AO-07                60809.48057519 60809.49269362 14
AO-07                60809.55865236 60809.57398969 56
AO-07                60809.63712364 60809.65209934 50
AO-07                60809.71525333 60809.72810618 21
AO-07                60809.79221096 60809.80350361 13
AO-07                60809.86769848 60809.88020624 18
AO-07                60809.94345093 60809.95821537 42
AO-07                60810.02113746 60810.03667930 68
AO-07                60810.10177373 60810.11490746 18
AO-07                60810.44021247 60810.44690093 3
AO-07                60810.51702866 60810.53128436 28
AO-07                60810.59541447 60810.61089737 87
AO-07                60810.67380940 60810.68790445 32
AO-07                60810.75151018 60810.76336719 15
AO-07                60810.82769107 60810.83922038 14
AO-07                60810.90302449 60810.91664384 26
AO-07                60810.97954445 60810.99495486 69
AO-07                60811.05845969 60811.07340738 38
AO-07                60811.14121618 60811.15103485 7
AO-07                60811.47570095 60811.48738842 12
AO-07                60811.55370460 60811.56896506 51
AO-07                60811.63217603 60811.64724258 53
AO-07                60811.71035014 60811.72335282 22
AO-07                60811.78741160 60811.79872280 13
AO-07                60811.86295924 60811.87531711 18
AO-07                60811.93863083 60811.95327007 40
AO-07                60812.01616183 60812.03172495 73
AO-07                60812.09656151 60812.10999747 20
AO-07                60812.51210222 60812.52613752 26
AO-07                60812.59046179 60812.60595811 87
AO-07                60812.66887581 60812.68310704 34
AO-07                60812.74664942 60812.75862075 16
AO-07                60812.82293710 60812.83438718 14
AO-07                60812.89826153 60812.91172084 25
AO-07                60812.97465805 60812.99000055 64
AO-07                60813.05339031 60813.06846327 42
AO-07                60813.13579108 60813.14621810 9
AO-07                60813.47083992 60813.48205352 11
AO-07                60813.54875833 60813.56392751 47
AO-07                60813.62722717 60813.64237660 57
AO-07                60813.70544222 60813.71859606 23
AO-07                60813.78260464 60813.79394831 13
LO-19                60803.51861149 60803.52777235 18
LO-19                60803.58732334 60803.59784821 87
LO-19                60803.65647804 60803.66562300 20
LO-19                60803.72585642 60803.73147082 5
LO-19                60803.92573890 60803.93376853 12
LO-19                60803.99275390 60804.00299747 49
LO-19                60804.06193111 60804.07192399 32
LO-19                60804.13437661 60804.13964706 4
LO-19                60804.49611634 60804.50383305 9
LO-19                60804.56448731 60804.57492293 54
LO-19                60804.63354281 60804.64340068 31
LO-19                60804.70283080 60804.70986207 8
LO-19                60804.90394681 60804.91079871 8
LO-19                60804.97032052 60804.98008630 30
LO-19                60805.03874866 60805.04914808 56
LO-19                60805.10979767 60805.11753824 10
LO-19                60805.47404693 60805.47919750 3
LO-19                60805.54171465 60805.55172395 31
LO-19                60805.61063120 60805.62095517 51
LO-19                60805.67985983 60805.68805882 13
LO-19                60805.74929201 60805.75333605 2
LO-19                60805.88229675 60805.88781085 4
LO-19                60805.94815512 60805.95715492 19
LO-19                60806.01584086 60806.02630980 84
LO-19                60806.08585481 60806.09503447 18
LO-19                60806.51903832 60806.52820339 18
LO-19                60806.58775085 60806.59827686 86
LO-19                60806.65690511 60806.66605046 20
LO-19                60806.72628168 60806.73189855 5
LO-19                60806.92615808 60806.93420079 12
LO-19                60806.99317481 60807.00342874 49
LO-19                60807.06235346 60807.07235490 32
LO-19                60807.13480000 60807.14007871 4
LO-19                60807.49654167 60807.50426393 9
LO-19                60807.56491378 60807.57535065 54
LO-19                60807.63396908 60807.64382694 31
LO-19                60807.70325597 60807.71028790 8
LO-19                60807.90436420 60807.91123026 8
LO-19                60807.97073981 60807.98051650 30
LO-19                60808.03916937 60808.04957779 56
LO-19                60808.11021977 60808.11796801 10
LO-19                60808.47446929 60808.47962960 3
LO-19                60808.54213996 60808.55215082 31
LO-19                60808.61105658 60808.62138030 51
LO-19                60808.68028454 60808.68848313 13
LO-19                60808.74971392 60808.75376180 2
LO-19                60808.88275921 60808.88824332 4
LO-19                60808.94857284 60808.95758410 19
LO-19                60809.01625998 60809.02673853 84
LO-19                60809.08627529 60809.09546284 18
LO-19                60809.51946235 60809.52862958 18
LO-19                60809.58817525 60809.59870092 86
LO-19                60809.65732912 60809.66647344 20
LO-19                60809.72670420 60809.73232168 5
LO-19                60809.86132684 60809.86523372 2
LO-19                60809.92657419 60809.93462900 12
LO-19                60809.99359237 60810.00385614 49
LO-19                60810.06277232 60810.07278198 32
LO-19                60810.13521982 60810.14050652 4
LO-19                60810.49696417 60810.50468973 9
LO-19                60810.56533713 60810.57577369 54
LO-19                60810.63439227 60810.64424868 31
LO-19                60810.70367825 60810.71070919 8
LO-19                60810.90477867 60810.91165761 8
LO-19                60810.97115587 60810.98094275 30
LO-19                60811.03958666 60811.05000362 56
LO-19                60811.11063837 60811.11839392 10
LO-19                60811.47488933 60811.48005602 3
LO-19                60811.54256218 60811.55257293 31
LO-19                60811.61147883 60811.62180086 51
LO-19                60811.68070625 60811.68890291 13
LO-19                60811.75013346 60811.75418260 2
LO-19                60811.88317189 60811.88866999 4
LO-19                60811.94898743 60811.95800922 19
LO-19                60812.01667576 60812.02716313 84
LO-19                60812.08669231 60812.09588731 18
LO-19                60812.51988335 60812.52905088 18
LO-19                60812.58859650 60812.59912035 86
LO-19                60812.65775006 60812.66689187 20
LO-19                60812.72712400 60812.73274010 5
LO-19                60812.86173731 60812.86566020 2
LO-19                60812.92698729 60812.93505305 12
LO-19                60812.99400670 60813.00427952 50
LO-19                60813.06318779 60813.07320512 32
LO-19                60813.13563627 60813.14093029 4
LO-19                60813.49738379 60813.50511043 9
LO-19                60813.56575732 60813.57619204 54
LO-19                60813.63481231 60813.64466584 31
LO-19                60813.70409762 60813.71112588 8
LO-19                60813.90519032 60813.91208061 8
LO-19                60813.97156878 60813.98136492 30
LO-19                60814.04000063 60814.05042546 56
LO-19                60814.11105357 60814.11881582 10
LO-19                60814.47530700 60814.48047675 3
LO-19                60814.54298126 60814.55299026 31
LO-19                60814.61189791 60814.62221681 51
LO-19                60814.68112492 60814.68931813 13
LO-19                60814.75055064 60814.75459836 2
LO-19                60814.88358199 60814.88909205 4
FO-29                60803.31405409 60803.32534721 51
FO-29                60803.38740257 60803.39615776 13
FO-29                60803.46093916 60803.46498723 2
FO-29                60803.60133032 60803.60795379 7
FO-29                60803.67149407 60803.68137371 29
FO-29                60803.74397707 60803.75456799 54
FO-29                60803.81950906 60803.82698848 8
FO-29                60804.20277927 60804.21243061 15
FO-29                60804.27551734 60804.28724299 69
FO-29                60804.34878573 60804.35925989 26
FO-29                60804.42223019 60804.42904855 6
FO-29                60804.56515730 60804.56934333 2
FO-29                60804.63436527 60804.64280632 14
FO-29                60804.70558316 60804.71613774 63
FO-29                60804.77933570 60804.78909609 23
FO-29                60805.16532929 60805.17129231 4
FO-29                60805.23714085 60805.24840778 32
FO-29                60805.31021570 60805.32175811 54
FO-29                60805.38358587 60805.39265603 14
FO-29                60805.45707971 60805.46157635 3
FO-29                60805.59774425 60805.60421394 6
FO-29                60805.66784308 60805.67762052 27
FO-29                60805.74023142 60805.75082308 58
FO-29                60805.81559563 60805.82330579 9
FO-29                60806.19901198 60806.20865858 14
FO-29                60806.27172059 60806.28360293 65
FO-29                60806.34497483 60806.35571601 28
FO-29                60806.41839809 60806.42559154 7
FO-29                60806.56156513 60806.56564397 2
FO-29                60806.63074762 60806.63906163 13
FO-29                60806.70188581 60806.71238994 58
FO-29                60806.77552326 60806.78537067 25
FO-29                60807.16163400 60807.16737877 3
FO-29                60807.23335438 60807.24471092 30
FO-29                60807.30641160 60807.31816897 58
FO-29                60807.37976636 60807.38915794 16
FO-29                60807.45322250 60807.45816719 3
FO-29                60807.59414731 60807.60048888 6
FO-29                60807.66418593 60807.67387629 26
FO-29                60807.73648122 60807.74708524 63
FO-29                60807.81168285 60807.81962648 10
FO-29                60808.19524543 60808.20488617 13
FO-29                60808.26792409 60808.27996441 62
FO-29                60808.34116382 60808.35217449 31
FO-29                60808.41456592 60808.42213802 8
FO-29                60808.55795191 60808.56197031 2
FO-29                60808.62712245 60808.63532820 13
FO-29                60808.69818324 60808.70865021 54
FO-29                60808.77170766 60808.78165170 27
FO-29                60809.15799100 60809.16345592 3
FO-29                60809.22956679 60809.24101455 29
FO-29                60809.30260801 60809.31458153 62
FO-29                60809.37594709 60809.38566249 17
FO-29                60809.44936818 60809.45475908 4
FO-29                60809.59053929 60809.59677963 6
FO-29                60809.66055929 60809.67013968 24
FO-29                60809.73272486 60809.74335489 67
FO-29                60809.80777083 60809.81595083 11
FO-29                60810.19148041 60810.20111257 13
FO-29                60810.26412861 60810.27632670 59
FO-29                60810.33735360 60810.34863491 33
FO-29                60810.41073461 60810.41868721 9
FO-29                60810.55431692 60810.55832384 2
FO-29                60810.62348970 60810.63160670 12
FO-29                60810.69447572 60810.70491902 50
FO-29                60810.76788918 60810.77793951 29
FO-29                60811.15431221 60811.15952422 3
FO-29                60811.22578249 60811.23731792 28
FO-29                60811.29880572 60811.31099507 65
FO-29                60811.37212902 60811.38216905 18
FO-29                60811.44548421 60811.45135430 4
FO-29                60811.58692014 60811.59308705 5
FO-29                60811.65689029 60811.66641496 23
FO-29                60811.72896631 60811.73963240 72
FO-29                60811.80385971 60811.81227951 12
FO-29                60812.18771775 60812.19733693 12
FO-29                60812.26033489 60812.27268904 56
FO-29                60812.33354501 60812.34509640 35
FO-29                60812.40690548 60812.41523814 10
FO-29                60812.55065493 60812.55469849 2
FO-29                60812.61985004 60812.62789769 11
FO-29                60812.69076359 60812.70119676 47
FO-29                60812.76406815 60812.77423436 31
FO-29                60812.84115397 60812.84588219 3
FO-29                60813.15064531 60813.15557960 2
FO-29                60813.22200044 60813.23362021 27
FO-29                60813.29500551 60813.30740876 69
FO-29                60813.36831304 60813.37867678 20
FO-29                60813.44163795 60813.44794703 5
FO-29                60813.58329007 60813.58941172 5
FO-29                60813.65321602 60813.66270066 22
FO-29                60813.72520414 60813.73591809 77
FO-29                60813.79994972 60813.80861271 13
FO-29                60814.18395827 60814.19355832 11
FO-29                60814.25654367 60814.26905059 53
FO-29                60814.32973886 60814.34155813 38
FO-29                60814.40307931 60814.41179016 11
FO-29                60814.47623760 60814.48052332 2
FO-29                60814.54697975 60814.55110514 2
SO-50                60803.56429186 60803.57284562 23
SO-50                60803.63301376 60803.64251349 73
SO-50                60803.70316942 60803.71223018 27
SO-50                60803.77366436 60803.78251985 21
SO-50                60803.84364587 60803.85310999 36
SO-50                60803.91321329 60803.92292397 66
SO-50                60803.98304624 60803.99089762 13
SO-50                60804.50994791 60804.51588925 6
SO-50                60804.57700023 60804.58616087 41
SO-50                60804.64634126 60804.65575870 46
SO-50                60804.71674914 60804.72564236 23
SO-50                60804.78711461 60804.79612714 24
SO-50                60804.85689921 60804.86657521 52
SO-50                60804.92645669 60804.93586758 38
SO-50                60804.99679826 60805.00277869 6
SO-50                60805.52189310 60805.52957495 14
SO-50                60805.58996577 60805.59941122 73
SO-50                60805.65980000 60805.66903870 33
SO-50                60805.73031459 60805.73913594 21
SO-50                60805.80048071 60805.80973085 28
SO-50                60805.87011924 60805.87989180 81
SO-50                60805.93976543 60805.94853849 22
SO-50                60806.53431593 60806.54299101 25
SO-50                60806.60313970 60806.61264017 68
SO-50                60806.67334187 60806.68237775 26
SO-50                60806.74382346 60806.75269962 21
SO-50                60806.81377290 60806.82327703 38
SO-50                60806.88333330 60806.89301903 61
SO-50                60806.95321423 60806.96085568 12
SO-50                60807.47982404 60807.48610543 7
SO-50                60807.54705846 60807.55628407 45
SO-50                60807.61648098 60807.62588020 44
SO-50                60807.68691382 60807.69579336 22
SO-50                60807.75725226 60807.76630069 24
SO-50                60807.82701101 60807.83671367 55
SO-50                60807.89657462 60807.90591639 35
SO-50                60807.96703235 60807.97262046 5
SO-50                60808.49185164 60808.49972405 15
SO-50                60808.56004942 60808.56952005 78
SO-50                60808.62994660 60808.63915892 32
SO-50                60808.70046424 60808.70928984 21
SO-50                60808.77059763 60808.77989021 30
SO-50                60808.84021969 60808.84999537 87
SO-50                60808.90988963 60808.91853205 20
SO-50                60809.43841180 60809.44213253 2
SO-50                60809.50432081 60809.51310643 27
SO-50                60809.57324228 60809.58274002 63
SO-50                60809.64348751 60809.65249982 25
SO-50                60809.71395339 60809.72285290 22
SO-50                60809.78387168 60809.79341410 40
SO-50                60809.85342685 60809.86308197 56
SO-50                60809.92336135 60809.93077600 11
SO-50                60810.44969306 60810.45628074 8
SO-50                60810.51709552 60810.52637888 49
SO-50                60810.58659620 60810.59597545 41
SO-50                60810.65705053 60810.66591867 22
SO-50                60810.72736077 60810.73644642 25
SO-50                60810.79709510 60810.80682129 59
SO-50                60810.86666702 60810.87593226 32
SO-50                60810.93726052 60810.94240986 4
SO-50                60811.46179366 60811.46984073 17
SO-50                60811.53011061 60811.53960144 83
SO-50                60811.60006746 60811.60925335 30
SO-50                60811.67058515 60811.67941779 21
SO-50                60811.74068580 60811.75002054 31
SO-50                60811.81029307 60811.82006742 87
SO-50                60811.87998991 60811.88849112 18
SO-50                60812.40808693 60812.41243071 3
SO-50                60812.47430579 60812.48319246 30
SO-50                60812.54332127 60812.55281312 59
SO-50                60812.61360617 60812.62259637 24
SO-50                60812.68405414 60812.69297914 22
SO-50                60812.75394230 60812.76352110 42
SO-50                60812.82349404 60812.83311276 52
SO-50                60812.89348839 60812.90065800 10
SO-50                60813.41955232 60813.42641750 9
SO-50                60813.48711112 60813.49644549 53
SO-50                60813.55668670 60813.56604452 39
SO-50                60813.62715913 60813.63601859 22
SO-50                60813.69744022 60813.70656414 25
SO-50                60813.76715158 60813.77689802 63
SO-50                60813.83673406 60813.84591512 30
SO-50                60813.90748926 60813.91214046 3
SO-50                60814.43171838 60814.43992568 18
SO-50                60814.50014909 60814.50965550 85
SO-50                60814.57016239 60814.57932204 29
SO-50                60814.64067707 60814.64951965 21
SO-50                60814.71074531 60814.72012170 32
SO-50                60814.78033929 60814.79010794 81
SO-50                60814.85006657 60814.85841553 17
SO-50                60815.37779109 60815.38265511 4
SO-50                60815.44427076 60815.45324902 32
SO-50                60815.51337646 60815.52285956 55
SO-50                60815.58369784 60815.59266739 24
SO-50                60815.65412573 60815.66307837 22
SO-50                60815.72398467 60815.73359793 44
SO-50                60815.79353499 60815.80311137 47
SO-50                60815.86363271 60815.87050010 9
SO-50                60816.38939973 60816.39651755 11
HO-68                60803.34006171 60803.34964110 9
HO-68                60803.41432536 60803.42770194 45
HO-68                60803.48926311 60803.50257937 52
HO-68                60803.56413846 60803.57527848 18
HO-68                60803.63825157 60803.64688126 8
HO-68                60803.71059511 60803.71957871 9
HO-68                60803.78226418 60803.79391960 22
HO-68                60803.85532922 60803.86884588 66
HO-68                60803.93070902 60803.94373585 35
HO-68                60804.00974587 60804.01764756 6
HO-68                60804.32851832 60804.33681574 6
HO-68                60804.40252162 60804.41563408 36
HO-68                60804.47742198 60804.49091865 63
HO-68                60804.55234179 60804.56391413 21
HO-68                60804.62664724 60804.63556318 9
HO-68                60804.69928137 60804.70796498 8
HO-68                60804.77089146 60804.78212032 18
HO-68                60804.84365550 60804.85700510 54
HO-68                60804.91862311 60804.93193552 43
HO-68                60804.99684476 60805.00616859 9
HO-68                60805.31723943 60805.32370940 3
HO-68                60805.39073257 60805.40348618 29
HO-68                60805.46558117 60805.47920130 76
HO-68                60805.54053141 60805.55251303 24
HO-68                60805.61499772 60805.62426580 10
HO-68                60805.68793820 60805.69640044 8
HO-68                60805.75955095 60805.77033746 16
HO-68                60805.83203669 60805.84516539 45
HO-68                60805.90661232 60805.92012193 54
HO-68                60805.98416936 60805.99457236 12
HO-68                60806.37896660 60806.39125051 23
HO-68                60806.45374263 60806.46742507 88
HO-68                60806.52871031 60806.54107044 29
HO-68                60806.60330885 60806.61297747 11
HO-68                60806.67655504 60806.68488857 7
HO-68                60806.74823590 60806.75857506 14
HO-68                60806.82047050 60806.83332839 37
HO-68                60806.89467166 60806.90829833 66
HO-68                60806.97164729 60806.98290499 16
HO-68                60807.36722917 60807.37891637 18
HO-68                60807.44190794 60807.45558746 74
HO-68                60807.51688106 60807.52958243 34
HO-68                60807.59158656 60807.60168684 13
HO-68                60807.66512403 60807.67343015 7
HO-68                60807.73693844 60807.74683770 12
HO-68                60807.80895444 60807.82149641 32
HO-68                60807.88279715 60807.89646734 81
HO-68                60807.95924975 60807.97118943 20
HO-68                60808.35553122 60808.36646901 14
HO-68                60808.43007940 60808.44368559 60
HO-68                60808.50504591 60808.51804589 41
HO-68                60808.57983646 60808.59038392 15
HO-68                60808.65364063 60808.66202257 8
HO-68                60808.72564869 60808.73513051 11
HO-68                60808.79748560 60808.80967123 27
HO-68                60808.87098557 60808.88463123 84
HO-68                60808.94695864 60808.95943943 26
HO-68                60809.02747749 60809.03255940 2
HO-68                60809.34388933 60809.35388656 10
HO-68                60809.41825932 60809.43171595 49
HO-68                60809.49320689 60809.50645791 49
HO-68                60809.56806353 60809.57905984 17
HO-68                60809.64210379 60809.65065965 8
HO-68                60809.71435622 60809.72345967 9
HO-68                60809.78606049 60809.79785537 23
HO-68                60809.85923423 60809.87279197 70
HO-68                60809.93476102 60809.94766405 32
HO-68                60810.01411333 60810.02142794 5
HO-68                60810.33233331 60810.34113345 7
HO-68                60810.40645065 60810.41967418 39
HO-68                60810.48136585 60810.49481629 59
HO-68                60810.55627209 60810.56770709 20
HO-68                60810.63051563 60810.63933232 9
HO-68                60810.70304932 60810.71183078 9
HO-68                60810.77467485 60810.78605157 19
HO-68                60810.84754074 60810.86095141 58
HO-68                60810.92264759 60810.93586930 40
HO-68                60811.00114753 60811.01000527 8
HO-68                60811.32092353 60811.32814153 4
HO-68                60811.39465706 60811.40755458 32
HO-68                60811.46952457 60811.48311878 71
HO-68                60811.54446583 60811.55631943 23
HO-68                60811.61888055 60811.62802959 10
HO-68                60811.69171685 60811.70024948 8
HO-68                60811.76332341 60811.77426305 17
HO-68                60811.83590288 60811.84911133 48
HO-68                60811.91061129 60811.92406000 50
HO-68                60811.98838496 60811.99844405 11
HO-68                60812.38288124 60812.39535035 25
HO-68                60812.45768470 60812.47136317 86
HO-68                60812.53264792 60812.54489177 27
HO-68                60812.60720414 60812.61673990 11
HO-68                60812.68034775 60812.68871992 8
HO-68                60812.75199987 60812.76249352 14
HO-68                60812.82431844 60812.83727356 40
HO-68                60812.89864669 60812.91223967 62
HO-68                60812.97581395 60812.98679799 15
HO-68                60813.37113259 60813.38305159 20
HO-68                60813.44584846 60813.45954706 79
AO-73                60803.39187230 60803.39836358 10
AO-73                60803.45735146 60803.46574424 77
AO-73                60803.52362022 60803.53070971 15
AO-73                60803.84526716 60803.85269699 17
AO-73                60803.91035927 60803.91890595 72
AO-73                60803.97783385 60803.98434571 9
AO-73                60804.39126104 60804.39769568 9
AO-73                60804.45671743 60804.46510701 76
AO-73                60804.52297997 60804.53009309 16
AO-73                60804.84465591 60804.85204332 17
AO-73                60804.90972410 60804.91825761 74
AO-73                60804.97716726 60804.98370814 10
AO-73                60805.39062480 60805.39700978 9
AO-73                60805.45606595 60805.46445280 74
AO-73                60805.52232197 60805.52946011 16
AO-73                60805.84402802 60805.85137227 16
AO-73                60805.90907174 60805.91759204 75
AO-73                60805.97648285 60805.98305355 10
AO-73                60806.38997158 60806.39630586 9
AO-73                60806.45539695 60806.46378160 72
AO-73                60806.52164623 60806.52881074 16
AO-73                60806.84338349 60806.85068387 16
AO-73                60806.90840219 60806.91690926 77
AO-73                60806.97578063 60806.98238194 10
AO-73                60807.38930141 60807.39558388 9
AO-73                60807.45471044 60807.46309340 71
AO-73                60807.52095277 60807.52814499 16
AO-73                60807.84272231 60807.84997814 16
AO-73                60807.90771544 60807.91620930 79
AO-73                60807.97506061 60807.98169334 10
AO-73                60808.38861434 60808.39484381 8
AO-73                60808.45400644 60808.46238818 69
AO-73                60808.52024160 60808.52746284 17
AO-73                60808.84204451 60808.84925512 15
AO-73                60808.90701150 60808.91549217 81
AO-73                60808.97432280 60808.98098775 10
AO-73                60809.38791040 60809.39408560 8
AO-73                60809.45328498 60809.46166593 67
AO-73                60809.51951274 60809.52676428 17
AO-73                60809.84135005 60809.84851483 15
AO-73                60809.90629037 60809.91475791 83
AO-73                60809.97356722 60809.98026520 11
AO-73                60810.38718965 60810.39330919 8
AO-73                60810.45254607 60810.46092663 65
AO-73                60810.51876623 60810.52604929 17
AO-73                60810.84063893 60810.84775728 15
AO-73                60810.90555204 60810.91400654 85
AO-73                60810.97279387 60810.97952569 11
AO-73                60811.38645215 60811.39251454 8
AO-73                60811.45178974 60811.46017026 64
AO-73                60811.51800207 60811.52531785 18
AO-73                60811.83991135 60811.84698252 14
AO-73                60811.90479652 60811.91323808 87
AO-73                60811.97200277 60811.97876925 11
AO-73                60812.38569795 60812.39170159 7
AO-73                60812.45101600 60812.45939681 62
AO-73                60812.51722031 60812.52456994 18
AO-73                60812.83916692 60812.84619056 14
AO-73                60812.90402382 60812.91245255 89
AO-73                60812.97119394 60812.97799587 11
AO-73                60813.38492711 60813.39087029 7
AO-73                60813.45022489 60813.45860624 60
AO-73                60813.51642096 60813.52380553 19
AO-73                60813.83840599 60813.84538142 14
AO-73                60813.90323394 60813.91164997 89
AO-73                60813.97036737 60813.97720558 12
AO-73                60814.38413971 60814.39002053 7
AO-73                60814.44941643 60814.45779854 58
AO-73                60814.51560406 60814.52302461 19
AO-73                60814.83762820 60814.84455513 13
AO-73                60814.90242689 60814.91083036 86
AO-73                60814.96952311 60814.97639838 12
AO-73                60815.38333581 60815.38915207 7
AO-73                60815.44859065 60815.45697366 57
AO-73                60815.51476964 60815.52222696 19
AO-73                60815.83683414 60815.84371170 13
AO-73                60815.90160268 60815.90999375 84
AO-73                60815.96866119 60815.97557428 12
AO-73                60816.38251551 60816.38826515 7
AO-73                60816.44774758 60816.45613159 55
AO-73                60816.51391772 60816.52141291 20
AO-73                60816.58084875 60816.58431115 2
AO-73                60816.83602330 60816.84285116 13
AO-73                60816.90076132 60816.90914016 82
AO-73                60816.96778166 60816.97473329 13
AO-73                60817.38167889 60817.38735953 6
AO-73                60817.44688726 60817.45527229 53
AO-73                60817.51304835 60817.52058226 20
AO-73                60817.57995289 60817.58352547 2
AO-73                60817.83519588 60817.84197352 12
AO-73                60817.89990284 60817.90826959 79
AO-73                60817.96688450 60817.97387542 13
AO-73                60818.38082604 60818.38643507 6
AO-73                60818.44600971 60818.45439572 52
AO-73                60818.51216155 60818.51973496 21
AO-73                60818.57904011 60818.58272310 2
AO-73                60818.83435189 60818.84107881 12
AO-73                60818.89902723 60818.90738208 77
AO-73                60818.96596976 60818.97300068 13
TITA                 60803.70425021 60803.71177196 20
TITA                 60803.76973451 60803.77774214 45
TITA                 60803.83580456 60803.84148451 8
TITA                 60804.09156457 60804.09648734 5
TITA                 60804.15487568 60804.16272431 31
TITA                 60804.22035221 60804.22831390 31
TITA                 60804.69798559 60804.70526170 17
TITA                 60804.76338639 60804.77147621 57
TITA                 60804.82938853 60804.83544005 9
TITA                 60805.08562029 60805.09001230 4
TITA                 60805.14862854 60805.15634928 26
TITA                 60805.21392932 60805.22200411 38
TITA                 60805.28204124 60805.28647302 4
TITA                 60805.69172527 60805.69870660 14
TITA                 60805.75698761 60805.76517524 71
TITA                 60805.82297092 60805.82935944 11
TITA                 60806.07976357 60806.08349306 3
TITA                 60806.14243809 60806.14995995 22
TITA                 60806.20751942 60806.21567449 48
TITA                 60806.27521254 60806.28038127 5
TITA                 60806.68547287 60806.69210256 11
TITA                 60806.75062742 60806.75884485 87
TITA                 60806.81654993 60806.82324423 13
TITA                 60807.13625704 60807.14355352 18
TITA                 60807.20112157 60807.20932588 60
TITA                 60807.26845471 60807.27421532 7
TITA                 60807.67923363 60807.68544380 9
TITA                 60807.74426165 60807.75248143 74
TITA                 60807.81012486 60807.81709529 15
TITA                 60808.13008640 60808.13712918 15
TITA                 60808.19473506 60808.20295893 75
TITA                 60808.26174664 60808.26799580 9
TITA                 60808.67301508 60808.67872181 7
TITA                 60808.73789077 60808.74608431 59
TITA                 60808.80369479 60808.81091331 18
TITA                 60809.12392697 60809.13068651 13
TITA                 60809.18835933 60809.19657416 87
TITA                 60809.25507635 60809.26173406 11
TITA                 60809.66683032 60809.67192305 5
TITA                 60809.73151544 60809.73965268 47
TITA                 60809.79725921 60809.80469845 22
TITA                 60809.86372793 60809.86742731 3
TITA                 60810.11777942 60810.12422459 11
TITA                 60810.18199396 60810.19017196 70
TITA                 60810.24843633 60810.25543726 14
TITA                 60810.66070296 60810.66502265 3
TITA                 60810.72513646 60810.73318551 37
TITA                 60810.79081776 60810.79845132 26
TITA                 60810.85715388 60810.86146440 4
TITA                 60811.11164517 60811.11774218 9
TITA                 60811.17563867 60811.18375265 56
TITA                 60811.24182157 60811.24911019 17
TITA                 60811.71875468 60811.72668157 30
TITA                 60811.78437621 60811.79217841 31
TITA                 60811.85060101 60811.85544324 5
TITA                 60812.10552591 60812.11123746 7
TITA                 60812.16929329 60812.17731642 45
TITA                 60812.23522840 60812.24275597 21
TITA                 60812.71236877 60812.72013931 25
TITA                 60812.77792253 60812.78586657 37
TITA                 60812.84405919 60812.84937380 6
TITA                 60813.09942418 60813.10470795 6
TITA                 60813.16295759 60813.17086340 36
TITA                 60813.22865395 60813.23637747 25
TITA                 60813.70598510 60813.71355674 20
TITA                 60813.77146270 60813.77952231 46
TITA                 60813.83752235 60813.84326168 8
TITA                 60814.09334394 60814.09814958 5
TITA                 60814.15658534 60814.16439090 30
TITA                 60814.22209625 60814.22997629 31
TITA                 60814.69960346 60814.70693168 17
TITA                 60814.76499680 60814.77314543 58
TITA                 60814.83098696 60814.83711034 9
TITA                 60815.08729131 60815.09155583 3
TITA                 60815.15026945 60815.15790442 25
TITA                 60815.21555368 60815.22355395 38
TITA                 60815.28365615 60815.28800521 3
TITA                 60815.69322657 60815.70026059 14
TITA                 60815.75848043 60815.76673263 72
TITA                 60815.82445055 60815.83092184 11
TITA                 60816.08132928 60816.08491523 2
TITA                 60816.14396412 60816.15140116 21
TITA                 60816.20902499 60816.21711155 48
TITA                 60816.27669748 60816.28180942 5
TITA                 60816.68685816 60816.69353944 11
TITA                 60816.75200307 60816.76028963 88
TITA                 60816.81791169 60816.82469770 13
TITA                 60817.13766885 60817.14488044 18
TITA                 60817.20250917 60817.21065001 61
TITA                 60817.26981431 60817.27553550 7
TITA                 60817.68050342 60817.68676226 9
TITA                 60817.74552052 60817.75381273 73
TITA                 60817.81136910 60817.81843893 16
TITA                 60818.13138465 60818.13834202 15
TITA                 60818.19600545 60818.20417002 77
TITA                 60818.26298365 60818.26920592 9
TITA                 60818.67417064 60818.67992027 7
TITA                 60818.73903328 60818.74730123 57
TITA                 60818.80482198 60818.81214619 19
NOAA-15              60803.57703288 60803.58640282 19
NOAA-15              60803.64614309 60803.65674149 82
NOAA-15              60803.71567605 60803.72476990 19
NOAA-15              60803.78544897 60803.79082557 4
NOAA-15              60803.92054994 60803.92450119 2
NOAA-15              60803.98609139 60803.99430486 13
NOAA-15              60804.05349419 60804.06389822 52
NOAA-15              60804.12311177 60804.13317675 30
NOAA-15              60804.19612732 60804.20118166 3
NOAA-15              60804.55913207 60804.56749773 12
NOAA-15              60804.62801070 60804.63859785 65
NOAA-15              60804.69747031 60804.70718041 27
NOAA-15              60804.76715527 60804.77373052 7
NOAA-15              60804.96877815 60804.97607404 9
NOAA-15              60805.03565984 60805.04571901 35
NOAA-15              60805.10467066 60805.11511099 47
NOAA-15              60805.17647985 60805.18372332 8
NOAA-15              60805.54140640 60805.54825477 6
NOAA-15              60805.60991155 60805.62029018 42
NOAA-15              60805.67927802 60805.68945234 39
NOAA-15              60805.74891438 60805.75651088 10
NOAA-15              60805.95154241 60805.95782830 6
NOAA-15              60806.01800506 60806.02752135 24
NOAA-15              60806.08640248 60806.09700228 73
NOAA-15              60806.15733595 60806.16594346 14
NOAA-15              60806.52416720 60806.52839649 2
NOAA-15              60806.59185613 60806.60180150 27
NOAA-15              60806.66110193 60806.67158177 58
NOAA-15              60806.73068530 60806.73916406 14
NOAA-15              60806.80050692 60806.80482462 2
NOAA-15              60806.93452041 60806.93956900 4
NOAA-15              60807.00045541 60807.00931724 17
NOAA-15              60807.06830179 60807.07886180 74
NOAA-15              60807.13846285 60807.14801519 21
NOAA-15              60807.57386867 60807.58310389 18
NOAA-15              60807.64294609 60807.65356404 87
NOAA-15              60807.71246742 60807.72168535 20
NOAA-15              60807.78223059 60807.78782390 4
NOAA-15              60807.98303233 60807.99109478 12
NOAA-15              60808.05034533 60808.06069696 49
NOAA-15              60808.11985602 60808.12999689 33
NOAA-15              60808.19262484 60808.19814366 4
NOAA-15              60808.55598781 60808.56414783 11
NOAA-15              60808.62481635 60808.63539143 61
NOAA-15              60808.69426154 60808.70407067 28
NOAA-15              60808.76393765 60808.77070649 7
NOAA-15              60808.96573801 60808.97286012 8
NOAA-15              60809.03253280 60809.04251285 33
NOAA-15              60809.10144369 60809.11192084 51
NOAA-15              60809.17308738 60809.18060168 9
NOAA-15              60809.53830410 60809.54482896 6
NOAA-15              60809.60672164 60809.61705240 39
NOAA-15              60809.67606952 60809.68631667 41
NOAA-15              60809.74569668 60809.75346373 11
NOAA-15              60809.94852033 60809.95461045 5
NOAA-15              60810.01489910 60810.02431079 23
NOAA-15              60810.08320114 60810.09380420 79
NOAA-15              60810.15400134 60810.16278721 15
NOAA-15              60810.58867326 60810.59852849 25
NOAA-15              60810.65789429 60810.66841965 63
NOAA-15              60810.72746735 60810.73609277 15
NOAA-15              60810.79727562 60810.80183525 3
NOAA-15              60810.93151536 60810.93634604 3
NOAA-15              60810.99736992 60811.00610272 16
NOAA-15              60811.06512421 60811.07565730 69
NOAA-15              60811.13516903 60811.14483895 23
NOAA-15              60811.57069792 60811.57978928 16
NOAA-15              60811.63974017 60811.65037403 86
NOAA-15              60811.70924927 60811.71858919 21
NOAA-15              60811.77900238 60811.78481179 5
NOAA-15              60811.97996654 60811.98787653 11
NOAA-15              60812.04719021 60812.05748700 45
NOAA-15              60812.11659514 60812.12680740 35
NOAA-15              60812.18913801 60812.19507670 5
NOAA-15              60812.55283917 60812.56077942 10
NOAA-15              60812.62161337 60812.63217199 56
NOAA-15              60812.69104344 60812.70094904 30
NOAA-15              60812.76071017 60812.76767162 8
NOAA-15              60812.96269101 60812.96963823 8
NOAA-15              60813.02939926 60813.03929818 31
NOAA-15              60813.09821108 60813.10872163 55
NOAA-15              60813.16969576 60813.17746512 10
NOAA-15              60813.53520458 60813.54137682 5
NOAA-15              60813.60352356 60813.61380093 36
NOAA-15              60813.67285189 60813.68316896 44
NOAA-15              60813.74246943 60813.75040519 11
NOAA-15              60813.94549105 60813.95138491 5
NOAA-15              60814.01178676 60814.02109190 22
NOAA-15              60814.07999385 60814.09059719 84
NOAA-15              60814.15062999 60814.15962142 16
NOAA-15              60814.58548288 60814.59524084 24
NOAA-15              60814.65467776 60814.66524489 67
NOAA-15              60814.72424002 60814.73300990 16
NOAA-15              60814.79403506 60814.79883535 3
NOAA-15              60814.92850270 60814.93311554 3
NOAA-15              60814.99427796 60815.00288003 15
NOAA-15              60815.06194050 60815.07244410 64
NOAA-15              60815.13187083 60815.14165249 25
NOAA-15              60815.56752098 60815.57645824 15
NOAA-18              60803.72023592 60803.72969740 17
NOAA-18              60803.78991307 60803.80093524 84
NOAA-18              60803.86001897 60803.86979663 23
NOAA-18              60803.93022426 60803.93673811 6
NOAA-18              60804.06667655 60804.07156893 3
NOAA-18              60804.13301490 60804.14173691 14
NOAA-18              60804.20102799 60804.21190581 53
NOAA-18              60804.27124079 60804.28181903 32
NOAA-18              60804.34476361 60804.35059864 4
NOAA-18              60804.71139288 60804.72034096 14
NOAA-18              60804.78095784 60804.79195875 70
NOAA-18              60804.85103370 60804.86109214 27
NOAA-18              60804.92124004 60804.92825463 7
NOAA-18              60805.05825766 60805.06260735 2
NOAA-18              60805.12443995 60805.13274472 12
NOAA-18              60805.19220187 60805.20292816 44
NOAA-18              60805.26211156 60805.27289493 40
NOAA-18              60805.33502105 60805.34197551 6
NOAA-18              60805.70258447 60805.71090957 11
NOAA-18              60805.77200942 60805.78294274 57
NOAA-18              60805.84204996 60805.85235456 32
NOAA-18              60805.91225288 60805.91974771 9
NOAA-18              60806.11589294 60806.12375209 10
NOAA-18              60806.18340976 60806.19394671 37
NOAA-18              60806.25302660 60806.26395923 49
NOAA-18              60806.32542610 60806.33325923 9
NOAA-18              60806.69382412 60806.70138781 8
NOAA-18              60806.76306897 60806.77388552 46
NOAA-18              60806.83306821 60806.84358331 38
NOAA-18              60806.90326368 60806.91121512 10
NOAA-18              60807.10737256 60807.11475933 8
NOAA-18              60807.17465107 60807.18496160 31
NOAA-18              60807.24398352 60807.25501362 60
NOAA-18              60807.31593605 60807.32447972 11
NOAA-18              60807.68513528 60807.69174990 5
NOAA-18              60807.75413800 60807.76478503 37
NOAA-18              60807.82408893 60807.83477795 46
NOAA-18              60807.89427319 60807.90265515 12
NOAA-18              60807.96445950 60807.96887948 2
NOAA-18              60808.09887691 60808.10576734 7
NOAA-18              60808.16592519 60808.17597366 26
NOAA-18              60808.23498039 60808.24605950 74
NOAA-18              60808.30649649 60808.31565847 15
NOAA-18              60808.67656633 60808.68194431 3
NOAA-18              60808.74521850 60808.75563862 30
NOAA-18              60808.81511262 60808.82593765 55
NOAA-18              60808.88528201 60808.89406628 14
NOAA-18              60808.95549824 60808.96045114 3
NOAA-18              60809.09040402 60809.09677693 6
NOAA-18              60809.15723176 60809.16698309 22
NOAA-18              60809.22601565 60809.23709802 89
NOAA-18              60809.29715942 60809.30680233 18
NOAA-18              60809.73631039 60809.74644307 25
NOAA-18              60809.80613988 60809.81706180 68
NOAA-18              60809.87629067 60809.88544742 17
NOAA-18              60809.94652567 60809.95201426 4
NOAA-18              60810.08195099 60810.08778915 5
NOAA-18              60810.14860920 60810.15798828 19
NOAA-18              60810.21708590 60810.22813011 76
NOAA-18              60810.28788404 60810.29792125 22
NOAA-18              60810.72742135 60810.73719402 20
NOAA-18              60810.79717137 60810.80814962 82
NOAA-18              60810.86729964 60810.87679738 20
NOAA-18              60810.93754540 60810.94356351 5
NOAA-18              60811.07351450 60811.07880587 4
NOAA-18              60811.13997861 60811.14899339 16
NOAA-18              60811.20819418 60811.21915658 62
NOAA-18              60811.27866388 60811.28902027 28
NOAA-18              60811.35280975 60811.35742737 2
NOAA-18              60811.71855358 60811.72788589 16
NOAA-18              60811.78820787 60811.79920015 82
NOAA-18              60811.85830937 60811.86811552 23
NOAA-18              60811.92852099 60811.93509679 6
NOAA-18              60812.06509017 60812.06982917 3
NOAA-18              60812.13138495 60812.14000302 14
NOAA-18              60812.19934392 60812.21017811 51
NOAA-18              60812.26949412 60812.28010313 34
NOAA-18              60812.34288819 60812.34894970 4
NOAA-18              60812.70971378 60812.71851085 13
NOAA-18              60812.77925025 60812.79021223 67
NOAA-18              60812.84932029 60812.85940112 28
NOAA-18              60812.91953120 60812.92660619 7
NOAA-18              60813.05667217 60813.06086262 2
NOAA-18              60813.12281363 60813.13100574 11
NOAA-18              60813.19052207 60813.20119527 42
NOAA-18              60813.26037105 60813.27117249 41
NOAA-18              60813.33317441 60813.34029937 7
NOAA-18              60813.70091112 60813.70905792 10
NOAA-18              60813.77029949 60813.78118445 54
NOAA-18              60813.84033283 60813.85065352 33
NOAA-18              60813.91053881 60813.91809157 9
NOAA-18              60814.11427006 60814.12200797 10
NOAA-18              60814.18173412 60814.19220855 35
NOAA-18              60814.25129175 60814.26223058 51
NOAA-18              60814.32359899 60814.33156503 9
NOAA-18              60814.69216072 60814.69950999 7
NOAA-18              60814.76135709 60814.77211506 44
NOAA-18              60814.83134746 60814.84187210 39
NOAA-18              60814.90154463 60814.90955081 11
NOAA-19              60803.65150760 60803.65895456 8
NOAA-19              60803.72072834 60803.73148758 45
NOAA-19              60803.79072736 60803.80119748 38
NOAA-19              60803.86092993 60803.86883935 10
NOAA-19              60804.06511616 60804.07241326 8
NOAA-19              60804.13242105 60804.14262198 31
NOAA-19              60804.20178031 60804.21267152 59
NOAA-19              60804.27378160 60804.28210757 11
NOAA-19              60804.64298351 60804.64948017 5
NOAA-19              60804.71195686 60804.72255234 37
NOAA-19              60804.78190696 60804.79255425 46
NOAA-19              60804.85209723 60804.86043823 12
NOAA-19              60804.92229855 60804.92667078 2
NOAA-19              60805.05677163 60805.06358257 7
NOAA-19              60805.12385018 60805.13379554 26
NOAA-19              60805.19293535 60805.20387965 72
NOAA-19              60805.26449896 60805.27345405 14
NOAA-19              60805.63458226 60805.63983598 3
NOAA-19              60805.70319656 60805.71357217 30
NOAA-19              60805.77308944 60805.78387699 56
NOAA-19              60805.84326396 60805.85200895 14
NOAA-19              60805.91349154 60805.91840098 3
NOAA-19              60806.04844852 60806.05475366 6
NOAA-19              60806.11531016 60806.12496660 22
NOAA-19              60806.18412764 60806.19508038 87
NOAA-19              60806.25531845 60806.26476442 17
NOAA-19              60806.69444733 60806.70454386 25
NOAA-19              60806.76427535 60806.77516504 68
NOAA-19              60806.83443060 60806.84355049 17
NOAA-19              60806.90467424 60806.91012231 4
NOAA-19              60807.04014419 60807.04592770 5
NOAA-19              60807.10683973 60807.11613350 19
NOAA-19              60807.17535375 60807.18627466 77
NOAA-19              60807.24619940 60807.25604877 21
NOAA-19              60807.68571678 60807.69546323 20
NOAA-19              60807.75546534 60807.76641763 82
NOAA-19              60807.82559759 60807.83506162 20
NOAA-19              60807.89585001 60807.90182981 5
NOAA-19              60808.03185527 60808.03710657 4
NOAA-19              60808.09836013 60808.10730051 16
NOAA-19              60808.16661675 60808.17746332 63
NOAA-19              60808.23713501 60808.24731259 26
NOAA-19              60808.67700692 60808.68632488 16
NOAA-19              60808.74666017 60808.75763382 82
NOAA-19              60808.81676535 60808.82654178 23
NOAA-19              60808.88698263 60808.89352162 6
NOAA-19              60809.02357739 60809.02829256 3
NOAA-19              60809.08991611 60809.09847214 14
NOAA-19              60809.15791997 60809.16864707 52
NOAA-19              60809.22812035 60809.23855971 32
NOAA-19              60809.30165137 60809.30730526 4
NOAA-19              60809.66832421 60809.67712127 13
NOAA-19              60809.73786064 60809.74881249 67
NOAA-19              60809.80793427 60809.81799024 28
NOAA-19              60809.87814980 60809.88519004 7
NOAA-19              60810.01530472 60810.01948936 2
NOAA-19              60810.08149320 60810.08963716 12
NOAA-19              60810.14925044 60810.15982655 43
NOAA-19              60810.21915162 60810.22979307 39
NOAA-19              60810.29206589 60810.29884843 6
NOAA-19              60810.65967737 60810.66784194 10
NOAA-19              60810.72906775 60810.73995228 55
NOAA-19              60810.79910479 60810.80940632 33
NOAA-19              60810.86931464 60810.87683509 9
NOAA-19              60811.07309674 60811.08080200 10
NOAA-19              60811.14061361 60811.15100217 36
NOAA-19              60811.21022583 60811.22101484 49
NOAA-19              60811.28262985 60811.29029498 8
NOAA-19              60811.65108068 60811.65847068 7
NOAA-19              60811.72028287 60811.73105150 44
NOAA-19              60811.79027731 60811.80078948 39
NOAA-19              60811.86047789 60811.86845474 11
NOAA-19              60812.06472542 60812.07196709 8
NOAA-19              60812.13200887 60812.14217456 30
NOAA-19              60812.20134062 60812.21222679 60
NOAA-19              60812.27329877 60812.28167674 11
NOAA-19              60812.64255944 60812.64897982 5
NOAA-19              60812.71150747 60812.72210808 36
NOAA-19              60812.78145232 60812.79213923 47
NOAA-19              60812.85164017 60812.86004740 13
NOAA-19              60812.92184164 60812.92629601 3
NOAA-19              60813.05637741 60813.06313337 7
NOAA-19              60813.12343572 60813.13334414 26
NOAA-19              60813.19249409 60813.20343030 74
NOAA-19              60813.26401812 60813.27301579 14
NOAA-19              60813.63416754 60813.63931233 3
NOAA-19              60813.70274347 60813.71311939 30
NOAA-19              60813.77263031 60813.78345478 57
NOAA-19              60813.84280204 60813.85161170 15
NOAA-19              60813.91302843 60813.91802228 3
NOAA-19              60814.04805043 60814.05430178 6
NOAA-19              60814.11489343 60814.12451134 22
NOAA-19              60814.18368470 60814.19462654 89
NOAA-19              60814.25483859 60814.26431963 18
NOAA-19              60814.69399075 60814.70408215 24
NOAA-19              60814.76381184 60814.77473551 69
NOAA-19              60814.83396394 60814.84314659 17
NOAA-19              60814.90420557 60814.90973885 4
NOAA-19              60815.03974171 60815.04547361 4
METOA                60803.31347581 60803.32175668 21
METOA                60803.73475119 60803.74263946 11
METOA                60803.80138914 60803.81163452 58
METOA                60803.86863788 60803.87822928 29
METOA                60803.93614609 60803.94287982 7
METOA                60804.13212400 60804.13809737 5
METOA                60804.19653175 60804.20564836 23
METOA                60804.26277196 60804.27293974 75
METOA                60804.33135249 60804.33971987 14
METOA                60804.75264598 60804.76156153 17
METOA                60804.81952969 60804.82980764 82
METOA                60804.88685908 60804.89586583 20
METOA                60804.95447612 60804.96001354 4
METOA                60805.14930938 60805.15638121 8
METOA                60805.21417289 60805.22386072 33
METOA                60805.28100259 60805.29106679 48
METOA                60805.35039986 60805.35754262 8
METOA                60805.70506738 60805.70927980 2
METOA                60805.77064456 60805.78022701 27
METOA                60805.83769575 60805.84782465 57
METOA                60805.90509364 60805.91336196 14
METOA                60805.97280665 60805.97700346 2
METOA                60806.16667421 60806.17464063 12
METOA                60806.23200138 60806.24205459 50
METOA                60806.29940429 60806.30914761 31
METOA                60806.36989759 60806.37508308 4
METOA                60806.72236296 60806.72901503 6
METOA                60806.78870892 60806.79868458 41
METOA                60806.85588155 60806.86569294 37
METOA                60806.92334251 60806.93071940 10
METOA                60807.12008675 60807.12527160 4
METOA                60807.18412298 60807.19287578 18
METOA                60807.24996781 60807.26022316 76
METOA                60807.31799660 60807.32716486 20
METOA                60807.74011314 60807.74817186 12
METOA                60807.80681509 60807.81696179 65
METOA                60807.87408363 60807.88341671 25
METOA                60807.94165036 60807.94793581 6
METOA                60808.13716943 60808.14356038 6
METOA                60808.20169787 60808.21108433 26
METOA                60808.26807460 60808.27836154 68
METOA                60808.33685249 60808.34508425 13
METOA                60808.75802740 60808.76700305 19
METOA                60808.82495309 60808.83507527 75
METOA                60808.89230024 60808.90099853 18
METOA                60808.95994639 60808.96501230 4
METOA                60809.15443249 60809.16181883 10
METOA                60809.21937574 60809.22928029 37
METOA                60809.28634565 60809.29646220 43
METOA                60809.35598176 60809.36284354 7
METOA                60809.71019294 60809.71501546 3
METOA                60809.77603545 60809.78559305 29
METOA                60809.84311501 60809.85303530 50
METOA                60809.91053135 60809.91843985 12
METOA                60810.10817494 60810.11236721 2
METOA                60810.17177693 60810.18005182 14
METOA                60810.23723049 60810.24745136 57
METOA                60810.30478707 60810.31451303 28
METOA                60810.37564162 60810.38024517 3
METOA                60810.72766303 60810.73455185 7
METOA                60810.79409897 60810.80398407 46
METOA                60810.86129608 60810.87084791 33
METOA                60810.92877950 60810.93574104 8
METOA                60811.12509763 60811.13067457 4
METOA                60811.18925228 60811.19826444 20
METOA                60811.25522674 60811.26559617 85
METOA                60811.32342755 60811.33249405 18
METOA                60811.74544718 60811.75359989 13
METOA                60811.81220314 60811.82220011 71
METOA                60811.87949357 60811.88851668 23
METOA                60811.94709252 60811.95289707 5
METOA                60812.14220735 60812.14893606 7
METOA                60812.20681214 60812.21645295 28
METOA                60812.27336769 60812.28370918 61
METOA                60812.34234675 60812.35036486 11
METOA                60812.76337403 60812.77234820 21
METOA                60812.83033722 60812.84025572 67
METOA                60812.89770659 60812.90604313 16
METOA                60812.96540757 60812.96990240 3
METOA                60813.15949561 60813.16717163 11
METOA                60813.22455881 60813.23462437 42
METOA                60813.29167257 60813.30178166 39
METOA                60813.36157743 60813.36805300 6
METOA                60813.71539258 60813.72059632 4
METOA                60813.78138519 60813.79086781 32
METOA                60813.84849427 60813.85815971 44
METOA                60813.91593643 60813.92342782 11
METOA                60814.11315706 60814.11770458 3
METOA                60814.17686465 60814.18538291 15
METOA                60814.24244170 60814.25277233 64
METOA                60814.31015612 60814.31979982 25
METOA                60814.73293766 60814.73997855 8
METOA                60814.79944765 60814.80919558 51
METOA                60814.86667051 60814.87591716 29
METOA                60814.93422933 60814.94066631 7
METOA                60815.13010214 60815.13598574 5
METOA                60815.19436492 60815.20357423 22
METOA                60815.26046797 60815.27089261 84
METOA                60815.32884894 60815.33774006 16
METOB                60803.60395467 60803.60829112 2
METOB                60803.67191124 60803.68201054 27
METOB                60803.74141388 60803.75208445 60
METOB                60803.81123892 60803.81995369 15
METOB                60803.88123418 60803.88594928 3
METOB                60804.01575743 60804.02117185 4
METOB                60804.08201015 60804.09111452 18
METOB                60804.15014398 60804.16090405 76
METOB                60804.22060232 60804.23031591 21
METOB                60804.65762190 60804.66717562 19
METOB                60804.72699805 60804.73778358 83
METOB                60804.79677987 60804.80607707 19
METOB                60804.86675493 60804.87242594 4
METOB                60805.00224995 60805.00669153 3
METOB                60805.06815577 60805.07665383 14
METOB                60805.13586751 60805.14648473 55
METOB                60805.20580340 60805.21601440 30
METOB                60805.27919441 60805.28424932 3
METOB                60805.64339138 60805.65218706 14
METOB                60805.71259747 60805.72338682 72
METOB                60805.78232667 60805.79211663 25
METOB                60805.85224045 60805.85884198 6
METOB                60806.05438128 60806.06218801 10
METOB                60806.12168196 60806.13205344 40
METOB                60806.19113068 60806.20167443 42
METOB                60806.26350687 60806.27043554 7
METOB                60806.62925192 60806.63700672 9
METOB                60806.69821554 60806.70888913 51
METOB                60806.76788044 60806.77807040 34
METOB                60806.83776756 60806.84518596 9
METOB                60807.04068320 60807.04771741 8
METOB                60807.10758476 60807.11761225 30
METOB                60807.17657115 60807.18730559 59
METOB                60807.24818612 60807.25637736 11
METOB                60807.61527253 60807.62155707 5
METOB                60807.68385782 60807.69428326 36
METOB                60807.75344263 60807.76393629 46
METOB                60807.82329849 60807.83145542 12
METOB                60808.02705695 60808.03324273 6
METOB                60808.09361334 60808.10316074 23
METOB                60808.16211384 60808.17291463 82
METOB                60808.23305925 60808.24219689 16
METOB                60808.66952972 60808.67955895 26
METOB                60808.73901502 60808.74971236 63
METOB                60808.80883374 60808.81764633 16
METOB                60808.87882561 60808.88369503 3
METOB                60809.01349692 60809.01876431 4
METOB                60809.07969447 60809.08870969 17
METOB                60809.14776237 60809.15850610 72
METOB                60809.21813694 60809.22793817 22
METOB                60809.65524647 60809.66470063 18
METOB                60809.72459997 60809.73539557 86
METOB                60809.79437406 60809.80375559 20
METOB                60809.86434551 60809.87016105 5
METOB                60809.99999657 60810.00428215 2
METOB                60810.06585123 60810.07424694 13
METOB                60810.13349864 60810.14408340 52
METOB                60810.20335707 60810.21362845 31
METOB                60810.27656393 60810.28197123 4
METOB                60810.64102606 60810.64968406 13
METOB                60810.71020031 60810.72098220 68
METOB                60810.77992039 60810.78978068 27
METOB                60810.84982991 60810.85656541 7
METOB                60811.05208728 60811.05977901 10
METOB                60811.11932542 60811.12964909 38
METOB                60811.18870105 60811.19928216 44
METOB                60811.26094759 60811.26810108 7
METOB                60811.62690372 60811.63446734 8
METOB                60811.69582028 60811.70646692 48
METOB                60811.76547390 60811.77571957 35
METOB                60811.83535627 60811.84289685 9
METOB                60812.03839913 60812.04530646 7
METOB                60812.10524037 60812.11520515 29
METOB                60812.17415664 60812.18490820 62
METOB                60812.24566624 60812.25401726 11
METOB                60812.61295952 60812.61896181 4
METOB                60812.68146542 60812.69184211 34
METOB                60812.75103608 60812.76157055 48
METOB                60812.82088639 60812.82915306 12
METOB                60812.89089390 60812.89491954 2
METOB                60813.02478199 60813.03082991 5
METOB                60813.09128061 60813.10075109 22
METOB                60813.15971331 60813.17051288 86
METOB                60813.23056696 60813.23982132 17
METOB                60813.66714164 60813.67709677 25
METOB                60813.73660879 60813.74733093 66
METOB                60813.80642094 60813.81533014 16
METOB                60813.87640935 60813.88143296 3
METOB                60814.01123012 60814.01634972 4
METOB                60814.07737315 60814.08629776 17
METOB                60814.14537512 60814.15610060 69
METOB                60814.21566675 60814.22555210 24
METOB                60814.65286512 60814.66221441 17
METOB                60814.72219445 60814.73299806 88
METOB                60814.79196068 60814.80142516 21
METOB                60814.86192828 60814.86788819 5
METOB                60814.99773664 60815.00186593 2
METOB                60815.06354094 60815.07183280 13
METOB                60815.13112411 60815.14167464 50
