iss                  60802.77817634 60802.78520936 20
iss                  60802.84529779 60802.85284296 73
iss                  60802.91313432 60802.91849471 7
iss                  60803.47575854 60803.48028463 5
iss                  60803.54092250 60803.54843078 54
iss                  60803.60837247 60803.61555377 23
iss                  60803.67660773 60803.68296249 12
iss                  60803.74433667 60803.75110412 16
iss                  60803.81147304 60803.81902384 63
iss                  60803.87893562 60803.88537574 14
iss                  60804.50729096 60804.51452273 29
iss                  60804.57432249 60804.58172949 33
iss                  60804.64248514 60804.64897999 13
iss                  60804.71042330 60804.71696205 13
iss                  60804.77764549 60804.78507816 38
iss                  60804.84489612 60804.85197056 24
iss                  60805.47381116 60805.48050576 17
iss                  60805.54033129 60805.54788890 53
iss                  60805.60832041 60805.61503533 15
iss                  60805.67643163 60805.68281215 12
iss                  60805.74379675 60805.75102585 26
iss                  60805.81093727 60805.81835758 43
iss                  60805.87932746 60805.88317226 3
iss                  60806.44054675 60806.44631681 9
iss                  60806.50641955 60806.51401449 88
iss                  60806.57414191 60806.58111817 19
iss                  60806.64235636 60806.64867991 11
iss                  60806.70990990 60806.71688850 19
iss                  60806.77701840 60806.78457585 82
iss                  60806.84476164 60806.85037212 8
iss                  60807.40766592 60807.41179564 4
iss                  60807.47260792 60807.48008623 48
iss                  60807.53997840 60807.54721400 25
iss                  60807.60820252 60807.61458263 12
iss                  60807.67596898 60807.68269168 15
iss                  60807.74311307 60807.75065000 57
iss                  60807.81051993 60807.81711029 15
iss                  60808.43892276 60808.44607853 26
iss                  60808.50585593 60808.51330655 36
iss                  60808.57398662 60808.58052644 13
iss                  60808.64195872 60808.64846383 13
iss                  60808.70920096 60808.71660048 35
iss                  60808.77641816 60808.78358107 27
iss                  60809.40539999 60809.41195168 15
iss                  60809.47179729 60809.47937945 59
iss                  60809.53973400 60809.54650688 16
iss                  60809.60786797 60809.61423371 12
iss                  60809.67526422 60809.68244774 24
iss                  60809.74238797 60809.74985194 49
iss                  60809.81059630 60809.81490877 4
iss                  60810.37211517 60810.37763145 8
iss                  60810.43782320 60810.44541452 78
iss                  60810.50547380 60810.51251242 20
iss                  60810.57369327 60810.58002582 11
iss                  60810.64128581 60810.64821429 18
iss                  60810.70839210 60810.71595854 88
iss                  60810.77604380 60810.78190374 9
iss                  60811.33920723 60811.34290216 3
iss                  60811.40395587 60811.41139071 42
iss                  60811.47123474 60811.47852767 27
iss                  60811.53944220 60811.54585547 12
iss                  60811.60724971 60811.61392676 15
iss                  60811.67440548 60811.68192437 50
iss                  60811.74175749 60811.74849882 17
iss                  60812.37022130 60812.37728007 23
iss                  60812.43704249 60812.44453656 40
iss                  60812.50513369 60812.51172644 14
iss                  60812.57314104 60812.57961431 13
iss                  60812.64040817 60812.64776985 32
iss                  60812.70759336 60812.71484375 31
iss                  60813.33666322 60813.34303755 13
iss                  60813.40291953 60813.41052183 67
iss                  60813.47079471 60813.47763236 16
iss                  60813.53894990 60813.54530555 12
iss                  60813.60638231 60813.61351609 23
iss                  60813.67349182 60813.68099653 57
iss                  60813.74153456 60813.74628357 5
iss                  60814.30337344 60814.30857286 7
iss                  60814.36888665 60814.37646479 68
iss                  60814.43645497 60814.44356049 21
iss                  60814.50467508 60814.51102360 12
iss                  60814.57231122 60814.57918666 17
iss                  60814.63941875 60814.64698969 78
iss                  60814.70698203 60814.71308716 11
iss                  60815.33496729 60815.34234295 36
iss                  60815.40214299 60815.40949487 29
iss                  60815.47032696 60815.47678142 12
iss                  60815.53817841 60815.54480930 14
iss                  60815.60535034 60815.61284576 45
iss                  60815.67264947 60815.67953915 20
iss                  60816.30118988 60816.30812535 20
iss                  60816.36788395 60816.37541908 44
iss                  60816.43592705 60816.44258025 14
iss                  60816.50396980 60816.51041374 12
iss                  60816.57126709 60816.57858530 29
iss                  60816.63842254 60816.64575653 35
iss                  60817.26760583 60817.27375973 11
iss                  60817.33370003 60817.34131542 77
iss                  60817.40150359 60817.40841183 17
AO-07                60802.86027324 60802.87325930 18
AO-07                60802.93795230 60802.95339849 86
AO-07                60803.01675811 60803.02961194 20
AO-07                60803.24462608 60803.25225819 5
AO-07                60803.31771637 60803.33164346 29
AO-07                60803.39476275 60803.41027832 68
AO-07                60803.47612399 60803.48738949 11
AO-07                60803.82089940 60803.82749040 3
AO-07                60803.89642698 60803.91137336 42
AO-07                60803.97478375 60803.98955810 44
AO-07                60804.05391282 60804.06398093 9
AO-07                60804.27830000 60804.28956407 13
AO-07                60804.35335610 60804.36857388 57
AO-07                60804.43217613 60804.44674335 32
AO-07                60804.85546633 60804.86800594 16
AO-07                60804.93300537 60804.94846448 86
AO-07                60805.01176536 60805.02491759 23
AO-07                60805.09138984 60805.09729020 3
AO-07                60805.24019166 60805.24719214 4
AO-07                60805.31298605 60805.32665522 26
AO-07                60805.38979332 60805.40534088 75
AO-07                60805.47077599 60805.48264276 13
AO-07                60805.89152492 60805.90629981 38
AO-07                60805.96981270 60805.98473392 49
AO-07                60806.04889550 60806.05941431 11
AO-07                60806.27371031 60806.28455053 11
AO-07                60806.34851347 60806.36360537 51
AO-07                60806.42707621 60806.44185454 36
AO-07                60806.85068009 60806.86271702 14
AO-07                60806.92806291 60806.94351507 79
AO-07                60807.00677521 60807.02020702 25
AO-07                60807.08629969 60807.09289630 3
AO-07                60807.23578721 60807.24210947 3
AO-07                60807.30827195 60807.32166406 24
AO-07                60807.38484010 60807.40039870 82
AO-07                60807.46547178 60807.47786694 15
AO-07                60807.88663303 60807.90120657 34
AO-07                60807.96484448 60807.97989463 54
AO-07                60808.04388250 60808.05482896 12
AO-07                60808.26913985 60808.27953262 10
AO-07                60808.34368628 60808.35863390 47
AO-07                60808.42199701 60808.43695689 40
AO-07                60808.50631279 60808.51217510 2
AO-07                60808.84592050 60808.85738752 12
AO-07                60808.92312472 60808.93855001 72
AO-07                60809.00178760 60809.01548018 27
AO-07                60809.08122855 60809.08847057 4
AO-07                60809.23141871 60809.23700374 2
AO-07                60809.30357451 60809.31667042 22
AO-07                60809.37990284 60809.39545211 89
AO-07                60809.46020565 60809.47306709 17
AO-07                60809.88175050 60809.89609240 30
AO-07                60809.95987921 60809.97504042 59
AO-07                60810.03887337 60810.05022557 13
AO-07                60810.26458874 60810.27450985 9
AO-07                60810.33887459 60810.35365940 43
AO-07                60810.41693753 60810.43205101 44
AO-07                60810.50045769 60810.50785265 4
AO-07                60810.84119336 60810.85201074 10
AO-07                60810.91819140 60810.93356903 65
AO-07                60810.99680252 60811.01073752 30
AO-07                60811.07617144 60811.08401754 5
AO-07                60811.29889397 60811.31167381 20
AO-07                60811.37498131 60811.39050140 83
AO-07                60811.45497329 60811.46824692 20
AO-07                60811.87687853 60811.89095600 27
AO-07                60811.95491701 60811.97017129 65
AO-07                60812.03386743 60812.04560429 15
AO-07                60812.26010695 60812.26948382 8
AO-07                60812.33408171 60812.34868217 39
AO-07                60812.41189689 60812.42713788 49
AO-07                60812.49477281 60812.50336745 5
AO-07                60812.83650792 60812.84657718 8
AO-07                60812.91326333 60812.92857176 59
AO-07                60812.99181996 60813.00597919 33
AO-07                60813.07112516 60813.07954008 6
AO-07                60813.29423057 60813.30667424 18
AO-07                60813.37007534 60813.38554681 76
AO-07                60813.44977130 60813.46340970 22
AO-07                60813.87201860 60813.88579580 24
AO-07                60813.94995806 60813.96528723 71
AO-07                60814.02886495 60814.04096557 16
AO-07                60814.25559759 60814.26444857 7
AO-07                60814.32930123 60814.34370214 35
AO-07                60814.40687437 60814.42221810 55
AO-07                60814.48921272 60814.49878186 7
AO-07                60814.83187660 60814.84107291 6
AO-07                60814.90834097 60814.92355776 53
AO-07                60814.98683993 60815.00120539 36
AO-07                60815.06608754 60815.07504010 7
AO-07                60815.28958454 60815.30167159 16
AO-07                60815.36518481 60815.38058857 70
AO-07                60815.44459697 60815.45855740 25
AO-07                60815.86717209 60815.88060993 21
AO-07                60815.94500252 60815.96038822 78
AO-07                60816.02386546 60816.03630973 18
AO-07                60816.25111033 60816.25940543 6
AO-07                60816.32453655 60816.33871943 32
AO-07                60816.40186935 60816.41729223 61
LO-19                60802.89307938 60802.90274992 25
LO-19                60802.96183373 60802.97191680 39
LO-19                60803.03230300 60803.03734701 4
LO-19                60803.29727483 60803.30161452 3
LO-19                60803.36234267 60803.37224942 35
LO-19                60803.43133843 60803.44107603 27
LO-19                60803.87076589 60803.87894479 12
LO-19                60803.93890282 60803.94937462 79
LO-19                60804.00860973 60804.01625891 10
LO-19                60804.34022688 60804.34914898 18
LO-19                60804.40810390 60804.41844209 56
LO-19                60804.48006620 60804.48563663 4
LO-19                60804.84914734 60804.85419761 3
LO-19                60804.91611617 60804.92647408 50
LO-19                60804.98534010 60804.99451829 20
LO-19                60805.31856253 60805.32583882 9
LO-19                60805.38525446 60805.39563332 71
LO-19                60805.45551638 60805.46386912 13
LO-19                60805.89350831 60805.90318016 25
LO-19                60805.96226333 60805.97234431 39
LO-19                60806.03273432 60806.03777100 4
LO-19                60806.29768628 60806.30205467 3
LO-19                60806.36276313 60806.37268160 35
LO-19                60806.43176128 60806.44150690 27
LO-19                60806.87119268 60806.87937497 12
LO-19                60806.93933115 60806.94980137 79
LO-19                60807.00903890 60807.01668315 10
LO-19                60807.34064501 60807.34958077 18
LO-19                60807.40852479 60807.41887212 56
LO-19                60807.48048927 60807.48606580 4
LO-19                60807.84957052 60807.85462960 3
LO-19                60807.91654318 60807.92690010 50
LO-19                60807.98576784 60807.99494198 20
LO-19                60808.31897768 60808.32627092 9
LO-19                60808.38567343 60808.39606254 71
LO-19                60808.45593746 60808.46429735 13
LO-19                60808.89393389 60808.90360557 25
LO-19                60808.96268976 60808.97276725 39
LO-19                60809.03316285 60809.03819026 4
LO-19                60809.29809494 60809.30249061 3
LO-19                60809.36318010 60809.37311010 35
LO-19                60809.43218042 60809.44193421 27
LO-19                60809.87161654 60809.87980011 12
LO-19                60809.93975629 60809.95022349 79
LO-19                60810.00946501 60810.01710282 10
LO-19                60810.34105981 60810.35000877 18
LO-19                60810.40894208 60810.41929851 56
LO-19                60810.48090845 60810.48649157 4
LO-19                60810.84999144 60810.85505580 3
LO-19                60810.91696701 60810.92732141 51
LO-19                60810.98619240 60810.99536111 20
LO-19                60811.31938969 60811.32669907 9
LO-19                60811.38608890 60811.39648803 71
LO-19                60811.45635483 60811.46472198 13
LO-19                60811.89435633 60811.90402615 25
LO-19                60811.96311297 60811.97318560 39
LO-19                60812.03358854 60812.03860476 3
LO-19                60812.29850098 60812.30292212 3
LO-19                60812.36359371 60812.37353480 35
LO-19                60812.43259597 60812.44235784 27
LO-19                60812.87203741 60812.88022019 12
LO-19                60812.94017818 60812.95064077 79
LO-19                60813.00988797 60813.01751793 10
LO-19                60813.34147138 60813.35043285 18
LO-19                60813.40935589 60813.41972114 56
LO-19                60813.48132390 60813.48691373 4
LO-19                60813.85040997 60813.85547624 3
LO-19                60813.91738759 60813.92773800 51
LO-19                60813.98661372 60813.99577569 20
LO-19                60814.31979869 60814.32712312 9
LO-19                60814.38650099 60814.39690969 71
LO-19                60814.45676863 60814.46514289 13
LO-19                60814.89477555 60814.90444191 25
LO-19                60814.96353286 60814.97359937 39
LO-19                60815.03401132 60815.03901448 3
LO-19                60815.29890456 60815.30334902 3
LO-19                60815.36400405 60815.37395555 35
LO-19                60815.43300804 60815.44277765 27
LO-19                60815.87245518 60815.88063524 12
LO-19                60815.94059673 60815.95105363 78
LO-19                60816.01030772 60816.01792847 10
LO-19                60816.34187984 60816.35085288 18
LO-19                60816.40976630 60816.42013988 56
LO-19                60816.48173580 60816.48733210 4
LO-19                60816.85082598 60816.85589098 3
LO-19                60816.91780482 60816.92814990 51
LO-19                60816.98703170 60816.99618573 20
LO-19                60817.32020479 60817.32754292 9
LO-19                60817.38690979 60817.39732737 72
LO-19                60817.45717897 60817.46555992 13
LO-19                60817.89519145 60817.90485287 25
LO-19                60817.96394936 60817.97400857 39
LO-19                60818.03443106 60818.03941947 3
LO-19                60818.29930583 60818.30377110 3
LO-19                60818.36441121 60818.37437226 35
LO-19                60818.43341672 60818.44319353 27
LO-19                60818.87286975 60818.88104532 12
LO-19                60818.94101185 60818.95146188 78
LO-19                60819.01072415 60819.01833446 10
FO-29                60802.73150475 60802.73315805 3
FO-29                60803.00664933 60803.01248011 5
FO-29                60803.07632030 60803.08689459 50
FO-29                60803.15012629 60803.15953639 18
FO-29                60803.54194524 60803.54807316 4
FO-29                60803.61295754 60803.62489361 49
FO-29                60803.68628834 60803.69696111 25
FO-29                60804.03908742 60804.04807818 17
FO-29                60804.11085574 60804.12156421 56
FO-29                60804.18735068 60804.19267196 3
FO-29                60804.57501806 60804.58550407 18
FO-29                60804.64756018 60804.65959451 63
FO-29                60804.72158754 60804.72977388 9
FO-29                60805.00328881 60805.00856331 4
FO-29                60805.07267937 60805.08311043 45
FO-29                60805.14631638 60805.15582618 20
FO-29                60805.53836516 60805.54410958 3
FO-29                60805.60918108 60805.62123981 46
FO-29                60805.68245151 60805.69345896 27
FO-29                60806.03552451 60806.04426228 16
FO-29                60806.10713824 60806.11781044 62
FO-29                60806.18331862 60806.18912602 4
FO-29                60806.57128687 60806.58175587 17
FO-29                60806.64375716 60806.65601358 68
FO-29                60806.71769101 60806.72638112 11
FO-29                60806.99989282 60807.00463374 3
FO-29                60807.06903389 60807.07933059 41
FO-29                60807.14250578 60807.15211777 21
FO-29                60807.53481526 60807.54011561 3
FO-29                60807.60540852 60807.61758391 43
FO-29                60807.67861967 60807.68995389 30
FO-29                60808.03195942 60808.04045041 14
FO-29                60808.10341759 60808.11406078 69
FO-29                60808.17930868 60808.18556070 5
FO-29                60808.56756189 60808.57800237 16
FO-29                60808.63995822 60808.65243053 72
FO-29                60808.71380628 60808.72297882 12
FO-29                60808.99651664 60809.00068721 2
FO-29                60809.06538467 60809.07555590 38
FO-29                60809.13869433 60809.14841185 23
FO-29                60809.53135546 60809.53607885 2
FO-29                60809.60163868 60809.61392507 40
FO-29                60809.67479335 60809.68644536 33
FO-29                60809.74978085 60809.75457051 2
FO-29                60810.02839205 60810.03664329 13
FO-29                60810.09969382 60810.11031585 76
FO-29                60810.17531613 60810.18198115 6
FO-29                60810.56384414 60810.57424270 15
FO-29                60810.63616406 60810.64884475 75
FO-29                60810.70993272 60810.71956769 14
FO-29                60811.06173213 60811.07178673 34
FO-29                60811.13488198 60811.14470907 25
FO-29                60811.59787588 60811.61026238 38
FO-29                60811.67097310 60811.68293274 36
FO-29                60811.74571865 60811.75139839 4
FO-29                60812.02482298 60812.03284160 12
FO-29                60812.09596705 60812.10657616 83
FO-29                60812.17133773 60812.17839124 7
FO-29                60812.56013469 60812.57047553 14
FO-29                60812.63237530 60812.64525512 77
FO-29                60812.70606997 60812.71614779 16
FO-29                60813.05807644 60813.06802374 31
FO-29                60813.13106875 60813.14101000 28
FO-29                60813.59411930 60813.60659494 36
FO-29                60813.66715940 60813.67941540 39
FO-29                60813.74171397 60813.74817235 5
FO-29                60814.02125210 60814.02904603 10
FO-29                60814.09223739 60814.10284222 88
FO-29                60814.16737079 60814.17479382 8
FO-29                60814.55643467 60814.56669948 13
FO-29                60814.62859259 60814.64166103 76
FO-29                60814.70221781 60814.71271930 17
FO-29                60815.05441770 60815.06426746 29
FO-29                60815.12725475 60815.13731515 31
FO-29                60815.59036953 60815.60292177 34
FO-29                60815.66335274 60815.67589260 42
FO-29                60815.73774990 60815.74490873 6
FO-29                60816.01768002 60816.02525705 10
FO-29                60816.08850540 60816.09911448 81
FO-29                60816.16341408 60816.17119116 10
FO-29                60816.55274527 60816.56291310 12
FO-29                60816.62481650 60816.63806162 74
FO-29                60816.69837615 60816.70928210 19
FO-29                60817.05075651 60817.06051834 27
FO-29                60817.12344016 60817.13362496 34
FO-29                60817.58662726 60817.59924189 32
FO-29                60817.65955358 60817.67236372 46
FO-29                60817.73381696 60817.74161635 7
FO-29                60818.01410672 60818.02147526 9
FO-29                60818.08477100 60818.09539328 74
FO-29                60818.15946618 60818.16758479 11
FO-29                60818.54907394 60818.55911478 11
FO-29                60818.62104763 60818.63445601 71
FO-29                60818.69454495 60818.70583572 21
FO-29                60819.04709299 60819.05677678 25
FO-29                60819.11962526 60819.12993985 37
FO-29                60819.58289346 60819.59555430 30
FO-29                60819.65576236 60819.66882776 50
FO-29                60819.72990965 60819.73830035 8
SO-50                60802.88670124 60802.89399554 12
SO-50                60802.95473304 60802.96407900 67
SO-50                60803.02571042 60803.03317776 11
SO-50                60803.23935306 60803.24743112 13
SO-50                60803.30847395 60803.31825814 82
SO-50                60803.37863512 60803.38608970 11
SO-50                60803.89897561 60803.90763127 27
SO-50                60803.96816110 60803.97720817 32
SO-50                60804.04005623 60804.04616605 6
SO-50                60804.18350530 60804.18889853 4
SO-50                60804.25237609 60804.26141022 23
SO-50                60804.32171968 60804.33128662 46
SO-50                60804.39315041 60804.39727335 2
SO-50                60804.84507890 60804.85007665 4
SO-50                60804.91173550 60804.92099331 61
SO-50                60804.98191344 60804.99026579 18
SO-50                60805.05468592 60805.05913685 3
SO-50                60805.19645850 60805.20345043 8
SO-50                60805.26544914 60805.27506110 44
SO-50                60805.33513561 60805.34391480 22
SO-50                60805.85664429 60805.86421507 14
SO-50                60805.92486905 60805.93420056 60
SO-50                60805.99598545 60806.00327429 10
SO-50                60806.20944534 60806.21769420 15
SO-50                60806.27859458 60806.28837860 89
SO-50                60806.34887092 60806.35599737 9
SO-50                60806.86899667 60806.87778723 30
SO-50                60806.93833758 60806.94730859 29
SO-50                60807.01036701 60807.01625082 5
SO-50                60807.15358196 60807.15923717 5
SO-50                60807.22246620 60807.23161462 26
SO-50                60807.29185203 60807.30134243 41
SO-50                60807.81485163 60807.82039882 5
SO-50                60807.88180873 60807.89111200 69
SO-50                60807.95212915 60807.96034908 16
SO-50                60808.02502432 60808.02921346 2
SO-50                60808.16652900 60808.17373541 9
SO-50                60808.23553997 60808.24520670 49
SO-50                60808.30529411 60808.31389312 19
SO-50                60808.82657748 60808.83439547 15
SO-50                60808.89498523 60808.90429293 53
SO-50                60808.96623927 60808.97334343 9
SO-50                60809.11068135 60809.11482816 2
SO-50                60809.17951165 60809.18792172 16
SO-50                60809.24869060 60809.25846400 80
SO-50                60809.31914262 60809.32585642 8
SO-50                60809.83900139 60809.84791074 34
SO-50                60809.90849373 60809.91738063 27
SO-50                60809.98065547 60809.98630847 5
SO-50                60810.12363224 60810.12954098 5
SO-50                60810.19253063 60810.20178381 28
SO-50                60810.26196118 60810.27136239 36
SO-50                60810.78464064 60810.79065813 7
SO-50                60810.85186314 60810.86120043 78
SO-50                60810.92232405 60810.93040456 15
SO-50                60811.13657323 60811.14398490 10
SO-50                60811.20560561 60811.21531738 54
SO-50                60811.27543262 60811.28383272 17
SO-50                60811.79649939 60811.80453865 17
SO-50                60811.86508169 60811.87435628 47
SO-50                60811.93647170 60811.94338523 8
SO-50                60812.08071339 60812.08514315 3
SO-50                60812.14955199 60812.15811384 17
SO-50                60812.21876225 60812.22851441 72
SO-50                60812.28936304 60812.29566542 7
SO-50                60812.80898968 60812.81800197 38
SO-50                60812.87862937 60812.88742424 24
SO-50                60812.95092103 60812.95633947 4
SO-50                60813.09365615 60813.09980959 6
SO-50                60813.16256947 60813.17191795 31
SO-50                60813.23204742 60813.24134641 33
SO-50                60813.75443621 60813.76086317 8
SO-50                60813.82189850 60813.83125888 85
SO-50                60813.89249795 60813.90043231 14
SO-50                60814.10659139 60814.11419898 11
SO-50                60814.17564610 60814.18539327 61
SO-50                60814.24555186 60814.25373298 15
SO-50                60814.76640836 60814.77464583 20
SO-50                60814.83515802 60814.84439078 43
SO-50                60814.90668221 60814.91339977 8
SO-50                60815.05071870 60815.05542438 3
SO-50                60815.11956655 60815.12827070 19
SO-50                60815.18880963 60815.19852987 64
SO-50                60815.25958045 60815.26541891 5
SO-50                60815.77895979 60815.78806161 43
SO-50                60815.84874434 60815.85743990 22
SO-50                60815.92116356 60815.92634379 4
SO-50                60816.06365371 60816.07004325 6
SO-50                60816.13258275 60816.14201720 34
SO-50                60816.20211103 60816.21129434 29
SO-50                60816.72423207 60816.73101986 9
SO-50                60816.79191445 60816.80128760 81
SO-50                60816.86265067 60816.87043242 13
SO-50                60817.07658338 60817.08437760 12
SO-50                60817.14566154 60817.15543448 68
SO-50                60817.21565270 60817.22359314 14
SO-50                60817.73630319 60817.74471809 22
SO-50                60817.80521401 60817.81439658 38
SO-50                60817.87687084 60817.88338713 7
HO-68                60802.73437846 60802.74598319 19
HO-68                60802.80860815 60802.82220994 77
HO-68                60802.88408838 60802.89472396 15
HO-68                60803.17160595 60803.18221541 15
HO-68                60803.24410911 60803.25769332 76
HO-68                60803.32032734 60803.33196753 19
HO-68                60803.72284179 60803.73348795 13
HO-68                60803.79678303 60803.81043671 83
HO-68                60803.87210054 60803.88352791 20
HO-68                60804.16052373 60804.17018946 11
HO-68                60804.23242240 60804.24583962 59
HO-68                60804.30799406 60804.32037567 25
HO-68                60804.71149976 60804.72077055 9
HO-68                60804.78498298 60804.79857574 64
HO-68                60804.86014301 60804.87222961 25
HO-68                60804.93681819 60804.94157793 2
HO-68                60805.14956999 60805.15811127 8
HO-68                60805.22082151 60805.23396249 46
HO-68                60805.29579352 60805.30871479 34
HO-68                60805.70041192 60805.70771119 5
HO-68                60805.77321566 60805.78662303 49
HO-68                60805.84821144 60805.86083583 33
HO-68                60805.92442850 60805.93111333 4
HO-68                60806.13882509 60806.14595475 5
HO-68                60806.20930976 60806.22206248 35
HO-68                60806.28370669 60806.29700119 45
HO-68                60806.36311487 60806.36947239 3
HO-68                60806.76148522 60806.77457190 37
HO-68                60806.83630354 60806.84935136 42
HO-68                60806.91223227 60806.92037985 7
HO-68                60807.12825776 60807.13364786 3
HO-68                60807.19788502 60807.21013935 27
HO-68                60807.27172140 60807.28524591 59
HO-68                60807.34986209 60807.35853663 7
HO-68                60807.74980442 60807.76241171 28
HO-68                60807.82441848 60807.83777920 54
HO-68                60807.90013151 60807.90947365 10
HO-68                60808.18655401 60808.19819123 21
HO-68                60808.25982979 60808.27345618 77
HO-68                60808.33704791 60808.34725875 12
HO-68                60808.73818603 60808.75012632 21
HO-68                60808.81255671 60808.82612122 71
HO-68                60808.88808997 60808.89843173 14
HO-68                60809.17532286 60809.18621468 16
HO-68                60809.24802706 60809.26163701 83
HO-68                60809.32448332 60809.33580631 17
HO-68                60809.72665293 60809.73768970 15
HO-68                60809.80071928 60809.81437768 89
HO-68                60809.87609026 60809.88727295 18
HO-68                60810.16420012 60810.17420307 12
HO-68                60810.23631063 60810.24979179 65
HO-68                60810.31209780 60810.32424383 23
HO-68                60810.71525170 60810.72505706 10
HO-68                60810.78890901 60810.80254725 71
HO-68                60810.86412299 60810.87600890 23
HO-68                60811.15319947 60811.16214519 9
HO-68                60811.22467986 60811.23792267 50
HO-68                60811.29985392 60811.31260441 31
HO-68                60811.70405225 60811.71213829 6
HO-68                60811.77712972 60811.79062672 54
HO-68                60811.85218288 60811.86464731 30
HO-68                60811.92852572 60811.93463698 4
HO-68                60812.14239424 60812.15002114 6
HO-68                60812.21313766 60812.22603051 38
HO-68                60812.28772934 60812.30090769 41
HO-68                60812.36772918 60812.37293962 2
HO-68                60812.69336565 60812.69867409 2
HO-68                60812.76538534 60812.77861043 41
HO-68                60812.84026702 60812.85319364 39
HO-68                60812.91628156 60812.92397788 6
HO-68                60813.13173590 60813.13777826 3
HO-68                60813.20168135 60813.21411568 30
HO-68                60813.27570990 60813.28916588 54
HO-68                60813.35422820 60813.36222473 6
HO-68                60813.75368638 60813.76648923 31
HO-68                60813.82837414 60813.84165128 50
HO-68                60813.90415431 60813.91312484 9
HO-68                60814.19031726 60814.20217657 23
HO-68                60814.26378644 60814.27738743 71
HO-68                60814.34129784 60814.35103506 10
HO-68                60814.74204431 60814.75424935 23
HO-68                60814.81650413 60814.83002269 65
HO-68                60814.89209538 60814.90212654 12
HO-68                60815.17905049 60815.19021047 18
HO-68                60815.25195322 60815.26557803 90
HO-68                60815.32865788 60815.33963291 15
HO-68                60815.73047832 60815.74186869 17
HO-68                60815.80465824 60815.81830861 83
HO-68                60815.88008291 60815.89100626 16
HO-68                60816.16788874 60816.17821211 14
HO-68                60816.24020695 60816.25374160 71
HO-68                60816.31621594 60816.32810354 21
HO-68                60816.71902725 60816.72931062 12
HO-68                60816.79283827 60816.80650829 77
HO-68                60816.86810546 60816.87977711 21
HO-68                60817.15684376 60817.16617217 10
HO-68                60817.22854620 60817.24188066 54
HO-68                60817.30392620 60817.31648802 28
HO-68                60817.70774105 60817.71650625 7
AO-73                60802.79389308 60802.80207899 40
AO-73                60802.86023036 60802.86715167 14
AO-73                60803.24239405 60803.25033044 24
AO-73                60803.30823523 60803.31626438 25
AO-73                60803.79327277 60803.80144741 39
AO-73                60803.85959247 60803.86655421 14
AO-73                60804.24179220 60804.24968514 23
AO-73                60804.30759723 60804.31563573 25
AO-73                60804.79263641 60804.80079856 38
AO-73                60804.85893687 60804.86594035 15
AO-73                60805.24117397 60805.24902211 23
AO-73                60805.30694195 60805.31498979 26
AO-73                60805.79198284 60805.80013240 37
AO-73                60805.85826361 60805.86531006 15
AO-73                60806.24053937 60806.24834135 22
AO-73                60806.30626941 60806.31432657 26
AO-73                60806.79131209 60806.79944893 36
AO-73                60806.85757271 60806.86466332 15
AO-73                60807.23988842 60807.24764287 22
AO-73                60807.30557961 60807.31364609 27
AO-73                60807.79062409 60807.79874809 35
AO-73                60807.85686422 60807.86400008 16
AO-73                60808.23922112 60808.24692668 21
AO-73                60808.30487255 60808.31294835 28
AO-73                60808.78991926 60808.79802987 34
AO-73                60808.85613818 60808.86332031 16
AO-73                60809.23853749 60809.24619274 20
AO-73                60809.30414824 60809.31223337 28
AO-73                60809.78919718 60809.79729422 33
AO-73                60809.85539462 60809.86262397 17
AO-73                60810.23783754 60810.24544114 20
AO-73                60810.30340668 60810.31150116 29
AO-73                60810.78845807 60810.79654110 32
AO-73                60810.85463360 60810.86191102 17
AO-73                60811.23712148 60811.24467186 19
AO-73                60811.30264789 60811.31075174 30
AO-73                60811.78770198 60811.79577047 31
AO-73                60811.85385514 60811.86118142 18
AO-73                60812.23638896 60812.24388507 19
AO-73                60812.30187188 60812.30998511 31
AO-73                60812.78692895 60812.79498229 30
AO-73                60812.85305930 60812.86043513 18
AO-73                60813.23564019 60813.24308042 18
AO-73                60813.30107866 60813.30920129 32
AO-73                60813.78613902 60813.79417651 29
AO-73                60813.85224612 60813.85967211 19
AO-73                60814.23487520 60814.24225809 17
AO-73                60814.30026825 60814.30840030 33
AO-73                60814.78533225 60814.79335307 28
AO-73                60814.85141564 60814.85889213 20
AO-73                60815.23409401 60815.24141807 17
AO-73                60815.29944065 60815.30758213 34
AO-73                60815.78450868 60815.79251193 27
AO-73                60815.85056791 60815.85809549 20
AO-73                60816.23329666 60816.24056038 16
AO-73                60816.29859589 60816.30674680 35
AO-73                60816.78366839 60816.79165301 26
AO-73                60816.84970298 60816.85728198 21
AO-73                60817.23248318 60817.23968500 16
AO-73                60817.29773399 60817.30589432 36
AO-73                60817.78281140 60817.79077627 26
AO-73                60817.84882089 60817.85645154 22
AO-73                60818.23165362 60818.23879194 15
AO-73                60818.29685497 60818.30502471 38
AO-73                60818.78193780 60818.78988163 25
AO-73                60818.84792751 60818.85561092 22
AO-73                60819.23080801 60819.23788119 15
AO-73                60819.29595885 60819.30413796 39
AO-73                60819.78104789 60819.78896904 24
AO-73                60819.84701125 60819.85474645 23
AO-73                60820.22994641 60820.23695273 14
AO-73                60820.29504566 60820.30323409 41
AO-73                60820.78014122 60820.78803840 23
AO-73                60820.84607797 60820.85386489 24
AO-73                60821.22906888 60821.23600656 14
AO-73                60821.29411543 60821.30231310 42
AO-73                60821.77921811 60821.78708966 22
AO-73                60821.84512772 60821.85296619 25
AO-73                60822.22817547 60822.23504265 13
AO-73                60822.29316817 60822.30137500 44
AO-73                60822.77827863 60822.78612272 22
AO-73                60822.84416055 60822.85205029 26
AO-73                60823.22726624 60823.23406098 13
AO-73                60823.29220394 60823.30041980 46
AO-73                60823.77732285 60823.78513751 21
AO-73                60823.84317649 60823.85111714 27
AO-73                60824.22634125 60824.23306153 12
AO-73                60824.29122275 60824.29944749 48
AO-73                60824.77635085 60824.78413394 20
AO-73                60824.84217560 60824.85016666 28
AO-73                60825.22540057 60825.23204427 12
AO-73                60825.29022464 60825.29845808 51
AO-73                60825.77536269 60825.78311192 20
AO-73                60825.84115792 60825.84919882 29
AO-73                60826.22444430 60826.23100916 11
AO-73                60826.28920966 60826.29745157 53
AO-73                60826.77435845 60826.78207134 19
AO-73                60826.84012349 60826.84821353 31
AO-73                60827.22347250 60827.22995617 11
TITA                 60803.04510546 60803.05131110 9
TITA                 60803.10992330 60803.11801702 55
TITA                 60803.17690300 60803.18087398 3
TITA                 60803.49223793 60803.49714487 5
TITA                 60803.55551793 60803.56380480 70
TITA                 60803.62258701 60803.62842761 7
TITA                 60804.03904615 60804.04459613 6
TITA                 60804.10358443 60804.11174870 74
TITA                 60804.17025130 60804.17509789 5
TITA                 60804.48653212 60804.49047603 3
TITA                 60804.54925680 60804.55745529 52
TITA                 60804.61589745 60804.62233794 10
TITA                 60805.03306659 60805.03775913 4
TITA                 60805.09724946 60805.10543746 82
TITA                 60805.16366971 60805.16920939 7
TITA                 60805.54301562 60805.55107890 40
TITA                 60805.60926660 60805.61618384 13
TITA                 60806.09091903 60806.09908274 61
TITA                 60806.15712852 60806.16323868 9
TITA                 60806.53679580 60806.54467509 31
TITA                 60806.60268101 60806.60997845 17
TITA                 60807.08459147 60807.09268348 45
TITA                 60807.15061320 60807.15720066 12
TITA                 60807.53059866 60807.53824281 24
TITA                 60807.59613258 60807.60372963 22
TITA                 60808.07827291 60808.08623807 34
TITA                 60808.14411510 60808.15110410 16
TITA                 60808.52442631 60808.53178047 19
TITA                 60808.58961537 60808.59744316 28
TITA                 60809.07196352 60809.07974413 26
TITA                 60809.13763520 60809.14496133 20
TITA                 60809.51828173 60809.52528531 15
TITA                 60809.58312572 60809.59112254 36
TITA                 60810.06566658 60810.07319827 20
TITA                 60810.13115843 60810.13876201 25
TITA                 60810.51216932 60810.51875361 12
TITA                 60810.57666094 60810.58477045 49
TITA                 60811.05938608 60811.06659599 16
TITA                 60811.12468823 60811.13251587 32
TITA                 60811.50609554 60811.51217928 9
TITA                 60811.57021925 60811.57838874 66
TITA                 60811.63838531 60811.64219522 3
TITA                 60812.05312867 60812.05993014 12
TITA                 60812.11818000 60812.12622121 42
TITA                 60812.50007071 60812.50555241 7
TITA                 60812.56375483 60812.57197575 88
TITA                 60812.63132993 60812.63624605 5
TITA                 60813.04690419 60813.05319043 9
TITA                 60813.11171977 60813.11988540 56
TITA                 60813.17866483 60813.18276073 3
TITA                 60813.49411311 60813.49885513 4
TITA                 60813.55735604 60813.56553824 69
TITA                 60813.62442356 60813.63014381 7
TITA                 60814.04072896 60814.04635966 7
TITA                 60814.10526394 60814.11350558 76
TITA                 60814.17189930 60814.17687319 5
TITA                 60814.48831634 60814.49204908 3
TITA                 60814.55097891 60814.55907347 51
TITA                 60814.61760636 60814.62394797 10
TITA                 60815.03463410 60815.03940573 4
TITA                 60815.09881268 60815.10708168 81
TITA                 60815.16520306 60815.17087364 7
TITA                 60815.54462292 60815.55258132 38
TITA                 60815.61085162 60815.61768460 13
TITA                 60816.02869486 60816.03225017 2
TITA                 60816.09236663 60816.10061313 60
TITA                 60816.15854706 60816.16479146 10
TITA                 60816.53828952 60816.54606122 30
TITA                 60816.60414480 60816.61136808 17
TITA                 60817.08592417 60817.09409884 45
TITA                 60817.15191693 60817.15864129 13
TITA                 60817.53198014 60817.53951198 23
TITA                 60817.59747672 60817.60500691 22
TITA                 60818.07949146 60818.08753709 34
TITA                 60818.14530459 60818.15243178 16
TITA                 60818.52569706 60818.53293202 18
TITA                 60818.59084174 60818.59860724 28
TITA                 60819.07306882 60819.08092538 26
TITA                 60819.13871059 60819.14617500 21
TITA                 60819.51944362 60819.52631816 14
TITA                 60819.58423543 60819.59217279 37
TITA                 60820.06665969 60820.07426014 20
TITA                 60820.13212012 60820.13986112 26
TITA                 60820.51322461 60820.51966627 11
TITA                 60820.57765518 60820.58570636 50
TITA                 60821.06026832 60821.06753656 16
TITA                 60821.12553680 60821.13349923 34
TITA                 60821.50704736 60821.51296956 8
TITA                 60821.57105511 60821.57920687 69
TITA                 60821.63916319 60821.64307293 3
TITA                 60822.05390180 60822.06074700 12
TITA                 60822.11891549 60822.12708781 45
TITA                 60822.18614942 60822.18950073 2
TITA                 60822.50092376 60822.50621630 6
TITA                 60822.56452171 60822.57268178 88
TITA                 60822.63200215 60822.63699895 5
TITA                 60823.04757072 60823.05388039 9
TITA                 60823.11234293 60823.12063424 60
TITA                 60823.17917956 60823.18363357 4
NOAA-15              60802.94852470 60802.95824128 24
NOAA-15              60803.01762412 60803.02781687 40
NOAA-15              60803.08844422 60803.09361794 4
NOAA-15              60803.35470642 60803.35907855 3
NOAA-15              60803.42005632 60803.43010546 35
NOAA-15              60803.48939439 60803.49930578 28
NOAA-15              60803.93078734 60803.93939097 13
NOAA-15              60803.99941835 60804.00995021 70
NOAA-15              60804.06960116 60804.07693674 9
NOAA-15              60804.40248038 60804.41178612 21
NOAA-15              60804.47093120 60804.48135386 49
NOAA-15              60804.54377882 60804.54856245 3
NOAA-15              60804.91337860 60804.92006144 6
NOAA-15              60804.98129935 60804.99186184 68
NOAA-15              60805.05107353 60805.05980590 16
NOAA-15              60805.38516913 60805.39335030 12
NOAA-15              60805.45271294 60805.46328842 86
NOAA-15              60805.52396273 60805.53155407 9
NOAA-15              60805.96327662 60805.97354229 38
NOAA-15              60806.03269163 60806.04237407 26
NOAA-15              60806.36820087 60806.37472879 6
NOAA-15              60806.43471889 60806.44513043 55
NOAA-15              60806.50483780 60806.51397730 18
NOAA-15              60806.94538289 60806.95496018 22
NOAA-15              60807.01441140 60807.02469388 44
NOAA-15              60807.08509803 60807.09072932 5
NOAA-15              60807.41694780 60807.42688598 32
NOAA-15              60807.48613232 60807.49615160 31
NOAA-15              60807.92768412 60807.93604253 12
NOAA-15              60807.99621797 60808.00678742 77
NOAA-15              60808.06632192 60808.07394791 10
NOAA-15              60808.39941169 60808.40854710 19
NOAA-15              60808.46771092 60808.47817598 54
NOAA-15              60808.54021134 60808.54563616 4
NOAA-15              60808.91036170 60808.91659435 5
NOAA-15              60808.97811240 60808.98865884 61
NOAA-15              60809.04782301 60809.05675716 17
NOAA-15              60809.38214924 60809.39008420 11
NOAA-15              60809.44952936 60809.46009181 87
NOAA-15              60809.52057146 60809.52847487 10
NOAA-15              60809.96010632 60809.97029559 35
NOAA-15              60810.02945857 60810.03927825 29
NOAA-15              60810.36525366 60810.37141339 6
NOAA-15              60810.43157062 60810.44191698 50
NOAA-15              60810.50152220 60810.51084257 19
NOAA-15              60810.94223721 60810.95166107 20
NOAA-15              60811.01119172 60811.02155632 49
NOAA-15              60811.08176023 60811.08781016 5
NOAA-15              60811.41383588 60811.42365532 29
NOAA-15              60811.48286765 60811.49298489 34
NOAA-15              60811.92458140 60811.93267106 11
NOAA-15              60811.99301091 60812.00360997 84
NOAA-15              60812.06303976 60812.07093988 11
NOAA-15              60812.39634073 60812.40529599 18
NOAA-15              60812.46448698 60812.47498686 60
NOAA-15              60812.53668131 60812.54265818 5
NOAA-15              60812.90736436 60812.91308438 4
NOAA-15              60812.97491917 60812.98544065 56
NOAA-15              60813.04456691 60813.05369234 19
NOAA-15              60813.37912959 60813.38680414 10
NOAA-15              60813.44634173 60813.45688428 79
NOAA-15              60813.51718546 60813.52537583 12
NOAA-15              60813.95693076 60813.96703231 32
NOAA-15              60814.02621906 60814.03616722 31
NOAA-15              60814.36231466 60814.36807616 5
NOAA-15              60814.42841830 60814.43869270 45
NOAA-15              60814.49820585 60814.50769365 21
NOAA-15              60814.93908846 60814.94834316 18
NOAA-15              60815.00796552 60815.01840385 53
NOAA-15              60815.07839296 60815.08486620 6
NOAA-15              60815.41072056 60815.42041361 27
NOAA-15              60815.47960014 60815.48980615 37
NOAA-15              60815.92148117 60815.92927479 10
NOAA-15              60815.98979729 60816.00041752 87
NOAA-15              60816.05975436 60816.06791323 12
NOAA-15              60816.39326760 60816.40203314 16
NOAA-15              60816.46125929 60816.47178639 66
NOAA-15              60816.53317714 60816.53964015 6
NOAA-15              60816.90439680 60816.90952117 3
NOAA-15              60816.97172016 60816.98220684 50
NOAA-15              60817.04130532 60817.05061105 21
NOAA-15              60817.37611083 60817.38350952 9
NOAA-15              60817.44315026 60817.45366604 72
NOAA-15              60817.51380326 60817.52225845 13
NOAA-15              60817.95375051 60817.96375216 29
NOAA-15              60818.02297333 60818.03304081 34
NOAA-15              60818.09407232 60818.09836950 2
NOAA-15              60818.35938728 60818.36471430 4
NOAA-15              60818.42526225 60818.43545787 41
NOAA-15              60818.49488839 60818.50453115 23
NOAA-15              60818.93593758 60818.94500549 16
NOAA-15              60819.00473278 60819.01523642 59
NOAA-15              60819.07506278 60819.08189445 7
NOAA-15              60819.40760223 60819.41716092 25
NOAA-15              60819.47632962 60819.48661548 41
NOAA-15              60819.91838560 60819.92585120 8
NOAA-15              60819.98657754 60819.99720971 80
NOAA-15              60820.05646545 60820.06486816 14
NOAA-15              60820.39019298 60820.39875818 15
NOAA-18              60803.08604715 60803.09545908 17
NOAA-18              60803.15547325 60803.16631347 60
NOAA-18              60803.22636751 60803.23361517 8
NOAA-18              60803.56184773 60803.57214166 30
NOAA-18              60803.63146373 60803.64210197 36
NOAA-18              60804.07733097 60804.08606412 13
NOAA-18              60804.14650007 60804.15743575 78
NOAA-18              60804.21717870 60804.22523769 11
NOAA-18              60804.55317638 60804.56309213 24
NOAA-18              60804.62236036 60804.63322191 47
NOAA-18              60804.69601563 60804.70097272 3
NOAA-18              60805.06869609 60805.07654954 9
NOAA-18              60805.13754676 60805.14850436 81
NOAA-18              60805.20803719 60805.21677197 14
NOAA-18              60805.54456558 60805.55401795 19
NOAA-18              60805.61331632 60805.62431435 62
NOAA-18              60805.68605030 60805.69270762 6
NOAA-18              60806.06018613 60806.06686900 6
NOAA-18              60806.12861468 60806.13951832 63
NOAA-18              60806.19893118 60806.20823088 18
NOAA-18              60806.53602049 60806.54491501 15
NOAA-18              60806.60432832 60806.61538247 80
NOAA-18              60806.67636383 60806.68420453 9
NOAA-18              60807.05190714 60807.05691167 3
NOAA-18              60807.11970607 60807.13047565 48
NOAA-18              60807.18985365 60807.19962243 23
NOAA-18              60807.52754876 60807.53577677 11
NOAA-18              60807.59539434 60807.60642842 80
NOAA-18              60807.66681224 60807.67557501 13
NOAA-18              60808.11082137 60808.12137314 36
NOAA-18              60808.18080026 60808.19095218 29
NOAA-18              60808.51916274 60808.52659228 8
NOAA-18              60808.58651336 60808.59745355 62
NOAA-18              60808.65741037 60808.66685951 17
NOAA-18              60809.10196935 60809.11220573 28
NOAA-18              60809.17176836 60809.18222379 37
NOAA-18              60809.24324834 60809.24843959 4
NOAA-18              60809.51088290 60809.51734166 6
NOAA-18              60809.57768529 60809.58845851 47
NOAA-18              60809.64810367 60809.65808381 22
NOAA-18              60810.09315472 60810.10296661 21
NOAA-18              60810.16275642 60810.17343979 48
NOAA-18              60810.23386396 60810.24029685 6
NOAA-18              60810.50280520 60810.50798407 3
NOAA-18              60810.56891204 60810.57944336 37
NOAA-18              60810.63887681 60810.64926194 29
NOAA-18              60811.08438736 60811.09364481 16
NOAA-18              60811.15376372 60811.16460158 63
NOAA-18              60811.22461628 60811.23200412 8
NOAA-18              60811.56019268 60811.57040704 29
NOAA-18              60811.62971982 60811.64040292 38
NOAA-18              60812.07568244 60812.08422362 12
NOAA-18              60812.14479054 60812.15570978 81
NOAA-18              60812.21543287 60812.22360551 11
NOAA-18              60812.55153081 60812.56134819 23
NOAA-18              60812.62062598 60812.63151284 49
NOAA-18              60812.69407004 60812.69941802 3
NOAA-18              60813.06706592 60813.07467521 8
NOAA-18              60813.13583737 60813.14676414 77
NOAA-18              60813.20629428 60813.21512138 15
NOAA-18              60813.54293061 60813.55226393 18
NOAA-18              60813.61159074 60813.62259597 65
NOAA-18              60813.68417312 60813.69108598 6
NOAA-18              60814.05858942 60814.06494507 5
NOAA-18              60814.12690589 60814.13776349 59
NOAA-18              60814.19718973 60814.20656355 19
NOAA-18              60814.53439766 60814.54314959 14
NOAA-18              60814.60261109 60814.61365524 84
NOAA-18              60814.67452214 60814.68254800 10
NOAA-18              60815.05039870 60815.05488980 2
NOAA-18              60815.11799848 60815.12870560 45
NOAA-18              60815.18811280 60815.19793950 24
NOAA-18              60815.52594038 60815.53399789 11
NOAA-18              60815.59368521 60815.60469262 76
NOAA-18              60815.66499373 60815.67389531 13
NOAA-18              60816.10911568 60816.11958685 34
NOAA-18              60816.17905949 60816.18925441 31
NOAA-18              60816.51757236 60816.52479640 8
NOAA-18              60816.58481231 60816.59570932 58
NOAA-18              60816.65560940 60816.66516233 18
NOAA-18              60817.10026687 60817.11040215 26
NOAA-18              60817.17002737 60817.18051165 39
NOAA-18              60817.24143711 60817.24686046 4
NOAA-18              60817.50931772 60817.51552191 5
NOAA-18              60817.57599243 60817.58670583 45
NOAA-18              60817.64631672 60817.65637244 24
NOAA-18              60818.09145729 60818.10114349 20
NOAA-18              60818.16101508 60818.17171365 51
NOAA-18              60818.23207128 60818.23868262 6
NOAA-18              60818.50128226 60818.50612393 3
NOAA-18              60818.56722763 60818.57768193 35
NOAA-18              60818.63710162 60818.64753843 31
NOAA-18              60819.08269752 60819.09179908 15
NOAA-18              60819.15202219 60819.16286155 67
NOAA-18              60819.22283297 60819.23036479 9
NOAA-18              60819.55851732 60819.56863677 27
NOAA-18              60819.62795488 60819.63866865 40
NOAA-18              60820.07400503 60820.08235076 11
NOAA-18              60820.14304869 60820.15395583 85
NOAA-19              60803.01774881 60803.02434881 6
NOAA-19              60803.08615262 60803.09703019 62
NOAA-19              60803.15646605 60803.16575288 18
NOAA-19              60803.49369153 60803.50248395 15
NOAA-19              60803.56201990 60803.57294944 79
NOAA-19              60803.63410596 60803.64173252 8
NOAA-19              60804.00964187 60804.01455591 3
NOAA-19              60804.07740323 60804.08815319 47
NOAA-19              60804.14754921 60804.15730475 23
NOAA-19              60804.48537312 60804.49350804 11
NOAA-19              60804.55324491 60804.56415705 81
NOAA-19              60804.62471044 60804.63327215 12
NOAA-19              60805.06867706 60805.07921775 36
NOAA-19              60805.13865593 60805.14879634 29
NOAA-19              60805.47713791 60805.48448676 8
NOAA-19              60805.54452138 60805.55534410 63
NOAA-19              60805.61546515 60805.62472335 16
NOAA-19              60806.05998274 60806.07021909 28
NOAA-19              60806.12978360 60806.14023117 38
NOAA-19              60806.20126495 60806.20644163 4
NOAA-19              60806.46900572 60806.47540081 6
NOAA-19              60806.53584913 60806.54651127 48
NOAA-19              60806.60631505 60806.61611304 21
NOAA-19              60807.05132466 60807.06115022 21
NOAA-19              60807.12093073 60807.13161169 48
NOAA-19              60807.19204257 60807.19845653 6
NOAA-19              60807.46107080 60807.46621079 3
NOAA-19              60807.52722998 60807.53765857 37
NOAA-19              60807.59724433 60807.60745588 28
NOAA-19              60808.04271222 60808.05200125 16
NOAA-19              60808.11209661 60808.12293925 63
NOAA-19              60808.18295508 60808.19032371 8
NOAA-19              60808.51866267 60808.52878538 29
NOAA-19              60808.58824274 60808.59876106 36
NOAA-19              60809.03415967 60809.04275625 12
NOAA-19              60809.10328139 60809.11421449 81
NOAA-19              60809.17393121 60809.18208678 11
NOAA-19              60809.51015115 60809.51989015 23
NOAA-19              60809.57930336 60809.59003511 47
NOAA-19              60809.65293758 60809.65778086 3
NOAA-19              60810.02569112 60810.03338936 8
NOAA-19              60810.09448565 60810.10543718 78
NOAA-19              60810.16495166 60810.17376583 15
NOAA-19              60810.50169886 60810.51097034 18
NOAA-19              60810.57042148 60810.58128217 62
NOAA-19              60810.64313887 60810.64967114 6
NOAA-19              60811.01735334 60811.02385112 5
NOAA-19              60811.08571082 60811.09660626 60
NOAA-19              60811.15600575 60811.16537250 19
NOAA-19              60811.49331104 60811.50202159 14
NOAA-19              60811.56159397 60811.57250538 81
NOAA-19              60811.63361749 60811.64132324 9
NOAA-19              60812.00927266 60812.01401815 3
NOAA-19              60812.07695916 60812.08771967 46
NOAA-19              60812.14708706 60812.15691418 24
NOAA-19              60812.48499549 60812.49303728 11
NOAA-19              60812.55281889 60812.56370683 79
NOAA-19              60812.62422945 60812.63284950 12
NOAA-19              60813.06823106 60813.07877422 35
NOAA-19              60813.13819160 60813.14839595 30
NOAA-19              60813.47676475 60813.48400607 8
NOAA-19              60813.54409523 60813.55488781 61
NOAA-19              60813.61498887 60813.62429016 17
NOAA-19              60814.05953530 60814.06976493 27
NOAA-19              60814.12931691 60814.13982117 39
NOAA-19              60814.20074853 60814.20610975 4
NOAA-19              60814.46864027 60814.47490723 5
NOAA-19              60814.53542295 60814.54604895 47
NOAA-19              60814.60584177 60814.61567092 22
NOAA-19              60815.05087656 60815.06068462 21
NOAA-19              60815.12046159 60815.13119228 50
NOAA-19              60815.19153790 60815.19810013 6
NOAA-19              60815.46072046 60815.46569737 3
NOAA-19              60815.52680386 60815.53719021 36
NOAA-19              60815.59677298 60815.60700585 29
NOAA-19              60816.04226452 60816.05152298 16
NOAA-19              60816.11162501 60816.12251044 65
NOAA-19              60816.18245553 60816.18995000 9
NOAA-19              60816.51823711 60816.52831087 29
NOAA-19              60816.58777258 60816.59830376 37
NOAA-19              60817.03371408 60817.04226340 12
NOAA-19              60817.10280740 60817.11377623 83
NOAA-19              60817.17343357 60817.18169891 12
NOAA-19              60817.50972608 60817.51940933 23
NOAA-19              60817.57883391 60817.58957106 49
NOAA-19              60817.65235641 60817.65739757 3
NOAA-19              60818.02525058 60818.03287871 8
NOAA-19              60818.09400938 60818.10498935 76
NOAA-19              60818.16445427 60818.17336547 15
NOAA-19              60818.50127493 60818.51048289 18
NOAA-19              60818.56995243 60818.58081172 64
NOAA-19              60818.64258955 60818.64925103 6
NOAA-19              60819.01692405 60819.02331609 5
NOAA-19              60819.08523248 60819.09614864 59
NOAA-19              60819.15550765 60819.16496069 19
NOAA-19              60819.49288899 60819.50152698 14
NOAA-19              60819.56112511 60819.57202877 83
NOAA-19              60819.63308269 60819.64088348 9
NOAA-19              60820.00887364 60820.01343892 2
METOA                60803.12584366 60803.13507846 22
METOA                60803.19272499 60803.20255338 41
METOA                60803.26126411 60803.26650433 4
METOA                60803.58281654 60803.59158062 20
METOA                60803.64919883 60803.65894355 46
METOA                60803.71984234 60803.72388386 2
METOA                60804.14377285 60804.15360831 40
METOA                60804.21103597 60804.22021974 24
METOA                60804.53694707 60804.54112726 2
METOA                60804.60040951 60804.60992407 34
METOA                60804.66765210 60804.67690795 26
METOA                60805.09594095 60805.10256968 7
METOA                60805.16182648 60805.17188050 71
METOA                60805.22945625 60805.23762938 14
METOA                60805.55344346 60805.56009591 7
METOA                60805.61823082 60805.62816587 61
METOA                60805.68643337 60805.69469752 14
METOA                60806.11343793 60806.12175208 14
METOA                60806.17997452 60806.18992267 61
METOA                60806.24808152 60806.25471336 7
METOA                60806.57052640 60806.57868270 14
METOA                60806.63627041 60806.64631284 72
METOA                60806.70560973 60806.71219036 7
METOA                60807.13122614 60807.14049596 25
METOA                60807.19821070 60807.20774099 34
METOA                60807.26703713 60807.27126292 2
METOA                60807.58792667 60807.59709508 24
METOA                60807.65453334 60807.66435649 40
METOA                60808.08422836 60808.08831526 2
METOA                60808.14918127 60808.15893744 45
METOA                60808.21654135 60808.22532336 20
METOA                60808.54163231 60808.54688668 4
METOA                60808.60557597 60808.61539123 40
METOA                60808.67304669 60808.68227032 23
METOA                60809.10118122 60809.10813510 8
METOA                60809.16724817 60809.17713066 77
METOA                60809.23499558 60809.24263351 12
METOA                60809.55838590 60809.56566667 9
METOA                60809.62344868 60809.63359118 72
METOA                60809.69190897 60809.69999072 12
METOA                60810.11875246 60810.12717298 16
METOA                60810.18540956 60810.19509672 51
METOA                60810.25369562 60810.25957431 6
METOA                60810.57556307 60810.58417214 17
METOA                60810.64153768 60810.65169690 62
METOA                60810.71122568 60810.71735889 5
METOA                60811.13657452 60811.14581678 29
METOA                60811.20366099 60811.21283648 29
METOA                60811.59302839 60811.60253025 28
METOA                60811.65985391 60811.66969557 35
METOA                60812.08926202 60812.09402937 3
METOA                60812.15454864 60812.16417505 52
METOA                60812.22201492 60812.23033123 17
METOA                60812.54644817 60812.55248179 5
METOA                60812.61073089 60812.62078216 48
METOA                60812.67843220 60812.68755435 20
METOA                60813.10640474 60813.11358232 9
METOA                60813.17262934 60813.18229187 74
METOA                60813.24055202 60813.24752856 9
METOA                60813.56334107 60813.57113630 11
METOA                60813.62865259 60813.63894107 83
METOA                60813.69738579 60813.70519514 11
METOA                60814.12403250 60814.13249514 18
METOA                60814.19084422 60814.20018007 42
METOA                60814.25932562 60814.26429100 4
METOA                60814.58059683 60814.58957483 19
METOA                60814.64679134 60814.65700454 54
METOA                60814.71688039 60814.72240205 4
METOA                60815.14188133 60815.15104688 33
METOA                60815.20907183 60815.21784192 24
METOA                60815.53491992 60815.53897980 2
METOA                60815.59812086 60815.60788413 32
METOA                60815.66516331 60815.67495538 30
METOA                60816.09432555 60816.09957393 4
METOA                60816.15987144 60816.16932603 60
METOA                60816.22745411 60816.23524372 14
METOA                60816.55130202 60816.55794807 7
METOA                60816.61587360 60816.62609370 56
METOA                60816.68381209 60816.69275316 17
METOA                60817.11159750 60817.11892476 11
METOA                60817.17796442 60817.18736830 65
METOA                60817.24605044 60817.25231476 7
METOA                60817.56830087 60817.57650937 13
METOA                60817.63384346 60817.64421151 82
METOA                60817.70287168 60817.71030044 9
METOA                60818.12926941 60818.13772649 20
METOA                60818.19619209 60818.20518092 35
METOA                60818.26501435 60818.26881843 2
METOA                60818.58562456 60818.59489089 22
METOA                60818.65203272 60818.66223131 46
METOA                60818.72260959 60818.72728122 3
METOA                60819.14714019 60819.15619246 37
METOA                60819.21447912 60819.22275777 20
METOA                60819.53954799 60819.54450737 3
METOA                60819.60320148 60819.61315485 37
METOA                60819.67046357 60819.68013092 26
METOA                60820.09938112 60820.10498783 5
METOA                60820.16514355 60820.17439568 69
METOA                60820.23289629 60820.24005863 11
METOB                60803.04097629 60803.05131890 35
METOB                60803.11058185 60803.12057298 29
METOB                60803.44748116 60803.45407729 6
METOB                60803.51417876 60803.52475229 53
METOB                60803.58447679 60803.59390173 19
METOB                60804.02677509 60804.03654780 23
METOB                60804.09607636 60804.10651727 44
METOB                60804.16700113 60804.17279852 5
METOB                60804.43447713 60804.43900993 3
METOB                60804.50006254 60804.51027048 35
METOB                60804.56962176 60804.57974661 29
METOB                60805.01269065 60805.02157147 14
METOB                60805.08162398 60805.09232056 68
METOB                60805.15207465 60805.15950614 9
METOB                60805.48609009 60805.49573255 23
METOB                60805.55494815 60805.56549539 45
METOB                60805.62841420 60805.63271630 2
METOB                60805.99879241 60806.00631502 8
METOB                60806.06722442 60806.07798561 79
METOB                60806.13734962 60806.14593926 14
METOB                60806.47227663 60806.48112853 16
METOB                60806.54043065 60806.55117107 70
METOB                60806.61243723 60806.61941180 7
METOB                60806.98527337 60806.99057388 3
METOB                60807.05288264 60807.06350927 51
METOB                60807.12272319 60807.13217413 21
METOB                60807.45864934 60807.46643586 10
METOB                60807.52605627 60807.53678653 77
METOB                60807.59704642 60807.60559360 13
METOB                60808.03860627 60808.04888104 33
METOB                60808.10816712 60808.11824341 31
METOB                60808.44526545 60808.45160181 6
METOB                60808.51182000 60808.52234797 50
METOB                60808.58199966 60808.59155194 20
METOB                60809.02441894 60809.03407982 21
METOB                60809.09366862 60809.10416404 47
METOB                60809.16451192 60809.17059971 5
METOB                60809.43235011 60809.43646027 2
METOB                60809.49772407 60809.50785631 33
METOB                60809.56717349 60809.57737844 31
METOB                60810.01035601 60810.01906520 13
METOB                60810.07922285 60810.08994459 73
METOB                60810.14961784 60810.15725526 10
METOB                60810.48377366 60810.49330767 22
METOB                60810.55252376 60810.56311332 48
METOB                60810.62569858 60810.63055538 3
METOB                60810.99649603 60811.00375202 7
METOB                60811.06483031 60811.07558674 74
METOB                60811.13490967 60811.14365300 15
METOB                60811.46998538 60811.47869039 15
METOB                60811.53802750 60811.54877771 75
METOB                60811.60986295 60811.61712303 8
METOB                60811.98307907 60811.98788765 3
METOB                60812.05049688 60812.06108638 47
METOB                60812.12029407 60812.12985923 22
METOB                60812.45638948 60812.46397900 9
METOB                60812.52367317 60812.53438313 72
METOB                60812.59452926 60812.60325934 14
METOB                60813.03623083 60813.04643176 31
METOB                60813.10574610 60813.11590326 33
METOB                60813.17714552 60813.18137617 2
METOB                60813.44305141 60813.44911240 5
METOB                60813.50945679 60813.51993487 46
METOB                60813.57951949 60813.58919197 22
METOB                60814.02205827 60814.03159930 20
METOB                60814.09125454 60814.10180051 50
METOB                60814.16198761 60814.16838691 6
METOB                60814.49538141 60814.50543353 31
METOB                60814.56472131 60814.57500089 33
METOB                60815.00801847 60815.01654437 12
METOB                60815.07681543 60815.08755808 78
METOB                60815.14715676 60815.15499166 10
METOB                60815.48145346 60815.49087385 21
METOB                60815.55009501 60815.56072242 52
METOB                60815.62301148 60815.62835306 4
METOB                60815.99420177 60816.00116933 7
METOB                60816.06243027 60816.07317714 69
METOB                60816.13246424 60816.14135526 16
METOB                60816.46769108 60816.47624273 14
METOB                60816.53561982 60816.54637572 80
METOB                60816.60729184 60816.61481831 8
METOB                60816.98092317 60816.98515262 2
METOB                60817.04810534 60817.05865241 44
METOB                60817.11785896 60817.12753341 24
METOB                60817.45412803 60817.46151132 9
METOB                60817.52128547 60817.53197122 67
METOB                60817.59201072 60817.60091349 15
METOB                60818.03385018 60818.04397056 29
METOB                60818.10331890 60818.11355253 35
METOB                60818.17458640 60818.17923292 3
METOB                60818.44084007 60818.44660799 5
METOB                60818.50708913 60818.51751345 43
METOB                60818.57703613 60818.58682204 23
METOB                60819.01969342 60819.02910589 19
METOB                60819.08883424 60819.09942619 54
METOB                60819.15949609 60819.16615574 7
METOB                60819.49303460 60819.50300211 29
METOB                60819.56226514 60819.57261424 35
METOB                60820.00567882 60820.01400833 11
