iss                  60833.01892718 60833.02554350 16
iss                  60833.08549946 60833.09286765 35
iss                  60833.15415419 60833.15954448 7
iss                  60833.22342735 60833.22685787 2
iss                  60833.29075532 60833.29612696 7
iss                  60833.35742860 60833.36480620 35
iss                  60833.42473146 60833.43141833 17
iss                  60833.98517143 60833.99064116 8
iss                  60834.05091928 60834.05844143 70
iss                  60834.11909716 60834.12518560 10
iss                  60834.18847958 60834.19212186 2
iss                  60834.25636140 60834.26099400 4
iss                  60834.32304226 60834.33005982 21
iss                  60834.39005283 60834.39732913 32
iss                  60834.95193073 60834.95517972 2
iss                  60835.01648548 60835.02392986 54
iss                  60835.08412211 60835.09081204 15
iss                  60835.15336465 60835.15754856 3
iss                  60835.22187076 60835.22583318 3
iss                  60835.28865960 60835.29515527 13
iss                  60835.35547966 60835.36300187 70
iss                  60835.42376239 60835.42805165 4
iss                  60835.98222245 60835.98930093 26
iss                  60836.04925208 60836.05640454 24
iss                  60836.11818049 60836.12307006 5
iss                  60836.18721899 60836.19073307 2
iss                  60836.25426308 60836.26010979 9
iss                  60836.32096845 60836.32847276 55
iss                  60836.38855357 60836.39455773 10
iss                  60836.94818076 60836.95449818 13
iss                  60837.01450323 60837.02194547 43
iss                  60837.08300565 60837.08862976 8
iss                  60837.15234344 60837.15578907 2
iss                  60837.21983154 60837.22494993 6
iss                  60837.28649212 60837.29376150 29
iss                  60837.35367967 60837.36059496 20
iss                  60837.91448793 60837.91939352 6
iss                  60837.97988991 60837.98741626 88
iss                  60838.04789092 60838.05419161 12
iss                  60838.11724831 60838.12103586 3
iss                  60838.18533336 60838.18971922 4
iss                  60838.25203106 60838.25888212 18
iss                  60838.31896334 60838.32634480 41
iss                  60838.94543149 60838.95279192 41
iss                  60839.01286823 60839.01973170 18
iss                  60839.08201740 60839.08642510 4
iss                  60839.15071834 60839.15448731 3
iss                  60839.21756812 60839.22384855 12
iss                  60839.28433621 60839.29186983 89
iss                  60839.35232461 60839.35731724 6
iss                  60839.91115825 60839.91803425 21
iss                  60839.97795762 60839.98523145 29
iss                  60840.04674719 60840.05188799 6
iss                  60840.11591634 60840.11935160 2
iss                  60840.18308490 60840.18868072 8
iss                  60840.24976134 60840.25719932 43
iss                  60840.31718434 60840.32355241 13
iss                  60840.87713770 60840.88307080 10
iss                  60840.94317430 60840.95067351 55
iss                  60841.01150705 60841.01737501 9
iss                  60841.08087892 60841.08439623 2
iss                  60841.14855703 60841.15341042 5
iss                  60841.21521448 60841.22235056 24
iss                  60841.28229637 60841.28940499 26
iss                  60841.84348945 60841.84770597 4
iss                  60841.90853410 60841.91603711 70
iss                  60841.97634075 60841.98285486 13
iss                  60842.04564335 60842.04962346 3
iss                  60842.11394715 60842.11808975 3
iss                  60842.18067712 60842.18733678 15
iss                  60842.24753791 60842.25499565 54
iss                  60842.31618919 60842.31953897 2
iss                  60842.87405808 60842.88129363 32
iss                  60842.94127538 60842.94830597 21
iss                  60843.01030722 60843.01496911 4
iss                  60843.07919571 60843.08280035 2
iss                  60843.14613180 60843.15217407 10
iss                  60843.21285442 60843.22037235 70
iss                  60843.28059979 60843.28617085 8
iss                  60843.83978699 60843.84639608 16
iss                  60843.90632912 60843.91371025 36
iss                  60843.97496010 60843.98036853 7
iss                  60844.04423189 60844.04764410 2
iss                  60844.11155842 60844.11688568 7
iss                  60844.17821416 60844.18555901 35
iss                  60844.24549248 60844.25217215 17
iss                  60844.80581535 60844.81124645 8
iss                  60844.87151657 60844.87904962 72
iss                  60844.93966190 60844.94577927 10
iss                  60845.00903319 60845.01268194 2
iss                  60845.07692852 60845.08151029 4
iss                  60845.14359521 60845.15057113 20
iss                  60845.21058112 60845.21784683 33
iss                  60845.83685544 60845.84430091 52
iss                  60845.90444983 60845.91117410 16
iss                  60845.97366792 60845.97788406 3
iss                  60846.04219693 60846.04611068 3
iss                  60846.10897971 60846.11542235 13
iss                  60846.17577648 60846.18327961 73
AO-07                60832.90497686 60832.91955767 33
AO-07                60832.98308870 60832.99809572 48
AO-07                60833.06282067 60833.07207034 7
AO-07                60833.28715801 60833.29364905 3
AO-07                60833.35969613 60833.37399910 34
AO-07                60833.43733991 60833.45247833 48
AO-07                60833.52100405 60833.52748062 3
AO-07                60833.86464411 60833.87558793 10
AO-07                60833.94134303 60833.95687803 74
AO-07                60834.02019836 60834.03342975 22
AO-07                60834.32023800 60834.33168600 13
AO-07                60834.39555343 60834.41094664 72
AO-07                60834.47528493 60834.48852993 20
AO-07                60834.90010313 60834.91444314 29
AO-07                60834.97811447 60834.99326725 53
AO-07                60835.05771052 60835.06760312 9
AO-07                60835.28295129 60835.28835317 2
AO-07                60835.35494269 60835.36900215 31
AO-07                60835.43231299 60835.44757941 54
AO-07                60835.51520478 60835.52317741 5
AO-07                60835.86001799 60835.87015593 8
AO-07                60835.93641925 60835.95190817 67
AO-07                60836.01518199 60836.02873881 25
AO-07                60836.31567192 60836.32662403 12
AO-07                60836.39067137 60836.40598989 65
AO-07                60836.47008700 60836.48372884 23
AO-07                60836.89526585 60836.90930367 26
AO-07                60836.97314601 60836.98842119 59
AO-07                60837.05261957 60837.06309979 10
AO-07                60837.35020901 60837.36399946 28
AO-07                60837.42730521 60837.44267184 60
AO-07                60837.50957860 60837.51871703 6
AO-07                60837.85545944 60837.86464331 6
AO-07                60837.93150336 60837.94692037 60
AO-07                60838.01017250 60838.02402672 28
AO-07                60838.31113528 60838.32154919 10
AO-07                60838.38580662 60838.40102763 59
AO-07                60838.46491888 60838.47890866 26
AO-07                60838.89044524 60838.90413720 23
AO-07                60838.96818337 60838.98355782 66
AO-07                60839.04754448 60839.05856426 12
AO-07                60839.34549573 60839.35899075 25
AO-07                60839.42231599 60839.43775629 67
AO-07                60839.50406379 60839.51416043 8
AO-07                60839.85099664 60839.85902049 5
AO-07                60839.92659603 60839.94191417 54
AO-07                60840.00516950 60840.01929443 31
AO-07                60840.08579468 60840.09138172 2
AO-07                60840.30668878 60840.31646132 9
AO-07                60840.38096261 60840.39605997 53
AO-07                60840.45977800 60840.47407199 30
AO-07                60840.88564912 60840.89894100 20
AO-07                60840.96322666 60840.97867729 73
AO-07                60841.04248238 60841.05399922 14
AO-07                60841.34079688 60841.35397542 22
AO-07                60841.41734489 60841.43283329 75
AO-07                60841.49862999 60841.50953625 10
AO-07                60841.84668674 60841.85322791 3
AO-07                60841.92169760 60841.93688899 48
AO-07                60842.00017269 60842.01454254 34
AO-07                60842.08050541 60842.08716566 3
AO-07                60842.30222249 60842.31135224 7
AO-07                60842.37613296 60842.39108703 48
AO-07                60842.45466226 60842.46922075 33
AO-07                60842.88086995 60842.89371206 17
AO-07                60842.95827602 60842.97377967 80
AO-07                60843.03743196 60843.04940680 15
AO-07                60843.33612661 60843.34895323 20
AO-07                60843.41239157 60843.42790331 83
AO-07                60843.49325967 60843.50486144 12
AO-07                60843.91680690 60843.93184411 43
AO-07                60843.99518184 60844.00977162 38
AO-07                60844.07528777 60844.08286156 5
AO-07                60844.29779736 60844.30621906 6
AO-07                60844.37132096 60844.38610862 43
AO-07                60844.44956999 60844.46435652 38
AO-07                60844.87611716 60844.88844604 15
AO-07                60844.95333158 60844.96886498 88
AO-07                60845.03239153 60845.04478875 17
AO-07                60845.33147931 60845.34392343 18
AO-07                60845.40745578 60845.42296674 89
AO-07                60845.48794135 60845.50014684 15
AO-07                60845.91192845 60845.92677870 38
AO-07                60845.99019680 60846.00498212 42
AO-07                60846.07011676 60846.07849389 6
AO-07                60846.29342191 60846.30105468 5
AO-07                60846.36652771 60846.38112495 39
AO-07                60846.44449983 60846.45948076 42
AO-07                60846.87139547 60846.88313755 13
AO-07                60846.94839399 60846.96393314 84
AO-07                60847.02736002 60847.04014651 20
AO-07                60847.32685636 60847.33888524 16
AO-07                60847.40253737 60847.41802392 82
AO-07                60847.48266705 60847.49540001 17
AO-07                60847.90706175 60847.92169161 34
AO-07                60847.98521747 60848.00017457 47
AO-07                60848.06497903 60848.07407588 7
AO-07                60848.28910819 60848.29584673 4
AO-07                60848.36175288 60848.37613581 35
LO-19                60832.93294009 60832.94314359 44
LO-19                60833.00220784 60833.01114700 18
LO-19                60833.33488630 60833.33882152 2
LO-19                60833.39981408 60833.40986749 44
LO-19                60833.46937473 60833.47830584 17
LO-19                60833.91044346 60833.91974080 20
LO-19                60833.97903559 60833.98903332 38
LO-19                60834.37760975 60834.38674022 21
LO-19                60834.44586274 60834.45588122 38
LO-19                60834.88839742 60834.89568995 8
LO-19                60834.95607742 60834.96648798 83
LO-19                60835.02608266 60835.03309467 8
LO-19                60835.35592900 60835.36332522 9
LO-19                60835.42282713 60835.43317268 85
LO-19                60835.49403995 60835.50057717 6
LO-19                60835.93332178 60835.94353769 44
LO-19                60836.00259154 60836.01154010 18
LO-19                60836.33527067 60836.33920884 2
LO-19                60836.40020104 60836.41025303 44
LO-19                60836.46976297 60836.47869039 17
LO-19                60836.91082564 60836.92013441 20
LO-19                60836.97941839 60836.98942535 38
LO-19                60837.37799471 60837.38712498 21
LO-19                60837.44624892 60837.45626517 38
LO-19                60837.88877703 60837.89608401 8
LO-19                60837.95645911 60837.96687904 83
LO-19                60838.02646314 60838.03348581 8
LO-19                60838.35631181 60838.36370936 9
LO-19                60838.42321140 60838.43355585 85
LO-19                60838.49442560 60838.50095898 6
LO-19                60838.93370221 60838.94392791 44
LO-19                60839.00297170 60839.01192961 19
LO-19                60839.33565019 60839.33959350 2
LO-19                60839.40058342 60839.41063540 44
LO-19                60839.47014630 60839.47907195 17
LO-19                60839.91120453 60839.92052402 20
LO-19                60839.97979773 60839.98981365 38
LO-19                60840.37837516 60840.38750661 21
LO-19                60840.44663036 60840.45664603 38
LO-19                60840.88915356 60840.89647382 8
LO-19                60840.95683742 60840.96726624 83
LO-19                60841.02684011 60841.03387339 8
LO-19                60841.35669011 60841.36409046 9
LO-19                60841.42359104 60841.43393591 85
LO-19                60841.49480593 60841.50133821 6
LO-19                60841.93407934 60841.94431415 45
LO-19                60842.00334842 60842.01231540 19
LO-19                60842.33602490 60842.33997552 2
LO-19                60842.40096126 60842.41101466 44
LO-19                60842.47052475 60842.47945059 17
LO-19                60842.91158023 60842.92090948 21
LO-19                60842.98017371 60842.99019809 38
LO-19                60843.37875113 60843.38788514 21
LO-19                60843.44700710 60843.45702385 38
LO-19                60843.88952713 60843.89685923 8
LO-19                60843.95721244 60843.96764946 83
LO-19                60844.02721367 60844.03425728 8
LO-19                60844.35706397 60844.36446854 9
LO-19                60844.42396610 60844.43431288 85
LO-19                60844.49518101 60844.50171490 6
LO-19                60844.93445326 60844.94469628 45
LO-19                60845.00372182 60845.01269736 19
LO-19                60845.33639493 60845.34035489 2
LO-19                60845.40133462 60845.41139081 44
LO-19                60845.47089836 60845.47982632 17
LO-19                60845.91195283 60845.92129068 21
LO-19                60845.98054642 60845.99057857 38
LO-19                60846.37912269 60846.38826058 21
LO-19                60846.44737919 60846.45739866 38
LO-19                60846.88989783 60846.89724009 8
LO-19                60846.95758424 60846.96802859 83
LO-19                60847.02758396 60847.03463732 8
LO-19                60847.35743346 60847.36484359 9
LO-19                60847.42433664 60847.43468679 85
LO-19                60847.49555090 60847.50208906 6
LO-19                60847.93482403 60847.94507418 45
LO-19                60848.00409198 60848.01307534 19
LO-19                60848.33676040 60848.34073155 2
LO-19                60848.40170355 60848.41176388 44
LO-19                60848.47126721 60848.48019917 17
LO-19                60848.91232240 60848.92166748 21
LO-19                60848.98091592 60848.99095495 38
LO-19                60849.37948992 60849.38863294 21
LO-19                60849.44774671 60849.45777045 38
LO-19                60849.89026574 60849.89761625 8
LO-19                60849.95795289 60849.96840351 83
LO-19                60850.02795107 60850.03501337 8
LO-19                60850.35779868 60850.36521560 10
LO-19                60850.42470273 60850.43505762 85
LO-19                60850.49591572 60850.50246067 6
LO-19                60850.93519171 60850.94544774 45
LO-19                60851.00445897 60851.01344923 19
LO-19                60851.33712148 60851.34110539 2
LO-19                60851.40206815 60851.41213384 44
LO-19                60851.47163139 60851.48056911 17
LO-19                60851.91268898 60851.92203978 21
LO-19                60851.98128227 60851.99132714 38
LO-19                60852.37985291 60852.38900218 21
LO-19                60852.44810974 60852.45813921 38
FO-29                60833.05588597 60833.06819634 25
FO-29                60833.12765761 60833.14156804 57
FO-29                60833.20422749 60833.21242776 6
FO-29                60833.59707735 60833.60660235 20
FO-29                60833.66976003 60833.68001678 36
FO-29                60834.02008087 60834.02880976 8
FO-29                60834.08949866 60834.10319605 58
FO-29                60834.16321318 60834.17572605 24
FO-29                60834.56067704 60834.56540404 3
FO-29                60834.63129638 60834.64195119 64
FO-29                60834.70503878 60834.71328219 12
FO-29                60835.05242125 60835.06438976 23
FO-29                60835.12401782 60835.13784031 61
FO-29                60835.20030380 60835.20889121 7
FO-29                60835.59344928 60835.60271448 18
FO-29                60835.66603209 60835.67631798 39
FO-29                60836.01678951 60836.02489008 7
FO-29                60836.08594466 60836.09942698 53
FO-29                60836.15948621 60836.17204218 25
FO-29                60836.62760291 60836.63817005 58
FO-29                60836.70126089 60836.70968027 13
FO-29                60837.04896945 60837.06056962 21
FO-29                60837.12038796 60837.13410187 64
FO-29                60837.19640938 60837.20532543 8
FO-29                60837.58982013 60837.59882114 16
FO-29                60837.66229712 60837.67261912 43
FO-29                60838.01359678 60838.02093749 6
FO-29                60838.08240312 60838.09564722 49
FO-29                60838.15577091 60838.16834575 27
FO-29                60838.62390164 60838.63438846 52
FO-29                60838.69747687 60838.70607688 15
FO-29                60839.04553034 60839.05673564 19
FO-29                60839.11676719 60839.13035317 68
FO-29                60839.19253968 60839.20173448 8
FO-29                60839.58619072 60839.59492244 14
FO-29                60839.65855564 60839.66892114 48
FO-29                60839.73377497 60839.73784761 2
FO-29                60840.01038252 60840.01693970 4
FO-29                60840.07886806 60840.09185704 45
FO-29                60840.15206613 60840.16463751 29
FO-29                60840.62019706 60840.63060718 47
FO-29                60840.69368696 60840.70247266 16
FO-29                60841.04210436 60841.05288745 17
FO-29                60841.11315465 60841.12659469 72
FO-29                60841.18869107 60841.19812167 9
FO-29                60841.58256168 60841.59101785 13
FO-29                60841.65480764 60841.66522425 53
FO-29                60841.72980791 60841.73447446 3
FO-29                60842.00722546 60842.01288307 3
FO-29                60842.07534153 60842.08805676 41
FO-29                60842.14837074 60842.16091827 30
FO-29                60842.61648756 60842.62682625 42
FO-29                60842.68989149 60842.69886811 18
FO-29                60843.03869138 60843.04902450 15
FO-29                60843.10954951 60843.12282693 74
FO-29                60843.18486057 60843.19448933 10
FO-29                60843.57893460 60843.58710688 11
FO-29                60843.65105386 60843.66152883 60
FO-29                60843.72586338 60843.73107168 4
FO-29                60844.00415617 60844.00873669 2
FO-29                60844.07182293 60844.08424645 38
FO-29                60844.14468366 60844.15718878 32
FO-29                60844.61277362 60844.62304607 38
FO-29                60844.68609085 60844.69526388 19
FO-29                60845.03529178 60845.04514618 14
FO-29                60845.10595120 60845.11905041 76
FO-29                60845.18104561 60845.19083987 11
FO-29                60845.57531053 60845.58318884 10
FO-29                60845.64729458 60845.65783517 66
FO-29                60845.72193417 60845.72764759 5
FO-29                60846.06831159 60846.08042670 34
FO-29                60846.14100382 60846.15344979 34
FO-29                60846.60905578 60846.61926651 34
FO-29                60846.68228553 60846.69166002 22
FO-29                60847.03190597 60847.04125160 12
FO-29                60847.10235843 60847.11526569 75
FO-29                60847.17724397 60847.18717517 12
FO-29                60847.57169112 60847.57926255 9
FO-29                60847.64353032 60847.65414371 74
FO-29                60847.71801573 60847.72420758 6
FO-29                60848.06480691 60848.07659773 31
FO-29                60848.13733018 60848.14970206 37
FO-29                60848.60533464 60848.61548781 31
FO-29                60848.67847604 60848.68805702 24
FO-29                60849.02853531 60849.03733914 10
FO-29                60849.09877062 60849.11147335 72
FO-29                60849.17345369 60849.18349691 13
FO-29                60849.56807846 60849.57532674 8
FO-29                60849.63976167 60849.65045413 81
FO-29                60849.71407442 60849.72075753 7
FO-29                60850.06130852 60850.07275986 28
FO-29                60850.13366171 60850.14594638 39
FO-29                60850.60161083 60850.61170987 28
FO-29                60850.67466297 60850.68445509 26
FO-29                60851.02518149 60851.03340715 9
FO-29                60851.09518697 60851.10767378 68
FO-29                60851.16967303 60851.17980662 14
FO-29                60851.56448096 60851.57137951 6
FO-29                60851.63598944 60851.64676684 84
SO-50                60832.97479346 60832.98340074 26
SO-50                60833.04425357 60833.05268659 24
SO-50                60833.56276421 60833.57130024 20
SO-50                60833.63165382 60833.64094972 35
SO-50                60833.70431068 60833.70896992 3
SO-50                60833.91927753 60833.92518600 6
SO-50                60833.98772260 60833.99683464 59
SO-50                60834.05792484 60834.06475855 10
SO-50                60834.57526250 60834.58467687 47
SO-50                60834.64536850 60834.65377666 17
SO-50                60834.93182933 60834.93952111 14
SO-50                60835.00082385 60835.00985673 54
SO-50                60835.52053627 60835.52747190 9
SO-50                60835.58821101 60835.59780774 72
SO-50                60835.65956501 60835.66641013 8
SO-50                60835.94460816 60835.95332102 28
SO-50                60836.01415410 60836.02243075 22
SO-50                60836.53249490 60836.54120150 23
SO-50                60836.60156066 60836.61076284 31
SO-50                60836.67448437 60836.67863622 2
SO-50                60836.88902409 60836.89523815 7
SO-50                60836.95755228 60836.96668803 68
SO-50                60837.02789569 60837.03438532 8
SO-50                60837.54505469 60837.55452739 54
SO-50                60837.61532812 60837.62355735 15
SO-50                60837.90160652 60837.90947842 15
SO-50                60837.97067149 60837.97964274 47
SO-50                60838.49015644 60838.49742351 11
SO-50                60838.55805113 60838.56762208 64
SO-50                60838.62959473 60838.63614586 7
SO-50                60838.91440059 60838.92320540 32
SO-50                60838.98403451 60838.99213723 19
SO-50                60839.50221049 60839.51106782 25
SO-50                60839.57144804 60839.58054597 28
SO-50                60839.85875201 60839.86524725 8
SO-50                60839.92735803 60839.93650638 77
SO-50                60839.99791075 60840.00396179 7
SO-50                60840.44867326 60840.45293750 3
SO-50                60840.51482777 60840.52434631 61
SO-50                60840.58526925 60840.59330744 14
SO-50                60840.87136074 60840.87939806 17
SO-50                60840.94049651 60840.94939338 41
SO-50                60841.45977039 60841.46733189 12
SO-50                60841.52787174 60841.53740612 56
SO-50                60841.59960986 60841.60584726 6
SO-50                60841.81617749 60841.82045831 3
SO-50                60841.88416900 60841.89305436 35
SO-50                60841.95389542 60841.96180554 17
SO-50                60842.47191016 60842.48090024 29
SO-50                60842.54131590 60842.55029915 26
SO-50                60842.82846008 60842.83521469 9
SO-50                60842.89714020 60842.90628984 86
SO-50                60842.96787353 60842.97348524 6
SO-50                60843.41805669 60843.42300783 4
SO-50                60843.48458221 60843.49413395 69
SO-50                60843.55519201 60843.56302676 13
SO-50                60843.84109171 60843.84928063 18
SO-50                60843.91029893 60843.91910842 36
SO-50                60844.42937546 60844.43719924 14
SO-50                60844.49767268 60844.50716002 50
SO-50                60844.56961134 60844.57551321 5
SO-50                60844.78579696 60844.79051925 3
SO-50                60844.85391362 60844.86286783 40
SO-50                60844.92373752 60844.93143497 15
SO-50                60845.44159316 60845.45069905 32
SO-50                60845.51116417 60845.52002240 23
SO-50                60845.79814030 60845.80514417 10
SO-50                60845.86689969 60845.87603854 82
SO-50                60845.93783916 60845.94294857 4
SO-50                60846.38747720 60846.39299556 5
SO-50                60846.45431753 60846.46389059 78
SO-50                60846.52509656 60846.53271522 11
SO-50                60846.81079735 60846.81912658 20
SO-50                60846.88007888 60846.88878814 32
SO-50                60847.39896959 60847.40702773 16
SO-50                60847.46745359 60847.47688389 45
SO-50                60847.53960077 60847.54514186 4
SO-50                60847.75540896 60847.76052493 4
SO-50                60847.82363403 60847.83264624 45
SO-50                60847.89356167 60847.90102502 13
SO-50                60848.41125885 60848.42046498 36
SO-50                60848.48099284 60848.48971554 21
SO-50                60848.76780528 60848.77503142 11
SO-50                60848.83663446 60848.84575260 73
SO-50                60848.90781830 60848.91234149 3
SO-50                60849.35691584 60849.36291756 6
SO-50                60849.42403348 60849.43361647 86
SO-50                60849.49498314 60849.50237226 10
SO-50                60849.78048105 60849.78893636 23
SO-50                60849.84983697 60849.85843222 28
SO-50                60850.36855110 60850.37681875 17
SO-50                60850.43721471 60850.44657784 40
SO-50                60850.50958015 60850.51473125 4
SO-50                60850.72500877 60850.73048106 5
SO-50                60850.79333036 60850.80238982 51
SO-50                60850.86336874 60850.87057426 12
SO-50                60851.38090669 60851.39019854 40
SO-50                60851.45080189 60851.45937890 19
SO-50                60851.73744816 60851.74488008 12
HO-68                60832.87025498 60832.87985057 25
HO-68                60833.22637828 60833.23866027 27
HO-68                60833.30028699 60833.31376007 51
HO-68                60833.37959040 60833.38576199 3
HO-68                60833.78088609 60833.79399533 39
HO-68                60833.85575922 60833.86846183 34
HO-68                60833.93300989 60833.93783897 2
HO-68                60834.21509146 60834.22665352 20
HO-68                60834.28835468 60834.30201067 69
HO-68                60834.36627598 60834.37501163 7
HO-68                60834.76924539 60834.78185240 29
HO-68                60834.84383185 60834.85696592 45
HO-68                60834.92037173 60834.92754261 5
HO-68                60835.20393403 60835.21459166 15
HO-68                60835.27652202 60835.29021620 90
HO-68                60835.35346408 60835.36383958 12
HO-68                60835.75768552 60835.76957397 21
HO-68                60835.83194204 60835.84536968 60
HO-68                60835.90804307 60835.91685110 9
HO-68                60836.19292156 60836.20245650 10
HO-68                60836.26478566 60836.27838148 69
HO-68                60836.34092411 60836.35245819 18
HO-68                60836.74624326 60836.75712816 15
HO-68                60836.82008970 60836.83367675 80
HO-68                60836.89585866 60836.90593058 13
HO-68                60837.18216856 60837.19021292 7
HO-68                60837.25314827 60837.26650911 52
HO-68                60837.32857377 60837.34094508 25
HO-68                60837.73496113 60837.74445570 9
HO-68                60837.80827610 60837.82188804 78
HO-68                60837.88376292 60837.89484058 17
HO-68                60838.17164803 60838.17776758 4
HO-68                60838.24160627 60838.25459970 39
HO-68                60838.31637160 60838.32933920 34
HO-68                60838.72397185 60838.73142419 5
HO-68                60838.79650520 60838.81000169 59
HO-68                60838.87173016 60838.88361131 23
HO-68                60839.23016736 60839.24265146 30
HO-68                60839.30429378 60839.31766278 46
HO-68                60839.78478128 60839.79801261 43
HO-68                60839.85974684 60839.87226080 31
HO-68                60840.21884005 60840.23066040 22
HO-68                60840.29232599 60840.30593003 62
HO-68                60840.37065399 60840.37865017 6
HO-68                60840.77311693 60840.78591124 32
HO-68                60840.84780556 60840.86080071 41
HO-68                60840.92454547 60840.93101255 4
HO-68                60841.20763657 60841.21861832 17
HO-68                60841.28045979 60841.29414993 82
HO-68                60841.35771232 60841.36758453 10
HO-68                60841.76152644 60841.77368195 23
HO-68                60841.83590260 60841.84923837 55
HO-68                60841.91213940 60841.92042758 7
HO-68                60842.19656907 60842.20651027 12
HO-68                60842.26869070 60842.28232819 76
HO-68                60842.34509140 60842.35626276 16
HO-68                60842.75003495 60842.76129810 17
HO-68                60842.82403692 60842.83757843 73
HO-68                60842.89991334 60842.90957703 11
HO-68                60843.18568498 60843.19430754 8
HO-68                60843.25701771 60843.27046811 57
HO-68                60843.33268189 60843.34478895 22
HO-68                60843.73869308 60843.74871257 11
HO-68                60843.81220925 60843.82582268 85
HO-68                60843.88779025 60843.89854113 16
HO-68                60844.17510713 60844.18194795 5
HO-68                60844.24544438 60844.25857096 43
HO-68                60844.32043217 60844.33321134 31
HO-68                60844.72758030 60844.73582791 6
HO-68                60844.80042283 60844.81397024 65
HO-68                60844.87573722 60844.88735741 21
HO-68                60845.23396970 60845.24663583 33
HO-68                60845.30831367 60845.32155698 42
HO-68                60845.71698215 60845.72235248 2
HO-68                60845.78868293 60845.80201721 48
HO-68                60845.86373746 60845.87604712 28
HO-68                60846.22260303 60846.23465958 25
HO-68                60846.29630935 60846.30984198 56
HO-68                60846.37512016 60846.38222176 4
HO-68                60846.77699501 60846.78995586 35
HO-68                60846.85178183 60846.86462360 37
HO-68                60846.92876395 60846.93442585 3
HO-68                60847.21135550 60847.22263560 18
HO-68                60847.28440900 60847.29807695 75
HO-68                60847.36199738 60847.37129824 9
HO-68                60847.76537668 60847.77777261 26
HO-68                60847.83986553 60847.85309596 50
HO-68                60847.91625395 60847.92397405 6
HO-68                60848.20024383 60848.21055168 13
HO-68                60848.27260695 60848.28626861 83
HO-68                60848.34928347 60848.36004771 14
HO-68                60848.75384734 60848.76544558 19
HO-68                60848.82798668 60848.84146929 66
HO-68                60848.90397786 60848.91320215 10
HO-68                60849.18928746 60849.19838506 9
HO-68                60849.26090108 60849.27442102 63
HO-68                60849.33680878 60849.34861881 20
HO-68                60849.74244911 60849.75293642 13
HO-68                60849.81614526 60849.82974647 86
AO-73                60832.87025498 60832.87569932 15
AO-73                60833.24880360 60833.25559634 11
AO-73                60833.31342613 60833.32212604 52
AO-73                60833.80113622 60833.80907177 25
AO-73                60833.86716402 60833.87459507 18
AO-73                60834.24772990 60834.25441775 10
AO-73                60834.31227520 60834.32099136 54
AO-73                60834.80001035 60834.80788081 24
AO-73                60834.86600083 60834.87348150 19
AO-73                60835.24664284 60835.25321933 10
AO-73                60835.31106446 60835.31983502 57
AO-73                60835.79886848 60835.80667072 22
AO-73                60835.86481486 60835.87234342 20
AO-73                60836.24554263 60836.25200088 9
AO-73                60836.30988233 60836.31866395 61
AO-73                60836.79771068 60836.80544140 21
AO-73                60836.86361198 60836.87118740 21
AO-73                60837.24442951 60837.25076219 9
AO-73                60837.30868472 60837.31747464 64
AO-73                60837.79653701 60837.80419276 20
AO-73                60837.86239219 60837.87001344 22
AO-73                60838.24330373 60838.24950301 8
AO-73                60838.30747166 60838.31626706 68
AO-73                60838.37634950 60838.37998201 2
AO-73                60838.79534757 60838.80292465 19
AO-73                60838.86115550 60838.86882151 23
AO-73                60839.24216557 60839.24822308 8
AO-73                60839.30624317 60839.31504138 72
AO-73                60839.37495077 60839.37889340 2
AO-73                60839.79414245 60839.80163726 18
AO-73                60839.85990191 60839.86761163 24
AO-73                60840.24101539 60840.24692213 7
AO-73                60840.30499930 60840.31379719 76
AO-73                60840.37354849 60840.37777439 3
AO-73                60840.79292177 60840.80033005 17
AO-73                60840.85863145 60840.86638372 25
AO-73                60841.23985387 60841.24559952 6
AO-73                60841.30374008 60841.31253449 81
AO-73                60841.37214025 60841.37662728 3
AO-73                60841.79168562 60841.79900306 16
AO-73                60841.85734410 60841.86513779 26
AO-73                60842.23868088 60842.24425518 6
AO-73                60842.30246554 60842.31125361 85
AO-73                60842.37072430 60842.37545388 4
AO-73                60842.79043416 60842.79765616 15
AO-73                60842.85603972 60842.86387381 28
AO-73                60843.23749723 60843.24288839 5
AO-73                60843.30117571 60843.30995435 89
AO-73                60843.36929921 60843.37425550 4
AO-73                60843.78916753 60843.79628918 14
AO-73                60843.85471868 60843.86259178 29
AO-73                60844.23630373 60844.24149854 5
AO-73                60844.29987064 60844.30863669 85
AO-73                60844.36786426 60844.37303299 5
AO-73                60844.78788588 60844.79490198 13
AO-73                60844.85338082 60844.86129166 31
AO-73                60845.23510091 60845.24008490 5
AO-73                60845.29855036 60845.30730061 80
AO-73                60845.36641409 60845.37177995 5
AO-73                60845.78658942 60845.79349432 13
AO-73                60845.85202615 60845.85997343 33
AO-73                60846.23388995 60846.23864630 4
AO-73                60846.29721490 60846.30594609 76
AO-73                60846.36495684 60846.37051177 6
AO-73                60846.78527836 60846.79206598 12
AO-73                60846.85065471 60846.85863705 35
AO-73                60847.23267184 60847.23718162 4
AO-73                60847.29586432 60847.30457310 71
AO-73                60847.36348772 60847.36922148 6
AO-73                60847.78395292 60847.79061671 11
AO-73                60847.84922277 60847.85727947 37
AO-73                60848.23144872 60848.23568913 3
AO-73                60848.29449860 60848.30318162 67
AO-73                60848.36200634 60848.36790949 7
AO-73                60848.78261338 60848.78914623 10
AO-73                60848.84781771 60848.85590677 39
AO-73                60849.23022274 60849.23416638 3
AO-73                60849.29311791 60849.30177163 62
AO-73                60849.36051233 60849.36657633 7
AO-73                60849.78126006 60849.78765420 10
AO-73                60849.84639620 60849.85451583 42
AO-73                60850.22905548 60850.23261020 2
AO-73                60850.29172239 60850.30034312 58
AO-73                60850.35900540 60850.36522196 8
AO-73                60850.77989330 60850.78614025 9
AO-73                60850.84495790 60850.85310661 45
AO-73                60851.29031160 60851.29889604 54
AO-73                60851.35748531 60851.36384691 9
AO-73                60851.77851353 60851.78460396 8
AO-73                60851.84350300 60851.85167907 48
AO-73                60852.28888592 60852.29743036 51
AO-73                60852.35595192 60852.36245132 9
AO-73                60852.77712121 60852.78304486 8
AO-73                60852.84203154 60852.85023317 52
AO-73                60853.28744537 60853.29594606 47
AO-73                60853.35440475 60853.36103540 10
AO-73                60853.77571695 60853.78146212 7
AO-73                60853.84054353 60853.84876885 56
AO-73                60854.28599011 60854.29444312 44
TITA                 60833.08107807 60833.08813528 15
TITA                 60833.14629771 60833.15399000 27
TITA                 60833.52593394 60833.53080611 4
TITA                 60833.58909582 60833.59761614 84
TITA                 60833.65671559 60833.66161685 4
TITA                 60834.07463422 60834.08116508 11
TITA                 60834.13952436 60834.14746275 37
TITA                 60834.52002360 60834.52366117 2
TITA                 60834.58247579 60834.59093585 61
TITA                 60834.64950422 60834.65536561 7
TITA                 60835.06824812 60835.07409633 7
TITA                 60835.13280663 60835.14088582 50
TITA                 60835.57588378 60835.58422158 44
TITA                 60835.64240601 60835.64898402 10
TITA                 60836.06195485 60836.06689299 5
TITA                 60836.12610014 60836.13425723 70
TITA                 60836.19327371 60836.19700969 3
TITA                 60836.56932141 60836.57747266 33
TITA                 60836.63539675 60836.64253137 14
TITA                 60837.05584321 60837.05946322 2
TITA                 60837.11940500 60837.12757727 81
TITA                 60837.18613913 60837.19095395 5
TITA                 60837.56279110 60837.57068750 25
TITA                 60837.62844195 60837.63600625 18
TITA                 60838.11271949 60838.12084540 58
TITA                 60838.17911973 60838.18473754 7
TITA                 60838.55629571 60838.56386335 19
TITA                 60838.62153453 60838.62942747 24
TITA                 60839.10604931 60839.11406015 41
TITA                 60839.17216325 60839.17841359 10
TITA                 60839.54984042 60839.55699614 15
TITA                 60839.61466729 60839.62280211 32
TITA                 60840.09939552 60840.10721892 30
TITA                 60840.16524683 60840.17200558 14
TITA                 60840.54343292 60840.55007870 11
TITA                 60840.60783540 60840.61613508 44
TITA                 60841.09276156 60841.10031764 22
TITA                 60841.15836420 60841.16553325 18
TITA                 60841.53708564 60841.54309966 8
TITA                 60841.60099163 60841.60942644 61
TITA                 60842.08615394 60842.09335039 17
TITA                 60842.15149676 60842.15899034 24
TITA                 60842.53081971 60842.53603798 5
TITA                 60842.59422192 60842.60268481 84
TITA                 60842.66220281 60842.66639113 3
TITA                 60843.07958142 60843.08630738 12
TITA                 60843.14464576 60843.15238911 31
TITA                 60843.52468111 60843.52884801 3
TITA                 60843.58748183 60843.59590803 71
TITA                 60843.65478047 60843.66013163 6
TITA                 60844.07305917 60844.07917327 9
TITA                 60844.13776511 60844.14572963 43
TITA                 60844.58077140 60844.58909648 51
TITA                 60844.64752005 60844.65370557 8
TITA                 60845.06661439 60845.07191993 6
TITA                 60845.13094034 60845.13901968 61
TITA                 60845.57409117 60845.58224976 37
TITA                 60845.64035795 60845.64717596 12
TITA                 60846.06030735 60846.06448504 3
TITA                 60846.12412773 60846.13225700 84
TITA                 60846.19104390 60846.19535965 4
TITA                 60846.56744309 60846.57536659 28
TITA                 60846.63326565 60846.64057101 16
TITA                 60847.11732544 60847.12544144 67
TITA                 60847.18386000 60847.18911210 6
TITA                 60847.56083022 60847.56844452 21
TITA                 60847.62622780 60847.63390587 21
TITA                 60848.11053847 60848.11857193 47
TITA                 60848.17676160 60848.18273340 9
TITA                 60848.55425716 60848.56147988 16
TITA                 60848.61923456 60848.62719020 28
TITA                 60849.10376738 60849.11164630 34
TITA                 60849.16971435 60849.17625915 12
TITA                 60849.54773101 60849.55446605 12
TITA                 60849.61228001 60849.62042997 38
TITA                 60850.09701587 60850.10466101 25
TITA                 60850.16270679 60850.16971360 16
TITA                 60850.54126319 60850.54739276 9
TITA                 60850.60531632 60850.61362606 53
TITA                 60851.09028909 60851.09761069 18
TITA                 60851.15571853 60851.16309300 21
TITA                 60851.53487255 60851.54024118 6
TITA                 60851.59842833 60851.60678755 75
TITA                 60852.08359499 60852.09048674 14
TITA                 60852.14874940 60852.15641044 29
TITA                 60852.52859961 60852.53297200 4
TITA                 60852.59157145 60852.59991272 79
TITA                 60852.65909466 60852.66395377 4
TITA                 60853.07694676 60853.08327588 10
TITA                 60853.14175278 60853.14966726 39
TITA                 60853.58474570 60853.59300223 56
TITA                 60853.65166628 60853.65747860 7
TITA                 60854.07036714 60854.07595449 7
TITA                 60854.13481294 60854.14287181 55
TITA                 60854.57795098 60854.58605589 40
TITA                 60854.64435885 60854.65087808 10
TITA                 60855.06390315 60855.06847414 4
TITA                 60855.12788626 60855.13602216 78
TITA                 60855.19492862 60855.19892859 3
NOAA-15              60832.92779334 60832.93299028 3
NOAA-15              60832.99491999 60833.00542417 63
NOAA-15              60833.06483702 60833.07321807 14
NOAA-15              60833.39748327 60833.40375910 6
NOAA-15              60833.46386706 60833.47443748 64
NOAA-15              60833.53446267 60833.54284734 12
NOAA-15              60833.97694212 60833.98704663 34
NOAA-15              60834.04633600 60834.05587018 24
NOAA-15              60834.44604575 60834.45618026 35
NOAA-15              60834.51553204 60834.52522273 23
NOAA-15              60834.95914833 60834.96836428 18
NOAA-15              60835.02799284 60835.03821808 43
NOAA-15              60835.42849293 60835.43779018 20
NOAA-15              60835.49696661 60835.50735556 42
NOAA-15              60835.94165174 60835.94925776 9
NOAA-15              60836.00977639 60836.02030503 79
NOAA-15              60836.08020842 60836.08714075 8
NOAA-15              60836.41126765 60836.41922144 11
NOAA-15              60836.47868370 60836.48932605 78
NOAA-15              60836.55046992 60836.55696462 6
NOAA-15              60836.92488717 60836.92928375 2
NOAA-15              60836.99168366 60837.00214175 56
NOAA-15              60837.06150579 60837.07012087 15
NOAA-15              60837.39453137 60837.40032752 5
NOAA-15              60837.46065327 60837.47116677 58
NOAA-15              60837.53104074 60837.53970186 14
NOAA-15              60837.97373054 60837.98371347 30
NOAA-15              60838.04303366 60838.05271313 27
NOAA-15              60838.44287493 60838.45288501 32
NOAA-15              60838.51218153 60838.52202305 26
NOAA-15              60838.95597494 60838.96496656 17
NOAA-15              60839.02471130 60839.03501172 48
NOAA-15              60839.09596032 60839.10058251 3
NOAA-15              60839.42537224 60839.43446553 18
NOAA-15              60839.49366719 60839.50412121 47
NOAA-15              60839.93855288 60839.94575775 8
NOAA-15              60840.00651329 60840.01705290 86
NOAA-15              60840.07682457 60840.08410559 9
NOAA-15              60840.40821450 60840.41585233 10
NOAA-15              60840.47542752 60840.48606503 86
NOAA-15              60840.54693565 60840.55389845 7
NOAA-15              60840.98844113 60840.99884322 50
NOAA-15              60841.05817015 60841.06700461 17
NOAA-15              60841.39160492 60841.39685701 4
NOAA-15              60841.45743862 60841.46788166 52
NOAA-15              60841.52762517 60841.53653467 15
NOAA-15              60841.97051434 60841.98036238 27
NOAA-15              60842.03972497 60842.04953941 29
NOAA-15              60842.43970415 60842.44957502 29
NOAA-15              60842.50883234 60842.51880658 28
NOAA-15              60842.95280103 60842.96154704 15
NOAA-15              60843.02142267 60843.03178950 53
NOAA-15              60843.09246132 60843.09767531 4
NOAA-15              60843.42225371 60843.43112425 17
NOAA-15              60843.49036722 60843.50087195 52
NOAA-15              60843.93546628 60843.94222216 6
NOAA-15              60844.00324353 60844.01378511 84
NOAA-15              60844.07344146 60844.08104623 10
NOAA-15              60844.40516918 60844.41246147 9
NOAA-15              60844.47217037 60844.48278986 85
NOAA-15              60844.54342142 60844.55079722 8
NOAA-15              60844.98519016 60844.99552830 45
NOAA-15              60845.05482967 60845.06387010 18
NOAA-15              60845.38877072 60845.39333697 3
NOAA-15              60845.45422395 60845.46458263 47
NOAA-15              60845.52421428 60845.53334738 17
NOAA-15              60845.96729405 60845.97699298 25
NOAA-15              60846.03640982 60846.04634935 32
NOAA-15              60846.43653342 60846.44625024 26
NOAA-15              60846.50548379 60846.51557392 32
NOAA-15              60846.94962743 60846.95810429 13
NOAA-15              60847.01812710 60847.02855164 59
NOAA-15              60847.08898577 60847.09472076 5
NOAA-15              60847.41913768 60847.42776621 15
NOAA-15              60847.48706628 60847.49760833 58
NOAA-15              60847.55980435 60847.56452307 3
NOAA-15              60847.93239764 60847.93864524 5
NOAA-15              60847.99996707 60848.01050165 76
NOAA-15              60848.07005749 60848.07796415 11
NOAA-15              60848.40213350 60848.40904717 7
NOAA-15              60848.46891164 60848.47950073 77
NOAA-15              60848.53992209 60848.54766580 10
NOAA-15              60848.98193566 60848.99219680 40
NOAA-15              60849.05148403 60849.06071759 20
NOAA-15              60849.45100706 60849.46126953 42
NOAA-15              60849.52080709 60849.53014088 19
NOAA-15              60849.96407028 60849.97360480 22
NOAA-15              60850.03308819 60850.04314318 36
NOAA-15              60850.43336282 60850.44291061 24
NOAA-15              60850.50213526 60850.51232566 35
NOAA-15              60850.94645597 60850.95463688 11
NOAA-15              60851.01482493 60851.02529825 66
NOAA-15              60851.08552470 60851.09172790 6
NOAA-15              60851.41602496 60851.42439082 13
NOAA-15              60851.48376402 60851.49433030 65
NOAA-15              60851.55611074 60851.56155078 4
NOAA-15              60851.92936342 60851.93501812 4
NOAA-15              60851.99668430 60852.00720250 68
NOAA-15              60852.06667170 60852.07486078 13
NOAA-18              60833.13293602 60833.14369262 42
NOAA-18              60833.20308734 60833.21284151 22
NOAA-18              60833.53994538 60833.54545007 4
NOAA-18              60833.60634123 60833.61707754 51
NOAA-18              60833.67707859 60833.68639914 17
NOAA-18              60834.12408332 60834.13454800 31
NOAA-18              60834.19398956 60834.20419024 29
NOAA-18              60834.59754862 60834.60804692 38
NOAA-18              60834.66775578 60834.67765881 23
NOAA-18              60835.11527571 60835.12532765 24
NOAA-18              60835.18492472 60835.19546966 37
NOAA-18              60835.58881833 60835.59898607 29
NOAA-18              60835.65852170 60835.66885945 30
NOAA-18              60836.10652419 60836.11602009 18
NOAA-18              60836.17588971 60836.18668465 50
NOAA-18              60836.24759189 60836.25299708 4
NOAA-18              60836.58015572 60836.58989185 22
NOAA-18              60836.64936413 60836.66001276 40
NOAA-18              60837.09784575 60837.10660717 13
NOAA-18              60837.16688302 60837.17783774 66
NOAA-18              60837.23810397 60837.24489893 7
NOAA-18              60837.57156764 60837.58075927 17
NOAA-18              60837.64027528 60837.65112631 54
NOAA-18              60837.71395239 60837.71843877 2
NOAA-18              60838.08927027 60838.09705757 9
NOAA-18              60838.15790423 60838.16893038 86
NOAA-18              60838.22878595 60838.23661393 10
NOAA-18              60838.56306418 60838.57157957 13
NOAA-18              60838.63125023 60838.64220520 73
NOAA-18              60838.70386626 60838.71033633 5
NOAA-18              60839.08085893 60839.08730812 5
NOAA-18              60839.14895442 60839.15996258 71
NOAA-18              60839.21955210 60839.22820175 13
NOAA-18              60839.55466242 60839.56233829 9
NOAA-18              60839.62228610 60839.63325270 85
NOAA-18              60839.69413467 60839.70191370 9
NOAA-18              60840.07279070 60840.07718162 2
NOAA-18              60840.14003546 60840.15093296 53
NOAA-18              60840.21037698 60840.21968988 18
NOAA-18              60840.54639145 60840.55300771 6
NOAA-18              60840.61338165 60840.62427073 64
NOAA-18              60840.68456415 60840.69333285 13
NOAA-18              60841.13114804 60841.14183849 39
NOAA-18              60841.20124683 60841.21109363 23
NOAA-18              60841.53836941 60841.54352635 3
NOAA-18              60841.60453809 60841.61526003 48
NOAA-18              60841.67515592 60841.68464778 18
NOAA-18              60842.12230169 60842.13267405 30
NOAA-18              60842.19215360 60842.20242303 30
NOAA-18              60842.59575465 60842.60622015 36
NOAA-18              60842.66585094 60842.67588990 24
NOAA-18              60843.11350246 60843.12343163 22
NOAA-18              60843.18309249 60843.19368419 40
NOAA-18              60843.58703537 60843.59714952 28
NOAA-18              60843.65663146 60843.66707606 32
NOAA-18              60844.10476253 60844.11409871 16
NOAA-18              60844.17406075 60844.18488143 53
NOAA-18              60844.24565511 60844.25136801 4
NOAA-18              60844.57838509 60844.58804471 21
NOAA-18              60844.64748649 60844.65821686 43
NOAA-18              60845.09610084 60845.10465477 12
NOAA-18              60845.16505714 60845.17601728 70
NOAA-18              60845.23620007 60845.24321939 7
NOAA-18              60845.56981119 60845.57889996 16
NOAA-18              60845.63840897 60845.64931921 58
NOAA-18              60845.71180183 60845.71686254 3
NOAA-18              60846.08755243 60846.09506374 8
NOAA-18              60846.15608159 60846.16709276 87
NOAA-18              60846.22689971 60846.23490017 10
NOAA-18              60846.56132460 60846.56970608 12
NOAA-18              60846.62939448 60846.64038775 78
NOAA-18              60846.70182229 60846.70865470 6
NOAA-18              60847.07919109 60847.08524887 4
NOAA-18              60847.14713527 60847.15810758 66
NOAA-18              60847.21767670 60847.22646111 14
NOAA-18              60847.55294436 60847.56044626 9
NOAA-18              60847.62044054 60847.63142542 80
NOAA-18              60847.69213952 60847.70018401 10
NOAA-18              60848.13822063 60848.14906001 49
NOAA-18              60848.20850886 60848.21792613 19
NOAA-18              60848.54470378 60848.55108871 6
NOAA-18              60848.61154623 60848.62243387 60
NOAA-18              60848.68259900 60848.69157302 14
NOAA-18              60849.12933815 60849.13994659 37
NOAA-18              60849.19938395 60849.20930920 25
NOAA-18              60849.53673557 60849.54155812 3
NOAA-18              60849.60271301 60849.61341359 45
NOAA-18              60849.67321307 60849.68286621 19
NOAA-18              60850.12049849 60850.13076158 28
NOAA-18              60850.19029474 60850.20061933 32
NOAA-18              60850.59394052 60850.60436390 34
NOAA-18              60850.66392549 60850.67409115 26
NOAA-18              60851.11170826 60851.12149627 21
NOAA-18              60851.18123693 60851.19186243 42
NOAA-18              60851.25330928 60851.25763146 2
NOAA-18              60851.58523324 60851.59528283 26
NOAA-18              60851.65472052 60851.66526285 34
NOAA-18              60852.10298102 60852.11213657 15
NOAA-18              60852.17220809 60852.18304220 56
NOAA-19              60833.06888604 60833.07845216 19
NOAA-19              60833.13834815 60833.14893697 44
NOAA-19              60833.21029159 60833.21490774 3
NOAA-19              60833.54244463 60833.55245169 25
NOAA-19              60833.61185510 60833.62246791 36
NOAA-19              60834.06033738 60834.06923762 14
NOAA-19              60834.12948953 60834.14026642 59
NOAA-19              60834.20087614 60834.20706342 5
NOAA-19              60834.53398098 60834.54349508 20
NOAA-19              60834.60290251 60834.61375168 48
NOAA-19              60835.05187843 60835.05990076 10
NOAA-19              60835.12065799 60835.13153654 79
NOAA-19              60835.19167079 60835.19898987 8
NOAA-19              60835.52559455 60835.53449679 15
NOAA-19              60835.59401357 60835.60499977 64
NOAA-19              60835.66702147 60835.67284100 4
NOAA-19              60836.04355593 60836.05039322 6
NOAA-19              60836.11185393 60836.12274774 79
NOAA-19              60836.18256533 60836.19077402 12
NOAA-19              60836.51729846 60836.52544594 11
NOAA-19              60836.58518480 60836.59621589 85
NOAA-19              60836.65734700 60836.66466633 7
NOAA-19              60837.03549165 60837.04059730 3
NOAA-19              60837.10307926 60837.11389918 59
NOAA-19              60837.17352600 60837.18245114 16
NOAA-19              60837.50911356 60837.51632319 8
NOAA-19              60837.57641430 60837.58740240 74
NOAA-19              60837.64787332 60837.65629457 11
NOAA-19              60838.09433415 60838.10498852 44
NOAA-19              60838.16453553 60838.17404031 20
NOAA-19              60838.50108035 60838.50708961 5
NOAA-19              60838.56770183 60838.57856050 55
NOAA-19              60838.63857690 60838.64780158 16
NOAA-19              60839.08562661 60839.09601161 33
NOAA-19              60839.15558404 60839.16555296 27
NOAA-19              60839.49335973 60839.49764390 2
NOAA-19              60839.55904916 60839.56969031 42
NOAA-19              60839.62939201 60839.63922669 21
NOAA-19              60840.07696167 60840.08696191 25
NOAA-19              60840.14666564 60840.15699664 35
NOAA-19              60840.55045593 60840.56079078 32
NOAA-19              60840.62029725 60840.63059037 28
NOAA-19              60841.06834917 60841.07782918 18
NOAA-19              60841.13777685 60841.14837630 46
NOAA-19              60841.20965352 60841.21444954 3
NOAA-19              60841.54192760 60841.55185958 25
NOAA-19              60841.61127951 60841.62190538 37
NOAA-19              60842.05980484 60842.06859713 13
NOAA-19              60842.12891587 60842.13969494 61
NOAA-19              60842.20025759 60842.20657071 6
NOAA-19              60842.53346920 60842.54289249 19
NOAA-19              60842.60233039 60842.61317951 50
NOAA-19              60843.05135439 60843.05923839 9
NOAA-19              60843.12008203 60843.13095426 81
NOAA-19              60843.19105938 60843.19847567 9
NOAA-19              60843.52508947 60843.53388242 14
NOAA-19              60843.59344450 60843.60441839 66
NOAA-19              60843.66634421 60843.67233997 4
NOAA-19              60844.04304928 60844.04969954 6
NOAA-19              60844.11127594 60844.12215456 76
NOAA-19              60844.18195647 60844.19024310 12
NOAA-19              60844.51680246 60844.52481762 10
NOAA-19              60844.58461856 60844.59562558 87
NOAA-19              60844.65669738 60844.66413176 8
NOAA-19              60845.03502915 60845.03984482 3
NOAA-19              60845.10249962 60845.11329483 57
NOAA-19              60845.17291751 60845.18190589 16
NOAA-19              60845.50863085 60845.51567689 7
NOAA-19              60845.57585101 60845.58680330 71
NOAA-19              60845.64723823 60845.65573916 12
NOAA-19              60846.09375316 60846.10437254 42
NOAA-19              60846.16392620 60846.17348221 21
NOAA-19              60846.50061999 60846.50641626 4
NOAA-19              60846.56714136 60846.57795260 53
NOAA-19              60846.63795138 60846.64723057 16
NOAA-19              60847.08504508 60847.09538329 32
NOAA-19              60847.15497320 60847.16498288 28
NOAA-19              60847.55849183 60847.56907350 40
NOAA-19              60847.62877321 60847.63864285 22
NOAA-19              60848.07638065 60848.08632014 24
NOAA-19              60848.14605290 60848.15641515 36
NOAA-19              60848.54990212 60848.56016459 31
NOAA-19              60848.61968348 60848.62999534 29
NOAA-19              60849.06777024 60849.07717229 18
NOAA-19              60849.13716201 60849.14778372 48
NOAA-19              60849.20896892 60849.21396286 3
NOAA-19              60849.54137813 60849.55122367 24
NOAA-19              60849.61066971 60849.62130010 38
NOAA-19              60850.05923056 60850.06792244 13
NOAA-19              60850.12829888 60850.13909151 64
NOAA-19              60850.19959283 60850.20604915 6
NOAA-19              60850.53292514 60850.54224592 18
NOAA-19              60850.60172390 60850.61256473 51
NOAA-19              60851.05078926 60851.05854110 9
NOAA-19              60851.11946300 60851.13034000 84
NOAA-19              60851.19040244 60851.19793211 9
NOAA-19              60851.52455242 60851.53322374 14
NOAA-19              60851.59284091 60851.60379454 69
NOAA-19              60851.66563418 60851.67179342 5
METOA                60833.16555669 60833.17547917 41
METOA                60833.23297114 60833.24178137 19
METOA                60833.62115297 60833.62860607 18
METOA                60833.68802038 60833.69578116 23
METOA                60834.11790351 60834.12424414 6
METOA                60834.18346446 60834.19365722 78
METOA                60834.25143122 60834.25891434 10
METOA                60834.63868370 60834.64686758 37
METOA                60834.70667762 60834.71334604 11
METOA                60835.13507465 60835.14348692 14
METOA                60835.20150039 60835.21157857 56
METOA                60835.27027427 60835.27552743 4
METOA                60835.59176362 60835.59651312 4
METOA                60835.65649293 60835.66496594 79
METOA                60835.72594749 60835.73040578 4
METOA                60836.15264405 60836.16219728 26
METOA                60836.21965957 60836.22924445 30
METOA                60836.60855422 60836.61526420 11
METOA                60836.67460617 60836.68291269 42
METOA                60837.17043049 60837.18056631 49
METOA                60837.23795971 60837.24662781 17
METOA                60837.62582898 60837.63366477 22
METOA                60837.69296539 60837.70067272 20
METOA                60838.12252705 60838.12964571 8
METOA                60838.18836279 60838.19866143 88
METOA                60838.25646367 60838.26365390 9
METOA                60838.64342170 60838.65187038 45
METOA                60838.71169952 60838.71815054 9
METOA                60839.13983435 60839.14869094 17
METOA                60839.20642034 60839.21650476 48
METOA                60839.27542682 60839.28007983 3
METOA                60839.59615750 60839.60175057 6
METOA                60839.66128111 60839.66992180 75
METOA                60839.73117584 60839.73501772 2
METOA                60840.15746355 60840.16728369 31
METOA                60840.22460119 60840.23409093 27
METOA                60840.61310808 60840.62035191 14
METOA                60840.67944290 60840.68782179 35
METOA                60841.11039163 60841.11525792 3
METOA                60841.17528405 60841.18556183 58
METOA                60841.24293048 60841.25138487 15
METOA                60841.63046391 60841.63867895 27
METOA                60841.69785458 60841.70551894 17
METOA                60842.12718545 60842.13489889 10
METOA                60842.19324095 60842.20357670 77
METOA                60842.26148880 60842.26829354 7
METOA                60842.58418125 60842.58790687 2
METOA                60842.64811381 60842.65683222 55
METOA                60842.71668150 60842.72291734 8
METOA                60843.14459154 60843.15378491 20
METOA                60843.21131910 60843.22134268 41
METOA                60843.60056022 60843.60689679 8
METOA                60843.66602174 60843.67483784 64
METOA                60844.16226905 60844.17227191 36
METOA                60844.22952299 60844.23884774 23
METOA                60844.61763383 60844.62538416 17
METOA                60844.68423221 60844.69269091 31
METOA                60845.11484521 60845.12066514 5
METOA                60845.18011892 60845.19046423 68
METOA                60845.24788616 60845.25604734 13
METOA                60845.63506122 60845.64364627 33
METOA                60845.70270362 60845.71032971 15
METOA                60846.13185847 60846.14002056 12
METOA                60846.19809788 60846.20840115 66
METOA                60846.26654874 60846.27281981 6
METOA                60846.58827800 60846.59321468 4
METOA                60846.65276391 60846.66175027 67
METOA                60846.72162682 60846.72763433 7
METOA                60847.14934009 60847.15877199 23
METOA                60847.21619675 60847.22608985 36
METOA                60847.60496032 60847.61196418 11
METOA                60847.67076082 60847.67971466 54
METOA                60848.16705727 60848.17716250 42
METOA                60848.23442559 60848.24351159 20
METOA                60848.62213328 60848.63035998 21
METOA                60848.68897439 60848.69750941 27
METOA                60849.11937442 60849.12587508 6
METOA                60849.18493263 60849.19527307 78
METOA                60849.25282941 60849.26060978 11
METOA                60849.63962471 60849.64856368 40
METOA                60849.70751390 60849.71509359 14
METOA                60850.13653370 60850.14502145 14
METOA                60850.20293232 60850.21313356 56
METOA                60850.27158641 60850.27722379 5
METOA                60850.59250312 60850.59836597 6
METOA                60850.65737756 60850.66662037 76
METOA                60850.72654512 60850.73229320 6
METOA                60851.15407426 60851.16365536 26
METOA                60851.22105207 60851.23074449 31
METOA                60851.60935197 60851.61695807 13
METOA                60851.67541573 60851.68453372 46
METOA                60852.17182668 60852.18195621 48
METOA                60852.23930908 60852.24807945 17
METOA                60852.62660877 60852.63527711 25
METOA                60852.69368566 60852.70228548 24
METOA                60853.12393633 60853.13092917 8
METOA                60853.18972241 60853.19998853 83
METOA                60853.25776339 60853.26506655 9
METOA                60853.58048745 60853.58442659 2
METOB                60833.06274309 60833.07320109 41
METOB                60833.13254354 60833.14198797 21
METOB                60833.46799776 60833.47247161 3
METOB                60833.53358142 60833.54404193 45
METOB                60833.60374818 60833.61311698 18
METOB                60834.04854948 60834.05847709 26
METOB                60834.11794152 60834.12806297 33
METOB                60834.51953439 60834.52950065 29
METOB                60834.58887919 60834.59901455 30
METOB                60835.03449327 60835.04353788 16
METOB                60835.10342341 60835.11396591 52
METOB                60835.17474155 60835.18003458 4
METOB                60835.50566550 60835.51487059 18
METOB                60835.57421072 60835.58478793 48
METOB                60836.02065120 60836.02830289 9
METOB                60836.08898075 60836.09970998 83
METOB                60836.15959687 60836.16690922 8
METOB                60836.49200963 60836.50012317 11
METOB                60836.55971306 60836.57046623 77
METOB                60836.63180567 60836.63834115 6
METOB                60837.00725570 60837.01253892 3
METOB                60837.07461469 60837.08529841 62
METOB                60837.14475921 60837.15339690 14
METOB                60837.47864410 60837.48518874 6
METOB                60837.54537313 60837.55606407 67
METOB                60837.61630842 60837.62469031 12
METOB                60838.06033146 60838.07072428 38
METOB                60838.13006865 60838.13963687 23
METOB                60838.53118966 60838.54158658 42
METOB                60838.60122248 60838.61073559 20
METOB                60839.04615500 60839.05596801 24
METOB                60839.11547928 60839.12568203 35
METOB                60839.51716802 60839.52703074 27
METOB                60839.58638664 60839.59660928 32
METOB                60840.03212437 60840.04098781 15
METOB                60840.10097178 60840.11155791 56
METOB                60840.17215965 60840.17783173 4
METOB                60840.50332871 60840.51238288 17
METOB                60840.57174513 60840.58236463 51
METOB                60841.01832796 60841.02569065 8
METOB                60841.08653944 60841.09727612 87
METOB                60841.15707321 60841.16462694 9
METOB                60841.48971036 60841.49761074 11
METOB                60841.55727152 60841.56802805 83
METOB                60841.62916035 60841.63604668 7
METOB                60842.00505708 60842.00978304 3
METOB                60842.07218465 60842.08283820 57
METOB                60842.14226223 60842.15106868 16
METOB                60842.47640358 60842.48263176 5
METOB                60842.54295469 60842.55361232 62
METOB                60842.61373737 60842.62233113 13
METOB                60843.05791460 60843.06823559 35
METOB                60843.12758815 60843.13727403 24
METOB                60843.52879502 60843.53912132 39
METOB                60843.59869525 60843.60834234 21
METOB                60844.04375630 60844.05344600 22
METOB                60844.11301104 60844.12328980 38
METOB                60844.51479903 60844.52455056 25
METOB                60844.58389133 60844.59419323 34
METOB                60845.02975342 60845.03842245 13
METOB                60845.09851407 60845.10913894 60
METOB                60845.16958346 60845.17560552 5
METOB                60845.50099016 60845.50988431 16
METOB                60845.56927622 60845.57993129 55
METOB                60845.64249317 60845.64694496 2
METOB                60846.01600846 60846.02305713 7
METOB                60846.08409210 60846.09483120 85
METOB                60846.15454691 60846.16232978 10
METOB                60846.48741188 60846.49508529 10
METOB                60846.55482643 60846.56558007 89
METOB                60846.62652300 60846.63373074 8
METOB                60847.06974883 60847.08036666 53
METOB                60847.13976041 60847.14872782 17
METOB                60847.47417021 60847.48005543 5
METOB                60847.54053280 60847.55115083 58
METOB                60847.61116701 60847.61995798 14
METOB                60848.05549264 60848.06573488 33
METOB                60848.12510197 60848.13489960 26
METOB                60848.52639702 60848.53664609 36
METOB                60848.59616614 60848.60593753 23
METOB                60849.04135360 60849.05091083 20
METOB                60849.11053678 60849.12088652 40
METOB                60849.51242773 60849.52206009 23
METOB                60849.58139307 60849.59176677 37
METOB                60850.02738094 60850.03584134 12
METOB                60850.09605030 60850.10670899 65
METOB                60850.16697779 60850.17336080 6
METOB                60850.49865022 60850.50737443 15
METOB                60850.56680387 60850.57748799 60
METOB                60850.63970982 60850.64475068 3
METOB                60851.01369458 60851.02040035 6
METOB                60851.08163898 60851.09237522 79
METOB                60851.15201751 60851.16001806 11
METOB                60851.48511451 60851.49254622 9
METOB                60851.55237790 60851.56312237 85
METOB                60851.62389192 60851.63139540 8
METOB                60852.06730533 60852.07788372 49
METOB                60852.13725361 60852.14637479 18
METOB                60852.47194630 60852.47745724 4
