iss                  60803.37000698 60803.37649750 14
iss                  60803.43689337 60803.44366354 17
iss                  60803.85274509 60803.85909517 13
iss                  60803.91946613 60803.92640885 20
iss                  60804.33694816 60804.34190221 6
iss                  60804.40279261 60804.41015276 40
iss                  60804.81968073 60804.82440496 5
iss                  60804.88539955 60804.89285851 48
iss                  60805.36892118 60805.37639115 72
iss                  60805.43792446 60805.44151464 2
iss                  60805.85155116 60805.85905377 61
iss                  60805.92027379 60805.92437571 3
iss                  60806.33525946 60806.34237979 27
iss                  60806.40292759 60806.40875020 9
iss                  60806.81790591 60806.82499047 24
iss                  60806.88540336 60806.89150043 10
iss                  60807.30180183 60807.30806298 12
iss                  60807.36849546 60807.37541211 20
iss                  60807.78446229 60807.79060608 11
iss                  60807.85102600 60807.85811496 23
iss                  60808.26877189 60808.27325782 4
iss                  60808.33436066 60808.34177050 49
iss                  60808.75147324 60808.75569107 4
iss                  60808.81692498 60808.82443153 59
iss                  60809.30044982 60809.30788018 58
iss                  60809.36911599 60809.37331207 3
iss                  60809.78303687 60809.79049487 49
iss                  60809.85145126 60809.85610477 5
iss                  60810.26675286 60810.27373194 23
iss                  60810.33419801 60810.34030058 11
iss                  60810.74935708 60810.75629037 20
iss                  60810.81663795 60810.82300478 12
iss                  60811.23327655 60811.23925347 10
iss                  60811.29975505 60811.30681166 24
iss                  60811.71589787 60811.72173698 9
iss                  60811.78224624 60811.78946861 28
iss                  60812.20032086 60812.20419069 3
iss                  60812.26558942 60812.27303604 62
iss                  60812.68300739 60812.68653558 2
iss                  60812.74811336 60812.75564869 74
iss                  60813.23164342 60813.23901186 46
iss                  60813.29999045 60813.30473012 5
iss                  60813.71419015 60813.72157455 40
iss                  60813.78230794 60813.78745951 6
iss                  60814.19791854 60814.20471835 19
iss                  60814.26512876 60814.27149938 13
iss                  60814.68045044 60814.68721889 17
iss                  60814.74753429 60814.75415439 15
iss                  60815.16443884 60815.17006024 8
iss                  60815.23067478 60815.23785992 29
iss                  60815.64702647 60815.65247694 7
iss                  60815.71312961 60815.72046711 34
iss                  60816.19648106 60816.20394686 79
iss                  60816.67896762 60816.68650719 86
iss                  60817.16250501 60817.16978291 37
iss                  60817.23054352 60817.23577605 6
iss                  60817.64501452 60817.65228920 32
iss                  60817.71284212 60817.71844383 8
iss                  60818.12872577 60818.13533297 16
iss                  60818.19572135 60818.20234455 16
iss                  60818.61125409 60818.61777138 14
iss                  60818.67809723 60818.68494705 18
iss                  60819.09529998 60819.10047111 6
iss                  60819.16125749 60819.16855419 36
iss                  60819.57786254 60819.58281052 5
iss                  60819.64367859 60819.65110825 43
iss                  60820.12703877 60820.13449998 80
iss                  60820.60949090 60820.61700397 67
iss                  60820.67832212 60820.68217615 3
iss                  60821.09303829 60821.10018941 29
iss                  60821.16077344 60821.16645335 8
iss                  60821.57551399 60821.58263467 25
iss                  60821.64305336 60821.64905962 10
iss                  60822.05924722 60822.06557001 13
iss                  60822.12598037 60822.13283386 19
iss                  60822.54178211 60822.54794086 11
iss                  60822.60832888 60822.61538065 22
iss                  60823.02588056 60823.03046442 5
iss                  60823.09150560 60823.09889202 47
iss                  60823.50843160 60823.51271092 4
iss                  60823.57389627 60823.58138913 57
iss                  60824.05726559 60824.06469190 60
iss                  60824.12595153 60824.13006135 3
iss                  60824.53968656 60824.54713551 50
iss                  60824.60809057 60824.61271165 4
iss                  60825.02324777 60825.03022590 23
iss                  60825.09067985 60825.09676364 11
iss                  60825.50569375 60825.51260524 20
iss                  60825.57294219 60825.57930744 13
iss                  60825.98946017 60825.99541895 10
iss                  60826.05590745 60826.06296491 24
iss                  60826.47193373 60826.47771200 9
iss                  60826.53823040 60826.54545299 28
iss                  60826.95621956 60826.95999943 3
iss                  60827.02142256 60827.02887009 64
iss                  60827.43879054 60827.44211981 2
iss                  60827.50378567 60827.51130678 78
iss                  60827.98716538 60827.99451840 44
iss                  60828.05542841 60828.06027218 5
AO-07                60803.34694725 60803.36209542 58
AO-07                60803.42628918 60803.43883829 18
AO-07                60803.78932450 60803.79916241 8
AO-07                60803.86444672 60803.87995026 86
AO-07                60803.94483169 60803.95537625 10
AO-07                60804.30676623 60804.31941936 18
AO-07                60804.38353493 60804.39866755 57
AO-07                60804.82363038 60804.83777978 30
AO-07                60804.90143294 60804.91608981 38
AO-07                60805.34209344 60805.35709763 51
AO-07                60805.42111719 60805.43417974 21
AO-07                60805.78498056 60805.79371829 6
AO-07                60805.85953421 60805.87500853 77
AO-07                60805.93954044 60805.95088245 12
AO-07                60806.30214674 60806.31422962 15
AO-07                60806.37855001 60806.39379524 65
AO-07                60806.46076053 60806.46734564 3
AO-07                60806.81889487 60806.83267773 26
AO-07                60806.89639485 60806.91128796 43
AO-07                60807.33726061 60807.35208234 45
AO-07                60807.41597627 60807.42948495 24
AO-07                60807.78077815 60807.78814192 4
AO-07                60807.85463970 60807.87004925 68
AO-07                60807.93430072 60807.94632800 15
AO-07                60808.29757497 60808.30900072 13
AO-07                60808.37358282 60808.38890472 74
AO-07                60808.45510177 60808.46322113 5
AO-07                60808.81419058 60808.82754933 22
AO-07                60808.89137580 60808.90646376 49
AO-07                60809.33244958 60809.34704888 39
AO-07                60809.41086275 60809.42475809 28
AO-07                60809.77682114 60809.78232668 2
AO-07                60809.84976378 60809.86507231 60
AO-07                60809.92910276 60809.94172347 18
AO-07                60810.29306083 60810.30372375 10
AO-07                60810.36863312 60810.38399667 83
AO-07                60810.44960813 60810.45892401 7
AO-07                60810.80952161 60810.82239161 19
AO-07                60810.88637498 60810.90161845 56
AO-07                60811.32766214 60811.34199609 34
AO-07                60811.40577386 60811.42000276 32
AO-07                60811.84490771 60811.86007742 52
AO-07                60811.92393981 60811.93707637 21
AO-07                60812.28861828 60812.29838521 8
AO-07                60812.36370130 60812.37907157 87
AO-07                60812.44421781 60812.45451520 9
AO-07                60812.80489272 60812.81719988 16
AO-07                60812.88139184 60812.89675313 64
AO-07                60812.96348010 60812.97019219 3
AO-07                60813.32290023 60813.33692279 30
AO-07                60813.40070749 60813.41522161 37
AO-07                60813.84007108 60813.85506397 46
AO-07                60813.91880704 60813.93239229 24
AO-07                60814.28426962 60814.29296346 6
AO-07                60814.35878708 60814.37412972 77
AO-07                60814.43890073 60814.45002504 12
AO-07                60814.80030448 60814.81196818 13
AO-07                60814.87642602 60814.89186867 73
AO-07                60814.95785356 60814.96606751 5
AO-07                60815.31816624 60815.33182717 26
AO-07                60815.39566206 60815.41041683 43
AO-07                60815.83525603 60815.85003154 40
AO-07                60815.91370089 60815.92767538 28
AO-07                60816.28005659 60816.28741725 4
AO-07                60816.35389112 60816.36917124 68
AO-07                60816.43363957 60816.44547157 14
AO-07                60816.79577887 60816.80668779 11
AO-07                60816.87147731 60816.88696573 82
AO-07                60816.95238334 60816.96177669 7
AO-07                60817.31346351 60817.32670676 22
AO-07                60817.39063635 60817.40559031 49
AO-07                60817.83046431 60817.84497884 35
AO-07                60817.90861866 60817.92292913 32
AO-07                60818.27615209 60818.28165019 2
AO-07                60818.34901513 60818.36419610 60
AO-07                60818.42842328 60818.44086651 17
AO-07                60818.79132345 60818.80134579 9
AO-07                60818.86654607 60818.88204481 88
AO-07                60818.94701198 60818.95737657 10
AO-07                60819.30878859 60819.32155863 19
AO-07                60819.38562949 60819.40074315 56
AO-07                60819.82569752 60819.83990457 30
AO-07                60819.90355831 60819.91815619 37
AO-07                60820.34415722 60820.35920403 52
AO-07                60820.42324435 60820.43621811 20
AO-07                60820.78696001 60820.79592081 6
AO-07                60820.86163202 60820.87710620 79
AO-07                60820.94171103 60820.95289591 12
AO-07                60821.30415994 60821.31637852 16
AO-07                60821.38064086 60821.39587682 64
AO-07                60821.46301543 60821.46924516 3
AO-07                60821.82095821 60821.83480696 26
AO-07                60821.89851831 60821.91335870 42
AO-07                60822.33931998 60822.35419461 46
AO-07                60822.41809745 60822.43153247 24
AO-07                60822.78272722 60822.79037442 4
AO-07                60822.85673583 60822.87215001 70
AO-07                60822.93646397 60822.94835216 14
AO-07                60823.29957746 60823.31116079 13
LO-19                60803.32125743 60803.32908621 11
LO-19                60803.38879055 60803.39893371 44
LO-19                60803.84279258 60803.85230717 26
LO-19                60803.91179898 60803.92073376 18
LO-19                60804.36590512 60804.37628063 73
LO-19                60804.43686982 60804.44273485 5
LO-19                60804.82105131 60804.82854412 10
LO-19                60804.88846626 60804.89856282 47
LO-19                60805.34348148 60805.35318232 28
LO-19                60805.41260696 60805.42149935 17
LO-19                60805.86560896 60805.87588091 67
LO-19                60805.93636862 60805.94247020 6
LO-19                60806.32168525 60806.32951261 11
LO-19                60806.38922280 60806.39935691 43
LO-19                60806.84321207 60806.85273736 26
LO-19                60806.91222190 60806.92115986 18
LO-19                60807.36633502 60807.37670339 73
LO-19                60807.43730755 60807.44314988 5
LO-19                60807.82146659 60807.82897608 10
LO-19                60807.88888677 60807.89898924 47
LO-19                60808.34390919 60808.35360444 28
LO-19                60808.41303852 60808.42191786 17
LO-19                60808.86602712 60808.87630746 68
LO-19                60808.93679001 60808.94289241 6
LO-19                60809.32211060 60809.32993416 11
LO-19                60809.38965142 60809.39977564 43
LO-19                60809.84362755 60809.85316429 26
LO-19                60809.91264048 60809.92158299 18
LO-19                60810.36676131 60810.37712164 73
LO-19                60810.43774155 60810.44356051 5
LO-19                60810.82187776 60810.82940468 10
LO-19                60810.88930311 60810.89941251 47
LO-19                60811.34433333 60811.35402198 28
LO-19                60811.41346633 60811.42233199 17
LO-19                60811.86644125 60811.87673080 68
LO-19                60811.93720675 60811.94331199 6
LO-19                60812.32253252 60812.33035097 11
LO-19                60812.39007610 60812.40018996 43
LO-19                60812.84403912 60812.85358786 26
LO-19                60812.91305482 60812.92200306 18
LO-19                60813.36718386 60813.37753545 73
LO-19                60813.43817167 60813.44396687 5
LO-19                60813.82228542 60813.82982983 10
LO-19                60813.88971540 60813.89983257 46
LO-19                60814.34475377 60814.35443502 28
LO-19                60814.41389025 60814.42274184 17
LO-19                60814.86685147 60814.87715072 68
LO-19                60814.93761903 60814.94372883 6
LO-19                60815.32295085 60815.33076315 11
LO-19                60815.39049710 60815.40059996 43
LO-19                60815.84444691 60815.85400799 26
LO-19                60815.91346507 60815.92242000 18
LO-19                60816.36760255 60816.37794492 73
LO-19                60816.43859772 60816.44436911 5
LO-19                60816.82268948 60816.83025138 10
LO-19                60816.89012376 60816.90024931 46
LO-19                60817.34517038 60817.35484367 28
LO-19                60817.41431014 60817.42314751 17
LO-19                60817.86725789 60817.87756724 68
LO-19                60817.93802700 60817.94414279 6
LO-19                60818.32336545 60818.33117082 11
LO-19                60818.39091410 60818.40100575 43
LO-19                60818.84485105 60818.85442457 26
LO-19                60818.91387136 60818.92283369 18
LO-19                60819.36801727 60819.37835014 74
LO-19                60819.43901950 60819.44476739 5
LO-19                60819.82309009 60819.83066923 10
LO-19                60819.89052831 60819.90066265 46
LO-19                60820.34558305 60820.35524804 28
LO-19                60820.41472588 60820.42354911 17
LO-19                60820.86766064 60820.87798023 68
LO-19                60820.93843085 60820.94455371 6
LO-19                60821.32377619 60821.33157414 11
LO-19                60821.39132697 60821.40140744 43
LO-19                60821.84525166 60821.85483748 26
LO-19                60821.91427383 60821.92324402 18
LO-19                60822.36842789 60822.37875123 74
LO-19                60822.43943683 60822.44516187 5
LO-19                60822.82348739 60822.83108321 10
LO-19                60822.89092913 60822.90107246 46
LO-19                60823.34599165 60823.35564825 28
LO-19                60823.41513732 60823.42394677 17
LO-19                60823.86805987 60823.87838957 68
LO-19                60823.93883076 60823.94496145 6
LO-19                60824.32418292 60824.33197323 11
LO-19                60824.39173560 60824.40180514 43
LO-19                60824.84564886 60824.85524661 26
LO-19                60824.91467260 60824.92365087 18
LO-19                60825.36883429 60825.37914832 74
LO-19                60825.43984953 60825.44555273 5
LO-19                60825.82388150 60825.83149320 10
LO-19                60825.89132660 60825.90147864 46
LO-19                60826.34639606 60826.35604443 28
LO-19                60826.41554434 60826.42434061 17
LO-19                60826.86845555 60826.87879513 68
LO-19                60826.93922689 60826.94536582 6
LO-19                60827.32458553 60827.33236825 11
LO-19                60827.39213987 60827.40219897 43
LO-19                60827.84604275 60827.85565182 27
FO-29                60803.51359251 60803.52141559 8
FO-29                60803.58439004 60803.59610076 59
FO-29                60803.99498385 60804.00191226 4
FO-29                60804.06434429 60804.07778454 69
FO-29                60804.13901032 60804.14849147 10
FO-29                60804.54648115 60804.55751286 33
FO-29                60804.61978021 60804.62977234 18
FO-29                60805.02687749 60805.03887156 23
FO-29                60805.09913698 60805.11207140 40
FO-29                60805.51027220 60805.51734132 6
FO-29                60805.58075296 60805.59233570 65
FO-29                60805.99164711 60805.99796076 3
FO-29                60806.06061440 60806.07417484 64
FO-29                60806.13503212 60806.14514413 12
FO-29                60806.54293894 60806.55364818 29
FO-29                60806.61604822 60806.62611068 19
FO-29                60807.02325925 60807.03516858 21
FO-29                60807.09532644 60807.10854369 44
FO-29                60807.50700024 60807.51321293 5
FO-29                60807.57711567 60807.58856384 70
FO-29                60807.98838620 60807.99394021 3
FO-29                60808.05689815 60808.07055615 60
FO-29                60808.13108636 60808.14176729 14
FO-29                60808.53940048 60808.54977366 26
FO-29                60808.61231772 60808.62243934 21
FO-29                60809.01965995 60809.03145308 19
FO-29                60809.09153105 60809.10500441 49
FO-29                60809.50380098 60809.50900516 3
FO-29                60809.57347775 60809.58478593 75
FO-29                60809.64940930 60809.65430129 3
FO-29                60810.05319623 60810.06692768 56
FO-29                60810.12716911 60810.13836465 16
FO-29                60810.53586617 60810.54588928 23
FO-29                60810.60858782 60810.61875965 23
FO-29                60811.01608055 60811.02772346 18
FO-29                60811.08775079 60811.10145325 54
FO-29                60811.56983906 60811.58100267 75
FO-29                60811.64541454 60811.65090571 4
FO-29                60812.04950927 60812.06328863 51
FO-29                60812.12327752 60812.13493837 19
FO-29                60812.53233682 60812.54199480 20
FO-29                60812.60485777 60812.61507282 26
FO-29                60813.01252279 60813.02397801 16
FO-29                60813.08398563 60813.09788987 59
FO-29                60813.56619835 60813.57721476 71
FO-29                60813.64145794 60813.64746290 5
FO-29                60814.04583699 60814.05963819 48
FO-29                60814.11940948 60814.13149027 21
FO-29                60814.52881292 60814.53808983 17
FO-29                60814.60112697 60814.61137998 28
FO-29                60815.00898835 60815.02021477 15
FO-29                60815.08023563 60815.09431390 64
FO-29                60815.15675432 60815.16295983 3
FO-29                60815.56255655 60815.57342284 65
FO-29                60815.63752794 60815.64398501 6
FO-29                60816.04218076 60816.05597553 44
FO-29                60816.11556336 60816.12802160 23
FO-29                60816.52529613 60816.53417354 15
FO-29                60816.59739503 60816.60768223 31
FO-29                60817.00547920 60817.01643155 13
FO-29                60817.07650082 60817.09072494 70
FO-29                60817.15256770 60817.15985816 5
FO-29                60817.55891334 60817.56962750 58
FO-29                60817.63361729 60817.64048019 7
FO-29                60818.03854107 60818.05229985 41
FO-29                60818.11173784 60818.12453322 26
FO-29                60818.52178759 60818.53024509 13
FO-29                60818.59366132 60818.60398036 35
FO-29                60819.00199760 60819.01262591 12
FO-29                60819.07278147 60819.08712271 76
FO-29                60819.14847707 60819.15666158 6
FO-29                60819.55526873 60819.56582939 51
FO-29                60819.62972102 60819.63695405 8
FO-29                60820.03491805 60820.04861033 37
FO-29                60820.10793188 60820.12102601 28
FO-29                60820.51828961 60820.52630293 11
FO-29                60820.58992575 60820.60027560 39
FO-29                60820.99854632 60821.00879447 11
FO-29                60821.06907715 60821.08350679 82
FO-29                60821.14445387 60821.15339717 7
FO-29                60821.55162291 60821.56202869 45
FO-29                60821.62583592 60821.63341080 9
FO-29                60822.03131241 60822.04490613 35
FO-29                60822.10414460 60822.11750019 31
FO-29                60822.51480502 60822.52234497 9
FO-29                60822.58618838 60822.59656858 44
FO-29                60822.99512937 60823.00493376 9
FO-29                60823.06538811 60823.07987667 87
FO-29                60823.14048244 60823.15008008 9
FO-29                60823.54797612 60823.55822616 40
FO-29                60823.62195937 60823.62985380 11
FO-29                60824.02772469 60824.04118640 32
FO-29                60824.10037521 60824.11395633 34
FO-29                60824.51133759 60824.51836802 7
FO-29                60824.58244893 60824.59286010 50
FO-29                60824.99175046 60825.00103863 8
FO-29                60825.06171434 60825.07623239 84
FO-29                60825.13655302 60825.14671916 10
FO-29                60825.54432874 60825.55442196 35
SO-50                60803.28328300 60803.28984833 8
SO-50                60803.35145276 60803.36028405 37
SO-50                60803.78961637 60803.79780748 15
SO-50                60803.85843998 60803.86755955 27
SO-50                60804.29548047 60804.30397471 26
SO-50                60804.36527248 60804.37273004 13
SO-50                60804.80211293 60804.81158461 41
SO-50                60804.87252497 60804.87980969 10
SO-50                60805.30830853 60805.31740865 82
SO-50                60805.74781367 60805.75349528 5
SO-50                60805.81513145 60805.82481791 67
SO-50                60806.25319220 60806.26017493 10
SO-50                60806.32162443 60806.33033224 31
SO-50                60806.75958799 60806.76805673 18
SO-50                60806.82864286 60806.83757791 24
SO-50                60807.26550355 60807.27415900 30
SO-50                60807.33554764 60807.34266133 11
SO-50                60807.77216562 60807.78172898 49
SO-50                60807.84285667 60807.84969252 8
SO-50                60808.27839769 60808.28750331 84
SO-50                60808.71763269 60808.72390272 6
SO-50                60808.78524761 60808.79488257 57
SO-50                60809.22310258 60809.23044513 12
SO-50                60809.29178156 60809.30034127 27
SO-50                60809.72954976 60809.73825999 21
SO-50                60809.79883294 60809.80755618 20
SO-50                60810.23551248 60810.24430208 36
SO-50                60810.30582044 60810.31254181 9
SO-50                60810.74220256 60810.75183469 57
SO-50                60810.81319524 60810.81951576 6
SO-50                60811.18147885 60811.18583195 3
SO-50                60811.24847035 60811.25756007 71
SO-50                60811.68744065 60811.69423042 8
SO-50                60811.75534640 60811.76490994 48
SO-50                60812.19300870 60812.20066339 15
SO-50                60812.26192475 60812.27031066 23
SO-50                60812.69950030 60812.70841941 24
SO-50                60812.76901120 60812.77749375 18
SO-50                60813.20550631 60813.21440527 42
SO-50                60813.27609519 60813.28236675 7
SO-50                60813.71222326 60813.72190238 68
SO-50                60813.78363080 60813.78926886 5
SO-50                60814.15115156 60814.15626692 4
SO-50                60814.21852653 60814.22757915 59
SO-50                60814.65725840 60814.66449337 10
SO-50                60814.72542908 60814.73490004 41
SO-50                60815.16290772 60815.17083347 17
SO-50                60815.23205467 60815.24023976 20
SO-50                60815.66943814 60815.67853642 27
SO-50                60815.73917889 60815.74738931 15
SO-50                60816.17548442 60816.18446904 50
SO-50                60816.24637886 60816.25212905 6
SO-50                60816.68222741 60816.69193254 79
SO-50                60816.75402853 60816.75893791 3
SO-50                60817.12086810 60817.12660053 6
SO-50                60817.18856596 60817.19756069 49
SO-50                60817.62707818 60817.63469885 12
SO-50                60817.69549588 60817.70485279 35
SO-50                60818.13279601 60818.14095771 20
SO-50                60818.20217249 60818.21012769 17
SO-50                60818.63936206 60818.64861251 32
SO-50                60818.70933759 60818.71724138 13
SO-50                60819.14544622 60819.15449428 60
SO-50                60819.21676439 60819.22181645 4
SO-50                60819.58558969 60819.58987834 3
SO-50                60819.65221468 60819.66192558 87
SO-50                60819.72449291 60819.72848933 2
SO-50                60820.09062470 60820.09685822 7
SO-50                60820.15859024 60820.16750473 42
SO-50                60820.59689533 60820.60485160 14
SO-50                60820.66554712 60820.67476800 30
SO-50                60821.10267268 60821.11103822 23
SO-50                60821.17227932 60821.17997319 14
SO-50                60821.60927104 60821.61864878 37
SO-50                60821.67948937 60821.68704800 11
SO-50                60822.11539125 60822.12448156 72
SO-50                60822.18712091 60822.19140951 3
SO-50                60822.55514409 60822.56027459 4
SO-50                60822.62218475 60822.63188182 76
SO-50                60823.06036706 60823.06704632 9
SO-50                60823.12859691 60823.13741102 35
SO-50                60823.56670668 60823.57495556 16
SO-50                60823.63558304 60823.64464538 26
SO-50                60824.07253597 60824.08107662 27
SO-50                60824.14237684 60824.14977492 12
SO-50                60824.57916437 60824.58864616 43
SO-50                60824.64963679 60824.65680615 9
SO-50                60825.08531919 60825.09443135 85
SO-50                60825.52475393 60825.53055837 5
SO-50                60825.59213776 60825.60180151 65
SO-50                60826.03011200 60826.03717619 11
SO-50                60826.09858744 60826.10727978 30
SO-50                60826.53650770 60826.54501340 18
SO-50                60826.60560435 60826.61448450 23
SO-50                60827.04238473 60827.05107421 31
SO-50                60827.11246721 60827.11953037 10
SO-50                60827.54904137 60827.55860540 50
SO-50                60827.61978393 60827.62651220 8
SO-50                60828.05522979 60828.06434402 82
HO-68                60803.19884081 60803.21146231 32
HO-68                60803.27349929 60803.28594487 28
HO-68                60803.69260387 60803.70473616 25
HO-68                60803.76682742 60803.77968967 36
HO-68                60804.18745374 60804.19930840 22
HO-68                60804.26142074 60804.27448142 41
HO-68                60804.68136135 60804.69245485 17
HO-68                60804.75482981 60804.76814463 51
HO-68                60805.17628635 60805.18698940 15
HO-68                60805.24945122 60805.26289270 58
HO-68                60805.67035025 60805.67996180 10
HO-68                60805.74293549 60805.75648401 73
HO-68                60805.82088709 60805.82734924 4
HO-68                60806.16538147 60806.17443653 9
HO-68                60806.23758631 60806.25119550 82
HO-68                60806.31517795 60806.32261507 5
HO-68                60806.65974140 60806.66710517 5
HO-68                60806.73113950 60806.74471844 81
HO-68                60806.80789317 60806.81693068 9
HO-68                60807.15496773 60807.16144207 4
HO-68                60807.22582278 60807.23939825 73
HO-68                60807.30233069 60807.31199503 11
HO-68                60807.71944405 60807.73285153 57
HO-68                60807.79534061 60807.80602939 15
HO-68                60808.21416488 60808.22750287 51
HO-68                60808.28984190 60808.30098445 17
HO-68                60808.70785682 60808.72088034 40
HO-68                60808.78302186 60808.79485917 22
HO-68                60809.20262154 60809.21550443 36
HO-68                60809.27756334 60809.28973830 25
HO-68                60809.69639502 60809.70879365 28
HO-68                60809.77086207 60809.78350219 32
HO-68                60810.19121374 60810.20338979 25
HO-68                60810.26543513 60810.27832344 36
HO-68                60810.68508868 60810.69656838 19
HO-68                60810.75882622 60810.77200052 46
HO-68                60811.17997553 60811.19113112 17
HO-68                60811.25342814 60811.26677499 51
HO-68                60811.67399124 60811.68415746 12
HO-68                60811.74689703 60811.76037781 65
HO-68                60811.82546754 60811.83056729 2
HO-68                60812.16897169 60812.17867184 11
HO-68                60812.24152829 60812.25511351 73
HO-68                60812.31961807 60812.32599436 4
HO-68                60812.66321118 60812.67145362 7
HO-68                60812.73506700 60812.74864738 89
HO-68                60812.81217536 60812.82045879 7
HO-68                60813.15834001 60813.16587304 5
HO-68                60813.22973004 60813.24334989 81
HO-68                60813.30656549 60813.31559085 9
HO-68                60813.65313315 60813.65808547 2
HO-68                60813.72333629 60813.73681507 65
HO-68                60813.79950726 60813.80968642 12
HO-68                60814.21803563 60814.23148822 58
HO-68                60814.29397989 60814.30468745 15
HO-68                60814.71171003 60814.72488022 45
HO-68                60814.78711932 60814.79859607 19
HO-68                60815.20645111 60815.21952615 40
HO-68                60815.28163901 60815.29351161 22
HO-68                60815.70020253 60815.71283477 32
HO-68                60815.77490969 60815.78729715 28
HO-68                60816.19499387 60816.20745344 28
HO-68                60816.26946396 60816.28214907 32
HO-68                60816.68883810 60816.70066046 22
HO-68                60816.76283349 60816.77584182 40
HO-68                60817.18369247 60817.19524853 19
HO-68                60817.25741793 60817.27064331 45
HO-68                60817.67766061 60817.68832047 14
HO-68                60817.75086862 60817.76425862 58
HO-68                60818.17259771 60818.18286762 13
HO-68                60818.24548261 60818.25901871 65
HO-68                60818.32422375 60818.32920954 2
HO-68                60818.66674983 60818.67573581 9
HO-68                60818.73900447 60818.75256410 81
HO-68                60818.81652052 60818.82391680 5
HO-68                60819.16180856 60819.17021218 7
HO-68                60819.23364982 60819.24728909 90
HO-68                60819.31085054 60819.31913219 7
HO-68                60819.65634586 60819.66268350 4
HO-68                60819.72723897 60819.74076641 73
HO-68                60819.80370404 60819.81330680 10
HO-68                60820.15166671 60820.15695896 2
HO-68                60820.22191922 60820.23546075 65
HO-68                60820.29814602 60820.30835882 12
HO-68                60820.71557553 60820.72886713 51
HO-68                60820.79123572 60820.80230848 17
HO-68                60821.21029615 60821.22353359 46
HO-68                60821.28573429 60821.29726249 19
HO-68                60821.70402488 60821.71686085 36
HO-68                60821.77897113 60821.79107364 25
HO-68                60822.19879302 60822.21150037 32
HO-68                60822.27350832 60822.28595718 28
HO-68                60822.69260738 60822.70473360 25
HO-68                60822.76685199 60822.77966785 36
HO-68                60823.18743417 60823.19934413 22
HO-68                60823.26142114 60823.27449670 40
HO-68                60823.68135894 60823.69245611 17
HO-68                60823.75485000 60823.76812634 51
HO-68                60824.17626057 60824.18703062 15
AO-73                60803.20331739 60803.20864098 6
AO-73                60803.26763844 60803.27574623 36
AO-73                60803.70240492 60803.70794270 6
AO-73                60803.76666001 60803.77517737 42
AO-73                60804.20269887 60804.20797686 5
AO-73                60804.26700378 60804.27513345 38
AO-73                60804.70183791 60804.70724455 5
AO-73                60804.76602246 60804.77454658 44
AO-73                60805.20210459 60805.20728435 5
AO-73                60805.26634128 60805.27450372 39
AO-73                60805.70125812 60805.70652481 5
AO-73                60805.76536837 60805.77389802 45
AO-73                60806.20149644 60806.20657184 5
AO-73                60806.26566181 60806.27385698 41
AO-73                60806.70066604 60806.70578306 5
AO-73                60806.76469754 60806.77323169 47
AO-73                60807.20087474 60807.20583927 5
AO-73                60807.26496547 60807.27319319 43
AO-73                60807.70006199 60807.70501892 4
AO-73                60807.76401014 60807.77254756 49
AO-73                60808.20023987 60808.20508597 4
AO-73                60808.26425230 60808.27251229 44
AO-73                60808.69944660 60808.70423160 4
AO-73                60808.76330606 60808.77184561 51
AO-73                60809.19959213 60809.20431170 4
AO-73                60809.26352237 60809.27181423 47
AO-73                60809.69882057 60809.70342052 4
AO-73                60809.76258537 60809.77112584 53
AO-73                60810.19893234 60810.20351597 4
AO-73                60810.26277574 60810.27109896 49
AO-73                60810.69818476 60810.70258477 3
AO-73                60810.76184805 60810.77038822 55
AO-73                60811.19826092 60811.20269820 3
AO-73                60811.26201247 60811.27036641 51
AO-73                60811.69754029 60811.70172319 3
AO-73                60811.76109413 60811.76963274 57
AO-73                60812.19757820 60812.20185772 3
AO-73                60812.26123264 60812.26961654 54
AO-73                60812.69688864 60812.70083421 3
AO-73                60812.76032362 60812.76885939 60
AO-73                60813.19688534 60813.20099365 3
AO-73                60813.26043631 60813.26884928 56
AO-73                60813.69623181 60813.69991589 2
AO-73                60813.75953654 60813.76806814 63
AO-73                60814.19618336 60814.20010490 3
AO-73                60814.25962354 60814.26806457 59
AO-73                60814.75873289 60814.76725898 66
AO-73                60815.19547363 60815.19919016 2
AO-73                60815.25879441 60815.26726236 62
AO-73                60815.75791269 60815.76643190 69
AO-73                60816.25794898 60816.26644258 66
AO-73                60816.75707593 60816.76558688 72
AO-73                60817.25708731 60817.26560516 69
AO-73                60817.75622275 60817.76472390 76
AO-73                60818.25620949 60818.26475005 73
AO-73                60818.75535306 60818.76384294 80
AO-73                60819.25531554 60819.26387718 77
AO-73                60819.75446527 60819.76294398 83
AO-73                60820.25440566 60820.26298647 81
AO-73                60820.75356245 60820.76202701 85
AO-73                60821.25347971 60821.26207787 85
AO-73                60821.75264319 60821.76109200 84
AO-73                60822.25253656 60822.26115130 88
AO-73                60822.75170752 60822.76013894 81
AO-73                60823.25157882 60823.26020670 86
AO-73                60823.75075549 60823.75916779 77
AO-73                60824.25060529 60824.25924400 82
AO-73                60824.74978711 60824.75817854 73
AO-73                60825.24961608 60825.25826312 78
AO-73                60825.74880244 60825.75717115 68
AO-73                60826.24861124 60826.25726399 73
AO-73                60826.74780152 60826.75614560 64
AO-73                60827.24759085 60827.25624653 69
AO-73                60827.74678438 60827.75510184 60
AO-73                60827.81492162 60827.81835616 2
AO-73                60828.24655498 60828.25521067 65
AO-73                60828.31473259 60828.31846929 2
AO-73                60828.74575107 60828.75403986 56
AO-73                60828.81373426 60828.81745294 2
AO-73                60829.24550372 60829.25415634 61
AO-73                60829.31352066 60829.31757745 3
AO-73                60829.74470166 60829.75295960 53
AO-73                60829.81254024 60829.81652175 3
AO-73                60830.24443713 60830.25308344 58
AO-73                60830.31230478 60830.31665536 3
AO-73                60830.74363620 60830.75186104 49
AO-73                60830.81133767 60830.81556467 3
AO-73                60831.24335529 60831.25199190 54
AO-73                60831.31108258 60831.31570559 4
AO-73                60831.74255475 60831.75074411 46
AO-73                60831.81012518 60831.81458292 4
AO-73                60832.24225827 60832.25088164 51
AO-73                60832.30985241 60832.31472973 4
AO-73                60832.74145738 60832.74960878 43
AO-73                60832.80890175 60832.81357759 4
AO-73                60833.24114618 60833.24975256 48
AO-73                60833.30861304 60833.31372885 5
AO-73                60833.74034415 60833.74845499 40
AO-73                60833.80766660 60833.81254949 5
TITA                 60803.51569115 60803.52339745 26
TITA                 60803.58191676 60803.58793462 9
TITA                 60804.01211376 60804.01974259 21
TITA                 60804.07792177 60804.08467963 12
TITA                 60804.50956219 60804.51692298 19
TITA                 60804.57526959 60804.58197771 13
TITA                 60805.00603265 60805.01320780 15
TITA                 60805.07135807 60805.07863787 17
TITA                 60805.50348479 60805.51037844 14
TITA                 60805.56869211 60805.57592523 18
TITA                 60806.00001339 60806.00659077 11
TITA                 60806.06484503 60806.07251754 23
TITA                 60806.49747440 60806.50374878 9
TITA                 60806.56216644 60806.56979551 24
TITA                 60806.99408102 60806.99986699 7
TITA                 60807.05833032 60807.06632683 32
TITA                 60807.49156037 60807.49700540 6
TITA                 60807.55564105 60807.56359688 34
TITA                 60807.98828785 60807.99298421 4
TITA                 60808.05189211 60808.06007860 45
TITA                 60808.48580754 60808.49008324 3
TITA                 60808.54919240 60808.55734186 49
TITA                 60809.04548564 60809.05377373 65
TITA                 60809.54277672 60809.55103137 73
TITA                 60810.03910770 60810.04741435 84
TITA                 60810.53639054 60810.54466748 78
TITA                 60811.03276090 60811.04100103 58
TITA                 60811.10042560 60811.10398022 2
TITA                 60811.53003700 60811.53825062 53
TITA                 60811.59752979 60811.60146624 3
TITA                 60812.02644605 60812.03453270 40
TITA                 60812.09334180 60812.09831540 5
TITA                 60812.52371684 60812.53177967 36
TITA                 60812.59048103 60812.59573917 6
TITA                 60813.02016667 60813.02800654 28
TITA                 60813.08647253 60813.09240512 8
TITA                 60813.51743381 60813.52525164 26
TITA                 60813.58361936 60813.58979714 9
TITA                 60814.01392891 60814.02141739 20
TITA                 60814.07972001 60814.08636095 12
TITA                 60814.51119405 60814.51866126 19
TITA                 60814.57686630 60814.58373172 13
TITA                 60815.00774204 60815.01475610 14
TITA                 60815.07303525 60815.08020790 17
TITA                 60815.50500779 60815.51199911 14
TITA                 60815.57017802 60815.57756311 18
TITA                 60816.00162220 60816.00800759 10
TITA                 60816.06640387 60816.07397352 23
TITA                 60816.49889092 60816.50524969 10
TITA                 60816.56354192 60816.57131676 25
TITA                 60816.99559862 60817.00114301 7
TITA                 60817.05977293 60817.06766693 32
TITA                 60817.49287411 60817.49838322 6
TITA                 60817.55690647 60817.56500068 36
TITA                 60817.98973626 60817.99409704 4
TITA                 60818.05322008 60818.06130099 46
TITA                 60818.48702566 60818.49133142 3
TITA                 60818.55034892 60818.55862748 52
TITA                 60819.04670062 60819.05487687 68
TITA                 60819.54382537 60819.55219783 77
TITA                 60820.04021096 60820.04839669 80
TITA                 60820.53733252 60820.54571363 74
TITA                 60821.03375450 60821.04186082 54
TITA                 60821.10132432 60821.10492981 2
TITA                 60821.53087380 60821.53917511 50
TITA                 60821.59817928 60821.60256305 4
TITA                 60822.02733219 60822.03526790 37
TITA                 60822.09413602 60822.09913650 5
TITA                 60822.52445032 60822.53258083 35
TITA                 60822.59107257 60822.59666624 7
TITA                 60823.02094817 60823.02861449 26
TITA                 60823.08716268 60823.09310967 8
TITA                 60823.51806630 60823.52592734 25
TITA                 60823.58412607 60823.59058108 10
TITA                 60824.01460965 60824.02189441 18
TITA                 60824.08029529 60824.08693507 12
TITA                 60824.51172896 60824.51920859 18
TITA                 60824.57727954 60824.58438130 15
TITA                 60825.00832773 60825.01509676 13
TITA                 60825.07350046 60825.08065924 17
TITA                 60825.50544912 60825.51241387 13
TITA                 60825.57049379 60825.57808197 20
TITA                 60826.00212230 60826.00820266 9
TITA                 60826.06675944 60826.07430182 24
TITA                 60826.49924612 60826.50552507 9
TITA                 60826.56375861 60826.57170692 28
TITA                 60826.99603143 60827.00117422 5
TITA                 60827.06001977 60827.06787185 34
TITA                 60827.49315629 60827.49850632 6
TITA                 60827.55702309 60827.56526259 40
TITA                 60827.99015157 60827.99391381 3
TITA                 60828.05335906 60828.06138166 51
TITA                 60828.48726832 60828.49126842 3
TITA                 60828.55036617 60828.55876106 58
TITA                 60829.04673148 60829.05483226 76
TITA                 60829.54374274 60829.55220247 85
TITA                 60830.04013792 60830.04822544 71
TITA                 60830.53715361 60830.54558821 66
TITA                 60831.03357855 60831.04156109 47
NOAA-15              60803.37868819 60803.38671325 11
NOAA-15              60803.44661256 60803.45689276 43
NOAA-15              60803.90269002 60803.91259709 30
NOAA-15              60803.97224422 60803.98118400 17
NOAA-15              60804.36228669 60804.36709901 3
NOAA-15              60804.42840565 60804.43896371 90
NOAA-15              60804.50038178 60804.50509450 3
NOAA-15              60804.88527510 60804.89389656 14
NOAA-15              60804.95363679 60804.96369524 34
NOAA-15              60805.41047601 60805.42076231 43
NOAA-15              60805.48068713 60805.48870403 11
NOAA-15              60805.86849612 60805.87459516 5
NOAA-15              60805.93534615 60805.94585976 72
NOAA-15              60806.39286306 60806.40226717 21
NOAA-15              60806.46183975 60806.47144336 24
NOAA-15              60806.91732686 60806.92773944 55
NOAA-15              60806.98798206 60806.99518732 8
NOAA-15              60807.37570502 60807.38335850 10
NOAA-15              60807.44338521 60807.45376509 49
NOAA-15              60807.89959922 60807.90933112 26
NOAA-15              60807.96895173 60807.97812786 19
NOAA-15              60808.42522425 60808.43578617 80
NOAA-15              60808.49680198 60808.50233248 4
NOAA-15              60808.88226229 60808.89055251 13
NOAA-15              60808.95040279 60808.96056937 39
NOAA-15              60809.40734202 60809.41753585 38
NOAA-15              60809.47732726 60809.48570726 13
NOAA-15              60809.86566862 60809.87106808 4
NOAA-15              60809.93215750 60809.94268065 82
NOAA-15              60810.38979069 60810.39898075 19
NOAA-15              60810.45856000 60810.46835691 27
NOAA-15              60810.91418256 60810.92451055 48
NOAA-15              60810.98456587 60810.99222032 10
NOAA-15              60811.37273889 60811.37997103 8
NOAA-15              60811.44015797 60811.45061967 56
NOAA-15              60811.89650971 60811.90604501 23
NOAA-15              60811.96566119 60811.97504901 22
NOAA-15              60812.42204279 60812.43259161 71
NOAA-15              60812.49328322 60812.49949025 5
NOAA-15              60812.87925972 60812.88718010 11
NOAA-15              60812.94716730 60812.95742495 44
NOAA-15              60813.40420937 60813.41429110 34
NOAA-15              60813.47397677 60813.48268233 15
NOAA-15              60813.86290990 60813.86745346 3
NOAA-15              60813.92896663 60813.93948427 88
NOAA-15              60814.00081840 60814.00564277 3
NOAA-15              60814.38672457 60814.39567203 17
NOAA-15              60814.45528228 60814.46525026 31
NOAA-15              60814.91103704 60814.92126377 42
NOAA-15              60814.98119204 60814.98921750 11
NOAA-15              60815.36979524 60815.37654539 7
NOAA-15              60815.43693076 60815.44745667 64
NOAA-15              60815.89342240 60815.90273820 21
NOAA-15              60815.96237151 60815.97194885 24
NOAA-15              60816.41886017 60816.42937965 62
NOAA-15              60816.48980413 60816.49658887 7
NOAA-15              60816.87627068 60816.88377649 9
NOAA-15              60816.94392998 60816.95426266 50
NOAA-15              60817.40107886 60817.41102759 30
NOAA-15              60817.47063415 60817.47963104 17
NOAA-15              60817.92577355 60817.93627085 78
NOAA-15              60817.99725128 60818.00283078 4
NOAA-15              60818.38366594 60818.39233962 15
NOAA-15              60818.45200648 60818.46212374 35
NOAA-15              60818.90789054 60818.91799924 37
NOAA-15              60818.97782678 60818.98618535 13
NOAA-15              60819.36688208 60819.37307357 5
NOAA-15              60819.43370372 60819.44427559 73
NOAA-15              60819.89033831 60819.89940999 18
NOAA-15              60819.95908184 60819.96882843 27
NOAA-15              60820.41567899 60820.42614969 55
NOAA-15              60820.48635311 60820.49364003 8
NOAA-15              60820.87329888 60820.88033759 8
NOAA-15              60820.94069029 60820.95108285 57
NOAA-15              60821.39795126 60821.40774440 27
NOAA-15              60821.46729767 60821.47655510 19
NOAA-15              60821.92257846 60821.93304039 69
NOAA-15              60821.99373440 60821.99994679 6
NOAA-15              60822.38061706 60822.38898121 13
NOAA-15              60822.44873192 60822.45897752 39
NOAA-15              60822.90474342 60822.91471665 33
NOAA-15              60822.97446759 60822.98312648 15
NOAA-15              60823.36401213 60823.36954287 4
NOAA-15              60823.43047710 60823.44107653 82
NOAA-15              60823.88725860 60823.89605919 16
NOAA-15              60823.95579172 60823.96568864 31
NOAA-15              60824.41249877 60824.42290168 48
NOAA-15              60824.48289170 60824.49065362 10
NOAA-15              60824.87035076 60824.87685745 6
NOAA-15              60824.93744826 60824.94788598 65
NOAA-15              60825.39482747 60825.40444060 24
NOAA-15              60825.46396622 60825.47345526 22
NOAA-15              60825.91937910 60825.92979341 61
NOAA-15              60825.99025033 60825.99700870 7
NOAA-15              60826.37758049 60826.38559426 11
NOAA-15              60826.44545855 60826.45581200 45
NOAA-15              60826.90159618 60826.91141580 29
NOAA-15              60826.97111240 60826.98004295 17
NOAA-15              60827.36120682 60827.36593066 3
NOAA-18              60803.52060141 60803.52787888 8
NOAA-18              60803.58850505 60803.59926357 60
NOAA-18              60804.04890982 60804.05908615 28
NOAA-18              60804.11887296 60804.12849962 20
NOAA-18              60804.51257063 60804.51812313 4
NOAA-18              60804.57953506 60804.59037817 85
NOAA-18              60804.65229512 60804.65694735 3
NOAA-18              60805.04027834 60805.04987480 20
NOAA-18              60805.10967121 60805.11987130 29
NOAA-18              60805.57063140 60805.58142757 68
NOAA-18              60805.64236287 60805.64907606 6
NOAA-18              60806.03175887 60806.04055834 14
NOAA-18              60806.10055058 60806.11115219 40
NOAA-18              60806.56179375 60806.57241180 48
NOAA-18              60806.63275317 60806.64083683 11
NOAA-18              60807.02339247 60807.03109851 9
NOAA-18              60807.09150071 60807.10235482 57
NOAA-18              60807.55302996 60807.56332754 34
NOAA-18              60807.62335624 60807.63239748 16
NOAA-18              60808.01526678 60808.02140884 5
NOAA-18              60808.08251632 60808.09348678 80
NOAA-18              60808.15539014 60808.15980043 2
NOAA-18              60808.54434909 60808.55416727 24
NOAA-18              60808.61408380 60808.62382427 23
NOAA-18              60809.07359604 60809.08455177 73
NOAA-18              60809.14541037 60809.15201013 6
NOAA-18              60809.53576801 60809.54491686 17
NOAA-18              60809.60490639 60809.61514858 32
NOAA-18              60810.06473970 60810.07555034 51
NOAA-18              60810.13578313 60810.14381667 10
NOAA-18              60810.52731460 60810.53555004 11
NOAA-18              60810.59580825 60810.60638846 45
NOAA-18              60811.05595385 60811.06647994 36
NOAA-18              60811.12637530 60811.13541155 15
NOAA-18              60811.51904484 60811.52601416 7
NOAA-18              60811.58678054 60811.59755458 65
NOAA-18              60812.04724675 60812.05733361 26
NOAA-18              60812.11709372 60812.12686618 22
NOAA-18              60812.51109811 60812.51616970 3
NOAA-18              60812.57781976 60812.58865316 89
NOAA-18              60812.65033331 60812.65547978 3
NOAA-18              60813.03863325 60813.04809918 18
NOAA-18              60813.10790725 60813.11821390 31
NOAA-18              60813.56892422 60813.57968673 63
NOAA-18              60813.64049361 60813.64750555 7
NOAA-18              60814.03013837 60814.03875376 13
NOAA-18              60814.09879922 60814.10947404 43
NOAA-18              60814.56009758 60814.57065475 44
NOAA-18              60814.63092328 60814.63921662 12
NOAA-18              60815.02180839 60815.02925314 8
NOAA-18              60815.08976050 60815.10065781 61
NOAA-18              60815.55134554 60815.56155305 31
NOAA-18              60815.62155046 60815.63074452 17
NOAA-18              60816.01375078 60816.01949115 4
NOAA-18              60816.08078669 60816.09177187 86
NOAA-18              60816.15339140 60816.15837395 3
NOAA-18              60816.54267919 60816.55237300 22
NOAA-18              60816.61229467 60816.62214608 24
NOAA-18              60817.07187723 60817.08281928 68
NOAA-18              60817.14352245 60817.15046149 7
NOAA-18              60817.53411727 60817.54309863 16
NOAA-18              60817.60313004 60817.61344956 34
NOAA-18              60818.06303196 60818.07379996 48
NOAA-18              60818.13394004 60818.14221169 11
NOAA-18              60818.52569139 60818.53370028 10
NOAA-18              60818.59404256 60818.60467124 49
NOAA-18              60819.05425895 60819.06471046 34
NOAA-18              60819.12455939 60819.13376975 17
NOAA-18              60819.51746699 60819.52411525 6
NOAA-18              60819.58502459 60819.59582072 70
NOAA-18              60820.04556720 60820.05554322 24
NOAA-18              60820.11529671 60820.12519603 23
NOAA-18              60820.50962458 60820.51416214 2
NOAA-18              60820.57607306 60820.58690334 83
NOAA-18              60820.64835930 60820.65396744 4
NOAA-18              60821.03697325 60821.04628402 17
NOAA-18              60821.10612484 60821.11652039 33
NOAA-18              60821.56718704 60821.57792105 59
NOAA-18              60821.63856840 60821.64590781 8
NOAA-18              60822.02850535 60822.03690685 12
NOAA-18              60822.09702897 60822.10775984 46
NOAA-18              60822.55837105 60822.56887253 41
NOAA-18              60822.62906354 60822.63756990 13
NOAA-18              60823.02021739 60823.02735983 7
NOAA-18              60823.08800128 60823.09892465 66
NOAA-18              60823.54963147 60823.55975317 29
NOAA-18              60823.61971374 60823.62906617 19
NOAA-18              60824.01224449 60824.01750871 3
NOAA-18              60824.07903812 60824.09002059 88
NOAA-18              60824.15140840 60824.15687634 4
NOAA-18              60824.54098105 60824.55055285 21
NOAA-18              60824.61047432 60824.62044330 26
NOAA-18              60825.07013859 60825.08105006 63
NOAA-18              60825.14159620 60825.14886890 8
NOAA-18              60825.53243939 60825.54125362 14
NOAA-18              60825.60132252 60825.61172636 37
NOAA-18              60826.06130585 60826.07201229 45
NOAA-18              60826.13208211 60826.14056582 12
NOAA-18              60826.52404367 60826.53182143 9
NOAA-19              60803.51935218 60803.53005093 48
NOAA-19              60803.59030904 60803.59846879 11
NOAA-19              60803.98114272 60803.98879046 9
NOAA-19              60804.04925317 60804.06004210 56
NOAA-19              60804.51074393 60804.52113746 34
NOAA-19              60804.58107977 60804.59018944 16
NOAA-19              60804.97317206 60804.97926870 5
NOAA-19              60805.04043275 60805.05133331 79
NOAA-19              60805.11337260 60805.11758074 2
NOAA-19              60805.50221548 60805.51215071 25
NOAA-19              60805.57197121 60805.58177932 23
NOAA-19              60806.03167466 60806.04255898 74
NOAA-19              60806.10353455 60806.10997083 6
NOAA-19              60806.49378238 60806.50307780 17
NOAA-19              60806.56295518 60806.57326906 32
NOAA-19              60807.02297864 60807.03371971 52
NOAA-19              60807.09406352 60807.10194374 10
NOAA-19              60807.48546971 60807.49389523 12
NOAA-19              60807.55401626 60807.56467622 45
NOAA-19              60808.01435098 60808.02481295 37
NOAA-19              60808.08481397 60808.09370233 15
NOAA-19              60808.47732670 60808.48455707 8
NOAA-19              60808.54514609 60808.55601116 64
NOAA-19              60809.00579947 60809.01583258 26
NOAA-19              60809.07569085 60809.08532022 21
NOAA-19              60809.46946735 60809.47494986 4
NOAA-19              60809.53634074 60809.54728003 89
NOAA-19              60809.60890911 60809.61403335 3
NOAA-19              60809.99733819 60810.00676669 19
NOAA-19              60810.06666241 60810.07683153 29
NOAA-19              60810.52759972 60810.53848559 66
NOAA-19              60810.59922273 60810.60623379 7
NOAA-19              60810.98899034 60810.99759396 13
NOAA-19              60811.05771153 60811.06825555 41
NOAA-19              60811.51892293 60811.52962765 46
NOAA-19              60811.58980825 60811.59811707 11
NOAA-19              60811.98079960 60811.98827341 8
NOAA-19              60812.04882892 60812.05960418 58
NOAA-19              60812.51031831 60812.52070286 33
NOAA-19              60812.58059053 60812.58981675 17
NOAA-19              60812.97286243 60812.97870936 4
NOAA-19              60813.04000980 60813.05088393 82
NOAA-19              60813.11282137 60813.11727021 2
NOAA-19              60813.50179468 60813.51170380 24
NOAA-19              60813.57148928 60813.58139016 24
NOAA-19              60814.03125327 60814.04209822 72
NOAA-19              60814.10303254 60814.10959886 6
NOAA-19              60814.49336838 60814.50261691 17
NOAA-19              60814.56247833 60814.57286588 33
NOAA-19              60815.02255892 60815.03324733 50
NOAA-19              60815.09357839 60815.10154275 10
NOAA-19              60815.48506595 60815.49341722 12
NOAA-19              60815.55354325 60815.56426032 47
NOAA-19              60816.01393393 60816.02432840 36
NOAA-19              60816.08433747 60816.09328145 15
NOAA-19              60816.47694001 60816.48405538 7
NOAA-19              60816.54467640 60816.55558343 66
NOAA-19              60817.00538643 60817.01533465 25
NOAA-19              60817.07521929 60817.08488342 22
NOAA-19              60817.46911679 60817.47440543 3
NOAA-19              60817.53587397 60817.54684089 89
NOAA-19              60817.60831094 60817.61373052 4
NOAA-19              60817.99693133 60818.00625347 18
NOAA-19              60818.06619386 60818.07638094 30
NOAA-19              60818.52713518 60818.53803514 64
NOAA-19              60818.59864233 60818.60587728 8
NOAA-19              60818.98859377 60818.99706183 12
NOAA-19              60819.05724492 60819.06779246 42
NOAA-19              60819.51846275 60819.52916568 45
NOAA-19              60819.58927559 60819.59772789 12
NOAA-19              60819.98042035 60819.98771501 8
NOAA-19              60820.04836384 60820.05912935 60
NOAA-19              60820.50986246 60820.52022879 32
NOAA-19              60820.58006937 60820.58940649 18
NOAA-19              60820.97252103 60820.97810432 4
NOAA-19              60821.03954603 60821.05039774 85
NOAA-19              60821.11222962 60821.11692206 3
NOAA-19              60821.50134454 60821.51121651 23
NOAA-19              60821.57097561 60821.58096307 25
NOAA-19              60822.03079108 60822.04160074 69
NOAA-19              60822.10248732 60822.10919214 6
NOAA-19              60822.49292616 60822.50211448 16
NOAA-19              60822.56197001 60822.57242423 34
NOAA-19              60823.02209853 60823.03273830 48
NOAA-19              60823.09305008 60823.10110727 11
NOAA-19              60823.48463561 60823.49289597 11
NOAA-19              60823.55303911 60823.56380552 48
NOAA-19              60824.01347637 60824.02380717 34
NOAA-19              60824.08381798 60824.09282596 16
NOAA-19              60824.47652960 60824.48350754 7
NOAA-19              60824.54417589 60824.55511626 69
NOAA-19              60825.00493312 60825.01480003 24
NOAA-19              60825.07470491 60825.08441199 22
NOAA-19              60825.46875008 60825.47380698 3
NOAA-19              60825.53537684 60825.54636175 86
NOAA-19              60825.60768893 60825.61338166 4
NOAA-19              60825.99648463 60826.00570338 17
NOAA-19              60826.06568266 60826.07589577 31
NOAA-19              60826.52664148 60826.53754407 61
METOA                60803.60857964 60803.61796919 75
METOA                60804.05194944 60804.05704117 4
METOA                60804.11690823 60804.12596088 57
METOA                60804.56096279 60804.56791573 10
METOA                60804.62685528 60804.63584423 34
METOA                60805.06874873 60805.07635915 14
METOA                60805.13529494 60805.14374050 25
METOA                60805.57826044 60805.58669903 23
METOA                60805.64550948 60805.65336182 15
METOA                60806.08620999 60806.09503045 31
METOA                60806.15401257 60806.16108987 11
METOA                60806.59599014 60806.60508007 51
METOA                60806.66468755 60806.67028871 5
METOA                60807.10403700 60807.11333753 71
METOA                60807.17352026 60807.17759778 3
METOA                60807.54947297 60807.55396905 3
METOA                60807.61403769 60807.62315730 62
METOA                60808.05666762 60808.06295321 7
METOA                60808.12215459 60808.13133995 46
METOA                60808.56613179 60808.57333494 12
METOA                60808.63243145 60808.64093229 27
METOA                60809.07372643 60809.08199236 18
METOA                60809.14060477 60809.14901067 21
METOA                60809.58353921 60809.59199136 27
METOA                60809.65115722 60809.65829685 12
METOA                60810.09129776 60810.10053147 39
METOA                60810.15943344 60810.16622252 9
METOA                60810.60134170 60810.61027819 63
METOA                60810.67066071 60810.67485954 3
METOA                60811.10919768 60811.11874011 80
METOA                60811.55438921 60811.55953627 5
METOA                60811.61945480 60811.62826345 48
METOA                60812.06146987 60812.06869123 10
METOA                60812.12737697 60812.13664988 38
METOA                60812.57127305 60812.57866260 14
METOA                60812.63792839 60812.64592746 21
METOA                60813.07870837 60813.08753067 23
METOA                60813.14589962 60813.15421378 18
METOA                60813.58877630 60813.59720513 32
METOA                60813.65679833 60813.66311257 8
METOA                60814.09637212 60814.10595391 50
METOA                60814.16485259 60814.17126142 7
METOA                60814.60664694 60814.61540079 76
METOA                60815.04961950 60815.05495416 4
METOA                60815.11433788 60815.12406886 70
METOA                60815.55931910 60815.56497137 6
METOA                60815.62482647 60815.63329238 37
METOA                60816.06631515 60816.07429492 13
METOA                60816.13261500 60816.14188258 32
METOA                60816.57637619 60816.58390976 17
METOA                60816.64338886 60816.65083457 16
METOA                60817.08368988 60817.09297698 29
METOA                60817.15118100 60817.15933512 15
METOA                60817.59396490 60817.60234751 40
METOA                60817.66245018 60817.66779125 5
METOA                60818.10143344 60818.11129536 63
METOA                60818.17028715 60818.17618874 6
METOA                60818.61190199 60818.62045392 73
METOA                60819.05423098 60819.06071779 7
METOA                60819.11946159 60819.12931933 58
METOA                60819.56423488 60819.57030402 8
METOA                60819.63014910 60819.63824807 29
METOA                60820.07118403 60820.07978144 17
METOA                60820.13776747 60820.14703997 27
METOA                60820.58143332 60820.58908540 20
METOA                60820.64881368 60820.65565351 12
METOA                60821.08866816 60821.09833162 36
METOA                60821.15645630 60821.16436582 13
METOA                60821.59909977 60821.60742507 50
METOA                60821.66815696 60821.67228968 3
METOA                60822.10648373 60822.11655275 77
METOA                60822.17576327 60822.18097700 4
METOA                60822.61709990 60822.62544274 57
METOA                60823.05893343 60823.06629500 9
METOA                60823.12457133 60823.13448690 48
METOA                60823.56912088 60823.57555234 10
METOA                60823.63546106 60823.64313756 23
METOA                60824.07606554 60824.08515908 21
METOA                60824.14294404 60824.15210797 23
METOA                60824.58643837 60824.59419772 25
METOA                60824.65420118 60824.66037558 9
METOA                60825.09364082 60825.10359402 44
METOA                60825.16173403 60825.16929547 10
METOA                60825.60417701 60825.61244375 65
METOA                60826.04716669 60826.05229437 4
METOA                60826.11152146 60826.12172291 84
METOA                60826.18133159 60826.18557326 2
METOA                60826.55725051 60826.56153057 3
METOA                60826.62223964 60826.63037232 44
METOA                60827.06368426 60827.07172554 12
METOA                60827.12966932 60827.13956699 40
METOA                60827.57396700 60827.58072883 12
METOA                60827.64067759 60827.64795863 18
METOA                60828.08095253 60828.09043190 26
METOA                60828.14811391 60828.15708252 19
METOA                60828.59138797 60828.59925284 30
METOA                60828.65956955 60828.66500852 6
METOA                60829.09860688 60829.10876298 55
METOA                60829.16702489 60829.17411074 8
METOB                60803.47224751 60803.48167219 20
METOB                60803.54137439 60803.55121073 26
METOB                60803.99860768 60804.00918661 56
METOB                60804.06953617 60804.07687179 8
METOB                60804.45860769 60804.46667415 11
METOB                60804.52672083 60804.53717388 45
METOB                60804.98449725 60804.99460331 32
METOB                60805.05437371 60805.06337931 17
METOB                60805.44548297 60805.45119785 4
METOB                60805.51225230 60805.52294613 81
METOB                60805.97060683 60805.97981092 18
METOB                60806.03955373 60806.04954067 29
METOB                60806.49795565 60806.50854825 57
METOB                60806.56897607 60806.57620690 8
METOB                60806.95703300 60806.96472171 9
METOB                60807.02494530 60807.03546855 51
METOB                60807.48384172 60807.49397821 32
METOB                60807.55377154 60807.56272501 16
METOB                60807.94408379 60807.94903412 3
METOB                60808.01051239 60808.02120785 89
METOB                60808.08265027 60808.08758581 3
METOB                60808.46994787 60808.47920751 19
METOB                60808.53892644 60808.54888871 28
METOB                60808.99624690 60809.00677420 51
METOB                60809.06697103 60809.07464911 9
METOB                60809.45636472 60809.46415526 10
METOB                60809.52430206 60809.53481833 50
METOB                60809.98216558 60809.99215987 29
METOB                60810.05189741 60810.06108707 18
METOB                60810.44337012 60810.44855199 3
METOB                60810.50985922 60810.52056212 88
METOB                60810.58216088 60810.58687793 3
METOB                60810.96831428 60810.97732773 17
METOB                60811.03711274 60811.04720601 32
METOB                60811.49558802 60811.50613686 52
METOB                60811.56639580 60811.57398750 9
METOB                60811.95480510 60811.96217486 8
METOB                60812.02253140 60812.03310123 56
METOB                60812.48150355 60812.49153697 30
METOB                60812.55128390 60812.56043317 18
METOB                60812.94203869 60812.94630459 2
METOB                60813.00812307 60813.01881190 83
METOB                60813.07998747 60813.08548365 4
METOB                60813.46764871 60813.47672839 17
METOB                60813.53647624 60813.54655387 31
METOB                60813.99388284 60814.00434970 47
METOB                60814.06444017 60814.07240351 11
METOB                60814.45412770 60814.46161655 9
METOB                60814.52188024 60814.53245113 54
METOB                60814.97983178 60814.98970359 27
METOB                60815.04941969 60815.05878012 20
METOB                60815.44129550 60815.44585354 3
METOB                60815.50746296 60815.51816655 85
METOB                60815.57946817 60815.58479235 4
METOB                60815.96602221 60815.97482954 15
METOB                60816.03466853 60816.04485878 34
METOB                60816.49321772 60816.50371371 48
METOB                60816.56385072 60816.57174413 10
METOB                60816.95258534 60816.95960537 7
METOB                60817.02011373 60817.03072217 61
METOB                60817.47916381 60817.48908302 27
METOB                60817.54879586 60817.55812631 19
METOB                60818.00573008 60818.01640435 76
METOB                60818.07735116 60818.08333868 5
METOB                60818.46535027 60818.47423458 16
METOB                60818.53402369 60818.54420630 34
METOB                60818.99151559 60819.00191346 43
METOB                60819.06191192 60819.07013926 12
METOB                60819.45189856 60819.45905622 8
METOB                60819.51945544 60819.53007186 60
METOB                60819.97749628 60819.98723431 24
METOB                60820.04694012 60820.05645911 22
METOB                60820.50506377 60820.51575929 78
METOB                60820.57680833 60820.58265791 5
METOB                60820.96373127 60820.97231549 14
METOB                60821.03222119 60821.04249915 38
METOB                60821.49084517 60821.50127833 44
METOB                60821.56130999 60821.56948130 11
METOB                60821.95037630 60821.95701068 6
METOB                60822.01769227 60822.02833148 67
METOB                60822.47682287 60822.48661601 25
METOB                60822.54630708 60822.55580496 21
METOB                60823.00333345 60823.01398528 70
METOB                60823.07473300 60823.08115882 6
METOB                60823.46305347 60823.47172499 14
METOB                60823.53156872 60823.54184599 37
METOB                60823.98914525 60823.99946522 39
METOB                60824.05938499 60824.06785744 13
METOB                60824.44967966 60824.45647176 7
METOB                60824.51702786 60824.52768069 65
METOB                60824.97515897 60824.98475181 22
METOB                60825.04445835 60825.05412448 24
METOB                60825.50266180 60825.51334020 72
METOB                60825.57417128 60825.58048498 6
METOB                60825.96144226 60825.96978494 12
METOB                60826.02977020 60826.04012749 41
METOB                60826.48847014 60826.49883089 40
METOB                60826.55877217 60826.56719983 13
METOB                60826.94818153 60826.95438729 5
