iss                  60803.36031572 60803.36417427 3
iss                  60803.42658821 60803.43367168 23
iss                  60803.49372226 60803.50073541 23
iss                  60804.05342743 60804.05949971 11
iss                  60804.11962725 60804.12711546 44
iss                  60804.18841517 60804.19358250 6
iss                  60804.39292015 60804.39944999 14
iss                  60804.45975463 60804.46718040 47
iss                  60805.02050276 60805.02496549 4
iss                  60805.08573878 60805.09330527 85
iss                  60805.15390374 60805.15997621 10
iss                  60805.35925658 60805.36504472 8
iss                  60805.42587919 60805.43340699 77
iss                  60805.49394376 60805.49893682 6
iss                  60806.05200956 60806.05938477 39
iss                  60806.11953279 60806.12630299 16
iss                  60806.32563753 60806.33045544 5
iss                  60806.39206344 60806.39943738 37
iss                  60806.45951979 60806.46589262 13
iss                  60807.01846991 60807.02531591 19
iss                  60807.08530159 60807.09256115 27
iss                  60807.15458532 60807.15887045 4
iss                  60807.29206015 60807.29566861 2
iss                  60807.35828916 60807.36528132 21
iss                  60807.42535389 60807.43247154 26
iss                  60807.98519104 60807.99102162 9
iss                  60808.05121249 60808.05874190 51
iss                  60808.11987217 60808.12524291 7
iss                  60808.32454516 60808.33094179 13
iss                  60808.39132523 60808.39879156 56
iss                  60808.95231465 60808.95627685 3
iss                  60809.01727302 60809.02483057 74
iss                  60809.08530514 60809.09154225 11
iss                  60809.29080500 60809.29641693 8
iss                  60809.35738211 60809.36489735 66
iss                  60809.42529100 60809.43063472 7
iss                  60809.98349889 60809.99080215 33
iss                  60810.05087971 60810.05777476 18
iss                  60810.25711133 60810.26170565 4
iss                  60810.32349475 60810.33080807 32
iss                  60810.39085326 60810.39741860 15
iss                  60810.94992618 60810.95661282 17
iss                  60811.01659561 60811.02393679 30
iss                  60811.08573988 60811.09028362 4
iss                  60811.22346666 60811.22679010 2
iss                  60811.28964652 60811.29653196 19
iss                  60811.35663992 60811.36385909 30
iss                  60811.91664297 60811.92216940 8
iss                  60811.98245602 60811.99001874 61
iss                  60812.05097522 60812.05655839 7
iss                  60812.25582735 60812.26207122 11
iss                  60812.32255090 60812.33005134 67
iss                  60812.39120654 60812.39477962 2
iss                  60812.88387691 60812.88715169 2
iss                  60812.94847027 60812.95600342 61
iss                  60813.01635627 60813.02276258 12
iss                  60813.22201135 60813.22742326 7
iss                  60813.28854079 60813.29603327 56
iss                  60813.35629891 60813.36197977 8
iss                  60813.91465696 60813.92186283 28
iss                  60813.98187974 60813.98889955 20
iss                  60814.05151009 60814.05508808 2
iss                  60814.18824470 60814.19258604 4
iss                  60814.25458237 60814.26182125 28
iss                  60814.32184275 60814.32859529 18
iss                  60814.88106029 60814.88754509 14
iss                  60814.94754647 60814.95496395 35
iss                  60815.01654007 60815.02135113 5
iss                  60815.22066087 60815.22742156 17
iss                  60815.28758161 60815.29489556 36
iss                  60815.84779408 60815.85293361 6
iss                  60815.91336053 60815.92094463 73
iss                  60815.98172689 60815.98752809 8
iss                  60816.18674700 60816.19283504 10
iss                  60816.25343302 60816.26095757 81
iss                  60816.32180302 60816.32603961 4
iss                  60816.87933329 60816.88682203 51
iss                  60816.94705931 60816.95363631 14
iss                  60817.15287643 60817.15806143 6
iss                  60817.21935596 60817.22681257 46
iss                  60817.28696914 60817.29296990 10
iss                  60817.84548773 60817.85256380 24
iss                  60817.91253546 60817.91967643 22
iss                  60817.98200030 60817.98591419 3
iss                  60818.11903909 60818.12309394 3
iss                  60818.18532722 60818.19247437 25
iss                  60818.25248984 60818.25942009 21
iss                  60818.81187873 60818.81810773 12
iss                  60818.87815685 60818.88564137 41
iss                  60818.94698852 60818.95207210 6
iss                  60819.15133290 60819.15794785 15
iss                  60819.21818023 60819.22557884 43
iss                  60819.77858933 60819.78329786 5
iss                  60819.84392940 60819.85151815 87
iss                  60819.91212984 60819.91815137 9
iss                  60820.11734502 60820.12323258 9
iss                  60820.18397194 60820.19150786 83
iss                  60820.25209484 60820.25690727 5
iss                  60820.80986582 60820.81728434 41
AO-07                60803.42403779 60803.43164282 4
AO-07                60803.49932243 60803.51454902 56
AO-07                60803.57798798 60803.59172487 27
AO-07                60803.87883975 60803.88727617 6
AO-07                60803.95239858 60803.96738802 48
AO-07                60804.03099044 60804.04543112 31
AO-07                60804.45843839 60804.47162280 20
AO-07                60804.53595733 60804.55124274 68
AO-07                60804.61551561 60804.62615489 11
AO-07                60804.91246315 60804.92515807 19
AO-07                60804.98866431 60805.00420135 80
AO-07                60805.06974996 60805.08082504 11
AO-07                60805.41981838 60805.42577518 2
AO-07                60805.49442383 60805.50952794 50
AO-07                60805.57297121 60805.58699200 31
AO-07                60805.87450711 60805.88205018 5
AO-07                60805.94759138 60805.96239920 43
AO-07                60806.02588914 60806.04057949 35
AO-07                60806.45367208 60806.46639333 17
AO-07                60806.53099873 60806.54635305 76
AO-07                60806.61041649 60806.62161343 13
AO-07                60806.90783747 60806.92010025 17
AO-07                60806.98372686 60806.99926350 89
AO-07                60807.06439534 60807.07615856 13
AO-07                60807.48953415 60807.50448717 44
AO-07                60807.56796210 60807.58223826 34
AO-07                60807.64901440 60807.65423275 2
AO-07                60807.87025749 60807.87676013 3
AO-07                60807.94280339 60807.95740327 38
AO-07                60808.02081126 60808.03571392 40
AO-07                60808.44894077 60808.46112563 15
AO-07                60808.52604716 60808.54144586 84
AO-07                60808.60533386 60808.61703955 15
AO-07                60808.90323979 60808.91503012 15
AO-07                60808.97880745 60808.99431793 83
AO-07                60809.05909238 60809.07145060 15
AO-07                60809.48465766 60809.49942550 39
AO-07                60809.56296031 60809.57746440 38
AO-07                60809.64361839 60809.65009681 3
AO-07                60809.86613219 60809.87136516 2
AO-07                60809.93803544 60809.95240011 34
AO-07                60810.01575545 60810.03083552 45
AO-07                60810.44423725 60810.45581370 13
AO-07                60810.52110323 60810.53652117 87
AO-07                60810.60026511 60810.61243567 17
AO-07                60810.89867268 60810.90994583 13
AO-07                60810.97390601 60810.98936494 75
AO-07                60811.05383313 60811.06670895 18
AO-07                60811.47979373 60811.49434219 35
AO-07                60811.55796559 60811.57267102 43
AO-07                60811.63832822 60811.64583840 5
AO-07                60811.93328788 60811.94738950 31
AO-07                60812.01072065 60812.02594550 50
AO-07                60812.09436371 60812.10064473 3
AO-07                60812.43957692 60812.45044907 10
AO-07                60812.51616676 60812.53157893 79
AO-07                60812.59520849 60812.60780417 19
AO-07                60812.89413874 60812.90484497 11
AO-07                60812.96902255 60812.98440475 68
AO-07                60813.04861179 60813.06193900 21
AO-07                60813.47494403 60813.48923576 31
AO-07                60813.55297777 60813.56785883 48
AO-07                60813.63310229 60813.64149809 6
AO-07                60813.92856201 60813.94237108 27
AO-07                60814.00570598 60814.02104481 57
AO-07                60814.08853837 60814.09640015 4
AO-07                60814.43497045 60814.44501981 8
AO-07                60814.51123839 60814.52661897 71
AO-07                60814.59016263 60814.60314688 21
AO-07                60814.88964178 60814.89972432 9
AO-07                60814.96415717 60814.97943754 61
AO-07                60815.04342399 60815.05714532 24
AO-07                60815.47011018 60815.48410453 27
AO-07                60815.54799677 60815.56302812 54
AO-07                60815.62792042 60815.63709595 7
AO-07                60815.92385185 60815.93734441 24
AO-07                60816.00071074 60816.01613425 63
AO-07                60816.08290256 60816.09197857 6
AO-07                60816.43043633 60816.43950670 6
AO-07                60816.50631858 60816.52164101 64
AO-07                60816.58512649 60816.59846517 24
AO-07                60816.88524644 60816.89458142 8
AO-07                60816.95931320 60816.97446342 54
AO-07                60817.03826634 60817.05233075 27
AO-07                60817.46529438 60817.47894645 24
AO-07                60817.54302255 60817.55817934 60
AO-07                60817.62277113 60817.63264378 9
AO-07                60817.91917149 60817.93230865 22
AO-07                60817.99573440 60818.01121450 71
AO-07                60818.07738583 60818.08745074 8
AO-07                60818.42600642 60818.43387719 4
AO-07                60818.50140780 60818.51664466 57
AO-07                60818.58009926 60818.59376071 27
AO-07                60818.88084249 60818.88940491 6
AO-07                60818.95448445 60818.96948233 49
AO-07                60819.03313618 60819.04749806 30
AO-07                60819.46049886 60819.47375876 21
AO-07                60819.53805517 60819.55331275 67
AO-07                60819.61764721 60819.62814891 11
LO-19                60803.45494119 60803.46149858 6
LO-19                60803.52222285 60803.53268600 87
LO-19                60803.59225201 60803.59936660 8
LO-19                60803.92167352 60803.92776596 5
LO-19                60803.98779744 60803.99814373 72
LO-19                60804.05843500 60804.06583086 9
LO-19                60804.49953603 60804.50968335 39
LO-19                60804.56873596 60804.57782415 19
LO-19                60804.96534788 60804.97515291 32
LO-19                60805.03442773 60805.04381635 22
LO-19                60805.47715989 60805.48619073 17
LO-19                60805.54557382 60805.55569231 41
LO-19                60805.94337200 60805.95190104 15
LO-19                60806.01109338 60806.02133470 50
LO-19                60806.45536739 60806.46193001 6
LO-19                60806.52265228 60806.53311247 87
LO-19                60806.59268376 60806.59978942 8
LO-19                60806.92208735 60806.92820208 6
LO-19                60806.98821785 60806.99857426 73
LO-19                60807.05885814 60807.06625948 9
LO-19                60807.49996389 60807.51010943 39
LO-19                60807.56916541 60807.57824723 19
LO-19                60807.96576598 60807.97558308 32
LO-19                60808.03484859 60808.04424454 22
LO-19                60808.47758599 60808.48661643 17
LO-19                60808.54600155 60808.55611496 41
LO-19                60808.94378730 60808.95233131 15
LO-19                60809.01151216 60809.02176231 50
LO-19                60809.45579103 60809.46235608 6
LO-19                60809.52307846 60809.53353448 87
LO-19                60809.59311237 60809.60020768 8
LO-19                60809.92249795 60809.92863437 6
LO-19                60809.98863458 60809.99900125 73
LO-19                60810.05927728 60810.06668483 9
LO-19                60810.50038852 60810.51053075 39
LO-19                60810.56959159 60810.57866576 19
LO-19                60810.96618054 60810.97600961 32
LO-19                60811.03526565 60811.04466928 22
LO-19                60811.47800896 60811.48703722 17
LO-19                60811.54642598 60811.55653302 41
LO-19                60811.94419924 60811.95275783 15
LO-19                60812.01192727 60812.02218635 50
LO-19                60812.45621186 60812.46277684 6
LO-19                60812.52350131 60812.53395184 87
LO-19                60812.59353773 60812.60062137 8
LO-19                60812.92290549 60812.92906268 6
LO-19                60812.98904776 60812.99942459 73
LO-19                60813.05969257 60813.06710676 9
LO-19                60813.50080984 60813.51094735 39
LO-19                60813.57001442 60813.57907976 19
LO-19                60813.96659167 60813.97643239 33
LO-19                60814.03567902 60814.04509044 22
LO-19                60814.47842869 60814.48745314 17
LO-19                60814.54684700 60814.55694652 41
LO-19                60814.94460793 60814.95318047 15
LO-19                60815.01233882 60815.02260671 50
LO-19                60815.45662975 60815.46319235 6
LO-19                60815.52392074 60815.53436460 87
LO-19                60815.59395976 60815.60103053 8
LO-19                60815.92331010 60815.92948682 6
LO-19                60815.98945749 60815.99984415 73
LO-19                60816.06010416 60816.06752512 9
LO-19                60816.50122775 60816.51135926 39
LO-19                60816.57043379 60816.57948926 19
LO-19                60816.96699949 60816.97685130 33
LO-19                60817.03608883 60817.04550790 22
LO-19                60817.47884507 60817.48786424 17
LO-19                60817.54726450 60817.55735550 41
LO-19                60817.94501348 60817.95359909 15
LO-19                60818.01274691 60818.02302328 50
LO-19                60818.45704458 60818.46360268 6
LO-19                60818.52433663 60818.53477280 87
LO-19                60818.59437832 60818.60143522 8
LO-19                60818.92371191 60818.92990664 6
LO-19                60818.98986388 60819.00025983 73
LO-19                60819.06051219 60819.06793975 9
LO-19                60819.50164213 60819.51176655 39
LO-19                60819.57084959 60819.57989430 19
LO-19                60819.96740410 60819.97726622 33
LO-19                60820.03649518 60820.04592153 22
LO-19                60820.47925798 60820.48827058 17
LO-19                60820.54767839 60820.55776001 41
LO-19                60820.94541599 60820.95401356 15
LO-19                60821.01315164 60821.02343592 50
LO-19                60821.45745617 60821.46400795 6
LO-19                60821.52474888 60821.53517650 87
LO-19                60821.59479328 60821.60183550 8
LO-19                60821.92411124 60821.93032197 6
LO-19                60821.99026701 60822.00067149 73
LO-19                60822.06091678 60822.06835052 9
LO-19                60822.50205286 60822.51216929 39
LO-19                60822.57126170 60822.58029497 19
LO-19                60822.96780557 60822.97767700 33
LO-19                60823.03689817 60823.04633120 22
LO-19                60823.47966729 60823.48867227 17
LO-19                60823.54808854 60823.55816014 41
LO-19                60823.94581554 60823.95442375 15
LO-19                60824.01355310 60824.02384452 50
LO-19                60824.45786438 60824.46440828 6
FO-29                60803.31995346 60803.32522107 3
FO-29                60803.66621180 60803.67647670 33
FO-29                60803.73938947 60803.74925655 22
FO-29                60804.13612602 60804.14137797 3
FO-29                60804.20622512 60804.21856127 53
FO-29                60804.27979622 60804.29013240 19
FO-29                60804.62972141 60804.63713493 9
FO-29                60804.70040005 60804.71129160 75
FO-29                60804.77642260 60804.78221339 4
FO-29                60805.16847751 60805.17921450 18
FO-29                60805.24084026 60805.25311942 54
FO-29                60805.31584395 60805.32205726 4
FO-29                60805.66262304 60805.67265907 29
FO-29                60805.73561379 60805.74554490 24
FO-29                60806.20246020 60806.21492332 49
FO-29                60806.27592839 60806.28668294 21
FO-29                60806.62627843 60806.63321910 7
FO-29                60806.69672131 60806.70752254 81
FO-29                60806.77242564 60806.77867748 5
FO-29                60807.16478096 60807.17546910 17
FO-29                60807.23703439 60807.24956353 60
FO-29                60807.31180428 60807.31883393 6
FO-29                60807.65903321 60807.66884230 26
FO-29                60807.73183783 60807.74183282 26
FO-29                60808.19870009 60808.21128081 46
FO-29                60808.27207118 60808.28322495 23
FO-29                60808.62284726 60808.62929255 6
FO-29                60808.69304034 60808.70375534 82
FO-29                60808.76845033 60808.77512014 6
FO-29                60809.16109526 60809.17171506 16
FO-29                60809.23323569 60809.24600275 65
FO-29                60809.30780883 60809.31556884 7
FO-29                60809.65544237 60809.66502697 24
FO-29                60809.72806127 60809.73812115 29
FO-29                60810.19494923 60810.20763286 43
FO-29                60810.26822453 60810.27975820 26
FO-29                60810.61948173 60810.62535390 5
FO-29                60810.68935834 60810.69999070 76
FO-29                60810.76449200 60810.77154669 7
FO-29                60811.15742135 60811.16795097 14
FO-29                60811.22944468 60811.24243605 70
FO-29                60811.30384727 60811.31227169 9
FO-29                60811.65185070 60811.66121365 21
FO-29                60811.72428391 60811.73441068 32
FO-29                60812.19120694 60812.20397856 40
FO-29                60812.26438844 60812.27628254 29
FO-29                60812.61608667 60812.62139666 4
FO-29                60812.68567246 60812.69622909 68
FO-29                60812.76054699 60812.76796098 8
FO-29                60813.15376707 60813.16417499 13
FO-29                60813.22566189 60813.23886289 74
FO-29                60813.29991351 60813.30894832 10
FO-29                60813.64825841 60813.65740265 19
FO-29                60813.72050566 60813.73070213 35
FO-29                60814.18747329 60814.20031713 38
FO-29                60814.26056299 60814.27279763 32
FO-29                60814.61271941 60814.61741564 3
FO-29                60814.68198443 60814.69247141 61
FO-29                60814.75661333 60814.76436606 10
FO-29                60815.15012154 60815.16038551 12
FO-29                60815.22188781 60815.23528247 78
FO-29                60815.29600355 60815.30560241 12
FO-29                60815.64466614 60815.65359488 17
FO-29                60815.71672650 60815.72699614 39
FO-29                60816.18374976 60816.19664714 35
FO-29                60816.25674830 60816.26930307 35
FO-29                60816.60939290 60816.61339867 2
FO-29                60816.67829435 60816.68871797 55
FO-29                60816.75268903 60816.76076405 11
FO-29                60817.14649265 60817.15658044 11
FO-29                60817.21812293 60817.23169401 79
FO-29                60817.29211465 60817.30223616 13
FO-29                60817.64107394 60817.64979037 16
FO-29                60817.71294650 60817.72329324 44
FO-29                60818.18003651 60818.19296777 33
FO-29                60818.25294447 60818.26579848 38
FO-29                60818.67460253 60818.68496924 49
FO-29                60818.74877285 60818.75715709 13
FO-29                60819.14288233 60819.15275749 10
FO-29                60819.21436770 60819.22809672 77
FO-29                60819.28824489 60819.29885127 15
FO-29                60819.63748257 60819.64598957 14
FO-29                60819.70916583 60819.71959410 49
FO-29                60820.17633442 60820.18927798 31
FO-29                60820.24915167 60820.26228312 42
FO-29                60820.32468785 60820.33006431 3
FO-29                60820.67090932 60820.68122561 44
FO-29                60820.74483313 60820.75354869 14
FO-29                60821.13929282 60821.14891408 9
FO-29                60821.21062256 60821.22448981 74
FO-29                60821.28439283 60821.29544864 17
FO-29                60821.63389271 60821.64219273 13
FO-29                60821.70538477 60821.71589897 55
FO-29                60822.17264420 60822.18557670 29
FO-29                60822.24537003 60822.25875665 45
FO-29                60822.32059123 60822.32696857 4
FO-29                60822.66721518 60822.67748763 40
FO-29                60822.74093035 60822.74993585 16
FO-29                60823.13572684 60823.14504692 8
SO-50                60803.49203504 60803.50094883 37
SO-50                60803.56191704 60803.57010555 17
SO-50                60803.84963430 60803.85666990 8
SO-50                60803.91816135 60803.92794042 85
SO-50                60803.98891060 60803.99519662 7
SO-50                60804.43786814 60804.44341157 5
SO-50                60804.50496907 60804.51423900 82
SO-50                60804.57622583 60804.58273828 7
SO-50                60804.86228913 60804.87097297 19
SO-50                60804.93143769 60804.94089505 39
SO-50                60805.44958374 60805.45755510 17
SO-50                60805.51833810 60805.52730465 33
SO-50                60805.80739302 60805.81200466 3
SO-50                60805.87518690 60805.88473428 40
SO-50                60805.94501148 60805.95334804 16
SO-50                60806.46208343 60806.47110087 43
SO-50                60806.53216210 60806.54016156 15
SO-50                60806.81964526 60806.82699994 10
SO-50                60806.88827599 60806.89804930 85
SO-50                60806.95925259 60806.96499604 5
SO-50                60807.40767162 60807.41373637 7
SO-50                60807.47507642 60807.48434468 72
SO-50                60807.54656382 60807.55273006 6
SO-50                60807.83233887 60807.84119807 21
SO-50                60807.90157938 60807.91092664 34
SO-50                60808.41954171 60808.42773775 20
SO-50                60808.48850175 60808.49737111 29
SO-50                60808.77729387 60808.78245748 4
SO-50                60808.84525769 60808.85487974 46
SO-50                60808.91520539 60808.92328042 14
SO-50                60809.43211604 60809.44121912 50
SO-50                60809.50239163 60809.51018505 13
SO-50                60809.78964181 60809.79728188 11
SO-50                60809.85836732 60809.86812137 74
SO-50                60809.92961258 60809.93471987 4
SO-50                60810.37748803 60810.38399992 8
SO-50                60810.44516623 60810.45441864 62
SO-50                60810.51689448 60810.52268163 5
SO-50                60810.80236687 60810.81138400 23
SO-50                60810.87170063 60810.88092027 30
SO-50                60811.38948830 60811.39788213 22
SO-50                60811.45864795 60811.46740610 26
SO-50                60811.74719738 60811.75284325 5
SO-50                60811.81530576 60811.82498800 52
SO-50                60811.88538524 60811.89316880 12
SO-50                60812.40213232 60812.41130411 58
SO-50                60812.47260598 60812.48017577 12
SO-50                60812.75961957 60812.76752004 12
SO-50                60812.82843653 60812.83815673 65
SO-50                60812.90001120 60812.90434761 3
SO-50                60813.34730922 60813.35420987 10
SO-50                60813.41523829 60813.42446109 54
SO-50                60813.48722044 60813.49259012 4
SO-50                60813.77237278 60813.78153099 26
SO-50                60813.84180194 60813.85087568 26
SO-50                60814.35942214 60814.36798955 26
SO-50                60814.42877676 60814.43740997 23
SO-50                60814.71709576 60814.72317048 6
SO-50                60814.78533118 60814.79505936 59
SO-50                60814.85555280 60814.86301150 11
SO-50                60815.37213240 60815.38135630 67
SO-50                60815.44280564 60815.45013300 11
SO-50                60815.72957779 60815.73771599 14
SO-50                60815.79848360 60815.80815547 57
SO-50                60816.31712982 60816.32437132 12
SO-50                60816.38529243 60816.39447221 47
SO-50                60816.45754592 60816.46245095 3
SO-50                60816.74235634 60816.75163977 29
SO-50                60816.81188378 60816.82079251 23
SO-50                60817.32934209 60817.33806103 29
SO-50                60817.39888823 60817.40738244 21
SO-50                60817.68698411 60817.69344435 7
SO-50                60817.75533361 60817.76509411 68
SO-50                60817.82571040 60817.83280598 9
SO-50                60818.27563278 60818.28008571 3
SO-50                60818.34211446 60818.35137612 77
SO-50                60818.41299121 60818.42005629 9
SO-50                60818.69951560 60818.70787069 16
SO-50                60818.76850883 60818.77811760 49
SO-50                60819.28694559 60819.29448799 13
SO-50                60819.35532850 60819.36445215 41
SO-50                60819.42787740 60819.43225686 3
SO-50                60819.71231729 60819.72171083 33
SO-50                60819.78194672 60819.79067013 21
SO-50                60820.29924721 60820.30809765 34
SO-50                60820.36898246 60820.37732347 18
SO-50                60820.65685916 60820.66366851 8
SO-50                60820.72531342 60820.73509246 77
SO-50                60820.79591524 60820.80254808 8
SO-50                60821.24522532 60821.25035938 4
SO-50                60821.31207899 60821.32136389 85
SO-50                60821.38316337 60821.38994485 8
SO-50                60821.66943238 60821.67798507 17
SO-50                60821.73851237 60821.74804312 43
SO-50                60822.25675382 60822.26456237 15
SO-50                60822.32534639 60822.33440105 36
SO-50                60822.61460522 60822.61877414 2
SO-50                60822.68225562 60822.69174460 37
SO-50                60822.75199148 60822.76050824 18
HO-68                60803.34392883 60803.35651841 28
HO-68                60803.41849030 60803.43156491 43
HO-68                60803.49558517 60803.50153226 3
HO-68                60803.77781473 60803.78762747 11
HO-68                60803.84995426 60803.86354598 81
HO-68                60803.92665629 60803.93716690 13
HO-68                60804.33240070 60804.34423734 20
HO-68                60804.40658528 60804.41999249 58
HO-68                60804.48302328 60804.49108891 7
HO-68                60804.76698447 60804.77534970 7
HO-68                60804.83826117 60804.85169376 61
HO-68                60804.91415758 60804.92579675 19
HO-68                60805.32099961 60805.33177956 14
HO-68                60805.39472481 60805.40831817 78
HO-68                60805.47071511 60805.48030457 11
HO-68                60805.75652639 60805.76285304 4
HO-68                60805.82667169 60805.83979728 45
HO-68                60805.90184549 60805.91429113 27
HO-68                60806.30979608 60806.31907670 9
HO-68                60806.38290963 60806.39654400 80
HO-68                60806.45854092 60806.46930272 16
HO-68                60806.81518584 60806.82785534 34
HO-68                60806.88967989 60806.90268867 37
HO-68                60807.29893745 60807.30596309 4
HO-68                60807.37114360 60807.38466884 59
HO-68                60807.44645459 60807.45813516 21
HO-68                60807.80381456 60807.81586388 25
HO-68                60807.87763808 60807.89101154 51
HO-68                60807.95732833 60807.96242399 2
HO-68                60808.35943117 60808.37268779 44
HO-68                60808.43443364 60808.44682972 29
HO-68                60808.79257114 60808.80381427 18
HO-68                60808.86570678 60808.87927373 69
HO-68                60808.94378156 60808.95195785 6
HO-68                60809.34778607 60809.36059097 32
HO-68                60809.42246612 60809.43540352 39
HO-68                60809.49989074 60809.50487252 2
HO-68                60809.78147002 60809.79169042 13
HO-68                60809.85387865 60809.86748386 89
HO-68                60809.93088974 60809.94090617 11
HO-68                60810.33622443 60810.34836157 23
HO-68                60810.41054577 60810.42386713 52
HO-68                60810.48717182 60810.49461579 6
HO-68                60810.77056189 60810.77946121 9
HO-68                60810.84215084 60810.85564708 67
HO-68                60810.91831143 60810.92959725 17
HO-68                60811.32477455 60811.33597023 16
HO-68                60811.39867007 60811.41222740 70
HO-68                60811.47479844 60811.48392644 9
HO-68                60811.75997657 60811.76705862 5
HO-68                60811.83052586 60811.84376580 50
HO-68                60811.90594064 60811.91813272 24
HO-68                60812.31349366 60812.32336327 11
HO-68                60812.38683899 60812.40048748 87
HO-68                60812.46258601 60812.47299107 14
HO-68                60812.81900247 60812.83183970 37
HO-68                60812.89372756 60812.90656038 33
HO-68                60813.30248294 60813.31042368 6
HO-68                60813.37505553 60813.38864735 66
HO-68                60813.45047319 60813.46187622 19
HO-68                60813.80759024 60813.81986607 28
HO-68                60813.88164476 60813.89490722 45
HO-68                60814.36332323 60814.37670350 49
HO-68                60814.43843178 60814.45061560 26
HO-68                60814.79630077 60814.80783778 20
HO-68                60814.86967623 60814.88318914 62
HO-68                60814.94820772 60814.95553035 5
HO-68                60815.35165398 60815.36464807 35
HO-68                60815.42644704 60815.43922914 35
HO-68                60815.78515191 60815.79574201 15
HO-68                60815.85781288 60815.87141649 83
HO-68                60815.93515684 60815.94461655 9
HO-68                60816.34006066 60816.35246672 26
HO-68                60816.41451111 60816.42772965 47
HO-68                60816.49135498 60816.49809734 4
HO-68                60816.77416678 60816.78355391 10
HO-68                60816.84605041 60816.85959550 75
HO-68                60816.92248719 60816.93338006 15
HO-68                60817.32856827 60817.34013552 18
HO-68                60817.40262036 60817.41612480 64
HO-68                60817.47889897 60817.48752089 8
HO-68                60817.76347664 60817.77122413 6
HO-68                60817.83439033 60817.84772947 55
HO-68                60817.91005210 60817.92196214 21
HO-68                60818.31721688 60818.32761147 12
HO-68                60818.39077381 60818.40441904 84
HO-68                60818.46664195 60818.47665891 12
HO-68                60818.75310700 60818.75860716 3
HO-68                60818.82283017 60818.83581917 41
HO-68                60818.89778843 60818.91042326 30
HO-68                60819.30609664 60819.31480780 7
HO-68                60819.37897358 60819.39261345 73
HO-68                60819.45449970 60819.46560038 17
HO-68                60819.81137834 60819.82386242 31
HO-68                60819.88566281 60819.89879573 41
HO-68                60820.29542460 60820.30148588 3
HO-68                60820.36722424 60820.38070579 54
HO-68                60820.44243630 60820.45438674 24
HO-68                60820.80004468 60820.81185407 23
AO-73                60803.39515749 60803.40346886 66
AO-73                60803.46224506 60803.46743513 6
AO-73                60803.84041947 60803.84803579 19
AO-73                60803.90604951 60803.91402714 24
AO-73                60804.39452608 60804.40283470 64
AO-73                60804.46157293 60804.46685525 6
AO-73                60804.83981462 60804.84737479 18
AO-73                60804.90540020 60804.91339254 24
AO-73                60805.39387611 60805.40218338 62
AO-73                60805.46088338 60805.46625881 6
AO-73                60805.83919428 60805.84669547 17
AO-73                60805.90473376 60805.91274056 25
AO-73                60806.39320902 60806.40151488 60
AO-73                60806.46017648 60806.46564575 6
AO-73                60806.83855758 60806.84599799 17
AO-73                60806.90405018 60806.91207120 26
AO-73                60807.39252483 60807.40082914 57
AO-73                60807.45945229 60807.46501601 7
AO-73                60807.83790501 60807.84528234 16
AO-73                60807.90334949 60807.91138447 26
AO-73                60808.39182359 60808.40012613 55
AO-73                60808.45871087 60808.46436955 7
AO-73                60808.83723658 60808.84454850 16
AO-73                60808.90263168 60808.91068038 27
AO-73                60809.39110535 60809.39940582 53
AO-73                60809.45795229 60809.46370630 7
AO-73                60809.83655234 60809.84379645 15
AO-73                60809.90189677 60809.90995892 28
AO-73                60810.39037016 60810.39866816 51
AO-73                60810.45717659 60810.46302619 8
AO-73                60810.83585234 60810.84302617 15
AO-73                60810.90114477 60810.90922011 29
AO-73                60811.38961806 60811.39791309 49
AO-73                60811.45638385 60811.46232917 8
AO-73                60811.83513661 60811.84223764 14
AO-73                60811.90037568 60811.90846395 30
AO-73                60812.38884911 60812.39714057 47
AO-73                60812.45557411 60812.46161536 8
AO-73                60812.83440522 60812.84143083 14
AO-73                60812.89958953 60812.90769044 31
AO-73                60813.38806336 60813.39635055 45
AO-73                60813.45474743 60813.46088434 9
AO-73                60813.83365823 60813.84060571 13
AO-73                60813.89878633 60813.90689959 32
AO-73                60814.38726086 60814.39554298 44
AO-73                60814.45390387 60814.46013629 9
AO-73                60814.83289568 60814.83976223 13
AO-73                60814.89796609 60814.90609140 33
AO-73                60815.38644187 60815.39471778 42
AO-73                60815.45304348 60815.45937112 10
AO-73                60815.83211767 60815.83890035 12
AO-73                60815.89712884 60815.90526589 34
AO-73                60816.38560606 60816.39387491 40
AO-73                60816.45216631 60816.45858877 10
AO-73                60816.83132426 60816.83802003 12
AO-73                60816.89627458 60816.90442305 36
AO-73                60817.38475367 60817.39301429 39
AO-73                60817.45127245 60817.45778917 11
AO-73                60817.83051554 60817.83712121 11
AO-73                60817.89540335 60817.90356289 37
AO-73                60818.38388478 60818.39213586 37
AO-73                60818.45036189 60818.45697228 11
AO-73                60818.82969161 60818.83620383 11
AO-73                60818.89451517 60818.90268541 39
AO-73                60819.38299945 60819.39123955 36
AO-73                60819.44943452 60819.45613804 12
AO-73                60819.82885257 60819.83526782 10
AO-73                60819.89361007 60819.90179061 40
AO-73                60820.38209774 60820.39032528 34
AO-73                60820.44849074 60820.45528638 12
AO-73                60820.82799854 60820.83431309 10
AO-73                60820.89268806 60820.90087849 42
AO-73                60821.38117972 60821.38939299 33
AO-73                60821.44753041 60821.45441727 13
AO-73                60821.82712966 60821.83333956 9
AO-73                60821.89174918 60821.89994907 44
AO-73                60822.38024546 60822.38844258 32
AO-73                60822.44655359 60822.45353062 13
AO-73                60822.82624606 60822.83234712 9
AO-73                60822.89075001 60822.89899924 46
AO-73                60823.37929503 60823.38747397 30
AO-73                60823.44556031 60823.45262642 14
AO-73                60823.82534792 60823.83133568 8
AO-73                60823.88977744 60823.89803522 49
AO-73                60824.37832851 60824.38648708 29
AO-73                60824.44455062 60824.45170458 15
AO-73                60824.82443541 60824.83030491 8
AO-73                60824.88878810 60824.89705387 51
AO-73                60825.37734597 60825.38548181 28
AO-73                60825.44352456 60825.45076505 15
AO-73                60825.82350856 60825.82925497 7
AO-73                60825.88778203 60825.89605521 54
AO-73                60826.37634739 60826.38445807 27
AO-73                60826.44248217 60826.44980777 16
AO-73                60826.82256798 60826.82818550 7
AO-73                60826.88675927 60826.89503923 57
AO-73                60827.37533324 60827.38341576 26
AO-73                60827.44142349 60827.44883268 17
AO-73                60827.82161370 60827.82709628 6
TITA                 60803.64300517 60803.64943410 10
TITA                 60803.70787364 60803.71573500 34
TITA                 60804.15001760 60804.15820885 50
TITA                 60804.21690815 60804.22268704 7
TITA                 60804.63697241 60804.64272974 7
TITA                 60804.70149106 60804.70952336 46
TITA                 60805.14379837 60805.15182431 36
TITA                 60805.21019559 60805.21665208 10
TITA                 60805.63103277 60805.63589391 4
TITA                 60805.69512063 60805.70326177 65
TITA                 60806.13760805 60806.14540343 27
TITA                 60806.20355547 60806.21053562 14
TITA                 60806.62527388 60806.62883580 2
TITA                 60806.68876217 60806.69695095 88
TITA                 60806.75585741 60806.75995615 3
TITA                 60807.13144968 60807.13894390 21
TITA                 60807.19696952 60807.20435574 18
TITA                 60807.68241352 60807.69059078 65
TITA                 60807.74908569 60807.75418860 6
TITA                 60808.12532779 60808.13244154 16
TITA                 60808.19042711 60808.19812285 24
TITA                 60808.67607986 60808.68418031 46
TITA                 60808.74241338 60808.74827954 8
TITA                 60809.11924973 60809.12589038 12
TITA                 60809.18392151 60809.19184405 32
TITA                 60809.66976166 60809.67771762 34
TITA                 60809.73579847 60809.74227143 11
TITA                 60810.11322550 60810.11928016 9
TITA                 60810.17744832 60810.18552377 44
TITA                 60810.66346168 60810.67119964 25
TITA                 60810.72922136 60810.73618445 15
TITA                 60811.10727424 60811.11259274 6
TITA                 60811.17096106 60811.17916214 62
TITA                 60811.65718463 60811.66462172 19
TITA                 60811.72267710 60811.73003703 20
TITA                 60812.10143379 60812.10579066 4
TITA                 60812.16454497 60812.17276702 86
TITA                 60812.65093783 60812.65797649 14
TITA                 60812.71614794 60812.72382205 26
TITA                 60813.15815630 60813.16633638 68
TITA                 60813.22563328 60813.23035477 4
TITA                 60813.64473182 60813.65125294 10
TITA                 60813.70959260 60813.71754827 35
TITA                 60814.15179482 60814.15987045 48
TITA                 60814.21867833 60814.22433728 7
TITA                 60814.63858510 60814.64443210 7
TITA                 60814.70309402 60814.71122485 48
TITA                 60815.14546191 60815.15336863 35
TITA                 60815.21183874 60815.21819614 10
TITA                 60815.63253281 60815.63747813 5
TITA                 60815.69660855 60815.70485019 67
TITA                 60816.13915961 60816.14682942 26
TITA                 60816.20507574 60816.21196978 14
TITA                 60816.62666272 60816.63030002 2
TITA                 60816.69013583 60816.69842501 87
TITA                 60816.75715127 60816.76150378 4
TITA                 60817.13289119 60817.14025025 20
TITA                 60817.19836981 60817.20567782 18
TITA                 60817.68367381 60817.69194917 63
TITA                 60817.75028207 60817.75560770 6
TITA                 60818.12666170 60818.13362653 15
TITA                 60818.19170933 60818.19933138 25
TITA                 60818.67722773 60818.68542161 45
TITA                 60818.74350461 60818.74957690 9
TITA                 60819.12047934 60819.12695145 11
TITA                 60819.18508729 60819.19293808 33
TITA                 60819.67079823 60819.67884029 33
TITA                 60819.73678194 60819.74344913 12
TITA                 60820.11435574 60820.12021311 8
TITA                 60820.17845616 60820.18649943 46
TITA                 60820.66438827 60820.67220187 25
TITA                 60820.73009578 60820.73724327 16
TITA                 60821.10831346 60821.11339002 5
TITA                 60821.17189829 60821.18002474 65
TITA                 60821.65800289 60821.66550138 19
TITA                 60821.72344218 60821.73097667 21
TITA                 60822.10240046 60822.10643459 3
TITA                 60822.16536989 60822.17351281 89
TITA                 60822.23349919 60822.23698283 2
TITA                 60822.65165007 60822.65873080 14
TITA                 60822.71680329 60822.72464242 28
TITA                 60823.15887015 60823.16696464 63
TITA                 60823.22623323 60823.23105389 5
TITA                 60823.64534128 60823.65187811 10
TITA                 60823.71013842 60823.71824848 38
TITA                 60824.15239927 60824.16038034 45
TITA                 60824.21917376 60824.22491088 7
TITA                 60824.63909709 60824.64492223 7
TITA                 60824.70353090 60824.71180408 52
TITA                 60825.14595872 60825.15375915 32
TITA                 60825.21222666 60825.21864776 11
TITA                 60825.63295752 60825.63782211 4
TITA                 60825.69693705 60825.70530739 73
TITA                 60825.76430719 60825.76787799 2
TITA                 60826.13955086 60826.14709923 24
TITA                 60826.20535525 60826.21230094 15
TITA                 60826.69035678 60826.69875895 81
TITA                 60826.75721641 60826.76201824 5
TITA                 60827.13317949 60827.14039769 18
NOAA-15              60803.51294774 60803.51985988 7
NOAA-15              60803.58070581 60803.59126866 87
NOAA-15              60803.65118967 60803.65814935 8
NOAA-15              60803.98181098 60803.98845954 7
NOAA-15              60804.04850762 60804.05905213 81
NOAA-15              60804.11974853 60804.12694431 8
NOAA-15              60804.56266247 60804.57308181 50
NOAA-15              60804.63245521 60804.64116711 16
NOAA-15              60805.03061626 60805.04084904 43
NOAA-15              60805.10054088 60805.10958842 17
NOAA-15              60805.54478805 60805.55461261 26
NOAA-15              60805.61398200 60805.62377012 28
NOAA-15              60806.01299876 60806.02249913 24
NOAA-15              60806.08183507 60806.09187155 32
NOAA-15              60806.52715375 60806.53578974 14
NOAA-15              60806.59567789 60806.60606570 52
NOAA-15              60806.66709493 60806.67157395 3
NOAA-15              60806.99570972 60807.00396133 13
NOAA-15              60807.06345325 60807.07394181 61
NOAA-15              60807.13632391 60807.14056655 2
NOAA-15              60807.50996401 60807.51640221 6
NOAA-15              60807.57751548 60807.58809360 84
NOAA-15              60807.64786221 60807.65520123 9
NOAA-15              60807.97889928 60807.98510170 6
NOAA-15              60808.04534319 60808.05585382 72
NOAA-15              60808.11633747 60808.12391801 9
NOAA-15              60808.55949574 60808.56985909 44
NOAA-15              60808.62918370 60808.63813177 17
NOAA-15              60809.02749482 60809.03762457 38
NOAA-15              60809.09722613 60809.10648023 19
NOAA-15              60809.54165310 60809.55133460 24
NOAA-15              60809.61074155 60809.62067514 31
NOAA-15              60810.00992556 60810.01924449 21
NOAA-15              60810.07857948 60810.08871879 35
NOAA-15              60810.52407098 60810.53243560 12
NOAA-15              60810.59246062 60810.60292105 58
NOAA-15              60810.66363168 60810.66877504 4
NOAA-15              60810.99270115 60811.00066320 11
NOAA-15              60811.06024381 60811.07075761 68
NOAA-15              60811.13268198 60811.13773870 3
NOAA-15              60811.50700529 60811.51289794 5
NOAA-15              60811.57432016 60811.58490249 76
NOAA-15              60811.64453896 60811.65222702 10
NOAA-15              60811.97600678 60811.98171148 5
NOAA-15              60812.04217593 60812.05264265 65
NOAA-15              60812.11293728 60812.12086490 11
NOAA-15              60812.55632506 60812.56661937 40
NOAA-15              60812.62590966 60812.63507742 19
NOAA-15              60813.02437076 60813.03438710 35
NOAA-15              60813.09391253 60813.10335504 21
NOAA-15              60813.53851662 60813.54803718 21
NOAA-15              60813.60749669 60813.61756320 35
NOAA-15              60814.00685212 60814.01597558 19
NOAA-15              60814.07532213 60814.08555194 39
NOAA-15              60814.52099302 60814.52905544 11
NOAA-15              60814.58923860 60814.59976036 65
NOAA-15              60814.66020251 60814.66591939 5
NOAA-15              60814.98969721 60814.99734660 10
NOAA-15              60815.05703181 60815.06756042 76
NOAA-15              60815.12910449 60815.13483087 4
NOAA-15              60815.50409135 60815.50933443 3
NOAA-15              60815.57112035 60815.58169497 68
NOAA-15              60815.64121818 60815.64922811 11
NOAA-15              60815.97314016 60815.97828193 4
NOAA-15              60816.03900587 60816.04941920 58
NOAA-15              60816.10954528 60816.11778803 12
NOAA-15              60816.55315104 60816.56336201 36
NOAA-15              60816.62263293 60816.63200396 21
NOAA-15              60817.02124485 60817.03113675 31
NOAA-15              60817.09059942 60817.10021372 24
NOAA-15              60817.53537956 60817.54471933 19
NOAA-15              60817.60424757 60817.61443424 39
NOAA-15              60818.00377896 60818.01269200 17
NOAA-15              60818.07206276 60818.08237170 44
NOAA-15              60818.51792241 60818.52564674 9
NOAA-15              60818.58601201 60818.59658297 72
NOAA-15              60818.65679559 60818.66301898 6
NOAA-15              60818.98669944 60818.99401019 9
NOAA-15              60819.05381681 60819.06435072 84
NOAA-15              60819.12556769 60819.13186716 6
NOAA-15              60819.50122850 60819.50568907 2
NOAA-15              60819.56791650 60819.57847063 61
NOAA-15              60819.63789880 60819.64620591 13
NOAA-15              60819.97036867 60819.97480111 3
NOAA-15              60820.03583397 60820.04618343 52
NOAA-15              60820.10612697 60820.11469175 14
NOAA-15              60820.54997426 60820.56008662 32
NOAA-15              60820.61935337 60820.62891173 24
NOAA-15              60821.01811730 60821.02787352 28
NOAA-15              60821.08728625 60821.09705701 26
NOAA-15              60821.53224305 60821.54137991 17
NOAA-15              60821.60099423 60821.61128802 43
NOAA-15              60822.00070674 60822.00939371 16
NOAA-15              60822.06880121 60822.07917820 49
NOAA-15              60822.51486203 60822.52220607 8
NOAA-15              60822.58278106 60822.59338884 80
NOAA-15              60822.65337092 60822.66008349 7
NOAA-15              60822.98370990 60822.99065232 8
NOAA-15              60823.05059903 60823.06112872 87
NOAA-18              60803.27739156 60803.28401662 6
NOAA-18              60803.65599431 60803.66215961 5
NOAA-18              60803.72391215 60803.73482490 75
NOAA-18              60803.79469867 60803.80281939 11
NOAA-18              60804.12875409 60804.13577943 7
NOAA-18              60804.19598675 60804.20699194 77
NOAA-18              60804.26769593 60804.27562842 9
NOAA-18              60804.71500877 60804.72582114 55
NOAA-18              60804.78548252 60804.79438298 15
NOAA-18              60805.12066102 60805.12631602 4
NOAA-18              60805.18712433 60805.19801270 57
NOAA-18              60805.25815898 60805.26707560 14
NOAA-18              60805.70614050 60805.71675076 40
NOAA-18              60805.77632667 60805.78584693 20
NOAA-18              60806.17832613 60806.18900043 43
NOAA-18              60806.24878501 60806.25841506 19
NOAA-18              60806.69731741 60806.70760860 30
NOAA-18              60806.76721808 60806.77722627 27
NOAA-18              60807.16959204 60807.17995386 32
NOAA-18              60807.23951442 60807.24967843 26
NOAA-18              60807.68854607 60807.69838631 22
NOAA-18              60807.75814916 60807.76853054 36
NOAA-18              60808.16092815 60808.17086986 24
NOAA-18              60808.23032973 60808.24088263 34
NOAA-18              60808.67983987 60808.68907046 16
NOAA-18              60808.74911548 60808.75976586 48
NOAA-18              60808.82130037 60808.82560499 2
NOAA-18              60809.15234178 60809.16174313 18
NOAA-18              60809.22122016 60809.23203855 46
NOAA-18              60809.67122005 60809.67963852 12
NOAA-18              60809.74011476 60809.75093600 65
NOAA-18              60809.81165994 60809.81771135 5
NOAA-18              60810.14384390 60810.15256433 14
NOAA-18              60810.21217897 60810.22315287 63
NOAA-18              60810.28546825 60810.29060295 3
NOAA-18              60810.66272627 60810.67004979 8
NOAA-18              60810.73114633 60810.74204293 86
NOAA-18              60810.80222081 60810.80953813 8
NOAA-18              60811.13545294 60811.14331759 10
NOAA-18              60811.20320216 60811.21423016 85
NOAA-18              60811.27551337 60811.28243892 6
NOAA-18              60811.65445530 60811.66021283 4
NOAA-18              60811.72221098 60811.73308697 70
NOAA-18              60811.79293454 60811.80119744 12
NOAA-18              60812.12720088 60812.13397235 6
NOAA-18              60812.19428778 60812.20527310 73
NOAA-18              60812.26582933 60812.27400570 10
NOAA-18              60812.71330894 60812.72406674 52
NOAA-18              60812.78372687 60812.79273711 16
NOAA-18              60813.11915946 60813.12445924 4
NOAA-18              60813.18543554 60813.19628293 54
NOAA-18              60813.25634925 60813.26542174 15
NOAA-18              60813.70444688 60813.71497904 38
NOAA-18              60813.77457659 60813.78418059 21
NOAA-18              60814.17664786 60814.18725951 40
NOAA-18              60814.24699516 60814.25674003 20
NOAA-18              60814.69562966 60814.70581794 28
NOAA-18              60814.76547192 60814.77554149 28
NOAA-18              60815.16792520 60815.17820113 30
NOAA-18              60815.23774023 60815.24798625 27
NOAA-18              60815.68686656 60815.69657436 21
NOAA-18              60815.75640597 60815.76682863 38
NOAA-18              60816.15927410 60816.16910453 23
NOAA-18              60816.22856865 60816.23917592 36
NOAA-18              60816.67817233 60816.68723323 15
NOAA-18              60816.74737470 60816.75804767 51
NOAA-18              60816.81941080 60816.82409777 3
NOAA-18              60817.15070256 60817.15996343 17
NOAA-18              60817.21947062 60817.23031865 49
NOAA-18              60817.66957096 60817.67776962 11
NOAA-18              60817.73837629 60817.74920199 69
NOAA-18              60817.80979548 60817.81613316 6
NOAA-18              60818.14222279 60818.15076737 13
NOAA-18              60818.21044003 60818.22142094 67
NOAA-18              60818.28350196 60818.28905409 4
NOAA-18              60818.66110865 60818.66813579 7
NOAA-18              60818.72941033 60818.74029322 87
NOAA-18              60818.80041134 60818.80791720 9
NOAA-18              60819.13385543 60819.14149825 9
NOAA-18              60819.20147332 60819.21248682 89
NOAA-18              60819.27362212 60819.28081368 7
NOAA-18              60819.65290343 60819.65821816 3
NOAA-18              60819.72047784 60819.73132135 66
NOAA-18              60819.79113812 60819.79954782 13
NOAA-18              60820.12563777 60820.13212027 6
NOAA-18              60820.19256890 60820.20351866 69
NOAA-18              60820.26397600 60820.27234071 11
NOAA-18              60820.71157910 60820.72228464 48
NOAA-18              60820.78193851 60820.79106441 17
NOAA-18              60821.11771571 60821.12254653 3
NOAA-18              60821.18372780 60821.19451739 51
NOAA-18              60821.25452116 60821.26373033 16
NOAA-18              60821.70272163 60821.71317932 36
NOAA-18              60821.77279362 60821.78248763 23
NOAA-18              60822.17494987 60822.18548267 38
NOAA-18              60822.24518573 60822.25502828 21
NOAA-18              60822.69391066 60822.70399918 26
NOAA-18              60822.76369279 60822.77383038 30
NOAA-18              60823.16623889 60823.17641222 29
NOAA-19              60803.65493757 60803.66522913 30
NOAA-19              60803.72483513 60803.73484975 27
NOAA-19              60804.12736923 60804.13762925 32
NOAA-19              60804.19731894 60804.20733898 25
NOAA-19              60804.64632324 60804.65617629 22
NOAA-19              60804.71592707 60804.72631672 36
NOAA-19              60805.11886153 60805.12870774 24
NOAA-19              60805.18829453 60805.19870541 33
NOAA-19              60805.63777204 60805.64703244 16
NOAA-19              60805.70705333 60805.71771637 48
NOAA-19              60805.77923480 60805.78354864 2
NOAA-19              60806.11042876 60806.11974432 18
NOAA-19              60806.17934395 60806.19002360 45
NOAA-19              60806.62930406 60806.63777631 12
NOAA-19              60806.69821167 60806.70905236 64
NOAA-19              60806.76976061 60806.77581007 5
NOAA-19              60807.10208197 60807.11073008 14
NOAA-19              60807.17046038 60807.18130052 61
NOAA-19              60807.24390926 60807.24860794 3
NOAA-19              60807.62095625 60807.62836992 8
NOAA-19              60807.68940137 60807.70032663 86
NOAA-19              60807.76048439 60807.76779692 8
NOAA-19              60808.09383816 60808.10164993 10
NOAA-19              60808.16163971 60808.17254073 82
NOAA-19              60808.23405973 60808.24066071 6
NOAA-19              60808.61281707 60808.61873045 4
NOAA-19              60808.68062314 60808.69153955 72
NOAA-19              60808.75135872 60808.75961891 12
NOAA-19              60809.08572789 60809.09247487 7
NOAA-19              60809.15287986 60809.16374699 75
NOAA-19              60809.22454225 60809.23240991 9
NOAA-19              60809.67187912 60809.68268991 53
NOAA-19              60809.74231062 60809.75132313 16
NOAA-19              60810.07781813 60810.08314021 4
NOAA-19              60810.14418038 60810.15492064 56
NOAA-19              60810.21517778 60810.22400383 14
NOAA-19              60810.66316956 60810.67377473 39
NOAA-19              60810.73331912 60810.74293269 21
NOAA-19              60811.13554345 60811.14606161 41
NOAA-19              60811.20597186 60811.21549306 19
NOAA-19              60811.65450488 60811.66478874 29
NOAA-19              60811.72437251 60811.73446099 28
NOAA-19              60812.12696923 60812.13716879 31
NOAA-19              60812.19686624 60812.20690810 26
NOAA-19              60812.64589150 60812.65572361 22
NOAA-19              60812.71546390 60812.72591677 37
NOAA-19              60813.11846378 60813.12823876 24
NOAA-19              60813.18784415 60813.19826535 34
NOAA-19              60813.63734275 60813.64656590 16
NOAA-19              60813.70658928 60813.71730571 49
NOAA-19              60813.77867399 60813.78326312 3
NOAA-19              60814.11003449 60814.11926613 18
NOAA-19              60814.17889519 60814.18957511 46
NOAA-19              60814.62887974 60814.63729325 11
NOAA-19              60814.69774661 60814.70863122 67
NOAA-19              60814.76920543 60814.77547798 5
NOAA-19              60815.10169234 60815.11024134 13
NOAA-19              60815.17001281 60815.18084410 63
NOAA-19              60815.24333863 60815.24825077 3
NOAA-19              60815.62054165 60815.62786541 7
NOAA-19              60815.68893530 60815.69989506 88
NOAA-19              60815.75997360 60815.76743563 9
NOAA-19              60816.09345600 60816.10114825 9
NOAA-19              60816.16119311 60816.17207668 84
NOAA-19              60816.23352811 60816.24025821 6
NOAA-19              60816.61242397 60816.61819228 4
NOAA-19              60816.68015623 60816.69109745 69
NOAA-19              60816.75085464 60816.75923858 12
NOAA-19              60817.08535823 60817.09195559 6
NOAA-19              60817.15243419 60817.16327549 73
NOAA-19              60817.22402707 60817.23198464 10
NOAA-19              60817.67140958 60817.68223703 51
NOAA-19              60817.74180992 60817.75092739 17
NOAA-19              60818.07747353 60818.08259082 3
NOAA-19              60818.14373576 60818.15444174 54
NOAA-19              60818.21467165 60818.22356278 14
NOAA-19              60818.66270189 60818.67331062 38
NOAA-19              60818.73282000 60818.74252312 22
NOAA-19              60819.13510009 60819.14557524 40
NOAA-19              60819.20547146 60819.21503976 20
NOAA-19              60819.65403778 60819.66431266 28
NOAA-19              60819.72387394 60819.73403893 29
NOAA-19              60820.12652760 60820.13667463 30
NOAA-19              60820.19636965 60820.20644447 26
NOAA-19              60820.64542603 60820.65523450 21
NOAA-19              60820.71496528 60820.72548290 38
NOAA-19              60821.11802460 60821.12773639 23
NOAA-19              60821.18735019 60821.19779258 35
NOAA-19              60821.63688057 60821.64606202 16
NOAA-19              60821.70609027 60821.71686057 51
NOAA-19              60821.77808148 60821.78294119 3
NOAA-19              60822.10959878 60822.11875478 17
NOAA-19              60822.17840311 60822.18909400 48
NOAA-19              60822.62842364 60822.63677167 11
NOAA-19              60822.69724705 60822.70817498 69
NOAA-19              60822.76864611 60822.77510942 6
NOAA-19              60823.10126174 60823.10971962 13
NOAA-19              60823.16952219 60823.18035515 65
NOAA-19              60823.24272123 60823.24786333 3
METOA                60803.73832591 60803.74807867 43
METOA                60803.80583359 60803.81423638 16
METOA                60804.19179982 60804.20053416 21
METOA                60804.25847806 60804.26774293 30
METOA                60804.69093578 60804.69691400 5
METOA                60804.75636915 60804.76628936 78
METOA                60804.82459866 60804.83129041 8
METOA                60805.20940371 60805.21891842 39
METOA                60805.27718046 60805.28547560 16
METOA                60805.70816487 60805.71622558 13
METOA                60805.77455807 60805.78423439 46
METOA                60806.16260608 60806.16874087 6
METOA                60806.22728347 60806.23714121 76
METOA                60806.29632327 60806.30283476 7
METOA                60806.72583146 60806.73498083 26
METOA                60806.79289621 60806.80190459 24
METOA                60807.17952186 60807.18755719 14
METOA                60807.24542232 60807.25521143 51
METOA                60807.74373405 60807.75338653 51
METOA                60807.81142231 60807.81924918 13
METOA                60808.19688544 60808.20606503 25
METOA                60808.26383674 60808.27310685 26
METOA                60808.69609627 60808.70251937 7
METOA                60808.76180641 60808.77150972 72
METOA                60808.83030619 60808.83611603 5
METOA                60809.15117978 60809.15513752 2
METOA                60809.21456119 60809.22438464 48
METOA                60809.28262584 60809.29075656 14
METOA                60809.71344709 60809.72164701 16
METOA                60809.78007043 60809.78937037 38
METOA                60810.16745161 60810.17440350 8
METOA                60810.23250167 60810.24255138 81
METOA                60810.30192588 60810.30796433 5
METOA                60810.73116784 60810.74028920 30
METOA                60810.79840059 60810.80693699 20
METOA                60811.18451547 60811.19308437 17
METOA                60811.25070048 60811.26056498 43
METOA                60811.74910630 60811.75860326 60
METOA                60811.81703177 60811.82414711 10
METOA                60812.20196548 60812.21151425 31
METOA                60812.26918453 60812.27839421 23
METOA                60812.70125293 60812.70799482 8
METOA                60812.76720370 60812.77664074 61
METOA                60812.83605896 60812.84076609 3
METOA                60813.15571181 60813.16095650 4
METOA                60813.21970684 60813.22977383 58
METOA                60813.28807119 60813.29595015 12
METOA                60813.71869722 60813.72696882 18
METOA                60813.78549130 60813.79440541 31
METOA                60814.17233298 60814.17994364 11
METOA                60814.23770697 60814.24788532 72
METOA                60814.30757284 60814.31296280 4
METOA                60814.73646324 60814.74550766 35
METOA                60814.80391089 60814.81186956 16
METOA                60815.18951319 60815.19851925 20
METOA                60815.25596723 60815.26584053 37
METOA                60815.68951342 60815.69375024 3
METOA                60815.75443137 60815.76373409 70
METOA                60815.82259097 60815.82892824 8
METOA                60816.20703968 60816.21688011 37
METOA                60816.27452578 60816.28359812 20
METOA                60816.70638681 60816.71335938 10
METOA                60816.77255554 60816.78168666 50
METOA                60817.16042274 60817.16656406 6
METOA                60817.22484250 60817.23508260 70
METOA                60817.29352532 60817.30104537 10
METOA                60817.72390583 60817.73220009 20
METOA                60817.79087512 60817.79935880 25
METOA                60818.17723416 60818.18537387 13
METOA                60818.24290096 60818.25313886 61
METOA                60818.31330868 60818.31778333 3
METOA                60818.74171068 60818.75064283 41
METOA                60818.80934744 60818.81670736 13
METOA                60819.19451073 60819.20386258 24
METOA                60819.26122487 60819.27103283 32
METOA                60819.69442614 60819.69926575 4
METOA                60819.75970601 60819.76878449 75
METOA                60819.82815047 60819.83357652 5
METOA                60820.21210609 60820.22216071 44
METOA                60820.27986548 60820.28871136 17
METOA                60820.71148443 60820.71862748 11
METOA                60820.77785706 60820.78665191 40
METOA                60821.16519256 60821.17202041 7
METOA                60821.22996772 60821.24030784 83
METOA                60821.29899926 60821.30602825 8
METOA                60821.72906487 60821.73734926 23
METOA                60821.79621191 60821.80422771 20
METOA                60822.18214493 60822.19070106 15
METOA                60822.24808473 60822.25830797 51
METOA                60822.74690377 60822.75570117 49
METOA                60822.81474984 60822.82144704 10
METOA                60823.19950439 60823.20911489 28
METOA                60823.26647549 60823.27613694 27
METOA                60823.69934002 60823.70464520 5
METOA                60823.76492472 60823.77376016 68
METOA                60823.83374043 60823.83806103 3
METOA                60824.15356508 60824.15828620 3
METOA                60824.21716252 60824.22735440 52
METOA                60824.28520767 60824.29372674 14
METOB                60803.60700489 60803.61571379 14
METOB                60803.67574731 60803.68631984 54
METOB                60803.74728742 60803.75224202 3
METOB                60804.07723209 60804.08574957 14
METOB                60804.14528802 60804.15594992 59
METOB                60804.21849543 60804.22278572 2
METOB                60804.59331391 60804.60036530 7
METOB                60804.66132262 60804.67205748 87
METOB                60804.73202849 60804.73923313 8
METOB                60805.06379614 60805.07084693 8
METOB                60805.13087732 60805.14160525 85
METOB                60805.20249511 60805.20968120 8
METOB                60805.64698626 60805.65763255 57
METOB                60805.71714455 60805.72576769 14
METOB                60806.05089988 60806.05556770 3
METOB                60806.11662959 60806.12717280 52
METOB                60806.18715416 60806.19596317 14
METOB                60806.63274592 60806.64303634 34
METOB                60806.70243440 60806.71202942 23
METOB                60807.10254729 60807.11265280 32
METOB                60807.17217880 60807.18197884 24
METOB                60807.61863215 60807.62824422 21
METOB                60807.68784135 60807.69808296 36
METOB                60808.08864738 60808.09803474 20
METOB                60808.15743628 60808.16783238 39
METOB                60808.60469644 60808.61320198 13
METOB                60808.67334226 60808.68395881 59
METOB                60808.74472375 60808.75011171 4
METOB                60809.07496639 60809.08328981 13
METOB                60809.14288159 60809.15356831 64
METOB                60809.21576610 60809.22067220 3
METOB                60809.59106648 60809.59777730 6
METOB                60809.65892939 60809.66967001 85
METOB                60809.72954035 60809.73700613 9
METOB                60810.06158423 60810.06834659 7
METOB                60810.12849463 60810.13920822 79
METOB                60810.19992915 60810.20741359 8
METOB                60810.64460400 60810.65521807 52
METOB                60810.71468837 60810.72349009 15
METOB                60811.04881480 60811.05295620 2
METOB                60811.11427062 60811.12476089 48
METOB                60811.18464958 60811.19364184 16
METOB                60811.63038124 60811.64059235 32
METOB                60811.69999749 60811.70971516 25
METOB                60812.10021365 60812.11022541 30
METOB                60812.16971338 60812.17962668 26
METOB                60812.61628906 60812.62576462 20
METOB                60812.68541864 60812.69573837 39
METOB                60813.08634320 60813.09558877 19
METOB                60813.15500053 60813.16545846 42
METOB                60813.60238767 60813.61067377 11
METOB                60813.67093169 60813.68158666 64
METOB                60813.74217096 60813.74795296 5
METOB                60814.07270015 60814.08081800 12
METOB                60814.14047120 60814.15117712 69
METOB                60814.21307291 60814.21850892 4
METOB                60814.58882826 60814.59516326 5
METOB                60814.65653099 60814.66727133 80
METOB                60814.72705110 60814.73476319 10
METOB                60815.05937659 60815.06582939 6
METOB                60815.12610795 60815.13680180 73
METOB                60815.19736727 60815.20512839 9
METOB                60815.64221862 60815.65279202 48
METOB                60815.71222831 60815.72119936 17
METOB                60816.11190780 60816.12233972 45
METOB                60816.18214413 60816.19130817 17
METOB                60816.62801234 60816.63813583 30
METOB                60816.69755570 60816.70738899 26
METOB                60817.09787676 60817.10778826 28
METOB                60817.16724510 60817.17726381 28
METOB                60817.61394323 60817.62327118 18
METOB                60817.68299066 60817.69338228 42
METOB                60818.08403681 60818.09313228 18
METOB                60818.15256112 60818.16307467 45
METOB                60818.60007951 60818.60812821 10
METOB                60818.66851596 60818.67920325 69
METOB                60818.73962575 60818.74576947 5
METOB                60819.07043386 60819.07833378 11
METOB                60819.13805686 60819.14877648 75
METOB                60819.21040436 60819.21630773 5
METOB                60819.58661028 60819.59251934 4
METOB                60819.65412733 60819.66486127 74
METOB                60819.72456026 60819.73250465 11
METOB                60820.05717545 60820.06329379 5
METOB                60820.12371731 60820.13438606 68
METOB                60820.19480825 60820.20282663 10
METOB                60820.63982849 60820.65035423 45
METOB                60820.70976428 60820.71889587 18
METOB                60821.10954170 60821.11990913 41
METOB                60821.17963724 60821.18896222 18
METOB                60821.62563950 60821.63566676 27
METOB                60821.69510903 60821.70505090 28
METOB                60822.09553679 60822.10534133 26
METOB                60822.16477380 60822.17489045 30
METOB                60822.61159531 60822.62076340 17
METOB                60822.68055741 60822.69101467 45
METOB                60823.08172849 60823.09066495 16
METOB                60823.15011800 60823.16068133 49
METOB                60823.59777302 60823.60556422 9
