iss                  60802.98498884 60802.99245032 64
iss                  60803.05372037 60803.05796878 4
iss                  60803.40041393 60803.40521174 5
iss                  60803.46621962 60803.47369174 51
iss                  60803.95141663 60803.95846634 25
iss                  60804.01894086 60804.02502680 10
iss                  60804.43240864 60804.43990991 58
iss                  60804.50103538 60804.50522429 3
iss                  60804.91806517 60804.92417480 11
iss                  60804.98461469 60804.99165148 23
iss                  60805.39878427 60805.40586602 24
iss                  60805.46624345 60805.47239055 11
iss                  60805.88520741 60805.88935001 4
iss                  60805.95056333 60805.95801264 56
iss                  60806.36534066 60806.37150409 11
iss                  60806.43192684 60806.43904210 24
iss                  60806.91673339 60806.92414434 52
iss                  60806.98519312 60806.98988833 5
iss                  60807.33230082 60807.33664147 4
iss                  60807.39787316 60807.40538804 62
iss                  60807.88312626 60807.89002689 21
iss                  60807.95044393 60807.95675662 12
iss                  60808.36401803 60808.37147481 48
iss                  60808.43235784 60808.43707187 5
iss                  60808.84975954 60808.85557421 9
iss                  60808.91609583 60808.92324456 27
iss                  60809.33032495 60809.33729074 20
iss                  60809.39761326 60809.40401791 13
iss                  60809.81700483 60809.82046815 2
iss                  60809.88200939 60809.88947901 69
iss                  60810.29688576 60810.30276542 9
iss                  60810.36327855 60810.37051916 29
iss                  60810.84814303 60810.85548178 42
iss                  60810.91633066 60810.92144911 6
iss                  60811.26391286 60811.26764412 3
iss                  60811.32918859 60811.33672873 77
iss                  60811.81450896 60811.82122240 18
iss                  60811.88160396 60811.88813790 14
iss                  60812.29529353 60812.30267863 39
iss                  60812.36335641 60812.36854881 6
iss                  60812.78114399 60812.78658964 7
iss                  60812.84723598 60812.85448771 32
iss                  60813.26156435 60813.26834609 17
iss                  60813.32864579 60813.33529138 15
iss                  60813.81311807 60813.82059176 87
iss                  60814.22811874 60814.23363917 7
iss                  60814.29429234 60814.30164147 35
iss                  60814.77922077 60814.78645984 34
iss                  60814.84713421 60814.85265156 7
iss                  60815.26016859 60815.26771106 85
iss                  60815.74556934 60815.75204782 15
iss                  60815.81242389 60815.81916853 17
iss                  60816.22623819 60816.23351792 31
iss                  60816.29403000 60816.29965754 8
iss                  60816.71223140 60816.71720749 6
iss                  60816.77803789 60816.78537856 40
iss                  60817.19251154 60817.19902739 14
iss                  60817.25934323 60817.26620861 19
iss                  60817.74389224 60817.75134825 74
iss                  60817.81283183 60817.81663604 3
iss                  60818.15905129 60818.16411247 6
iss                  60818.22497046 60818.23240678 44
iss                  60818.70997032 60818.71707439 27
iss                  60818.77760542 60818.78349521 9
iss                  60819.19081603 60819.19833202 66
iss                  60819.25958946 60819.26345040 3
iss                  60819.67627135 60819.68249506 12
iss                  60819.74290597 60819.74984638 21
iss                  60820.15685575 60820.16398879 25
iss                  60820.22437868 60820.23039923 10
iss                  60820.64304351 60820.64740487 4
iss                  60820.70850388 60820.71591496 51
iss                  60821.12308067 60821.12932455 12
iss                  60821.18970636 60821.19676733 23
iss                  60821.67433504 60821.68174527 56
iss                  60821.74287142 60821.74737890 4
iss                  60822.08970316 60822.09416392 4
iss                  60822.15531579 60822.16281216 58
iss                  60822.64039632 60822.64732077 22
iss                  60822.70774595 60822.71397960 12
iss                  60823.12113389 60823.12858820 50
iss                  60823.18949814 60823.19411492 4
iss                  60823.60670432 60823.61255616 9
iss                  60823.67305420 60823.68016910 26
iss                  60824.08715043 60824.09408591 20
iss                  60824.15440321 60824.16077390 13
iss                  60824.57362804 60824.57713334 2
iss                  60824.63863762 60824.64609384 68
iss                  60825.05337236 60825.05923075 9
iss                  60825.11973921 60825.12696520 29
iss                  60825.60445035 60825.61177894 42
iss                  60825.67261390 60825.67772466 6
iss                  60826.02011447 60826.02375193 3
iss                  60826.08533103 60826.09285468 78
iss                  60826.57050484 60826.57719269 17
iss                  60826.63755757 60826.64410354 15
iss                  60827.05112559 60827.05847564 38
iss                  60827.11912306 60827.12436734 6
iss                  60827.53684409 60827.54221559 7
AO-07                60802.87157148 60802.88417390 18
AO-07                60802.94824089 60802.96341222 59
AO-07                60803.38663772 60803.40017678 23
AO-07                60803.46399219 60803.47901633 48
AO-07                60803.90684118 60803.92180659 50
AO-07                60803.98583270 60803.99902682 22
AO-07                60804.34889418 60804.35503687 3
AO-07                60804.42233087 60804.43768779 62
AO-07                60804.50168842 60804.51417713 17
AO-07                60804.86697688 60804.87899866 15
AO-07                60804.94325798 60804.95853117 67
AO-07                60805.02550157 60805.03241352 4
AO-07                60805.38194348 60805.39501849 20
AO-07                60805.45898896 60805.47418196 54
AO-07                60805.90201649 60805.91679286 44
AO-07                60805.98068758 60805.99431325 25
AO-07                60806.41746176 60806.43269712 55
AO-07                60806.49653353 60806.50954618 20
AO-07                60806.86241508 60806.87378717 13
AO-07                60806.93829362 60806.95363314 76
AO-07                60807.01984906 60807.02823918 6
AO-07                60807.37728681 60807.38982619 17
AO-07                60807.45400218 60807.46932673 62
AO-07                60807.53594706 60807.54255440 3
AO-07                60807.89721444 60807.91176220 38
AO-07                60807.97557072 60807.98956924 29
AO-07                60808.41261067 60808.42768725 48
AO-07                60808.49140710 60808.50487774 23
AO-07                60808.85790921 60808.86853128 10
AO-07                60808.93334759 60808.94871879 85
AO-07                60809.01435258 60809.02390427 8
AO-07                60809.37267412 60809.38459417 14
AO-07                60809.44903152 60809.46445153 70
AO-07                60809.53034908 60809.53844090 5
AO-07                60809.89243654 60809.90671378 33
AO-07                60809.97047937 60809.98479824 33
AO-07                60810.40777995 60810.42265743 42
AO-07                60810.48630570 60810.50017576 27
AO-07                60810.85347219 60810.86321863 8
AO-07                60810.92842020 60810.94378861 85
AO-07                60811.00895658 60811.01946361 10
AO-07                60811.36810700 60811.37931435 12
AO-07                60811.44407677 60811.45955705 79
AO-07                60811.52490162 60811.53416443 7
AO-07                60811.88768470 60811.90164636 29
AO-07                60811.96541143 60811.98000292 38
AO-07                60812.40297101 60812.41760682 37
AO-07                60812.48122676 60812.49544375 31
AO-07                60812.84912561 60812.85782963 6
AO-07                60812.92351120 60812.93884289 76
AO-07                60813.00363308 60813.01494543 12
AO-07                60813.36361204 60813.37397487 9
AO-07                60813.43913827 60813.45464375 88
AO-07                60813.51954896 60813.52978019 9
AO-07                60813.88295485 60813.89655833 25
AO-07                60813.96036529 60813.97518524 44
AO-07                60814.39818534 60814.41253380 32
AO-07                60814.47616833 60814.49068431 36
AO-07                60814.84490526 60814.85232757 4
AO-07                60814.91862124 60814.93388177 67
AO-07                60814.99836559 60815.01036672 15
AO-07                60815.35920189 60815.36855702 7
AO-07                60815.43421575 60815.44971195 82
AO-07                60815.51426358 60815.52531611 12
AO-07                60815.87826250 60815.89144737 22
AO-07                60815.95533975 60815.97034708 50
AO-07                60816.39342608 60816.40743689 28
AO-07                60816.47112890 60816.48589953 41
AO-07                60816.84097107 60816.84662998 2
AO-07                60816.91375258 60816.92890522 59
AO-07                60816.99314348 60817.00573874 18
AO-07                60817.35490872 60817.36302805 5
AO-07                60817.42930984 60817.44476177 73
AO-07                60817.50902949 60817.52078899 14
AO-07                60817.87360479 60817.88631079 19
AO-07                60817.95033392 60817.96548978 57
AO-07                60818.38869474 60818.40231378 24
AO-07                60818.46610737 60818.48109131 46
AO-07                60818.90890220 60818.92391302 51
AO-07                60818.98795944 60819.00106940 21
AO-07                60819.35080033 60819.35731917 3
AO-07                60819.42442109 60819.43979316 64
AO-07                60819.50383648 60819.51620984 17
AO-07                60819.86898678 60819.88114465 16
AO-07                60819.94534716 60819.96061446 65
AO-07                60820.02775063 60820.03432674 3
AO-07                60820.38399553 60820.39716134 21
AO-07                60820.46110291 60820.47626067 53
AO-07                60820.90407299 60820.91890481 45
AO-07                60820.98280823 60820.99636457 24
AO-07                60821.41955030 60821.43480588 56
AO-07                60821.49867760 60821.51158646 20
AO-07                60821.86441441 60821.87594373 13
AO-07                60821.94037906 60821.95572201 74
AO-07                60822.02205568 60822.03019769 5
AO-07                60822.37933319 60822.39197574 18
AO-07                60822.45611493 60822.47140911 60
AO-07                60822.53821269 60822.54445858 3
AO-07                60822.89926618 60822.91387997 39
LO-19                60802.90255527 60802.91182169 21
LO-19                60802.97118041 60802.98063099 24
LO-19                60803.42282377 60803.43278617 38
LO-19                60803.49244255 60803.50051134 12
LO-19                60803.88106925 60803.88794107 7
LO-19                60803.94796217 60803.95828010 60
LO-19                60804.40072746 60804.40930602 15
LO-19                60804.46889451 60804.47863612 32
LO-19                60804.92522386 60804.93548088 54
LO-19                60804.99554825 60805.00271869 8
LO-19                60805.37964893 60805.38481821 4
LO-19                60805.44585903 60805.45616254 82
LO-19                60805.90298436 60805.91224743 21
LO-19                60805.97161447 60805.98105347 23
LO-19                60806.42324481 60806.43321574 38
LO-19                60806.49286680 60806.50093660 12
LO-19                60806.88149685 60806.88836641 7
LO-19                60806.94839348 60806.95870251 60
LO-19                60807.40114518 60807.40973654 15
LO-19                60807.46931617 60807.47906202 32
LO-19                60807.92565286 60807.93590270 54
LO-19                60807.99598312 60808.00313504 8
LO-19                60808.38005899 60808.38525405 4
LO-19                60808.44627837 60808.45658866 82
LO-19                60808.90341112 60808.91266853 21
LO-19                60808.97204482 60808.98147154 23
LO-19                60809.42366170 60809.43364210 39
LO-19                60809.49328652 60809.50135905 12
LO-19                60809.88192116 60809.88878688 7
LO-19                60809.94882109 60809.95912046 59
LO-19                60810.40155888 60810.41016379 15
LO-19                60810.46973354 60810.47948488 31
LO-19                60810.92607818 60810.93632004 54
LO-19                60810.99641413 60811.00354707 8
LO-19                60811.38046518 60811.38568651 4
LO-19                60811.44669357 60811.45701160 82
LO-19                60811.90383426 60811.91308507 21
LO-19                60811.97247134 60811.98188527 23
LO-19                60812.42407456 60812.43406519 39
LO-19                60812.49370183 60812.50177861 12
LO-19                60812.88234203 60812.88920260 7
LO-19                60812.94924488 60812.95953406 59
LO-19                60813.40196868 60813.41058768 15
LO-19                60813.47014673 60813.47990462 31
LO-19                60813.92649970 60813.93673298 54
LO-19                60813.99684114 60814.00395491 8
LO-19                60814.38086768 60814.38611545 4
LO-19                60814.44710473 60814.45743129 81
LO-19                60814.90425364 60814.91349716 21
LO-19                60814.97289408 60814.98229476 23
LO-19                60815.42448351 60815.43448494 39
LO-19                60815.49411287 60815.50219520 12
LO-19                60815.88275929 60815.88961370 7
LO-19                60815.94966473 60815.95994338 59
LO-19                60816.40237470 60816.41100811 15
LO-19                60816.47055587 60816.48032116 31
LO-19                60816.92691730 60816.93714162 54
LO-19                60816.99726398 60817.00435867 8
LO-19                60817.38126668 60817.38654070 4
LO-19                60817.44751197 60817.45784765 81
LO-19                60817.90466913 60817.91390493 21
LO-19                60817.97331253 60817.98270012 23
LO-19                60818.42488868 60818.43490124 39
LO-19                60818.49451978 60818.50260871 12
LO-19                60818.88317279 60818.89002035 7
LO-19                60818.95008050 60818.96034855 59
LO-19                60819.40277710 60819.41142498 15
LO-19                60819.47096108 60819.48073442 31
LO-19                60819.92733085 60819.93754609 54
LO-19                60819.99768249 60820.00475851 8
LO-19                60820.38166237 60820.38696210 4
LO-19                60820.44791543 60820.45826059 81
LO-19                60820.90508062 60820.91430848 21
LO-19                60820.97372674 60820.98310146 23
LO-19                60821.42529018 60821.43531399 39
LO-19                60821.49492271 60821.50301903 12
LO-19                60821.88358238 60821.89042270 7
LO-19                60821.95049209 60821.96074967 59
LO-19                60822.40317598 60822.41183815 16
LO-19                60822.47136250 60822.48114427 31
LO-19                60822.92774024 60822.93794650 54
LO-19                60822.99809652 60823.00515457 8
LO-19                60823.38205493 60823.38737946 4
LO-19                60823.44831521 60823.45866999 81
LO-19                60823.90548799 60823.91470795 21
LO-19                60823.97413661 60823.98349892 23
LO-19                60824.42568814 60824.43572308 39
LO-19                60824.49532179 60824.50342604 12
LO-19                60824.88398793 60824.89082091 7
LO-19                60824.95089937 60824.96114687 59
LO-19                60825.40357149 60825.41224751 16
LO-19                60825.47176023 60825.48155062 31
LO-19                60825.92814536 60825.93834297 54
LO-19                60825.99850591 60826.00554700 8
LO-19                60826.38244455 60826.38779257 4
LO-19                60826.44871143 60826.45907573 81
LO-19                60826.90589112 60826.91510347 21
LO-19                60826.97454201 60826.98389262 23
LO-19                60827.42608266 60827.43612838 39
FO-29                60803.07078161 60803.07541050 2
FO-29                60803.13992051 60803.15187238 70
FO-29                60803.21476821 60803.22230568 7
FO-29                60803.62189833 60803.63529552 54
FO-29                60803.69592945 60803.70680778 16
FO-29                60804.10248204 60804.11277910 20
FO-29                60804.17482741 60804.18602981 31
FO-29                60804.58481186 60804.59613945 17
FO-29                60804.65644417 60804.66984009 53
FO-29                60805.13632400 60805.14807074 65
FO-29                60805.21094972 60805.21877221 8
FO-29                60805.61819721 60805.63166615 50
FO-29                60805.69201247 60805.70338447 18
FO-29                60806.09900047 60806.10885335 18
FO-29                60806.17115166 60806.18231845 34
FO-29                60806.58124058 60806.59241263 16
FO-29                60806.65266148 60806.66628258 58
FO-29                60807.13272649 60807.14426086 59
FO-29                60807.20714222 60807.21521706 9
FO-29                60807.61451080 60807.62802759 46
FO-29                60807.68811956 60807.69994057 20
FO-29                60808.09552927 60808.10491060 15
FO-29                60808.16747577 60808.17859875 37
FO-29                60808.57769148 60808.58867096 15
FO-29                60808.64889361 60808.66271445 64
FO-29                60808.72563314 60808.73144448 3
FO-29                60809.12913057 60809.14044327 53
FO-29                60809.20334294 60809.21164349 10
FO-29                60809.61083970 60809.62437894 43
FO-29                60809.68424899 60809.69647750 23
FO-29                60810.09207043 60810.10094905 13
FO-29                60810.16379911 60810.17487167 41
FO-29                60810.57416642 60810.58491232 13
FO-29                60810.64514068 60810.65913525 70
FO-29                60810.72138139 60810.72837635 4
FO-29                60811.12553499 60811.13661846 47
FO-29                60811.19954968 60811.20805410 11
FO-29                60811.60718454 60811.62071933 40
FO-29                60811.68039944 60811.69299621 25
FO-29                60812.08862619 60812.09696651 11
FO-29                60812.16012115 60812.17113817 45
FO-29                60812.57066032 60812.58113434 12
FO-29                60812.64140306 60812.65554442 75
FO-29                60812.71724110 60812.72520045 6
FO-29                60813.12193949 60813.13278689 42
FO-29                60813.19576067 60813.20445118 12
FO-29                60813.60354595 60813.61704786 37
FO-29                60813.67656983 60813.68949746 28
FO-29                60814.08520042 60814.09295951 9
FO-29                60814.15644126 60814.16739913 50
FO-29                60814.56719004 60814.57733422 11
FO-29                60814.63768045 60814.65194179 81
FO-29                60814.71317613 60814.72195138 7
FO-29                60815.11834416 60815.12894898 37
FO-29                60815.19197448 60815.20083672 14
FO-29                60815.59992454 60815.61336361 34
FO-29                60815.67275934 60815.68598147 31
FO-29                60816.08179879 60816.08892289 7
FO-29                60816.15275926 60816.16365542 56
FO-29                60816.56375171 60816.57350857 9
FO-29                60816.63397320 60816.64832672 84
FO-29                60816.70916766 60816.71864695 9
FO-29                60817.11474916 60817.12510495 33
FO-29                60817.18818998 60817.19721243 15
FO-29                60817.59632095 60817.60966567 32
FO-29                60817.66896724 60817.68244878 34
FO-29                60818.07842955 60818.08484861 6
FO-29                60818.14907481 60818.15990782 62
FO-29                60818.56034925 60818.56965299 8
FO-29                60818.63028144 60818.64469854 82
FO-29                60818.70520446 60818.71529802 10
FO-29                60819.11115493 60819.12125519 29
FO-29                60819.18440627 60819.19358009 17
FO-29                60819.59273604 60819.60595308 29
FO-29                60819.66519293 60819.67889960 37
FO-29                60820.07510685 60820.08072297 4
FO-29                60820.14538782 60820.15615710 70
FO-29                60820.55698801 60820.56576194 7
FO-29                60820.62660526 60820.64105715 77
FO-29                60820.70127913 60820.71191117 12
FO-29                60821.10756148 60821.11739980 25
FO-29                60821.18062259 60821.18994074 19
FO-29                60821.58917008 60821.60222488 27
FO-29                60821.66143587 60821.67533410 41
FO-29                60822.07185635 60822.07651989 3
FO-29                60822.14169819 60822.15240394 78
FO-29                60822.55367546 60822.56182753 6
FO-29                60822.62294475 60822.63740198 72
FO-29                60822.69738650 60822.70849122 14
FO-29                60823.10396964 60823.11353886 22
FO-29                60823.17683868 60823.18629583 21
FO-29                60823.58562400 60823.59847983 25
FO-29                60823.65769558 60823.67175240 45
FO-29                60824.13800588 60824.14864899 82
FO-29                60824.21384926 60824.21809740 2
FO-29                60824.55042323 60824.55783787 5
FO-29                60824.61929999 60824.63373264 66
FO-29                60824.69352274 60824.70504158 15
FO-29                60825.10038016 60825.10967233 20
SO-50                60802.87698765 60802.88563427 30
SO-50                60802.94698810 60802.95413219 11
SO-50                60803.38554137 60803.39473535 30
SO-50                60803.45543037 60803.46350660 14
SO-50                60803.88990540 60803.89900428 86
SO-50                60804.33205485 60804.33595608 2
SO-50                60804.39840318 60804.40811396 87
SO-50                60804.47045805 60804.47507593 3
SO-50                60804.83457447 60804.84193137 12
SO-50                60804.90328614 60804.91185271 27
SO-50                60805.34322207 60805.35106204 13
SO-50                60805.41176076 60805.42104612 32
SO-50                60805.84703927 60805.85582035 35
SO-50                60805.91729413 60805.92404636 9
SO-50                60806.35557988 60806.36491465 35
SO-50                60806.42572021 60806.43346616 12
SO-50                60806.79287751 60806.79735814 3
SO-50                60806.86001758 60806.86910122 72
SO-50                60807.30167754 60807.30654400 3
SO-50                60807.36850883 60807.37821330 80
SO-50                60807.80452883 60807.81219360 15
SO-50                60807.87346581 60807.88185887 23
SO-50                60808.31315350 60808.32131188 15
SO-50                60808.38193595 60808.39106918 28
SO-50                60808.81707579 60808.82596601 41
SO-50                60808.88760230 60808.89390412 7
SO-50                60809.32560425 60809.33505445 41
SO-50                60809.39600547 60809.40337891 10
SO-50                60809.76261589 60809.76782598 4
SO-50                60809.83011290 60809.83915989 60
SO-50                60810.27141489 60810.27699922 5
SO-50                60810.33859954 60810.34827591 68
SO-50                60810.77447458 60810.78240744 17
SO-50                60810.84363191 60810.85182404 20
SO-50                60811.28307842 60811.29151392 18
SO-50                60811.35209739 60811.36105416 24
SO-50                60811.78709606 60811.79607175 49
SO-50                60811.85791903 60811.86369828 6
SO-50                60812.29561371 60812.30515563 48
SO-50                60812.36628989 60812.37324133 8
SO-50                60812.73239165 60812.73819740 6
SO-50                60812.80019114 60812.80918043 50
SO-50                60813.24115365 60813.24735456 6
SO-50                60813.30867291 60813.31830200 57
SO-50                60813.74440937 60813.75257515 20
SO-50                60813.81378570 60813.82174730 17
SO-50                60814.25299449 60814.26167075 20
SO-50                60814.32224562 60814.33100033 21
SO-50                60814.75709948 60814.76613843 59
SO-50                60814.82833570 60814.83341641 4
SO-50                60815.26560763 60815.27521893 57
SO-50                60815.33657784 60815.34304866 7
SO-50                60815.70220120 60815.70849552 7
SO-50                60815.77025398 60815.77916285 42
SO-50                60816.21091011 60816.21763420 8
SO-50                60816.27872998 60816.28829168 49
SO-50                60816.71433149 60816.72269878 23
SO-50                60816.78392833 60816.79162734 15
SO-50                60817.22289975 60817.23178431 24
SO-50                60817.29238148 60817.30090726 18
SO-50                60817.72708577 60817.73616662 71
SO-50                60817.79872551 60817.80303886 3
SO-50                60818.23558550 60818.24524495 67
SO-50                60818.30687636 60818.31279358 5
SO-50                60818.67199689 60818.67872510 9
SO-50                60818.74029887 60818.74910691 36
SO-50                60819.18067751 60819.18784945 10
SO-50                60819.24877106 60819.25824500 42
SO-50                60819.68423945 60819.69277993 27
SO-50                60819.75406154 60819.76146277 12
SO-50                60820.19279261 60820.20185654 27
SO-50                60820.26250604 60820.27077380 16
SO-50                60820.69705457 60820.70615680 84
SO-50                60821.20554693 60821.21523419 78
SO-50                60821.27728615 60821.28246268 4
SO-50                60821.64179323 60821.64889708 11
SO-50                60821.71032745 60821.71901280 31
SO-50                60822.15044813 60822.15800768 11
SO-50                60822.21879607 60822.22816190 36
SO-50                60822.65413245 60822.66281986 31
SO-50                60822.72418762 60822.73125098 10
SO-50                60823.16267187 60823.17188838 31
SO-50                60823.23262063 60823.24059871 13
SO-50                60823.60020623 60823.60398991 2
SO-50                60823.66700566 60823.67610932 83
SO-50                60824.10902743 60824.11315594 2
SO-50                60824.17549163 60824.18518705 88
SO-50                60824.24766423 60824.25203616 3
SO-50                60824.61158522 60824.61901649 13
SO-50                60824.68034014 60824.68888000 26
SO-50                60825.12021667 60825.12811374 13
SO-50                60825.18880535 60825.19804225 31
SO-50                60825.62400937 60825.63281964 36
SO-50                60825.69430931 60825.70098914 9
SO-50                60826.13253652 60826.14188109 36
SO-50                60826.20272695 60826.21038024 11
SO-50                60826.56973255 60826.57436502 3
SO-50                60826.63693891 60826.64602446 70
SO-50                60827.07851788 60827.08351471 4
HO-68                60802.81845850 60802.83183227 54
HO-68                60803.23762595 60803.24663605 9
HO-68                60803.30997474 60803.32356495 82
HO-68                60803.38724866 60803.39494418 6
HO-68                60803.73414388 60803.74372786 10
HO-68                60803.80655569 60803.82014933 76
HO-68                60803.88459626 60803.89136443 4
HO-68                60804.22720329 60804.23352659 4
HO-68                60804.29820785 60804.31176663 72
HO-68                60804.37453485 60804.38429539 11
HO-68                60804.72355350 60804.73096504 5
HO-68                60804.79477062 60804.80837093 78
HO-68                60804.87157376 60804.88084989 9
HO-68                60805.28653687 60805.29986256 51
HO-68                60805.36212495 60805.37329074 17
HO-68                60805.78309383 60805.79650087 56
HO-68                60805.85899093 60805.86987772 15
HO-68                60806.27497341 60806.28784654 36
HO-68                60806.34989809 60806.36205934 25
HO-68                60806.77153086 60806.78453684 39
HO-68                60806.84664952 60806.85865043 23
HO-68                60807.26353823 60807.27570370 25
HO-68                60807.33780364 60807.35065964 36
HO-68                60807.76009945 60807.77246882 27
HO-68                60807.83447551 60807.84724769 33
HO-68                60808.25226798 60808.26340331 17
HO-68                60808.32581678 60808.33912381 52
HO-68                60808.74882735 60808.76027599 19
HO-68                60808.82243360 60808.83571066 47
HO-68                60809.24123041 60809.25088315 10
HO-68                60809.31392589 60809.32746979 73
HO-68                60809.39163136 60809.39833896 4
HO-68                60809.73775812 60809.74791576 12
HO-68                60809.81050609 60809.82406230 67
HO-68                60809.88915321 60809.89465601 3
HO-68                60810.23058569 60810.23798840 5
HO-68                60810.30212683 60810.31570741 81
HO-68                60810.37874630 60810.38787992 9
HO-68                60810.72700954 60810.73529196 7
HO-68                60810.79868505 60810.81231574 87
HO-68                60810.87585404 60810.88442281 7
HO-68                60811.29042261 60811.30383968 58
HO-68                60811.36625128 60811.37697678 15
HO-68                60811.71697309 60811.72208671 2
HO-68                60811.78697127 60811.80047693 63
HO-68                60811.86315651 60811.87357138 13
HO-68                60812.27881957 60812.29186309 40
HO-68                60812.35396873 60812.36581466 22
HO-68                60812.77536757 60812.78854568 44
HO-68                60812.85074448 60812.86241877 20
HO-68                60813.26733715 60813.27976581 28
HO-68                60813.34183207 60813.35446824 32
HO-68                60813.76388881 60813.77651492 31
HO-68                60813.83851873 60813.85106991 29
HO-68                60814.25600492 60814.26752382 19
HO-68                60814.32980977 60814.34297643 46
HO-68                60814.75255789 60814.76436826 22
HO-68                60814.82643450 60814.83957533 42
HO-68                60815.24487648 60815.25508880 12
HO-68                60815.31788639 60815.33136133 65
HO-68                60815.39613572 60815.40160473 3
HO-68                60815.74140895 60815.75207246 14
HO-68                60815.81446916 60815.82796294 60
HO-68                60816.23406738 60816.24235116 7
HO-68                60816.30605545 60816.31963534 89
HO-68                60816.38299946 60816.39141425 7
HO-68                60816.73053449 60816.73955670 9
HO-68                60816.80261239 60816.81624882 84
HO-68                60816.88019669 60816.88793076 6
HO-68                60817.22395618 60817.22893319 2
HO-68                60817.29431764 60817.30780366 65
HO-68                60817.37040061 60817.38063235 13
HO-68                60817.72012986 60817.72662642 4
HO-68                60817.79086103 60817.80444114 71
HO-68                60817.86735465 60817.87723028 11
HO-68                60818.28267808 60818.29586508 46
HO-68                60818.35805484 60818.36954797 20
HO-68                60818.77921946 60818.79254179 50
HO-68                60818.85486135 60818.86616364 18
HO-68                60819.27115172 60819.28381091 32
HO-68                60819.34587229 60819.35825927 28
HO-68                60819.76769613 60819.78054617 35
HO-68                60819.84257890 60819.85487418 26
HO-68                60820.25976297 60820.27162211 22
HO-68                60820.33381267 60820.34681427 40
HO-68                60820.75631117 60820.76844184 25
HO-68                60820.83044984 60820.84342525 37
HO-68                60821.24855610 60821.25926076 15
HO-68                60821.32185610 60821.33523960 58
HO-68                60821.74509825 60821.75620243 17
HO-68                60821.81844574 60821.83185056 53
HO-68                60822.23761741 60822.24664601 9
HO-68                60822.30999326 60822.32355070 81
HO-68                60822.38730768 60822.39488492 6
HO-68                60822.73411194 60822.74377436 11
HO-68                60822.80655272 60822.82016974 75
HO-68                60822.88462776 60822.89134821 4
HO-68                60823.22717811 60823.23355092 4
HO-68                60823.29822273 60823.31175502 73
AO-73                60802.80260522 60802.81068576 37
AO-73                60802.86977635 60802.87508081 6
AO-73                60803.30002769 60803.30825468 27
AO-73                60803.36650658 60803.37324641 11
AO-73                60803.80194268 60803.81005740 36
AO-73                60803.86909239 60803.87451930 6
AO-73                60804.29942226 60804.30760665 26
AO-73                60804.36585210 60804.37265073 11
AO-73                60804.80131051 60804.80941480 34
AO-73                60804.86839187 60804.87394037 6
AO-73                60805.29880095 60805.30694008 26
AO-73                60805.36518064 60805.37203746 11
AO-73                60805.80066196 60805.80875474 33
AO-73                60805.86767486 60805.87334395 7
AO-73                60806.29816381 60806.30625490 25
AO-73                60806.36449259 60806.37140656 12
AO-73                60806.79999710 60806.80807716 32
AO-73                60806.86694141 60806.87273002 7
AO-73                60807.29751086 60807.30555108 24
AO-73                60807.36378776 60807.37075802 12
AO-73                60807.79931600 60807.80738200 31
AO-73                60807.86619158 60807.87209850 8
AO-73                60808.29684215 60808.30482857 23
AO-73                60808.36306616 60808.37009181 13
AO-73                60808.79861899 60808.80666920 30
AO-73                60808.86542540 60808.87144955 8
AO-73                60809.29615771 60809.30408732 22
AO-73                60809.36232779 60809.36940793 13
AO-73                60809.79790565 60809.80593870 29
AO-73                60809.86464295 60809.87078275 8
AO-73                60810.29545759 60810.30332726 21
AO-73                60810.36157265 60810.36870636 14
AO-73                60810.79717630 60810.80519043 28
AO-73                60810.86384426 60810.87009830 9
AO-73                60811.29474185 60811.30254835 20
AO-73                60811.36080076 60811.36798706 14
AO-73                60811.79643105 60811.80442431 27
AO-73                60811.86302939 60811.86939613 9
AO-73                60812.29401054 60812.30175053 20
AO-73                60812.36001758 60812.36725704 15
AO-73                60812.79566996 60812.80364028 26
AO-73                60812.86219838 60812.86867619 10
AO-73                60813.29326377 60813.30093372 19
AO-73                60813.35921219 60813.36650222 15
AO-73                60813.79489313 60813.80283824 25
AO-73                60813.86135128 60813.86793842 10
AO-73                60814.29250152 60814.30009779 18
AO-73                60814.35839006 60814.36572964 16
AO-73                60814.79410065 60814.80201813 24
AO-73                60814.86048818 60814.86718280 11
AO-73                60815.29172391 60815.29924296 17
AO-73                60815.35755118 60815.36493927 16
AO-73                60815.79329263 60815.80117986 23
AO-73                60815.85960906 60815.86640928 12
AO-73                60816.29093083 60816.29836873 16
AO-73                60816.35669556 60816.36413111 17
AO-73                60816.79246916 60816.80032333 22
AO-73                60816.85871379 60816.86561781 12
AO-73                60817.29012274 60817.29747520 16
AO-73                60817.35582321 60817.36330497 18
AO-73                60817.79163035 60817.79944845 21
AO-73                60817.85780802 60817.86481556 13
AO-73                60818.28929957 60818.29656225 15
AO-73                60818.35493413 60818.36246118 18
AO-73                60818.79077629 60818.79855512 21
AO-73                60818.85688115 60818.86398807 14
AO-73                60819.28846143 60819.29562978 14
AO-73                60819.35402833 60819.36159956 19
AO-73                60819.78990711 60819.79764324 20
AO-73                60819.85593842 60819.86314251 14
AO-73                60820.28760840 60820.29467769 13
AO-73                60820.35310582 60820.36072010 20
AO-73                60820.78902292 60820.79671269 19
AO-73                60820.85497990 60820.86227885 15
AO-73                60821.28674066 60821.29370581 13
AO-73                60821.35216661 60821.35982277 21
AO-73                60821.78812385 60821.79576330 18
AO-73                60821.85400563 60821.86139703 16
AO-73                60822.28585836 60822.29271401 12
AO-73                60822.35121070 60822.35890762 22
AO-73                60822.78721003 60822.79479524 17
AO-73                60822.85301582 60822.86049685 17
AO-73                60823.28496169 60823.29170209 11
AO-73                60823.35023811 60823.35797454 23
AO-73                60823.78628159 60823.79380795 17
AO-73                60823.85201015 60823.85957861 18
AO-73                60824.28405092 60824.29066988 11
AO-73                60824.34924885 60824.35702357 24
AO-73                60824.78533869 60824.79280149 16
AO-73                60824.85098884 60824.85864210 18
AO-73                60825.28312612 60825.28961714 10
AO-73                60825.34824294 60825.35605469 25
AO-73                60825.78438147 60825.79177569 15
AO-73                60825.84995192 60825.85768731 19
AO-73                60826.28218763 60826.28854363 9
AO-73                60826.34722040 60826.35506788 26
AO-73                60826.78341012 60826.79073040 14
AO-73                60826.84889943 60826.85671412 20
AO-73                60827.28123576 60827.28744905 9
TITA                 60803.05470540 60803.05968361 5
TITA                 60803.11847958 60803.12650387 40
TITA                 60803.61300270 60803.62138562 73
TITA                 60804.04911259 60804.05272685 2
TITA                 60804.11210145 60804.12027422 58
TITA                 60804.60669712 60804.61507929 77
TITA                 60805.10575449 60805.11399265 85
TITA                 60805.60042061 60805.60871894 53
TITA                 60805.66772699 60805.67197814 3
TITA                 60806.09943946 60806.10766054 66
TITA                 60806.59417398 60806.60230310 37
TITA                 60806.66084069 60806.66626230 6
TITA                 60807.09315666 60807.10127775 45
TITA                 60807.16035580 60807.16490052 4
TITA                 60807.58796113 60807.59582848 26
TITA                 60807.65410385 60807.66036355 9
TITA                 60808.08690850 60808.09484263 32
TITA                 60808.15345008 60808.15910543 7
TITA                 60808.58178844 60808.58928946 19
TITA                 60808.64745969 60808.65435236 13
TITA                 60809.08069957 60809.08835164 23
TITA                 60809.14669084 60809.15315203 11
TITA                 60809.57566577 60809.58267627 14
TITA                 60809.64087019 60809.64824278 18
TITA                 60810.07453634 60810.08179865 17
TITA                 60810.14001397 60810.14708058 15
TITA                 60810.56961027 60810.57597284 10
TITA                 60810.63432591 60810.64205745 25
TITA                 60811.06843039 60811.07517310 12
TITA                 60811.13339896 60811.14092445 21
TITA                 60811.56365268 60811.56914835 6
TITA                 60811.62777588 60811.63580306 35
TITA                 60812.06240089 60812.06845683 8
TITA                 60812.12683217 60812.13469828 29
TITA                 60812.55786352 60812.56213152 3
TITA                 60812.62130004 60812.62949122 50
TITA                 60813.05648414 60813.06161376 5
TITA                 60813.12026386 60813.12840765 41
TITA                 60813.61485406 60813.62312215 73
TITA                 60814.05077107 60814.05455223 2
TITA                 60814.11377263 60814.12206397 60
TITA                 60814.60843449 60814.61669739 76
TITA                 60815.10731401 60815.11566720 87
TITA                 60815.60204577 60815.61021687 51
TITA                 60815.66934231 60815.67347989 3
TITA                 60816.10088857 60816.10921870 64
TITA                 60816.59568884 60816.60367887 35
TITA                 60816.66232643 60816.66766133 6
TITA                 60817.09449685 60817.10271826 44
TITA                 60817.16158914 60817.16642792 4
TITA                 60817.58936807 60817.59707966 25
TITA                 60817.65546810 60817.66165151 9
TITA                 60818.08814146 60818.09616404 31
TITA                 60818.15459479 60818.16049413 8
TITA                 60818.58309054 60818.59041280 18
TITA                 60818.64870589 60818.65552558 13
TITA                 60819.08182735 60819.08955218 22
TITA                 60819.14773675 60819.15441227 11
TITA                 60819.57686807 60819.58366706 13
TITA                 60819.64200050 60819.64929910 19
TITA                 60820.07556161 60820.08287605 16
TITA                 60820.14095748 60820.14821598 16
TITA                 60820.57072049 60820.57682318 9
TITA                 60820.63534183 60820.64299526 26
TITA                 60821.06935673 60821.07612410 12
TITA                 60821.13423867 60821.14193638 22
TITA                 60821.56468626 60821.56984264 5
TITA                 60821.62867902 60821.63662112 36
TITA                 60822.06323399 60822.06927623 8
TITA                 60822.12752622 60822.13558392 31
TITA                 60822.55886323 60822.56262598 2
TITA                 60822.62209159 60822.63018807 53
TITA                 60823.05723443 60823.06229142 5
TITA                 60823.12089519 60823.12917319 44
TITA                 60823.61553370 60823.62369640 79
TITA                 60824.05146736 60824.05505925 2
TITA                 60824.11430083 60824.12270576 65
TITA                 60824.60900699 60824.61714744 69
TITA                 60825.10773998 60825.11618441 86
TITA                 60825.60251170 60825.61054079 46
TITA                 60825.66966395 60825.67395173 4
TITA                 60826.10121381 60826.10961014 59
TITA                 60826.16887601 60826.17274243 3
TITA                 60826.59605080 60826.60387417 32
TITA                 60826.66255678 60826.66799060 6
TITA                 60827.09472325 60827.10298232 41
TITA                 60827.16160674 60827.16688016 6
TITA                 60827.58962959 60827.59714291 22
TITA                 60827.65560243 60827.66185550 10
TITA                 60828.08827177 60828.09629856 29
TITA                 60828.15454753 60828.16078299 9
TITA                 60828.58325673 60828.59033918 16
TITA                 60828.64873057 60828.65559312 14
TITA                 60829.08186448 60829.08955412 21
TITA                 60829.14760736 60829.15455494 13
TITA                 60829.57694673 60829.58344886 11
TITA                 60829.64191932 60829.64923899 20
TITA                 60830.07551067 60830.08274096 15
TITA                 60830.14073844 60830.14821981 18
NOAA-15              60802.95806644 60802.96736318 20
NOAA-15              60803.02692997 60803.03664235 26
NOAA-15              60803.48075755 60803.49099997 41
NOAA-15              60803.55078752 60803.55901996 12
NOAA-15              60803.94096945 60803.94845847 9
NOAA-15              60804.00849600 60804.01891625 53
NOAA-15              60804.46314579 60804.47244887 20
NOAA-15              60804.53204496 60804.54173275 26
NOAA-15              60804.99036126 60805.00090798 75
NOAA-15              60805.06182118 60805.06773754 5
NOAA-15              60805.44599634 60805.45343746 9
NOAA-15              60805.51364614 60805.52404154 53
NOAA-15              60805.97251436 60805.98264263 36
NOAA-15              60806.04240671 60806.05097402 14
NOAA-15              60806.49551313 60806.50604335 75
NOAA-15              60806.56673920 60806.57272872 5
NOAA-15              60806.95501010 60806.96408494 18
NOAA-15              60807.02366104 60807.03355342 29
NOAA-15              60807.47763954 60807.48775749 36
NOAA-15              60807.54746868 60807.55600594 14
NOAA-15              60807.93802294 60807.94507992 8
NOAA-15              60808.00528002 60808.01577213 60
NOAA-15              60808.46008902 60808.46913963 18
NOAA-15              60808.52879317 60808.53863529 29
NOAA-15              60808.98719174 60808.99771757 66
NOAA-15              60809.05833006 60809.06486678 6
NOAA-15              60809.44305399 60809.45001098 7
NOAA-15              60809.51044010 60809.52088529 60
NOAA-15              60809.96939583 60809.97940453 32
NOAA-15              60810.03906826 60810.04794156 16
NOAA-15              60810.49234702 60810.50283582 66
NOAA-15              60810.56329450 60810.56984036 6
NOAA-15              60810.95195997 60810.96078485 16
NOAA-15              60811.02039403 60811.03044518 33
NOAA-15              60811.47452142 60811.48449576 32
NOAA-15              60811.54415456 60811.55296586 16
NOAA-15              60811.93510001 60811.94166295 6
NOAA-15              60812.00206415 60812.01261109 68
NOAA-15              60812.45703716 60812.46580658 15
NOAA-15              60812.52554055 60812.53551795 33
NOAA-15              60812.98402263 60812.99451034 58
NOAA-15              60813.05487203 60813.06194439 8
NOAA-15              60813.44013777 60813.44653968 6
NOAA-15              60813.50723155 60813.51771115 68
NOAA-15              60813.96627987 60813.97614810 28
NOAA-15              60814.03573699 60814.04488441 18
NOAA-15              60814.48917984 60814.49961035 58
NOAA-15              60814.55987376 60814.56690573 8
NOAA-15              60814.94891798 60814.95746144 14
NOAA-15              60815.01712887 60815.02731789 37
NOAA-15              60815.47140304 60815.48121455 28
NOAA-15              60815.54084325 60815.54990165 18
NOAA-15              60815.93220935 60815.93819899 5
NOAA-15              60815.99884857 60816.00943262 77
NOAA-15              60816.45399173 60816.46244798 13
NOAA-15              60816.52228612 60816.53238146 37
NOAA-15              60816.98085431 60816.99128564 51
NOAA-15              60817.05143832 60817.05897945 9
NOAA-15              60817.43725781 60817.44301285 4
NOAA-15              60817.50402039 60817.51451970 77
NOAA-15              60817.96316689 60817.97287251 25
NOAA-15              60818.03241142 60818.04180357 21
NOAA-15              60818.48601055 60818.49636741 51
NOAA-15              60818.55643839 60818.56393484 9
NOAA-15              60818.94588623 60818.95411249 12
NOAA-15              60819.01386495 60819.02417173 42
NOAA-15              60819.46828520 60819.47791350 25
NOAA-15              60819.53753339 60819.54681458 21
NOAA-15              60819.92936456 60819.93467416 4
NOAA-15              60819.99563355 60820.00623677 87
NOAA-15              60820.06779527 60820.07236035 3
NOAA-15              60820.45095479 60820.45906205 12
NOAA-15              60820.51902960 60820.52922652 42
NOAA-15              60820.97768717 60820.98804341 45
NOAA-15              60821.04799141 60821.05598009 11
NOAA-15              60821.43443267 60821.43941220 3
NOAA-15              60821.50080636 60821.51131082 87
NOAA-15              60821.57268182 60821.57726980 3
NOAA-15              60821.96005804 60821.96957682 22
NOAA-15              60822.02909058 60822.03870014 23
NOAA-15              60822.48283933 60822.49310676 45
NOAA-15              60822.55304544 60822.56092740 11
NOAA-15              60822.94286733 60822.95073532 10
NOAA-15              60823.01060229 60823.02100685 48
NOAA-15              60823.46516857 60823.47459208 22
NOAA-15              60823.53422396 60823.54370607 23
NOAA-15              60823.92659050 60823.93106277 2
NOAA-15              60823.99241898 60824.00302328 83
NOAA-15              60824.06415401 60824.06957546 4
NOAA-15              60824.44792894 60824.45564631 10
NOAA-15              60824.51577069 60824.52605349 47
NOAA-15              60824.97452166 60824.98478290 40
NOAA-15              60825.04458934 60825.05294546 13
NOAA-15              60825.49758955 60825.50808497 83
NOAA-15              60825.56908685 60825.57446607 4
NOAA-15              60825.95695433 60825.96625995 20
NOAA-15              60826.02577363 60826.03557487 26
NOAA-15              60826.47966646 60826.48982843 39
NOAA-15              60826.54966106 60826.55789003 13
NOAA-18              60803.09608020 60803.10463393 13
NOAA-18              60803.16473436 60803.17525910 41
NOAA-18              60803.62311184 60803.63348734 32
NOAA-18              60803.69329557 60803.70264060 18
NOAA-18              60804.08775460 60804.09518939 8
NOAA-18              60804.15568941 60804.16643923 59
NOAA-18              60804.61442766 60804.62430556 23
NOAA-18              60804.68407238 60804.69406087 25
NOAA-18              60805.07968011 60805.08551531 4
NOAA-18              60805.14671399 60805.15755374 84
NOAA-18              60805.21964529 60805.22414525 2
NOAA-18              60805.60584155 60805.61502543 16
NOAA-18              60805.67493103 60805.68538301 35
NOAA-18              60806.13780655 60806.14860631 70
NOAA-18              60806.20965117 60806.21628821 6
NOAA-18              60806.59738507 60806.60561739 11
NOAA-18              60806.66585933 60806.67662174 49
NOAA-18              60807.12896773 60807.13959746 49
NOAA-18              60807.20000699 60807.20804373 10
NOAA-18              60807.58912033 60807.59602135 7
NOAA-18              60807.65685064 60807.66778581 70
NOAA-18              60808.12020319 60808.13052452 35
NOAA-18              60808.19058542 60808.19959559 16
NOAA-18              60808.58121279 60808.58607081 3
NOAA-18              60808.64790260 60808.65888001 84
NOAA-18              60808.71994856 60808.72592296 5
NOAA-18              60809.11152137 60809.12138091 25
NOAA-18              60809.18129461 60809.19101369 22
NOAA-18              60809.63901433 60809.64990591 60
NOAA-18              60809.71025897 60809.71784040 9
NOAA-18              60810.10293735 60810.11215424 18
NOAA-18              60810.17210337 60810.18233077 31
NOAA-18              60810.63019083 60810.64086197 42
NOAA-18              60810.70081709 60810.70950899 13
NOAA-18              60811.09447688 60811.10282145 12
NOAA-18              60811.16299483 60811.17356570 44
NOAA-18              60811.62143867 60811.63174308 30
NOAA-18              60811.69151135 60811.70102044 19
NOAA-18              60812.08618810 60812.09333737 7
NOAA-18              60812.15395995 60812.16472941 64
NOAA-18              60812.61277004 60812.62253927 21
NOAA-18              60812.68230388 60812.69241512 27
NOAA-18              60813.07818479 60813.08358941 4
NOAA-18              60813.14499405 60813.15582858 89
NOAA-18              60813.21766107 60813.22268559 3
NOAA-18              60813.60420449 60813.61323240 15
NOAA-18              60813.67317506 60813.68371525 37
NOAA-18              60814.13609614 60814.14686610 65
NOAA-18              60814.20776925 60814.21471749 7
NOAA-18              60814.59577767 60814.60378918 10
NOAA-18              60814.66411412 60814.67493428 53
NOAA-18              60815.12726768 60815.13784192 45
NOAA-18              60815.19816723 60815.20642181 11
NOAA-18              60815.58756264 60815.59413790 6
NOAA-18              60815.65511545 60815.66607984 75
NOAA-18              60816.11851497 60816.12875269 32
NOAA-18              60816.18877148 60816.19794064 17
NOAA-18              60816.57977709 60816.58405820 2
NOAA-18              60816.64617730 60816.65715607 79
NOAA-18              60816.71804165 60816.72440595 5
NOAA-18              60817.10984748 60817.11959065 23
NOAA-18              60817.17949848 60817.18933368 24
NOAA-18              60817.63729915 60817.64816389 56
NOAA-18              60817.70840668 60817.71625584 10
NOAA-18              60818.10128213 60818.11034189 16
NOAA-18              60818.17032094 60818.18063033 34
NOAA-18              60818.62848709 60818.63910110 39
NOAA-18              60818.69899524 60818.70788289 14
NOAA-18              60819.09284756 60819.10098058 11
NOAA-18              60819.16122396 60819.17184751 48
NOAA-18              60819.61974848 60819.62996174 28
NOAA-18              60819.68970955 60819.69936365 21
NOAA-18              60820.08459950 60820.09145330 7
NOAA-18              60820.15219926 60820.16299517 68
NOAA-18              60820.61109663 60820.62073441 20
NOAA-18              60820.68051700 60820.69073331 29
NOAA-18              60821.07668161 60821.08161766 3
NOAA-18              60821.14324322 60821.15407905 85
NOAA-18              60821.21566780 60821.22117820 4
NOAA-18              60821.60255371 60821.61139874 14
NOAA-18              60821.67140029 60821.68201181 40
NOAA-18              60822.13435507 60822.14510149 60
NOAA-18              60822.20586093 60822.21311672 8
NOAA-18              60822.59416021 60822.60191612 9
NOAA-18              60822.66234995 60822.67321094 57
NOAA-18              60823.12553754 60823.13606188 42
NOAA-18              60823.19629824 60823.20477351 13
NOAA-18              60823.58600462 60823.59219969 5
NOAA-18              60823.65336127 60823.66433778 80
NOAA-18              60823.72602498 60823.73068404 3
NOAA-18              60824.11679738 60824.12695584 30
NOAA-18              60824.18692706 60824.19626052 18
NOAA-18              60824.64443322 60824.65539568 73
NOAA-18              60824.71612951 60824.72283902 6
NOAA-18              60825.10814518 60825.11777503 21
NOAA-18              60825.17767158 60825.18762930 26
NOAA-18              60825.63556543 60825.64638491 52
NOAA-18              60825.70654097 60825.71462925 10
NOAA-18              60826.09959971 60826.10850348 15
NOAA-19              60803.09529330 60803.10617694 70
NOAA-19              60803.16712435 60803.17386097 6
NOAA-19              60803.55506499 60803.56324391 11
NOAA-19              60803.62353607 60803.63424781 49
NOAA-19              60804.08661190 60804.09733719 50
NOAA-19              60804.15765440 60804.16577076 11
NOAA-19              60804.54695828 60804.55381424 6
NOAA-19              60804.61469273 60804.62557006 69
NOAA-19              60805.07800228 60805.08843539 35
NOAA-19              60805.14840007 60805.15748332 16
NOAA-19              60805.53920176 60805.54403643 3
NOAA-19              60805.60590831 60805.61682402 85
NOAA-19              60805.67799208 60805.68382722 4
NOAA-19              60806.06947215 60806.07946566 25
NOAA-19              60806.13927274 60806.14906540 22
NOAA-19              60806.59718190 60806.60801121 61
NOAA-19              60806.66846091 60806.67590867 8
NOAA-19              60807.06103531 60807.07041671 18
NOAA-19              60807.13024248 60807.14054844 31
NOAA-19              60807.58851833 60807.59913021 43
NOAA-19              60807.65917920 60807.66773910 13
NOAA-19              60808.05271484 60808.06126818 13
NOAA-19              60808.12129294 60808.13195094 44
NOAA-19              60808.57992382 60808.59017612 30
NOAA-19              60808.65003362 60808.65941240 19
NOAA-19              60809.04455269 60809.05198099 8
NOAA-19              60809.11241503 60809.12328368 62
NOAA-19              60809.57140997 60809.58113969 22
NOAA-19              60809.64098575 60809.65096940 26
NOAA-19              60810.03664157 60810.04246410 4
NOAA-19              60810.10360417 60810.11455319 87
NOAA-19              60810.17633934 60810.18132746 3
NOAA-19              60810.56299515 60810.57200366 15
NOAA-19              60810.63201567 60810.64243264 36
NOAA-19              60811.09485922 60811.10576264 68
NOAA-19              60811.16659694 60811.17353795 7
NOAA-19              60811.55471274 60811.56273703 10
NOAA-19              60811.62311240 60811.63381548 50
NOAA-19              60812.08618103 60812.09691233 48
NOAA-19              60812.15714900 60812.16541615 11
NOAA-19              60812.54662977 60812.55327406 6
NOAA-19              60812.61427011 60812.62512592 72
NOAA-19              60813.07757522 60813.08799955 34
NOAA-19              60813.14790706 60813.15710764 16
NOAA-19              60813.53893629 60813.54342272 2
NOAA-19              60813.60548677 60813.61636823 82
NOAA-19              60813.67748583 60813.68347016 5
NOAA-19              60814.06904999 60814.07901797 25
NOAA-19              60814.13878766 60814.14867299 23
NOAA-19              60814.59676163 60814.60754365 58
NOAA-19              60814.66797557 60814.67551767 9
NOAA-19              60815.06061986 60815.06995569 18
NOAA-19              60815.12976297 60815.14014205 32
NOAA-19              60815.58810009 60815.59865046 41
NOAA-19              60815.65870369 60815.66732617 13
NOAA-19              60816.05230942 60816.06079107 12
NOAA-19              60816.12081770 60816.13153192 45
NOAA-19              60816.57950871 60816.58968322 29
NOAA-19              60816.64956341 60816.65898238 19
NOAA-19              60817.04416269 60817.05148222 8
NOAA-19              60817.11194336 60817.12285298 64
NOAA-19              60817.57099977 60817.58063194 21
NOAA-19              60817.64051860 60817.65052483 27
NOAA-19              60818.03628231 60818.04192865 4
NOAA-19              60818.10313581 60818.11411129 89
NOAA-19              60818.17573171 60818.18102481 3
NOAA-19              60818.56259293 60818.57147836 15
NOAA-19              60818.63155038 60818.64197500 37
NOAA-19              60819.09439421 60819.10530967 66
NOAA-19              60819.16603919 60819.17317565 7
NOAA-19              60819.55432389 60819.56218870 10
NOAA-19              60819.62264833 60819.63334565 52
NOAA-19              60820.08571973 60820.09644812 46
NOAA-19              60820.15661237 60820.16502311 12
NOAA-19              60820.54626750 60820.55268979 6
NOAA-19              60820.61380706 60820.62464437 74
NOAA-19              60821.07711841 60821.08752361 33
NOAA-19              60821.14738270 60821.15669332 17
NOAA-19              60821.60502482 60821.61587512 79
NOAA-19              60821.67693727 60821.68307714 5
NOAA-19              60822.06859893 60822.07852930 24
NOAA-19              60822.13827135 60822.14824183 24
NOAA-19              60822.59630098 60822.60703881 56
NOAA-19              60822.66744760 60822.67509140 9
NOAA-19              60823.06017658 60823.06945257 17
NOAA-19              60823.12925245 60823.13969645 34
NOAA-19              60823.58764156 60823.59813325 39
NOAA-19              60823.65818561 60823.66687802 14
NOAA-19              60824.05187744 60824.06027027 12
NOAA-19              60824.12031174 60824.13107332 47
NOAA-19              60824.57905349 60824.58915294 28
NOAA-19              60824.64905074 60824.65851717 20
NOAA-19              60825.04374896 60825.05093713 7
NOAA-19              60825.11144131 60825.12238221 67
NOAA-19              60825.57054980 60825.58008675 20
NOAA-19              60825.64000910 60825.65004512 28
NOAA-19              60826.03590545 60826.04134074 4
NOAA-19              60826.10263746 60826.11362876 88
NOAA-19              60826.17510156 60826.18067435 4
METOA                60803.13564804 60803.14348781 15
METOA                60803.20222247 60803.21078730 24
METOA                60803.64208637 60803.64978459 15
METOA                60803.70886710 60803.71695753 21
METOA                60804.15317556 60804.16203723 33
METOA                60804.22108112 60804.22811319 10
METOA                60804.65963968 60804.66841012 34
METOA                60804.72765515 60804.73419290 9
METOA                60805.17106495 60805.18026828 74
METOA                60805.67753352 60805.68667359 78
METOA                60806.12378926 60806.12996060 7
METOA                60806.18926238 60806.19821814 41
METOA                60806.62991468 60806.63644086 8
METOA                60806.69570201 60806.70462185 40
METOA                60807.14090085 60807.14885714 18
METOA                60807.20783203 60807.21584204 18
METOA                60807.64710511 60807.65541472 20
METOA                60807.71420242 60807.72221587 18
METOA                60808.15851573 60808.16730618 41
METOA                60808.22686311 60808.23296602 7
METOA                60808.66475795 60808.67391240 44
METOA                60808.73311107 60808.73929662 7
METOA                60809.17647470 60809.18545010 74
METOA                60809.61824312 60809.62255092 3
METOA                60809.68271746 60809.69207683 74
METOA                60810.12887443 60810.13538893 9
METOA                60810.19474401 60810.20330490 32
METOA                60810.63477124 60810.64216811 11
METOA                60810.70098598 60810.70993331 33
METOA                60811.14611814 60811.15414411 21
METOA                60811.21341661 60811.22079821 14
METOA                60811.65212002 60811.66095696 25
METOA                60811.71951865 60811.72740970 15
METOA                60812.16381213 60812.17249914 50
METOA                60812.23268943 60812.23764914 4
METOA                60812.66985703 60812.67934067 57
METOA                60812.73856656 60812.74430378 6
METOA                60813.11738378 60813.12134753 3
METOA                60813.18183827 60813.19055619 60
METOA                60813.62277983 60813.62853337 5
METOA                60813.68787773 60813.69741001 61
METOA                60814.13393535 60814.14072547 11
METOA                60814.20022690 60814.20831395 25
METOA                60814.63965714 60814.64777400 15
METOA                60814.70620064 60814.71516273 28
METOA                60815.15129180 60815.15935699 26
METOA                60815.21897925 60815.22565245 10
METOA                60815.65712814 60815.66641290 32
METOA                60815.72481812 60815.73252402 13
METOA                60816.16905949 60816.17762232 63
METOA                60816.67494001 60816.68469212 71
METOA                60816.74404345 60816.74919224 4
METOA                60817.12215804 60817.12686431 4
METOA                60817.18715220 60817.19559186 46
METOA                60817.62746102 60817.63427677 8
METOA                60817.69301743 60817.70266848 50
METOA                60818.13895993 60818.14598303 13
METOA                60818.20562241 60818.21324170 19
METOA                60818.64455788 60818.65327110 19
METOA                60818.71140193 60818.72032140 23
METOA                60819.15641559 60819.16450319 31
METOA                60819.22452780 60819.23039742 7
METOA                60819.66212818 60819.67178185 40
METOA                60819.73010921 60819.73754967 11
METOA                60820.17425285 60820.18268163 79
METOA                60820.61582841 60820.62017060 2
METOA                60820.68000505 60820.68996323 83
METOA                60820.74957971 60820.75392294 3
METOA                60821.12694885 60821.13225125 6
METOA                60821.19241285 60821.20056175 36
METOA                60821.63221072 60821.63985597 11
METOA                60821.69813993 60821.70784729 42
METOA                60822.14393997 60822.15117161 16
METOA                60822.21097324 60822.21809393 15
METOA                60822.64946527 60822.65866529 24
METOA                60822.71655488 60822.72539864 20
METOA                60823.16148478 60823.16958929 39
METOA                60823.23008055 60823.23501643 5
METOA                60823.66711914 60823.67706243 50
METOA                60823.73540191 60823.74247473 9
METOA                60824.17938865 60824.18768254 75
METOA                60824.62025834 60824.62600029 5
METOA                60824.68505627 60824.69515029 75
METOA                60825.13172667 60825.13754111 7
METOA                60825.19761776 60825.20547036 28
METOA                60825.63699787 60825.64529980 14
METOA                60825.70324821 60825.71294139 35
METOA                60826.14887036 60826.15629914 20
METOA                60826.21628010 60826.22287167 11
METOA                60826.65437421 60826.66395910 29
METOA                60826.72173389 60826.73038218 17
METOA                60827.16649595 60827.17462093 49
METOA                60827.23568195 60827.23946687 3
METOA                60827.67210076 60827.68225263 62
METOA                60827.74070930 60827.74728443 7
METOA                60828.18446526 60828.19262987 58
METOA                60828.62484094 60828.63157516 7
METOA                60828.69009468 60828.70024956 62
METOA                60829.13647636 60829.14275236 10
METOB                60803.05032229 60803.06044406 32
METOB                60803.12024263 60803.12925017 16
METOB                60803.57520611 60803.58587997 72
METOB                60803.64655000 60803.65297509 6
METOB                60804.03644430 60804.04569187 19
METOB                60804.10539029 60804.11538504 29
METOB                60804.56100427 60804.57137059 40
METOB                60804.63124732 60804.63969658 13
METOB                60805.02287523 60805.03067470 10
METOB                60805.09076438 60805.10129571 51
METOB                60805.54699405 60805.55666329 23
METOB                60805.61634698 60805.62599017 23
METOB                60806.00987377 60806.01514376 4
METOB                60806.07632561 60806.08702913 89
METOB                60806.14865376 60806.15350636 3
METOB                60806.53324021 60806.54169972 13
METOB                60806.60167273 60806.61201727 40
METOB                60807.06206391 60807.07260271 52
METOB                60807.13288330 60807.14055252 9
METOB                60807.51991757 60807.52631212 6
METOB                60807.58717324 60807.59783893 72
METOB                60808.04799278 60808.05801147 30
METOB                60808.11776011 60808.12695936 18
METOB                60808.57283400 60808.58347945 66
METOB                60808.64398611 60808.65079377 7
METOB                60809.03415340 60809.04322364 17
METOB                60809.10294595 60809.11305295 31
METOB                60809.55865710 60809.56893986 37
METOB                60809.62875729 60809.63742858 14
METOB                60810.02064538 60810.02815060 9
METOB                60810.08834925 60810.09893256 55
METOB                60810.54467958 60810.55419654 21
METOB                60810.61389612 60810.62367311 25
METOB                60811.00779536 60811.01247389 3
METOB                60811.07393665 60811.08463928 84
METOB                60811.14596981 60811.15141274 4
METOB                60811.53097486 60811.53918147 12
METOB                60811.59924951 60811.60966422 44
METOB                60812.05970164 60812.07018660 47
METOB                60812.13034306 60812.13830831 11
METOB                60812.51775460 60812.52368991 5
METOB                60812.58477359 60812.59545544 78
METOB                60813.04566149 60813.05556656 27
METOB                60813.11527722 60813.12465388 20
METOB                60813.57045574 60813.58106702 60
METOB                60813.64143042 60813.64858726 8
METOB                60814.03186327 60814.04074124 16
METOB                60814.10049937 60814.11070842 34
METOB                60814.55630703 60814.56649665 34
METOB                60814.62626681 60814.63514461 16
METOB                60815.01842279 60815.02560595 8
METOB                60815.08593123 60815.09655785 61
METOB                60815.54236391 60815.55171565 19
METOB                60815.61144233 60815.62134281 27
METOB                60816.07154489 60816.08223802 77
METOB                60816.14331673 60816.14927296 5
METOB                60816.52871305 60816.53664467 10
METOB                60816.59682250 60816.60729901 48
METOB                60817.05733695 60817.06775900 43
METOB                60817.12780698 60817.13604500 12
METOB                60817.51561516 60817.52102888 4
METOB                60817.58237008 60817.59306020 85
METOB                60817.65454521 60817.65921777 3
METOB                60818.04332898 60818.05310898 25
METOB                60818.11279364 60818.12233424 21
METOB                60818.56807560 60818.57864272 55
METOB                60818.63884966 60818.64636067 9
METOB                60819.02957467 60819.03824365 14
METOB                60819.09805041 60819.10835148 37
METOB                60819.55395426 60819.56404073 31
METOB                60819.62377527 60819.63284526 17
METOB                60820.01620978 60820.02303843 7
METOB                60820.08351035 60820.09417150 66
METOB                60820.54004756 60820.54922026 18
METOB                60820.60898536 60820.61899957 30
METOB                60821.06915018 60821.07982524 71
METOB                60821.14068534 60821.14709595 6
METOB                60821.52645581 60821.53408810 9
METOB                60821.59439156 60821.60492202 52
METOB                60822.05497004 60822.06531947 40
METOB                60822.12527379 60822.13376360 13
METOB                60822.51350963 60822.51831851 3
METOB                60822.57996249 60822.59065330 88
METOB                60822.65185912 60822.65712201 4
METOB                60823.04099566 60823.05063837 23
METOB                60823.11030910 60823.12000070 23
METOB                60823.56569184 60823.57620661 50
METOB                60823.63630335 60823.64411077 10
METOB                60824.02728842 60824.03573013 13
METOB                60824.09559927 60824.10598225 41
METOB                60824.55159907 60824.56157209 28
METOB                60824.62128215 60824.63053142 19
METOB                60825.01400907 60825.02044509 6
METOB                60825.08108665 60825.09177343 73
METOB                60825.53773104 60825.54670977 16
METOB                60825.60652495 60825.61664366 33
METOB                60826.06675270 60826.07740080 65
METOB                60826.13806977 60826.14488786 7
METOB                60826.52420521 60826.53151010 8
