iss                  60803.43807847 60803.44292596 5
iss                  60803.50370303 60803.51116185 49
iss                  60803.84881811 60803.85366539 5
iss                  60803.91477619 60803.92232566 73
iss                  60804.46988920 60804.47736361 63
iss                  60804.53833018 60804.54341847 6
iss                  60804.88100102 60804.88845665 44
iss                  60804.94901622 60804.95426555 6
iss                  60805.43628860 60805.44336695 26
iss                  60805.50372036 60805.51012322 13
iss                  60805.84735850 60805.85433365 20
iss                  60805.91454157 60805.92118553 15
iss                  60806.40295462 60806.40910509 12
iss                  60806.46942347 60806.47657598 25
iss                  60806.81384643 60806.81991350 10
iss                  60806.88037786 60806.88771497 34
iss                  60807.37000522 60807.37437301 4
iss                  60807.43535959 60807.44284128 59
iss                  60807.78061833 60807.78507052 4
iss                  60807.84640384 60807.85396572 87
iss                  60808.40150478 60808.40892617 52
iss                  60808.46972730 60808.47512224 7
iss                  60808.81257545 60808.81996575 37
iss                  60808.88039065 60808.88600139 8
iss                  60809.36787136 60809.37480222 22
iss                  60809.43510653 60809.44168837 14
iss                  60809.77888220 60809.78570476 18
iss                  60809.84591413 60809.85274585 18
iss                  60810.33452904 60810.34038676 10
iss                  60810.40077801 60810.40802143 30
iss                  60810.74533088 60810.75112788 9
iss                  60810.81171435 60810.81913268 41
iss                  60811.30166580 60811.30539581 3
iss                  60811.36667688 60811.37416990 73
iss                  60811.43585867 60811.43966523 3
iss                  60811.71212147 60811.71606640 3
iss                  60811.77769285 60811.78524866 76
iss                  60811.84642495 60811.85020571 3
iss                  60812.33278647 60812.34013330 42
iss                  60812.40078019 60812.40647706 8
iss                  60812.74381425 60812.75111250 31
iss                  60812.81142977 60812.81737989 10
iss                  60813.29912837 60813.30587422 18
iss                  60813.36614878 60813.37290621 17
iss                  60813.71007540 60813.71670584 15
iss                  60813.77694710 60813.78395276 21
iss                  60814.26573946 60814.27128602 8
iss                  60814.33179167 60814.33911753 35
iss                  60814.67649562 60814.68195803 7
iss                  60814.74271206 60814.75019477 51
iss                  60815.29765750 60815.30514591 88
iss                  60815.36652058 60815.37086750 4
iss                  60815.70864520 60815.71617195 61
iss                  60815.77704172 60815.78149975 4
iss                  60816.26373736 60816.27098252 34
iss                  60816.33149150 60816.33748197 10
iss                  60816.67471991 60816.68189387 26
iss                  60816.74213563 60816.74839954 12
iss                  60817.23006477 60817.23657829 15
iss                  60817.29684974 60817.30377529 20
iss                  60817.64091437 60817.64733109 13
iss                  60817.70764254 60817.71480377 26
iss                  60818.19670380 60818.20179284 6
iss                  60818.26246716 60818.26986291 44
iss                  60818.60734880 60818.61239416 6
iss                  60818.67337294 60818.68089869 65
iss                  60819.22830431 60819.23576708 71
iss                  60819.29685803 60819.30170001 5
iss                  60819.63926308 60819.64673267 48
iss                  60819.70735858 60819.71239722 6
iss                  60820.19436134 60820.20147010 27
iss                  60820.26186398 60820.26813542 12
iss                  60820.60529204 60820.61230580 21
iss                  60820.67250949 60820.67905852 14
iss                  60821.16068741 60821.16690793 12
iss                  60821.22721219 60821.23429390 24
iss                  60821.57145564 60821.57757657 11
iss                  60821.63800300 60821.64529625 32
iss                  60822.12739322 60822.13188478 4
iss                  60822.19280727 60822.20025536 56
iss                  60822.53790362 60822.54242104 4
iss                  60822.60369927 60822.61124171 84
iss                  60823.15862068 60823.16603064 54
iss                  60823.22686915 60823.23216736 6
iss                  60823.56954877 60823.57692755 38
iss                  60823.63736612 60823.64290996 8
iss                  60824.12466328 60824.13159177 22
iss                  60824.19190008 60824.19843636 14
iss                  60824.53553964 60824.54234398 18
iss                  60824.60255293 60824.60935529 18
iss                  60825.09100625 60825.09685384 10
iss                  60825.15723907 60825.16446012 29
iss                  60825.50168023 60825.50743347 8
iss                  60825.56803014 60825.57542806 41
iss                  60826.05785084 60826.06151823 3
iss                  60826.12281520 60826.13029245 74
iss                  60826.19196326 60826.19576982 3
iss                  60826.46818469 60826.47201203 3
iss                  60826.53369291 60826.54122089 75
AO-07                60803.35259383 60803.36555668 21
AO-07                60803.42935682 60803.44454476 58
AO-07                60803.86387120 60803.87607456 15
AO-07                60803.94059262 60803.95601884 71
AO-07                60804.02109000 60804.03036368 7
AO-07                60804.31517241 60804.32136347 3
AO-07                60804.38791959 60804.40294797 53
AO-07                60804.46703800 60804.48032576 22
AO-07                60804.89925506 60804.91420865 43
AO-07                60804.97774267 60804.99174704 29
AO-07                60805.34794998 60805.36044677 18
AO-07                60805.42436649 60805.43965394 65
AO-07                60805.50685299 60805.51411567 4
AO-07                60805.85924869 60805.87078372 12
AO-07                60805.93563795 60805.95112548 80
AO-07                60806.01581247 60806.02596963 9
AO-07                60806.38309033 60806.39795173 47
AO-07                60806.46187524 60806.47557927 25
AO-07                60806.89441937 60806.90915180 37
AO-07                60806.97269407 60806.98701129 33
AO-07                60807.34334852 60807.35531379 15
AO-07                60807.41939572 60807.43474916 74
AO-07                60807.50118744 60807.50985624 6
AO-07                60807.85468228 60807.86543524 10
AO-07                60807.93069631 60807.94621285 89
AO-07                60808.01058648 60808.02150802 11
AO-07                60808.37828291 60808.39294286 41
AO-07                60808.45674243 60808.47080591 29
AO-07                60808.88960333 60808.90407175 33
AO-07                60808.96766055 60808.98225020 37
AO-07                60809.33878863 60809.35015366 13
AO-07                60809.41444423 60809.42983110 83
AO-07                60809.49566923 60809.50545276 8
AO-07                60809.85019229 60809.86001341 8
AO-07                60809.92576746 60809.94128111 81
AO-07                60810.00540020 60810.01699114 14
AO-07                60810.37349192 60810.38792116 36
AO-07                60810.45163677 60810.46600897 33
AO-07                60810.88480931 60810.89896658 29
AO-07                60810.96264121 60810.97746526 42
AO-07                60811.33427710 60811.34496075 11
AO-07                60811.40951187 60811.42490028 88
AO-07                60811.49024939 60811.50095279 10
AO-07                60811.84579724 60811.85449160 6
AO-07                60811.92085207 60811.93633025 73
AO-07                60812.00024606 60812.01242740 16
AO-07                60812.36873114 60812.38288566 32
AO-07                60812.44655609 60812.46119081 38
AO-07                60812.88003934 60812.89383414 25
AO-07                60812.95763538 60812.97265767 48
AO-07                60813.32982286 60813.33972695 9
AO-07                60813.40459860 60813.41995709 79
AO-07                60813.48490220 60813.49638230 13
AO-07                60813.84154951 60813.84882004 4
AO-07                60813.91595069 60813.93136012 64
AO-07                60813.99511878 60814.00782286 19
AO-07                60814.36399587 60814.37783553 28
AO-07                60814.44149870 60814.45635379 43
AO-07                60814.87529716 60814.88867141 21
AO-07                60814.95264259 60814.96782854 55
AO-07                60815.03409820 60815.04079305 3
AO-07                60815.32543888 60815.33443942 7
AO-07                60815.39970493 60815.41500178 70
AO-07                60815.47961213 60815.49175683 15
AO-07                60815.91106407 60815.92637038 57
AO-07                60815.99001454 60816.00318207 22
AO-07                60816.35928803 60816.37276961 25
AO-07                60816.43646329 60816.45149924 49
AO-07                60816.87058658 60816.88347499 18
AO-07                60816.94766255 60816.96297857 62
AO-07                60817.02862169 60817.03663757 5
AO-07                60817.32121276 60817.32907862 5
AO-07                60817.39483331 60817.41003447 62
AO-07                60817.47436893 60817.48708687 18
AO-07                60817.90619157 60817.92136052 50
AO-07                60817.98493053 60817.99850865 25
AO-07                60818.35461015 60818.36768603 21
AO-07                60818.43144887 60818.44662854 56
AO-07                60818.86591263 60818.87823960 16
AO-07                60818.94269508 60818.95810844 70
AO-07                60819.02326022 60819.03234997 7
AO-07                60819.31706025 60819.32360075 3
AO-07                60819.38997913 60819.40505515 55
AO-07                60819.46916547 60819.48237974 21
AO-07                60819.90133628 60819.91632969 44
AO-07                60819.97986461 60819.99380526 28
AO-07                60820.34996436 60820.36258296 19
AO-07                60820.42645467 60820.44174283 64
AO-07                60820.50909661 60820.51605609 3
AO-07                60820.86128270 60820.87295861 13
AO-07                60820.93774009 60820.95321864 78
AO-07                60821.01797350 60821.02797045 9
AO-07                60821.38514576 60821.40006370 48
AO-07                60821.46399656 60821.47764113 24
AO-07                60821.89649895 60821.91127725 38
AO-07                60821.97481515 60821.98907434 32
AO-07                60822.34535496 60822.35745755 16
AO-07                60822.42148019 60822.43684298 72
AO-07                60822.50339350 60822.51183593 5
LO-19                60803.39261397 60803.40242836 32
LO-19                60803.46186114 60803.47079109 17
LO-19                60803.90932366 60803.91917947 33
LO-19                60803.97860086 60803.98724031 16
LO-19                60804.37073918 60804.37899000 13
LO-19                60804.43841405 60804.44854695 42
LO-19                60804.88721789 60804.89557070 13
LO-19                60804.95527167 60804.96521058 39
LO-19                60805.34992691 60805.35467682 3
LO-19                60805.41549268 60805.42587486 78
LO-19                60805.48665608 60805.49264874 5
LO-19                60805.86618424 60805.87080553 3
LO-19                60805.93233069 60805.94264609 84
LO-19                60806.00307039 60806.00881727 5
LO-19                60806.39304439 60806.40285209 32
LO-19                60806.46229581 60806.47121158 17
LO-19                60806.90974451 60806.91960788 34
LO-19                60806.97902446 60806.98766452 16
LO-19                60807.37116721 60807.37941284 13
LO-19                60807.43884549 60807.44896763 42
LO-19                60807.88763547 60807.89600015 14
LO-19                60807.95569289 60807.96563531 39
LO-19                60808.35035237 60808.35509884 3
LO-19                60808.41592162 60808.42629498 78
LO-19                60808.48709334 60808.49306143 5
LO-19                60808.86659333 60808.87124132 3
LO-19                60808.93274967 60808.94307104 85
LO-19                60809.00349242 60809.00923729 5
LO-19                60809.39347104 60809.40327136 32
LO-19                60809.46272657 60809.47162777 17
LO-19                60809.91016110 60809.92003313 34
LO-19                60809.97944349 60809.98808589 16
LO-19                60810.37159160 60810.37983115 13
LO-19                60810.43927304 60810.44938399 42
LO-19                60810.88804888 60810.89642640 14
LO-19                60810.95610973 60810.96605702 39
LO-19                60811.35077453 60811.35551599 3
LO-19                60811.41634669 60811.42671077 79
LO-19                60811.48752649 60811.49346978 5
LO-19                60811.86699801 60811.87167388 3
LO-19                60811.93316441 60811.94349286 85
LO-19                60812.00390951 60812.00965492 5
LO-19                60812.39389386 60812.40368628 32
LO-19                60812.46315327 60812.47203976 17
LO-19                60812.91057354 60812.92045517 34
LO-19                60812.97985808 60812.98850437 16
LO-19                60813.37201221 60813.38024504 13
LO-19                60813.43969658 60813.44979612 42
LO-19                60813.88845824 60813.89684935 14
LO-19                60813.95652230 60813.96647566 39
LO-19                60814.35119317 60814.35592847 3
LO-19                60814.41676777 60814.42712233 79
LO-19                60814.48795532 60814.49387433 5
LO-19                60814.86739906 60814.87210306 3
LO-19                60814.93357500 60814.94391149 85
LO-19                60815.00432182 60815.01007006 5
LO-19                60815.39431270 60815.40409695 32
LO-19                60815.46357578 60815.47244768 17
LO-19                60815.91098195 60815.92087392 34
LO-19                60815.98026834 60815.98891990 16
LO-19                60816.37242890 60816.38065466 13
LO-19                60816.44011598 60816.45020416 42
LO-19                60816.88886367 60816.89726894 14
LO-19                60816.95693073 60816.96689116 38
LO-19                60817.35160810 60817.35633649 3
LO-19                60817.41718474 60817.42752977 79
LO-19                60817.48837965 60817.49427507 5
LO-19                60817.86779639 60817.87252870 3
LO-19                60817.93398157 60817.94432686 85
LO-19                60818.00472950 60818.01048262 5
LO-19                60818.39472746 60818.40450351 32
LO-19                60818.46399398 60818.47285165 17
LO-19                60818.91138644 60818.92128932 34
LO-19                60818.98067440 60818.98933240 16
LO-19                60819.37284155 60819.38106014 13
LO-19                60819.44053112 60819.45060820 41
LO-19                60819.88926532 60819.89768507 14
LO-19                60819.95733513 60819.96730344 38
LO-19                60820.35201912 60820.35674027 3
LO-19                60820.41759749 60820.42793321 79
LO-19                60820.48879930 60820.49467219 5
LO-19                60820.86819020 60820.87295062 3
LO-19                60820.93438423 60820.94473889 85
LO-19                60821.00513274 60821.01089247 5
LO-19                60821.39513803 60821.40490606 32
LO-19                60821.46440772 60821.47325179 17
LO-19                60821.91178714 60821.92170126 34
LO-19                60821.98107639 60821.98974177 16
LO-19                60822.37325004 60822.38146162 13
LO-19                60822.44094189 60822.45100838 41
LO-19                60822.88966331 60822.89809761 14
LO-19                60822.95773563 60822.96771241 38
LO-19                60823.35242605 60823.35714003 3
LO-19                60823.41800591 60823.42833278 79
LO-19                60823.48921410 60823.49506586 5
LO-19                60823.86858070 60823.87336864 3
LO-19                60823.93478312 60823.94514748 85
LO-19                60824.00553171 60824.01129946 5
LO-19                60824.39554431 60824.40530475 32
FO-29                60803.58296855 60803.59299389 16
FO-29                60803.65489082 60803.66692097 46
FO-29                60804.06911161 60804.08115062 21
FO-29                60804.14094452 60804.15456364 50
FO-29                60804.61666544 60804.62864185 49
FO-29                60804.69033256 60804.70025745 15
FO-29                60805.03407845 60805.04075083 4
FO-29                60805.10262739 60805.11641850 57
FO-29                60805.17663203 60805.18823605 18
FO-29                60805.57952143 60805.58902011 13
FO-29                60805.65125589 60805.66318364 50
FO-29                60806.06553559 60806.07745319 20
FO-29                60806.13716703 60806.15099637 55
FO-29                60806.61309631 60806.62480591 44
FO-29                60806.68662568 60806.69662820 16
FO-29                60807.03081447 60807.03681604 3
FO-29                60807.09894798 60807.11278384 53
FO-29                60807.17274091 60807.18476780 20
FO-29                60807.57609109 60807.58502111 11
FO-29                60807.64762074 60807.65943694 54
FO-29                60808.06197271 60808.07374305 18
FO-29                60808.13340523 60808.14741825 60
FO-29                60808.21041577 60808.21659454 3
FO-29                60808.60952910 60808.62095945 39
FO-29                60808.68291992 60808.69298635 18
FO-29                60809.02763684 60809.03280512 2
FO-29                60809.09528436 60809.10913918 49
FO-29                60809.16887281 60809.18128064 22
FO-29                60809.57268075 60809.58099326 9
FO-29                60809.64398479 60809.65568167 59
FO-29                60809.71992414 60809.72439997 2
FO-29                60810.05843834 60810.07001874 17
FO-29                60810.12965915 60810.14382883 66
FO-29                60810.20618431 60810.21346049 4
FO-29                60810.60596354 60810.61710274 35
FO-29                60810.67921439 60810.68933327 19
FO-29                60811.09163666 60811.10548376 45
FO-29                60811.16502637 60811.17777545 25
FO-29                60811.56929617 60811.57693099 8
FO-29                60811.64034728 60811.65191863 64
FO-29                60811.71598143 60811.72103473 3
FO-29                60812.05492681 60812.06627864 15
FO-29                60812.12592882 60812.14022797 71
FO-29                60812.20205315 60812.21023111 6
FO-29                60812.60239981 60812.61323597 31
FO-29                60812.67550814 60812.68567023 21
FO-29                60813.08800585 60813.10181686 42
FO-29                60813.16120049 60813.17425308 27
FO-29                60813.56594599 60813.57282560 6
FO-29                60813.63670780 60813.64814858 69
FO-29                60813.71207531 60813.71761958 4
FO-29                60814.05143970 60814.06252095 14
FO-29                60814.12221424 60814.13661507 77
FO-29                60814.19799226 60814.20693459 7
FO-29                60814.59883763 60814.60935918 28
FO-29                60814.67180036 60814.68199847 22
FO-29                60815.08439216 60815.09813773 39
FO-29                60815.15739426 60815.17071378 30
FO-29                60815.56264492 60815.56866243 4
FO-29                60815.63306600 60815.64437224 74
FO-29                60815.70819333 60815.71416763 4
FO-29                60816.04797845 60816.05874362 13
FO-29                60816.11851541 60816.13298994 83
FO-29                60816.19398563 60816.20358655 9
FO-29                60816.59527757 60816.60547256 24
FO-29                60816.66809035 60816.67831913 24
FO-29                60817.08079569 60817.09444565 36
FO-29                60817.15360689 60817.16715811 33
FO-29                60817.55942000 60817.56441313 3
FO-29                60817.62942167 60817.64059033 75
FO-29                60817.70432814 60817.71068667 5
FO-29                60818.04454544 60818.05494429 11
FO-29                60818.11483233 60818.12935195 87
FO-29                60818.19002308 60818.20019614 10
FO-29                60818.59172006 60818.60157581 21
FO-29                60818.66437752 60818.67463327 27
FO-29                60819.07721703 60819.09073992 33
FO-29                60819.14983768 60819.16358636 36
FO-29                60819.62577450 60819.63680350 72
FO-29                60819.70047475 60819.70718255 6
FO-29                60820.04114306 60820.05112006 10
FO-29                60820.11116521 60820.12570114 84
FO-29                60820.18609779 60820.19676990 12
FO-29                60820.58816578 60820.59766873 19
FO-29                60820.66066142 60820.67094193 29
FO-29                60821.07365656 60821.08701980 31
FO-29                60821.14608599 60821.15999879 39
FO-29                60821.62212239 60821.63301238 66
FO-29                60821.69659673 60821.70366176 7
FO-29                60822.03777433 60822.04726714 9
FO-29                60822.10751351 60822.12203707 78
FO-29                60822.18220486 60822.19331215 13
FO-29                60822.58461567 60822.59375066 16
FO-29                60822.65694160 60822.66724613 32
FO-29                60823.07011450 60823.08328458 28
FO-29                60823.14235124 60823.15639562 42
FO-29                60823.61846859 60823.62921754 60
FO-29                60823.69275710 60823.70012297 8
FO-29                60824.03444418 60824.04338104 7
SO-50                60803.34733528 60803.35618199 37
SO-50                60803.41751550 60803.42437245 10
SO-50                60803.86039083 60803.86833396 14
SO-50                60803.92892964 60803.93824621 33
SO-50                60804.29260120 60804.29802185 5
SO-50                60804.36037426 60804.36945748 72
SO-50                60804.87275156 60804.88208594 37
SO-50                60804.94286118 60804.95084421 13
SO-50                60805.30470485 60805.31260634 16
SO-50                60805.37380096 60805.38220861 24
SO-50                60805.81884297 60805.82406020 4
SO-50                60805.88568672 60805.89537131 79
SO-50                60805.95786049 60805.96269112 3
SO-50                60806.31740863 60806.32634738 44
SO-50                60806.38782028 60806.39425267 8
SO-50                60806.83033619 60806.83857437 16
SO-50                60806.89911795 60806.90829866 29
SO-50                60807.26248133 60807.26842825 6
SO-50                60807.33049344 60807.33953655 60
SO-50                60807.84278921 60807.85223123 43
SO-50                60807.91314607 60807.92081357 11
SO-50                60808.27470610 60808.28283253 19
SO-50                60808.34397941 60808.35219281 21
SO-50                60808.78857451 60808.79446163 6
SO-50                60808.85579073 60808.86545116 68
SO-50                60808.92842537 60808.93241068 2
SO-50                60809.28746362 60809.29647335 52
SO-50                60809.35812902 60809.36407207 6
SO-50                60809.80027464 60809.80876995 19
SO-50                60809.86929180 60809.87831557 25
SO-50                60810.23236807 60810.23876663 8
SO-50                60810.30059419 60810.30957723 51
SO-50                60810.81281217 60810.82233971 50
SO-50                60810.88342454 60810.89074033 10
SO-50                60811.24469189 60811.25301494 22
SO-50                60811.31414370 60811.32213493 18
SO-50                60811.75833768 60811.76478250 7
SO-50                60811.82587857 60811.83549628 58
SO-50                60812.25749966 60812.26656045 61
SO-50                60812.32852302 60812.33381991 5
SO-50                60812.77020393 60812.77892288 22
SO-50                60812.83945150 60812.84829643 22
SO-50                60813.20225993 60813.20904793 9
SO-50                60813.27067777 60813.27957952 43
SO-50                60813.78281983 60813.79241202 58
SO-50                60813.85369899 60813.86062161 8
SO-50                60814.21466033 60814.22315496 25
SO-50                60814.28429497 60814.29203384 15
SO-50                60814.72811697 60814.73503646 9
SO-50                60814.79595020 60814.80550681 50
SO-50                60815.22751665 60815.23660913 73
SO-50                60815.29888443 60815.30348230 3
SO-50                60815.74012227 60815.74903505 25
SO-50                60815.80959757 60815.81824118 19
SO-50                60816.17213678 60816.17927169 11
SO-50                60816.24074189 60816.24954315 36
SO-50                60816.75281168 60816.76244873 68
SO-50                60816.82397329 60816.83045394 7
SO-50                60817.18461234 60817.19325374 29
SO-50                60817.25443481 60817.26188814 13
SO-50                60817.69790323 60817.70523221 10
SO-50                60817.76600557 60817.77548284 43
SO-50                60818.13024968 60818.13452463 3
SO-50                60818.19751429 60818.20661976 85
SO-50                60818.26931028 60818.27302500 2
SO-50                60818.71002825 60818.71910763 28
SO-50                60818.77973065 60818.78814894 17
SO-50                60819.14200457 60819.14944504 13
SO-50                60819.21078821 60819.21946830 31
SO-50                60819.72278730 60819.73245030 79
SO-50                60819.79425228 60819.80023202 5
SO-50                60820.15454635 60820.16331218 33
SO-50                60820.22456523 60820.23169558 11
SO-50                60820.66769033 60820.67537540 12
SO-50                60820.73604474 60820.74542440 37
SO-50                60821.09992491 60821.10489239 4
SO-50                60821.16749252 60821.17659264 81
SO-50                60821.67992072 60821.68914194 33
SO-50                60821.74985160 60821.75801904 15
SO-50                60822.11186061 60822.11957068 15
SO-50                60822.18081710 60822.18935446 27
SO-50                60822.62617998 60822.63081744 3
SO-50                60822.69274625 60822.70241710 88
SO-50                60822.76454365 60822.76994749 4
SO-50                60823.12446162 60823.13333136 39
SO-50                60823.19468870 60823.20145367 9
SO-50                60823.63747404 60823.64547047 14
SO-50                60823.70606766 60823.71533145 32
SO-50                60824.06962962 60824.07516908 5
SO-50                60824.13745136 60824.14652797 69
SO-50                60824.64979868 60824.65913892 38
SO-50                60824.71996146 60824.72785047 13
SO-50                60825.08170291 60825.08965108 17
SO-50                60825.15082920 60825.15920121 23
SO-50                60825.59577154 60825.60111141 4
SO-50                60825.66268941 60825.67234947 77
SO-50                60825.73495809 60825.73958554 3
SO-50                60826.09435806 60826.10331159 45
SO-50                60826.16480922 60826.17115852 8
HO-68                60803.27695732 60803.29057079 82
HO-68                60803.35392980 60803.36334442 9
HO-68                60803.76471148 60803.77761556 35
HO-68                60803.83955723 60803.85193871 28
HO-68                60804.19507783 60804.20104175 3
HO-68                60804.26525817 60804.27871781 60
HO-68                60804.34130160 60804.35227333 15
HO-68                60804.75322454 60804.76544230 25
HO-68                60804.82753155 60804.84051607 40
HO-68                60805.25368187 60805.26679086 43
HO-68                60805.32892071 60805.34097101 23
HO-68                60805.74188304 60805.75310407 17
HO-68                60805.81558722 60805.82896538 55
HO-68                60805.89360273 60805.89879411 2
HO-68                60806.24223017 60806.25478459 30
HO-68                60806.31671466 60806.32951268 33
HO-68                60806.73075115 60806.74053957 11
HO-68                60806.80371801 60806.81729930 77
HO-68                60806.88058699 60806.88864589 7
HO-68                60807.23091526 60807.24268666 22
HO-68                60807.30464772 60807.31793721 46
HO-68                60807.71997619 60807.72760233 5
HO-68                60807.79192260 60807.80552386 78
HO-68                60807.86806073 60807.87793161 12
HO-68                60808.21978261 60808.23047220 15
HO-68                60808.29270099 60808.30626657 65
HO-68                60808.37155756 60808.37735811 3
HO-68                60808.78020545 60808.79363966 56
HO-68                60808.85575863 60808.86692127 18
HO-68                60809.20888459 60809.21809023 9
HO-68                60809.28086549 60809.29451387 89
HO-68                60809.35822657 60809.36695896 8
HO-68                60809.76857262 60809.78164144 40
HO-68                60809.84359770 60809.85570629 25
HO-68                60810.19842115 60810.20541546 5
HO-68                60810.26914039 60810.28268589 67
HO-68                60810.34548317 60810.35599766 13
HO-68                60810.75704449 60810.76951607 28
HO-68                60810.83154085 60810.84433159 35
HO-68                60811.25752441 60811.27078443 48
HO-68                60811.33302921 60811.34476265 20
HO-68                60811.74564798 60811.75723870 19
HO-68                60811.81956938 60811.83282298 49
HO-68                60812.24602850 60812.25880614 34
HO-68                60812.32076884 60812.33335190 29
HO-68                60812.73443415 60812.74476115 13
HO-68                60812.80767451 60812.82119531 69
HO-68                60812.88486542 60812.89209777 5
HO-68                60813.23466855 60813.24674158 24
HO-68                60813.30865728 60813.32181313 41
HO-68                60813.72350997 60813.73197804 7
HO-68                60813.79585326 60813.80945683 86
HO-68                60813.87222008 60813.88152825 10
HO-68                60814.22346413 60814.23457097 17
HO-68                60814.29667108 60814.31017293 58
HO-68                60814.71321256 60814.71855018 2
HO-68                60814.78410822 60814.79760997 63
HO-68                60814.85985357 60814.87060550 15
HO-68                60815.21247619 60815.22225505 11
HO-68                60815.28479831 60815.29844706 81
HO-68                60815.36258479 60815.37051380 6
HO-68                60815.77244446 60815.78565158 44
HO-68                60815.84764920 60815.85945427 22
HO-68                60816.20179621 60816.20970448 6
HO-68                60816.27303412 60816.28664418 75
HO-68                60816.34969808 60816.35969022 11
HO-68                60816.76087828 60816.77357156 31
HO-68                60816.83555893 60816.84813078 31
HO-68                60817.19180460 60817.19661966 2
HO-68                60817.26138166 60817.27476775 54
HO-68                60817.33716065 60817.34853299 18
HO-68                60817.74943233 60817.76134982 22
HO-68                60817.82355919 60817.83666590 44
HO-68                60818.24984346 60818.26281639 38
HO-68                60818.32484097 60818.33717505 26
HO-68                60818.73814797 60818.74894803 15
HO-68                60818.81163829 60818.82507768 62
HO-68                60818.88921719 60818.89546513 4
HO-68                60819.23843478 60819.25078268 27
HO-68                60819.31268212 60819.32567605 37
HO-68                60819.72710609 60819.73628758 9
HO-68                60819.79979137 60819.81337652 85
HO-68                60819.87640957 60819.88508395 8
HO-68                60820.22717108 60820.23865130 19
HO-68                60820.30065503 60820.31406800 52
HO-68                60820.71651679 60820.72315735 4
HO-68                60820.78801930 60820.80156674 70
HO-68                60820.86396591 60820.87426248 13
HO-68                60821.21610429 60821.22639142 13
HO-68                60821.28874432 60821.30236988 72
HO-68                60821.36702715 60821.37398629 4
HO-68                60821.77632600 60821.78964715 50
HO-68                60821.85171257 60821.86318151 20
HO-68                60822.20530175 60822.21393731 8
HO-68                60822.27694345 60822.29059243 83
HO-68                60822.35395282 60822.36334412 9
HO-68                60822.76472435 60822.77761017 35
HO-68                60822.83958610 60822.85191282 28
HO-68                60823.19502204 60823.20110739 3
AO-73                60803.27133604 60803.27894252 20
AO-73                60803.33741081 60803.34450569 14
AO-73                60803.76560609 60803.77197791 8
AO-73                60803.83042715 60803.83891103 37
AO-73                60804.27070976 60804.27830375 20
AO-73                60804.33674435 60804.34390762 15
AO-73                60804.76501763 60804.77129199 8
AO-73                60804.82978687 60804.83828359 38
AO-73                60805.27008006 60805.27764732 19
AO-73                60805.33606089 60805.34329260 15
AO-73                60805.76441488 60805.77058569 8
AO-73                60805.82912996 60805.83763838 40
AO-73                60806.26943444 60806.27697334 19
AO-73                60806.33536049 60806.34266055 16
AO-73                60806.76379814 60806.76985881 7
AO-73                60806.82845638 60806.83697539 41
AO-73                60807.26877300 60807.27628139 18
AO-73                60807.33464321 60807.34201142 17
AO-73                60807.76316756 60807.76911116 7
AO-73                60807.82776618 60807.83629458 42
AO-73                60808.26809583 60808.27557156 18
AO-73                60808.33390915 60808.34134515 17
AO-73                60808.76252338 60808.76834229 7
AO-73                60808.82705934 60808.83559594 44
AO-73                60809.26740301 60809.27484379 17
AO-73                60809.33315837 60809.34066151 18
AO-73                60809.76186586 60809.76755222 6
AO-73                60809.82633593 60809.83487945 46
AO-73                60810.26669464 60810.27409800 17
AO-73                60810.33239094 60810.33996081 19
AO-73                60810.76119535 60810.76674044 6
AO-73                60810.82559577 60810.83414507 47
AO-73                60811.26597084 60811.27333409 16
AO-73                60811.33160710 60811.33924279 19
AO-73                60811.76051219 60811.76590654 5
AO-73                60811.82483904 60811.83339279 49
AO-73                60812.26523169 60812.27255199 15
AO-73                60812.33080656 60812.33850745 20
AO-73                60812.75981683 60812.76505007 5
AO-73                60812.82406570 60812.83262259 51
AO-73                60813.26447732 60813.27175160 15
AO-73                60813.32998957 60813.33775466 21
AO-73                60813.75910983 60813.76417041 5
AO-73                60813.82327573 60813.83183445 54
AO-73                60814.26370783 60814.27093281 14
AO-73                60814.32915618 60814.33698439 22
AO-73                60814.75839181 60814.76326710 4
AO-73                60814.82246916 60814.83102834 56
AO-73                60815.26292336 60815.27009553 14
AO-73                60815.32830646 60815.33619659 23
AO-73                60815.75766360 60815.76233900 4
AO-73                60815.82164598 60815.83020426 59
AO-73                60816.26212402 60816.26923964 13
AO-73                60816.32744046 60816.33539122 24
AO-73                60816.75692622 60816.76138520 3
AO-73                60816.82080620 60816.82936216 61
AO-73                60817.26130995 60817.26836502 13
AO-73                60817.32655826 60817.33456821 25
AO-73                60817.75618099 60817.76040430 3
AO-73                60817.81994984 60817.82850205 64
AO-73                60818.26048130 60818.26747154 12
AO-73                60818.32565989 60818.33372752 26
AO-73                60818.75543016 60818.75939436 3
AO-73                60818.81907690 60818.82762388 68
AO-73                60819.25963822 60819.26655905 12
AO-73                60819.32474543 60819.33286908 27
AO-73                60819.75467528 60819.75835297 2
AO-73                60819.81818739 60819.82672765 71
AO-73                60820.25878087 60820.26562742 11
AO-73                60820.32381493 60820.33199286 29
AO-73                60820.81728133 60820.82581333 74
AO-73                60821.25790942 60821.26467646 11
AO-73                60821.32286843 60821.33109880 30
AO-73                60821.81635879 60821.82488091 78
AO-73                60822.25702406 60822.26370602 10
AO-73                60822.32190600 60822.33018684 32
AO-73                60822.81541962 60822.82393034 81
AO-73                60823.25612500 60823.26271589 10
AO-73                60823.32092769 60823.32925694 33
AO-73                60823.81446402 60823.82296162 84
AO-73                60824.25521247 60824.26170587 9
AO-73                60824.31993356 60824.32830904 35
AO-73                60824.81349195 60824.82197471 84
AO-73                60825.25428671 60825.26067571 9
AO-73                60825.31888122 60825.32733974 37
AO-73                60825.81250103 60825.82096959 81
AO-73                60826.25334799 60826.25962517 8
AO-73                60826.31785543 60826.32635573 39
AO-73                60826.81149582 60826.81994623 78
AO-73                60827.25239648 60827.25855393 8
AO-73                60827.31681397 60827.32535358 41
AO-73                60827.81047417 60827.81890459 74
AO-73                60827.87841451 60827.88201110 2
AO-73                60828.25143281 60828.25746168 7
AO-73                60828.31575689 60828.32433325 43
AO-73                60828.80943614 60828.81784466 69
AO-73                60828.87725230 60828.88109496 3
AO-73                60829.25045718 60829.25634811 7
AO-73                60829.31468423 60829.32329466 46
TITA                 60803.58417374 60803.59243920 81
TITA                 60804.07533867 60804.08324532 25
TITA                 60804.14125990 60804.14799211 12
TITA                 60804.57789556 60804.58610809 56
TITA                 60804.64544187 60804.64965762 3
TITA                 60805.06919135 60805.07673423 19
TITA                 60805.13472904 60805.14197398 16
TITA                 60805.57164970 60805.57973223 39
TITA                 60805.63849454 60805.64390654 6
TITA                 60806.06308793 60806.07014869 14
TITA                 60806.12823280 60806.13587251 22
TITA                 60806.56543804 60806.57330987 28
TITA                 60806.63171527 60806.63798254 9
TITA                 60807.05704462 60807.06347333 10
TITA                 60807.12176800 60807.12970458 29
TITA                 60807.55926503 60807.56683756 21
TITA                 60807.62502835 60807.63193745 13
TITA                 60808.05108949 60808.05667930 6
TITA                 60808.11528641 60808.12347296 40
TITA                 60808.55313743 60808.56030982 16
TITA                 60808.61840903 60808.62580860 18
TITA                 60809.04528583 60809.04970261 3
TITA                 60809.10887119 60809.11718735 57
TITA                 60809.54706522 60809.55371689 11
TITA                 60809.61184168 60809.61961172 25
TITA                 60810.10247844 60810.11084658 81
TITA                 60810.54106593 60810.54704242 8
TITA                 60810.60527551 60810.61335363 35
TITA                 60811.09610551 60811.10445127 69
TITA                 60811.16352912 60811.16735020 3
TITA                 60811.53517245 60811.54025421 5
TITA                 60811.59878752 60811.60704673 49
TITA                 60812.08975758 60812.09800074 48
TITA                 60812.15656540 60812.16163623 5
TITA                 60812.52946315 60812.53327355 3
TITA                 60812.59233379 60812.60069153 71
TITA                 60813.08343555 60813.09149286 34
TITA                 60813.14976387 60813.15572020 8
TITA                 60813.58591216 60813.59429016 80
TITA                 60814.07714379 60814.08492374 24
TITA                 60814.14305054 60814.14967775 12
TITA                 60814.57952285 60814.58784341 56
TITA                 60814.64698412 60814.65145649 4
TITA                 60815.07088898 60815.07828699 18
TITA                 60815.13640041 60815.14354711 16
TITA                 60815.57316743 60815.58135081 39
TITA                 60815.63994396 60815.64557031 7
TITA                 60816.06468210 60816.07157188 13
TITA                 60816.12978689 60816.13733072 22
TITA                 60816.56684784 60816.57481049 28
TITA                 60816.63305740 60816.63951371 10
TITA                 60817.05854106 60817.06476060 9
TITA                 60817.12316360 60817.13104296 29
TITA                 60817.56056907 60817.56821877 21
TITA                 60817.62627000 60817.63335379 14
TITA                 60818.05249980 60818.05781871 6
TITA                 60818.11661034 60818.12469604 41
TITA                 60818.55433762 60818.56156976 15
TITA                 60818.61954432 60818.62710369 19
TITA                 60819.04663991 60819.05066317 3
TITA                 60819.11008203 60819.11829048 59
TITA                 60819.54816496 60819.55485294 11
TITA                 60819.61287063 60819.62078619 27
TITA                 60820.10357756 60820.11182823 83
TITA                 60820.54206992 60820.54805049 8
TITA                 60820.60619817 60820.61440712 37
TITA                 60821.09709378 60821.10530976 65
TITA                 60821.16444663 60821.16828930 3
TITA                 60821.53608900 60821.54112655 5
TITA                 60821.59960494 60821.60797889 53
TITA                 60822.09063709 60822.09873412 44
TITA                 60822.15737322 60822.16245139 5
TITA                 60822.53031357 60822.53398928 2
TITA                 60822.59304704 60822.60150170 77
TITA                 60823.08420851 60823.09209873 31
TITA                 60823.15046033 60823.15641283 8
TITA                 60823.58652226 60823.59497749 75
TITA                 60824.07781317 60824.08539888 22
TITA                 60824.14364064 60824.15025507 12
TITA                 60824.58003151 60824.58840678 52
TITA                 60824.64729559 60824.65218456 4
TITA                 60825.07145903 60825.07862706 16
TITA                 60825.13687368 60825.14399443 17
TITA                 60825.57357649 60825.58178877 37
TITA                 60825.64019133 60825.64613469 8
TITA                 60826.06515932 60826.07177012 11
TITA                 60826.13014903 60826.13765470 23
TITA                 60826.56715971 60826.57512112 27
TITA                 60826.63322112 60826.63993436 11
TITA                 60827.05893679 60827.06480538 8
TITA                 60827.12341541 60827.13124306 31
TITA                 60827.56078694 60827.56839943 20
TITA                 60827.62634245 60827.63363837 16
TITA                 60828.05283795 60828.05768552 5
TITA                 60828.11675244 60828.12477123 45
TITA                 60828.55446595 60828.56161660 14
TITA                 60828.61952226 60828.62725593 22
TITA                 60829.11011551 60829.11823964 66
TITA                 60829.54821041 60829.55475998 10
NOAA-15              60803.45040449 60803.46041629 33
NOAA-15              60803.52003964 60803.52911724 17
NOAA-15              60803.96955038 60803.97979964 39
NOAA-15              60804.03936528 60804.04797241 15
NOAA-15              60804.43296794 60804.44187956 17
NOAA-15              60804.50137853 60804.51151315 35
NOAA-15              60804.95188355 60804.96121105 20
NOAA-15              60805.02076939 60805.03061326 29
NOAA-15              60805.41603791 60805.42295317 7
NOAA-15              60805.48305978 60805.49362436 71
NOAA-15              60805.93463241 60805.94215340 9
NOAA-15              60806.00243743 60806.01288926 57
NOAA-15              60806.46503322 60806.47551213 58
NOAA-15              60806.53582415 60806.54329032 9
NOAA-15              60806.98432179 60806.99486608 71
NOAA-15              60807.05505277 60807.06185528 7
NOAA-15              60807.44730323 60807.45718424 29
NOAA-15              60807.51672570 60807.52605073 20
NOAA-15              60807.96642513 60807.97655071 35
NOAA-15              60808.03607913 60808.04493999 16
NOAA-15              60808.42993475 60808.43859395 15
NOAA-15              60808.49812888 60808.50838747 39
NOAA-15              60808.94881251 60808.95789364 18
NOAA-15              60809.01753256 60809.02750805 32
NOAA-15              60809.41311801 60809.41956462 6
NOAA-15              60809.47986009 60809.49045557 80
NOAA-15              60809.55229583 60809.55676277 2
NOAA-15              60809.93166546 60809.93871846 7
NOAA-15              60809.99923676 60810.00972804 65
NOAA-15              60810.46188099 60810.47230491 51
NOAA-15              60810.53241654 60810.54029834 10
NOAA-15              60810.98115559 60810.99165313 63
NOAA-15              60811.05165061 60811.05891425 8
NOAA-15              60811.44420446 60811.45393509 26
NOAA-15              60811.51341669 60811.52296316 22
NOAA-15              60811.96329855 60811.97328200 31
NOAA-15              60812.03279369 60812.04188429 19
NOAA-15              60812.42690934 60812.43528658 13
NOAA-15              60812.49488045 60812.50524470 44
NOAA-15              60812.94574516 60812.95455149 15
NOAA-15              60813.01429319 60813.02438350 36
NOAA-15              60813.41023508 60813.41613354 5
NOAA-15              60813.47666077 60813.48727086 89
NOAA-15              60813.54865320 60813.55398712 4
NOAA-15              60813.92872155 60813.93523942 6
NOAA-15              60813.99603242 60814.00654861 73
NOAA-15              60814.06783103 60814.07219719 2
NOAA-15              60814.45872962 60814.46908157 45
NOAA-15              60814.52899192 60814.53727764 12
NOAA-15              60814.97798346 60814.98842181 56
NOAA-15              60815.04829033 60815.05593669 10
NOAA-15              60815.44110899 60815.45066805 23
NOAA-15              60815.51011183 60815.51985524 25
NOAA-15              60815.96017092 60815.96999323 27
NOAA-15              60816.02950782 60816.03880628 21
NOAA-15              60816.42389386 60816.43195554 11
NOAA-15              60816.49163339 60816.50208472 50
NOAA-15              60816.94268293 60816.95118346 13
NOAA-15              60817.01105041 60817.02124022 41
NOAA-15              60817.40739307 60817.41264785 4
NOAA-15              60817.47346195 60817.48407000 81
NOAA-15              60817.54508292 60817.55112229 5
NOAA-15              60817.92581010 60817.93170671 5
NOAA-15              60817.99282439 60818.00335146 82
NOAA-15              60818.06428115 60818.06941762 4
NOAA-15              60818.45557958 60818.46584162 40
NOAA-15              60818.52561009 60818.53422599 14
NOAA-15              60818.97481064 60818.98517255 49
NOAA-15              60819.04493699 60819.05292881 11
NOAA-15              60819.43801767 60819.44738224 21
NOAA-15              60819.50681049 60819.51672752 28
NOAA-15              60819.95704276 60819.96668402 24
NOAA-15              60820.02622061 60820.03570721 23
NOAA-15              60820.42089031 60820.42859848 10
NOAA-15              60820.48838720 60820.49890781 57
NOAA-15              60820.93962771 60820.94778764 12
NOAA-15              60821.00780413 60821.01807858 46
NOAA-15              60821.40468158 60821.40908638 2
NOAA-15              60821.47026461 60821.48085277 72
NOAA-15              60821.54155911 60821.54819403 6
NOAA-15              60821.92294757 60821.92810393 3
NOAA-15              60821.98961239 60822.00013686 87
NOAA-15              60822.06078320 60822.06656207 5
NOAA-15              60822.45243135 60822.46258468 36
NOAA-15              60822.52223774 60822.53114808 16
NOAA-15              60822.97163454 60822.98190511 43
NOAA-15              60823.04158839 60823.04989355 13
NOAA-15              60823.43493150 60823.44407670 18
NOAA-15              60823.50351209 60823.51358045 32
NOAA-15              60823.95391471 60823.96335385 22
NOAA-15              60824.02293129 60824.03258796 26
NOAA-15              60824.41790206 60824.42521216 8
NOAA-15              60824.48514200 60824.49571362 64
NOAA-15              60824.93658193 60824.94436169 10
NOAA-15              60825.00455379 60825.01489919 52
NOAA-15              60825.46706722 60825.47761895 64
NOAA-15              60825.53806775 60825.54521632 8
NOAA-15              60825.92016432 60825.92439869 2
NOAA-15              60825.98639645 60825.99690499 78
NOAA-18              60803.59265141 60803.60257594 26
NOAA-18              60803.66242455 60803.67226901 24
NOAA-18              60804.11636530 60804.12691488 37
NOAA-18              60804.18664583 60804.19589743 17
NOAA-18              60804.58406088 60804.59340040 19
NOAA-18              60804.65323414 60804.66354261 33
NOAA-18              60805.10761371 60805.11775610 26
NOAA-18              60805.17744911 60805.18733862 24
NOAA-18              60805.57558001 60805.58414279 13
NOAA-18              60805.64412695 60805.65474627 46
NOAA-18              60806.09894074 60806.10850492 19
NOAA-18              60806.16832095 60806.17868387 33
NOAA-18              60806.56724194 60806.57477310 9
NOAA-18              60806.63509438 60806.64588968 65
NOAA-18              60807.09036849 60807.09913978 13
NOAA-18              60807.15925086 60807.16994602 45
NOAA-18              60807.55910656 60807.56522564 5
NOAA-18              60807.62613188 60807.63697879 90
NOAA-18              60807.69871506 60807.70435055 4
NOAA-18              60808.08193763 60808.08962065 9
NOAA-18              60808.15023339 60808.16113294 64
NOAA-18              60808.61723903 60808.62801654 65
NOAA-18              60808.68889381 60808.69621081 8
NOAA-18              60809.07373742 60809.07985802 5
NOAA-18              60809.14126599 60809.15224901 87
NOAA-18              60809.21309808 60809.21918523 5
NOAA-18              60809.60841487 60809.61900337 46
NOAA-18              60809.67931109 60809.68781217 12
NOAA-18              60810.13234919 60810.14329585 67
NOAA-18              60810.20350935 60810.21107882 9
NOAA-18              60810.59966475 60810.60993703 33
NOAA-18              60810.66992097 60810.67925761 18
NOAA-18              60811.12348259 60811.13427243 48
NOAA-18              60811.19412984 60811.20275289 13
NOAA-18              60811.59099626 60811.60081236 24
NOAA-18              60811.66064932 60811.67059592 25
NOAA-18              60812.11467580 60812.12517466 34
NOAA-18              60812.18486374 60812.19428117 19
NOAA-18              60812.58242191 60812.59161923 18
NOAA-18              60812.65147238 60812.66185186 35
NOAA-18              60813.10593608 60813.11599493 25
NOAA-18              60813.17567994 60813.18569745 26
NOAA-18              60813.57396239 60813.58233941 12
NOAA-18              60813.64237659 60813.65304022 49
NOAA-18              60814.09727869 60814.10671926 18
NOAA-18              60814.16656195 60814.17702097 35
NOAA-18              60814.56565542 60814.57293847 8
NOAA-18              60814.63335429 60814.64416975 69
NOAA-18              60815.08872816 60815.09732356 12
NOAA-18              60815.15750065 60815.16826338 49
NOAA-18              60815.55757412 60815.56333694 4
NOAA-18              60815.62440164 60815.63524575 85
NOAA-18              60815.69676846 60815.70281191 5
NOAA-18              60816.08033115 60816.08776175 8
NOAA-18              60816.14849100 60816.15943166 68
NOAA-18              60816.22104232 60816.22546964 2
NOAA-18              60816.61551863 60816.62627066 61
NOAA-18              60816.68701341 60816.69460121 9
NOAA-18              60817.07219630 60817.07792453 4
NOAA-18              60817.13953138 60817.15052963 87
NOAA-18              60817.21121166 60817.21766046 6
NOAA-18              60817.60670501 60817.61724449 43
NOAA-18              60817.67746505 60817.68616311 13
NOAA-18              60818.13062261 60818.14155835 63
NOAA-18              60818.20166719 60818.20949489 10
NOAA-18              60818.59796669 60818.60816430 31
NOAA-18              60818.66809775 60818.67758142 19
NOAA-18              60819.12176458 60819.13251620 45
NOAA-18              60819.19231287 60819.20113043 14
NOAA-18              60819.58931208 60819.59902419 23
NOAA-18              60819.65884299 60819.66889882 27
NOAA-18              60820.11296822 60820.12339846 32
NOAA-18              60820.18306340 60820.19262929 20
NOAA-18              60820.58075498 60820.58981272 16
NOAA-18              60820.64967958 60820.66013746 38
NOAA-18              60821.10424162 60821.11419635 23
NOAA-18              60821.17389187 60821.18402105 27
NOAA-18              60821.57231846 60821.58050976 11
NOAA-18              60821.64059538 60821.65131062 53
NOAA-18              60822.09560112 60822.10489444 17
NOAA-18              60822.16478371 60822.17532287 38
NOAA-18              60822.56403789 60822.57107504 7
NOAA-18              60822.63158368 60822.64242631 74
NOAA-18              60822.70493128 60822.70908751 2
NOAA-18              60823.08707495 60823.09546528 11
NOAA-18              60823.15573088 60823.16654546 52
NOAA-18              60823.55602687 60823.56141164 4
NOAA-18              60823.62264129 60823.63348918 80
NOAA-18              60823.69480248 60823.70123795 6
NOAA-18              60824.07871716 60824.08585510 7
NOAA-18              60824.14672911 60824.15769487 73
NOAA-18              60824.21905651 60824.22400487 3
NOAA-18              60824.61376869 60824.62450116 57
NOAA-18              60824.68507656 60824.69296665 10
NOAA-18              60825.07066374 60825.07592649 3
NOAA-18              60825.13777735 60825.14877435 81
NOAA-18              60825.20928748 60825.21609164 6
NOAA-18              60825.60496613 60825.61546161 41
NOAA-18              60825.67559011 60825.68448886 15
NOAA-19              60803.52476394 60803.53247146 9
NOAA-19              60803.59265349 60803.60354879 65
NOAA-19              60804.04811929 60804.05685888 13
NOAA-19              60804.11699778 60804.12766412 45
NOAA-19              60804.51675542 60804.52312152 5
NOAA-19              60804.58385045 60804.59480529 89
NOAA-19              60804.65643339 60804.66216851 4
NOAA-19              60805.03984793 60805.04750653 9
NOAA-19              60805.10814662 60805.11900845 63
NOAA-19              60805.50918808 60805.51344180 2
NOAA-19              60805.57511504 60805.58601183 67
NOAA-19              60805.64678687 60805.65418334 8
NOAA-19              60806.03180155 60806.03791636 5
NOAA-19              60806.09934393 60806.11028364 86
NOAA-19              60806.17119632 60806.17719550 5
NOAA-19              60806.56644585 60806.57716899 48
NOAA-19              60806.63737110 60806.64594663 12
NOAA-19              60807.09059030 60807.10149125 68
NOAA-19              60807.16177249 60807.16924586 8
NOAA-19              60807.55784797 60807.56827498 35
NOAA-19              60807.62814354 60807.63755698 18
NOAA-19              60808.08188526 60808.09263030 49
NOAA-19              60808.15255674 60808.16107800 13
NOAA-19              60808.54932819 60808.55932518 25
NOAA-19              60808.61903213 60808.62906184 25
NOAA-19              60809.07323809 60809.08369696 35
NOAA-19              60809.14345341 60809.15276564 18
NOAA-19              60809.54089767 60809.55031079 19
NOAA-19              60809.61001348 60809.62048550 34
NOAA-19              60810.06465578 60810.07468397 25
NOAA-19              60810.13443140 60810.14434242 25
NOAA-19              60810.53257454 60810.54121618 13
NOAA-19              60810.60107422 60810.61184243 48
NOAA-19              60811.05615230 60811.06557823 18
NOAA-19              60811.12547418 60811.13582760 34
NOAA-19              60811.52439071 60811.53201249 9
NOAA-19              60811.59220674 60811.60314149 67
NOAA-19              60812.04775110 60812.05635717 13
NOAA-19              60812.11657257 60812.12723279 47
NOAA-19              60812.51640253 60812.52263755 5
NOAA-19              60812.58340678 60812.59438807 89
NOAA-19              60812.65587170 60812.66185817 5
NOAA-19              60813.03949518 60813.04697829 8
NOAA-19              60813.10772142 60813.11856508 65
NOAA-19              60813.57467460 60813.58558483 65
NOAA-19              60813.64626074 60813.65382966 8
NOAA-19              60814.03148176 60814.03734375 4
NOAA-19              60814.09891873 60814.10982840 88
NOAA-19              60814.17070289 60814.17683166 5
NOAA-19              60814.56600894 60814.57673213 46
NOAA-19              60814.63686206 60814.64556777 13
NOAA-19              60815.09016558 60815.10102404 66
NOAA-19              60815.16129432 60815.16885280 9
NOAA-19              60815.55741514 60815.56782791 34
NOAA-19              60815.62764521 60815.63715995 19
NOAA-19              60816.08146125 60816.09215074 47
NOAA-19              60816.15208567 60816.16066455 13
NOAA-19              60816.54890041 60816.55886717 25
NOAA-19              60816.61854110 60816.62865013 26
NOAA-19              60817.07281582 60817.08320435 34
NOAA-19              60817.14298585 60817.15233569 19
NOAA-19              60817.54047647 60817.54984062 18
NOAA-19              60817.60952789 60817.62006102 36
NOAA-19              60818.06423665 60818.07417695 24
NOAA-19              60818.13396554 60818.14389809 25
NOAA-19              60818.53216244 60818.54073163 13
NOAA-19              60818.60059300 60818.61140647 50
NOAA-19              60819.05573850 60819.06505471 17
NOAA-19              60819.12500903 60819.13537015 35
NOAA-19              60819.52399231 60819.53150931 8
NOAA-19              60819.59172930 60819.60269472 69
NOAA-19              60820.04734653 60820.05581328 12
NOAA-19              60820.11610758 60820.12676297 48
NOAA-19              60820.51602800 60820.52210559 5
NOAA-19              60820.58293302 60820.59393086 86
NOAA-19              60820.65528378 60820.66150370 5
NOAA-19              60821.03910756 60821.04640626 8
NOAA-19              60821.10725639 60821.11808332 68
NOAA-19              60821.17986180 60821.18406986 2
NOAA-19              60821.57420438 60821.58511730 63
NOAA-19              60821.64567662 60821.65343740 9
NOAA-19              60822.03113183 60822.03672234 4
NOAA-19              60822.09845393 60822.10933485 87
NOAA-19              60822.17016845 60822.17643094 5
NOAA-19              60822.56554273 60822.57625413 45
NOAA-19              60822.63632294 60822.64514840 14
NOAA-19              60823.08970108 60823.10051857 63
NOAA-19              60823.16077470 60823.16842327 9
NOAA-19              60823.55695361 60823.56733900 33
NOAA-19              60823.62711660 60823.63672242 19
NOAA-19              60824.08099742 60824.09163293 45
NOAA-19              60824.15157303 60824.16021476 14
NOAA-19              60824.54844465 60824.55836651 24
NOAA-19              60824.61801983 60824.62819772 27
NOAA-19              60825.07235380 60825.08267341 32
NOAA-19              60825.14247669 60825.15186948 19
NOAA-19              60825.54002825 60825.54932677 17
NOAA-19              60825.60901218 60825.61959574 37
NOAA-19              60826.06377793 60826.07363149 23
METOA                60803.23296264 60803.23715775 3
METOA                60803.61320703 60803.62054402 13
METOA                60803.67947767 60803.68809272 29
METOA                60804.11639324 60804.12217995 6
METOA                60804.18204952 60804.19075753 47
METOA                60804.63063198 60804.63910973 28
METOA                60804.69821849 60804.70561356 13
METOA                60805.13354899 60805.14133352 16
METOA                60805.20045708 60805.20844345 21
METOA                60805.64843493 60805.65738452 63
METOA                60805.71765414 60805.72249608 4
METOA                60806.15119324 60806.15993470 37
METOA                60806.21915282 60806.22567698 9
METOA                60806.60143653 60806.60699076 6
METOA                60806.66655340 60806.67541573 51
METOA                60807.16912883 60807.17817606 80
METOA                60807.61841456 60807.62590317 15
METOA                60807.68504243 60807.69318258 22
METOA                60808.12124397 60808.12799602 9
METOA                60808.18729831 60808.19609975 38
METOA                60808.63592984 60808.64437739 33
METOA                60808.70392088 60808.71055040 9
METOA                60809.13857871 60809.14693047 21
METOA                60809.20575458 60809.21367347 18
METOA                60809.65380293 60809.66257596 76
METOA                60810.15630574 60810.16540761 47
METOA                60810.22454630 60810.23076600 8
METOA                60810.60646166 60810.61241562 7
METOA                60810.67199161 60810.68052701 40
METOA                60811.10932848 60811.11419075 4
METOA                60811.17429510 60811.18355035 71
METOA                60811.62358233 60811.63118849 18
METOA                60811.69057098 60811.69818882 17
METOA                60812.12612941 60812.13368214 12
METOA                60812.19255277 60812.20138293 32
METOA                60812.64118028 60812.64957746 40
METOA                60812.70962374 60812.71536567 7
METOA                60813.14359574 60813.15244451 27
METOA                60813.21102583 60813.21884337 15
METOA                60813.65912145 60813.66770096 75
METOA                60814.16139297 60814.17080951 60
METOA                60814.22992471 60814.23577029 6
METOA                60814.61146092 60814.61775548 9
METOA                60814.67742421 60814.68557151 31
METOA                60815.11395750 60815.12007927 6
METOA                60815.17943211 60815.18885726 59
METOA                60815.62870339 60815.63640784 21
METOA                60815.69606269 60815.70311278 13
METOA                60816.13103026 60816.13925724 16
METOA                60816.19773191 60816.20658735 27
METOA                60816.64637807 60816.65471614 50
METOA                60816.71535448 60816.72003277 4
METOA                60817.14859923 60817.15787620 34
METOA                60817.21627241 60817.22393920 13
METOA                60817.59978879 60817.60386073 3
METOA                60817.66438537 60817.67276458 60
METOA                60818.16645892 60818.17613735 74
METOA                60818.23530366 60818.24067446 5
METOA                60818.61642311 60818.62302312 11
METOA                60818.68276255 60818.69054733 24
METOA                60819.11868365 60819.12577312 9
METOA                60819.18454344 60819.19409225 49
METOA                60819.63377254 60819.64156839 26
METOA                60819.70151951 60819.70795392 10
METOA                60820.13593641 60820.14473012 20
METOA                60820.20289190 60820.21172487 23
METOA                60820.65151935 60820.65979909 65
METOA                60821.15358894 60821.16322409 43
METOA                60821.22150175 60821.22895320 11
METOA                60821.60448593 60821.60928421 4
METOA                60821.66959234 60821.67777190 46
METOA                60822.10676930 60822.11177805 3
METOA                60822.17150225 60822.18138744 83
METOA                60822.24070657 60822.24545414 3
METOA                60822.62134132 60822.62822787 14
METOA                60822.68804816 60822.69546140 19
METOA                60823.12345752 60823.13132045 12
METOA                60823.18963277 60823.19925042 41
METOA                60823.63878603 60823.64667588 31
METOA                60823.70694648 60823.71270939 7
METOA                60824.14084226 60824.15010461 25
METOA                60824.20799722 60824.21678491 20
METOA                60824.65660131 60824.66483131 83
METOA                60825.15856490 60825.16848625 53
METOA                60825.22672216 60825.23387541 9
METOA                60825.60918371 60825.61460346 6
METOA                60825.67474022 60825.68272735 36
METOA                60826.11129461 60826.11751658 6
METOA                60826.17652740 60826.18655587 72
METOA                60826.24617804 60826.25006377 2
METOA                60826.62621120 60826.63337672 17
METOA                60826.69328060 60826.70031663 15
METOA                60827.12825697 60827.13674175 15
METOA                60827.19470335 60827.20432679 35
METOA                60827.64374236 60827.65173504 39
METOA                60827.71235427 60827.71737152 5
METOA                60828.14574404 60828.15538188 31
METOA                60828.21312272 60828.22175586 17
METOA                60828.66162329 60828.66981692 77
METOB                60803.54465299 60803.55522649 55
METOB                60803.61558559 60803.62336634 10
METOB                60804.06586415 60804.07655971 73
METOB                60804.13684714 60804.14376638 7
METOB                60804.53056733 60804.54067909 32
METOB                60804.60041146 60804.60967854 18
METOB                60805.05162581 60805.06205120 42
METOB                60805.12176101 60805.13039456 14
METOB                60805.51669776 60805.52597688 19
METOB                60805.58557645 60805.59571110 31
METOB                60806.03755016 60806.04734284 24
METOB                60806.10695416 60806.11666551 24
METOB                60806.50311227 60806.51106210 11
METOB                60806.57096358 60806.58155699 54
METOB                60807.02369252 60807.03238216 14
METOB                60807.09232633 60807.10269033 41
METOB                60807.48998589 60807.49576245 4
METOB                60807.55653874 60807.56725514 87
METOB                60807.62864089 60807.63437165 4
METOB                60808.01019430 60808.01703004 7
METOB                60808.07784058 60808.08851536 72
METOB                60808.14994103 60808.15434848 2
METOB                60808.54229400 60808.55282039 51
METOB                60808.61301793 60808.62111123 11
METOB                60809.06348720 60809.07415887 67
METOB                60809.13432158 60809.14156115 8
METOB                60809.52823785 60809.53824948 30
METOB                60809.59793046 60809.60736655 20
METOB                60810.04926993 60810.05961975 38
METOB                60810.11928900 60810.12812002 16
METOB                60810.51440502 60810.52351817 18
METOB                60810.58313226 60810.59336474 34
METOB                60811.03522174 60811.04487531 22
METOB                60811.10451239 60811.11434669 26
METOB                60811.50087317 60811.50855904 10
METOB                60811.56854860 60811.57918441 59
METOB                60812.02140568 60812.02986512 13
METOB                60812.08990656 60812.10033699 45
METOB                60812.48785768 60812.49315909 4
METOB                60812.55415034 60812.56485998 81
METOB                60812.62599980 60812.63220350 5
METOB                60813.00798977 60813.01442267 6
METOB                60813.07543997 60813.08613177 78
METOB                60813.14728554 60813.15227500 3
METOB                60813.53993246 60813.55040317 47
METOB                60813.61048429 60813.61883588 12
METOB                60814.06110400 60814.07174600 61
METOB                60814.13179947 60814.13933526 9
METOB                60814.52590672 60814.53580831 27
METOB                60814.59544878 60814.60504116 22
METOB                60815.04691058 60815.05717559 35
METOB                60815.11681488 60815.12583048 17
METOB                60815.51211252 60815.52104612 16
METOB                60815.58068585 60815.59100650 37
METOB                60816.03289155 60816.04239367 21
METOB                60816.10206676 60816.11201492 29
METOB                60816.49863913 60816.50603829 9
METOB                60816.56613084 60816.57680078 65
METOB                60817.01912057 60817.02733025 11
METOB                60817.08748231 60817.09797151 49
METOB                60817.48575775 60817.49051458 3
METOB                60817.55175927 60817.56245395 74
METOB                60817.62337686 60817.63000288 6
METOB                60818.00580100 60818.01178322 5
METOB                60818.07303490 60818.08373634 84
METOB                60818.14465919 60818.15015481 4
METOB                60818.53756854 60818.54797504 43
METOB                60818.60795344 60818.61654361 13
METOB                60819.05871811 60819.06932112 56
METOB                60819.12927913 60819.13709026 10
METOB                60819.52357422 60819.53335526 25
METOB                60819.59296616 60819.60270261 24
METOB                60820.04454773 60820.05471875 32
METOB                60820.11433820 60820.12352672 18
METOB                60820.50982081 60820.51856046 15
METOB                60820.57823715 60820.58863662 40
METOB                60821.03055948 60821.03989761 19
METOB                60821.09961708 60821.10967045 31
METOB                60821.49641168 60821.50349836 8
METOB                60821.56371034 60821.57440605 70
METOB                60822.01683811 60822.02477656 10
METOB                60822.08505346 60822.09559426 53
METOB                60822.48377125 60822.48781485 2
METOB                60822.54936594 60822.56003695 68
METOB                60822.62076735 60822.62777438 7
METOB                60823.00363454 60823.00910542 4
METOB                60823.07062506 60823.08132914 88
METOB                60823.14205174 60823.14799802 5
METOB                60823.53520240 60823.54553560 39
METOB                60823.60542437 60823.61423518 15
METOB                60824.05632802 60824.06688422 51
METOB                60824.12675974 60824.13482712 11
METOB                60824.52124065 60824.53089005 23
METOB                60824.59048237 60824.60035111 26
METOB                60825.04218146 60825.05224905 30
METOB                60825.11185857 60825.12120881 20
METOB                60825.50753050 60825.51606042 14
METOB                60825.57578610 60825.58625503 44
METOB                60826.02822612 60826.03738678 17
