iss                  60803.44003007 60803.44664787 16
iss                  60803.50675414 60803.51395228 25
iss                  60803.78157755 60803.78703945 7
iss                  60803.84795695 60803.85554393 87
iss                  60803.91644084 60803.92062917 4
iss                  60804.40695424 60804.41229812 7
iss                  60804.47273886 60804.48023980 52
iss                  60804.54172845 60804.54634011 4
iss                  60804.74825593 60804.75222801 3
iss                  60804.81418337 60804.82162874 39
iss                  60804.88180904 60804.88785603 10
iss                  60805.43889776 60805.44640532 67
iss                  60805.50705047 60805.51292146 9
iss                  60805.78048230 60805.78749773 20
iss                  60805.84756959 60805.85457746 21
iss                  60806.40524385 60806.41242343 29
iss                  60806.47261500 60806.47934225 16
iss                  60806.74683585 60806.75313741 11
iss                  60806.81352216 60806.82099733 46
iss                  60807.37182086 60807.37823979 14
iss                  60807.43837420 60807.44564191 29
iss                  60807.71330232 60807.71851516 6
iss                  60807.77959586 60807.78717715 75
iss                  60807.84785808 60807.85252861 5
iss                  60808.33869216 60808.34371994 6
iss                  60808.40431093 60808.41182660 61
iss                  60808.47312136 60808.47800758 5
iss                  60808.67995672 60808.68352812 2
iss                  60808.74575777 60808.75313729 34
iss                  60808.81325304 60808.81954266 12
iss                  60809.37042438 60809.37788452 56
iss                  60809.43841289 60809.44447273 10
iss                  60809.71199154 60809.71887862 18
iss                  60809.77897952 60809.78611535 25
iss                  60810.33673292 60810.34378577 25
iss                  60810.40393589 60810.41078825 18
iss                  60810.67828230 60810.68438374 10
iss                  60810.74488020 60810.75240216 55
iss                  60811.30329092 60811.30946554 12
iss                  60811.36965037 60811.37698460 33
iss                  60811.43922217 60811.44274123 2
iss                  60811.64469859 60811.64961189 5
iss                  60811.71089412 60811.71845350 62
iss                  60811.77894774 60811.78406223 6
iss                  60812.27019609 60812.27474879 5
iss                  60812.33554293 60812.34306381 74
iss                  60812.40416389 60812.40932920 6
iss                  60812.67699319 60812.68428492 29
iss                  60812.74435670 60812.75087713 14
iss                  60813.30161602 60813.30901047 46
iss                  60813.36942690 60813.37567890 11
iss                  60813.64316405 60813.64989363 16
iss                  60813.71004820 60813.71730045 29
iss                  60814.26789426 60814.27478878 21
iss                  60814.33491136 60814.34188822 20
iss                  60814.60939572 60814.61525729 9
iss                  60814.67589767 60814.68345153 68
iss                  60815.23444727 60815.24031941 10
iss                  60815.30058474 60815.30797932 39
iss                  60815.36991100 60815.37386632 3
iss                  60815.57577103 60815.58032355 4
iss                  60815.64185309 60815.64937090 51
iss                  60815.70970917 60815.71523138 8
iss                  60816.20143182 60816.20535944 3
iss                  60816.26643742 60816.27395023 87
iss                  60816.33485832 60816.34030461 7
iss                  60816.60789095 60816.61506944 25
iss                  60816.67512187 60816.68185710 17
iss                  60817.23247571 60817.23978124 37
iss                  60817.30009447 60817.30653948 13
iss                  60817.57398132 60817.58053899 14
iss                  60817.64077732 60817.64813034 35
iss                  60818.19873225 60818.20542899 18
iss                  60818.26554364 60818.27264133 23
iss                  60818.54017867 60818.54575426 7
iss                  60818.60657595 60818.61414328 84
iss                  60818.67518951 60818.67901710 3
iss                  60819.16529916 60819.17079326 8
iss                  60819.23117963 60819.23862499 47
iss                  60819.30025985 60819.30463515 4
iss                  60819.50652679 60819.51064152 3
iss                  60819.57247407 60819.57992703 42
iss                  60819.64014219 60819.64603616 9
iss                  60820.19699693 60820.20448424 73
iss                  60820.26520714 60820.27093313 8
iss                  60820.53845240 60820.54548792 21
iss                  60820.60555013 60820.61248044 20
iss                  60821.16300704 60821.17019443 30
iss                  60821.23041818 60821.23705359 15
iss                  60821.50448411 60821.51081310 12
iss                  60821.57116822 60821.57860314 44
iss                  60822.12925258 60822.13570162 15
iss                  60822.19583520 60822.20304654 27
iss                  60822.47063455 60822.47586940 6
iss                  60822.53691634 60822.54447502 78
iss                  60822.60520608 60822.60973943 4
iss                  60823.09579646 60823.10087208 6
iss                  60823.16143803 60823.16892019 59
iss                  60823.23026932 60823.23504961 5
AO-07                60803.27752971 60803.28763435 9
AO-07                60803.35222545 60803.36751354 69
AO-07                60803.43199872 60803.44474911 18
AO-07                60803.85992098 60803.87475358 39
AO-07                60803.93821032 60803.95271185 36
AO-07                60804.31176758 60804.32541591 26
AO-07                60804.38895411 60804.40409744 53
AO-07                60804.47265165 60804.47826785 2
AO-07                60804.81974619 60804.83108579 12
AO-07                60804.89630682 60804.91183688 89
AO-07                60804.97570097 60804.98750095 15
AO-07                60805.27315954 60805.28244717 8
AO-07                60805.34735511 60805.36254703 62
AO-07                60805.42677929 60805.44000249 21
AO-07                60805.85507341 60805.86967241 34
AO-07                60805.93320197 60805.94793466 41
AO-07                60806.01453639 60806.02011211 2
AO-07                60806.30706942 60806.32037087 23
AO-07                60806.38394516 60806.39920217 60
AO-07                60806.46674169 60806.47415697 4
AO-07                60806.81514315 60806.82569909 9
AO-07                60806.89137258 60806.90690124 80
AO-07                60806.97060346 60806.98291274 17
AO-07                60807.26878315 60807.27721516 6
AO-07                60807.34250104 60807.35757204 55
AO-07                60807.42159422 60807.43522921 24
AO-07                60807.85024299 60807.86456694 30
AO-07                60807.92820317 60807.94313657 46
AO-07                60808.00907583 60808.01601311 4
AO-07                60808.30239728 60808.31531398 21
AO-07                60808.37895583 60808.39429574 67
AO-07                60808.46106618 60808.46981727 6
AO-07                60808.81060834 60808.82023583 7
AO-07                60808.88644854 60808.90194697 72
AO-07                60808.96552302 60808.97829220 19
AO-07                60809.26448569 60809.27192399 4
AO-07                60809.33766615 60809.35258862 49
AO-07                60809.41643988 60809.43043264 27
AO-07                60809.84543186 60809.85943531 26
AO-07                60809.92321366 60809.93831809 52
AO-07                60810.00373821 60810.01177398 5
AO-07                60810.29775396 60810.31024362 18
AO-07                60810.37398565 60810.38937886 75
AO-07                60810.45552900 60810.46534947 8
AO-07                60810.80617651 60810.81466888 5
AO-07                60810.88153520 60810.89697383 64
AO-07                60810.96045759 60810.97364193 22
AO-07                60811.26029898 60811.26654228 3
AO-07                60811.33285119 60811.34759651 43
AO-07                60811.41131341 60811.42561585 31
AO-07                60811.84064211 60811.85427514 23
AO-07                60811.91823329 60811.93347991 58
AO-07                60811.99847527 60812.00744202 7
AO-07                60812.29314111 60812.30515819 16
AO-07                60812.36903431 60812.38445210 84
AO-07                60812.45008677 60812.46079522 10
AO-07                60812.80188361 60812.80894596 3
AO-07                60812.87663325 60812.89198143 57
AO-07                60812.95540560 60812.96896416 25
AO-07                60813.32805680 60813.34259573 39
AO-07                60813.40621260 60813.42078112 35
AO-07                60813.83587699 60813.84908325 20
AO-07                60813.91326198 60813.92862245 65
AO-07                60813.99326379 60814.00304041 8
AO-07                60814.28856179 60814.30005539 14
AO-07                60814.36410159 60814.37951593 88
AO-07                60814.44471598 60814.45617780 12
AO-07                60814.87174328 60814.88696924 51
AO-07                60814.95036582 60814.96426046 28
AO-07                60815.32327737 60815.33758586 34
AO-07                60815.40113567 60815.41593031 40
AO-07                60815.83114063 60815.84385586 17
AO-07                60815.90829976 60815.92374606 73
AO-07                60815.98809067 60815.99858310 10
AO-07                60816.28401976 60816.29493208 12
AO-07                60816.35918745 60816.37457072 79
AO-07                60816.43940213 60816.45151131 15
AO-07                60816.86686389 60816.88193655 45
AO-07                60816.94533732 60816.95953247 32
AO-07                60817.31852649 60817.33256651 31
AO-07                60817.39608121 60817.41106488 46
AO-07                60817.82644463 60817.83858773 14
AO-07                60817.90334666 60817.91885099 81
AO-07                60817.98294720 60817.99407851 12
AO-07                60818.27951960 60818.28978418 10
AO-07                60818.35429192 60818.36961672 71
AO-07                60818.43413548 60818.44680533 17
AO-07                60818.86200026 60818.87688244 40
AO-07                60818.94031937 60818.95478138 35
AO-07                60819.31379882 60819.32753711 27
AO-07                60819.39104812 60819.40618636 52
AO-07                60819.82178229 60819.83327186 12
AO-07                60819.89840320 60819.91393736 89
AO-07                60819.97782828 60819.98953303 14
AO-07                60820.27506809 60820.28460551 8
AO-07                60820.34941511 60820.36465413 63
AO-07                60820.42890916 60820.44206663 20
AO-07                60820.85715166 60820.87180591 35
AO-07                60820.93531140 60820.95000817 40
LO-19                60803.32579495 60803.33427343 15
LO-19                60803.39352250 60803.40373264 46
LO-19                60803.83934392 60803.84656798 8
LO-19                60803.90688942 60803.91716095 68
LO-19                60803.97781041 60803.98276106 3
LO-19                60804.30465865 60804.31039158 5
LO-19                60804.37062167 60804.38100797 76
LO-19                60804.44151332 60804.44834274 7
LO-19                60804.88412326 60804.89432060 51
LO-19                60804.95372860 60804.96182974 13
LO-19                60805.34816768 60805.35800927 33
LO-19                60805.41735008 60805.42654483 20
LO-19                60805.86167728 60805.87100167 22
LO-19                60805.93035374 60805.93997645 29
LO-19                60806.32622456 60806.33469690 15
LO-19                60806.39395524 60806.40415470 45
LO-19                60806.83976266 60806.84699913 8
LO-19                60806.90731228 60806.91758668 67
LO-19                60806.97823709 60806.98318068 3
LO-19                60807.30508592 60807.31081379 5
LO-19                60807.37105191 60807.38142914 77
LO-19                60807.44195039 60807.44875839 7
LO-19                60807.88454392 60807.89474654 51
LO-19                60807.95415142 60807.96225165 13
LO-19                60808.34859564 60808.35842947 33
LO-19                60808.41778191 60808.42696255 20
LO-19                60808.86209542 60808.87142804 22
LO-19                60808.93077424 60808.94039893 29
LO-19                60809.32665030 60809.33511597 15
LO-19                60809.39438400 60809.40457229 45
LO-19                60809.84017703 60809.84742714 8
LO-19                60809.90773069 60809.91800936 67
LO-19                60809.97865844 60809.98359818 3
LO-19                60810.30550956 60810.31123147 5
LO-19                60810.37147820 60810.38184605 77
LO-19                60810.44238323 60810.44916993 7
LO-19                60810.88496022 60810.89516935 51
LO-19                60810.95456957 60810.96267080 13
LO-19                60811.34901966 60811.35884540 33
LO-19                60811.41820960 60811.42737612 20
LO-19                60811.86250927 60811.87185123 22
LO-19                60811.93119026 60811.94081846 29
LO-19                60812.32707214 60812.33553076 15
LO-19                60812.39480867 60812.40498572 45
LO-19                60812.84058715 60812.84785195 8
LO-19                60812.90814475 60812.91842897 67
LO-19                60812.97907459 60812.98401352 3
LO-19                60813.30592940 60813.31164481 5
LO-19                60813.37190042 60813.38225881 77
LO-19                60813.44281168 60813.44957754 7
LO-19                60813.88537225 60813.89558902 51
LO-19                60813.95498314 60813.96308715 13
LO-19                60814.34943963 60814.35925719 33
LO-19                60814.41863302 60814.42778567 19
LO-19                60814.86291893 60814.87227120 22
LO-19                60814.93160190 60814.94123499 29
LO-19                60815.32748994 60815.33594142 15
LO-19                60815.39522912 60815.40539511 45
LO-19                60815.84099315 60815.84827349 8
LO-19                60815.90855455 60815.91884546 67
LO-19                60815.97948567 60815.98442663 3
LO-19                60816.30634527 60816.31205398 5
LO-19                60816.37231845 60816.38266753 77
LO-19                60816.44323557 60816.44998135 7
LO-19                60816.88578012 60816.89600548 52
LO-19                60816.95539224 60816.96350067 13
LO-19                60817.34985543 60817.35966496 33
LO-19                60817.41905205 60817.42819132 19
LO-19                60817.86332451 60817.87268790 22
LO-19                60817.93200929 60817.94164848 29
LO-19                60818.32790360 60818.33634807 15
LO-19                60818.39564524 60818.40580059 45
LO-19                60818.84139517 60818.84869168 8
LO-19                60818.90896021 60818.91925879 67
LO-19                60818.97989186 60818.98483742 3
LO-19                60819.30675702 60819.31245917 5
LO-19                60819.37273219 60819.38307233 77
LO-19                60819.44365475 60819.45038155 7
LO-19                60819.88618396 60819.89641868 52
LO-19                60819.95579701 60819.96391128 13
LO-19                60820.35026696 60820.36006883 33
LO-19                60820.41946656 60820.42859322 19
LO-19                60820.86372615 60820.87310124 22
LO-19                60820.93241253 60820.94205885 29
LO-19                60821.32831300 60821.33675085 15
LO-19                60821.39605693 60821.40620229 45
LO-19                60821.84179334 60821.84910641 8
LO-19                60821.90936185 60821.91966887 67
LO-19                60821.98029334 60821.98524576 3
LO-19                60822.30716451 60822.31286056 5
LO-19                60822.37314154 60822.38347334 77
LO-19                60822.44406907 60822.45077830 7
LO-19                60822.88658387 60822.89682852 52
LO-19                60822.95619757 60822.96431889 13
LO-19                60823.35067413 60823.36046893 33
LO-19                60823.41987646 60823.42899148 19
LO-19                60823.86412396 60823.87351112 22
LO-19                60823.93281175 60823.94246603 29
LO-19                60824.32871806 60824.33714991 15
FO-29                60803.57948522 60803.59188050 49
FO-29                60803.65287163 60803.66377217 20
FO-29                60803.99901120 60804.00894191 10
FO-29                60804.06910582 60804.08321792 74
FO-29                60804.14372347 60804.15490681 15
FO-29                60804.54211652 60804.55226376 15
FO-29                60804.61407163 60804.62649043 56
FO-29                60804.68902614 60804.69576978 5
FO-29                60805.03161100 60805.04459134 29
FO-29                60805.10391713 60805.11768204 44
FO-29                60805.57591747 60805.58804584 44
FO-29                60805.64920741 60805.66012282 21
FO-29                60805.99555510 60806.00519368 9
FO-29                60806.06541054 60806.07959350 70
FO-29                60806.13980719 60806.15143444 16
FO-29                60806.53865857 60806.54828018 13
FO-29                60806.61045367 60806.62273992 60
FO-29                60806.68525735 60806.69228582 5
FO-29                60807.02801812 60807.04091655 27
FO-29                60807.10014130 60807.11410345 48
FO-29                60807.57235192 60807.58419934 40
FO-29                60807.64554353 60807.65646133 22
FO-29                60807.99212678 60808.00142575 8
FO-29                60808.06173036 60808.07595970 66
FO-29                60808.13591629 60808.14794170 18
FO-29                60808.53521687 60808.54427059 11
FO-29                60808.60683525 60808.61897959 64
FO-29                60808.68149823 60808.68877822 6
FO-29                60809.02444314 60809.03723087 25
FO-29                60809.09638172 60809.11051359 52
FO-29                60809.17388930 60809.17997315 3
FO-29                60809.56878824 60809.58034130 36
FO-29                60809.64187923 60809.65278878 24
FO-29                60809.98872981 60809.99763513 7
FO-29                60810.05806573 60810.07231575 61
FO-29                60810.13204896 60810.14442994 20
FO-29                60810.53179419 60810.54023142 9
FO-29                60810.60321575 60810.61521017 68
FO-29                60810.67774576 60810.68525014 7
FO-29                60811.02088679 60811.03353299 24
FO-29                60811.09263824 60811.10691199 57
FO-29                60811.16964371 60811.17679568 4
FO-29                60811.56522624 60811.57647189 32
FO-29                60811.63821323 60811.64910624 26
FO-29                60811.98536745 60811.99381768 7
FO-29                60812.05441688 60812.06866109 57
FO-29                60812.12820375 60812.14090014 22
FO-29                60812.52839640 60812.53615728 7
FO-29                60812.59959440 60812.61143237 72
FO-29                60812.67399752 60812.68170424 7
FO-29                60813.01734960 60813.02982204 22
FO-29                60813.08891073 60813.10329866 62
FO-29                60813.16551098 60813.17352267 5
FO-29                60813.56166629 60813.57259123 28
FO-29                60813.63454491 60813.64541472 27
FO-29                60813.98210708 60813.98997012 6
FO-29                60814.05078671 60814.06499517 53
FO-29                60814.12437944 60814.13735317 24
FO-29                60814.52503921 60814.53203984 6
FO-29                60814.59597090 60814.60764689 73
FO-29                60814.67025154 60814.67814282 8
FO-29                60815.01383222 60815.02609699 20
FO-29                60815.08519902 60815.09967336 67
FO-29                60815.16144772 60815.17018458 7
FO-29                60815.55810768 60815.56869942 25
FO-29                60815.63087354 60815.64171524 30
FO-29                60815.97883292 60815.98608052 5
FO-29                60816.04716984 60816.06131771 50
FO-29                60816.12057499 60816.13378940 27
FO-29                60816.52172094 60816.52786521 4
FO-29                60816.59234465 60816.60385438 72
FO-29                60816.66650619 60816.67456775 9
FO-29                60817.01033533 60817.02235682 19
FO-29                60817.08150294 60817.09603564 72
FO-29                60817.15743801 60817.16679630 8
FO-29                60817.55455103 60817.56479618 22
FO-29                60817.62719850 60817.63800875 32
FO-29                60817.97561679 60817.98213949 4
FO-29                60818.04356915 60818.05762787 46
FO-29                60818.11678947 60818.13020952 29
FO-29                60818.51847438 60818.52360710 3
FO-29                60818.58871550 60818.60005551 68
FO-29                60818.66276014 60818.67098097 10
FO-29                60819.00685209 60819.01860039 17
FO-29                60819.07782227 60819.09238560 77
FO-29                60819.15347225 60819.16336714 9
FO-29                60819.55099695 60819.56088153 20
FO-29                60819.62351924 60819.63429619 35
FO-29                60819.97247831 60819.97812705 3
FO-29                60820.03998469 60820.05392547 43
FO-29                60820.11302202 60820.12661395 31
FO-29                60820.58508303 60820.59625087 63
FO-29                60820.65901228 60820.66738402 11
FO-29                60821.00339832 60821.01482648 16
FO-29                60821.07415678 60821.08872301 83
FO-29                60821.14954348 60821.15990316 10
FO-29                60821.54744564 60821.55695503 17
FO-29                60821.61983531 60821.63057844 38
FO-29                60822.03641657 60822.05021004 40
SO-50                60803.27762143 60803.28597074 21
SO-50                60803.34698445 60803.35532877 23
SO-50                60803.86218686 60803.87163031 44
SO-50                60803.93241893 60803.94050282 14
SO-50                60804.22310115 60804.22700863 2
SO-50                60804.29052423 60804.29958111 54
SO-50                60804.36092885 60804.36735847 8
SO-50                60804.80780440 60804.81419787 7
SO-50                60804.87520865 60804.88486231 70
SO-50                60804.94708400 60804.95279684 5
SO-50                60805.23506176 60805.24209520 10
SO-50                60805.30369093 60805.31270683 53
SO-50                60805.81966180 60805.82826755 20
SO-50                60805.88869162 60805.89783257 28
SO-50                60806.24768303 60806.25618694 24
SO-50                60806.31717646 60806.32532505 20
SO-50                60806.83224896 60806.84176948 52
SO-50                60806.90270194 60806.91051828 12
SO-50                60807.19293372 60807.19752323 3
SO-50                60807.26061507 60807.26971220 63
SO-50                60807.33123358 60807.33719759 6
SO-50                60807.77764202 60807.78449672 9
SO-50                60807.84533182 60807.85495075 61
SO-50                60807.91752219 60807.92268526 4
SO-50                60808.20505388 60808.21237751 12
SO-50                60808.27381470 60808.28275753 45
SO-50                60808.78963521 60808.79843807 23
SO-50                60808.85887826 60808.86787338 25
SO-50                60809.21772195 60809.22636303 27
SO-50                60809.28735251 60809.29527963 17
SO-50                60809.80229530 60809.81187436 60
SO-50                60809.87297367 60809.88049704 11
SO-50                60810.16279202 60810.16794838 4
SO-50                60810.23068469 60810.23980554 74
SO-50                60810.30161259 60810.30696894 5
SO-50                60810.74748577 60810.75473997 10
SO-50                60810.81543810 60810.82500649 52
SO-50                60810.88797958 60810.89250504 3
SO-50                60811.17503051 60811.18261409 13
SO-50                60811.24391843 60811.25277023 39
SO-50                60811.75959647 60811.76857066 27
SO-50                60811.82904919 60811.83788086 22
SO-50                60812.18774036 60812.19649969 31
SO-50                60812.25751376 60812.26519140 15
SO-50                60812.70636114 60812.71014420 2
SO-50                60812.77232618 60812.78194543 69
SO-50                60812.84323534 60812.85043765 9
SO-50                60813.13265891 60813.13830170 5
SO-50                60813.20073308 60813.20986142 85
SO-50                60813.27195550 60813.27666155 4
SO-50                60813.71732993 60813.72493306 12
SO-50                60813.78552738 60813.79502970 45
SO-50                60814.14499007 60814.15280650 15
SO-50                60814.21400244 60814.22274461 33
SO-50                60814.72954441 60814.73866610 30
SO-50                60814.79920467 60814.80785518 19
SO-50                60815.15773790 60815.16659779 36
SO-50                60815.22766167 60815.23505921 13
SO-50                60815.67589151 60815.68057850 3
SO-50                60815.74233944 60815.75198310 80
SO-50                60815.81348855 60815.82033871 8
SO-50                60816.10252495 60816.10859311 6
SO-50                60816.17076029 60816.17988004 82
SO-50                60816.24234694 60816.24624863 2
SO-50                60816.68717041 60816.69507959 14
SO-50                60816.75559959 60816.76502046 40
SO-50                60817.11493148 60817.12295641 17
SO-50                60817.18406712 60817.19268081 29
SO-50                60817.69947807 60817.70872549 35
SO-50                60817.76934504 60817.77779573 17
SO-50                60818.12771420 60818.13665750 41
SO-50                60818.19779789 60818.20488086 11
SO-50                60818.64549945 60818.65089410 5
SO-50                60818.71233583 60818.72198772 88
SO-50                60818.78373542 60818.79019795 7
SO-50                60819.07238426 60819.07882883 8
SO-50                60819.14076607 60819.14986156 70
SO-50                60819.65700415 60819.66518271 16
SO-50                60819.72565454 60819.73497883 35
SO-50                60820.08485265 60820.09306492 19
SO-50                60820.15411280 60820.16257826 25
SO-50                60820.66939662 60820.67874961 40
SO-50                60820.73947074 60820.74770222 15
SO-50                60821.09766921 60821.10667946 48
SO-50                60821.16792521 60821.17465412 9
SO-50                60821.61514623 60821.62112458 6
SO-50                60821.68231490 60821.69195958 78
SO-50                60821.75397891 60821.76001228 6
SO-50                60822.04223293 60822.04901320 9
SO-50                60822.11075086 60822.11980611 60
SO-50                60822.62682882 60822.63524452 18
SO-50                60822.69569248 60822.70490483 31
SO-50                60823.05475512 60823.06313302 22
SO-50                60823.12414021 60823.13243659 22
SO-50                60823.63929939 60823.64873912 46
SO-50                60823.70958229 60823.71757412 13
SO-50                60824.00012916 60824.00417928 2
SO-50                60824.06760267 60824.07666408 56
SO-50                60824.13804667 60824.14437553 8
HO-68                60803.20385311 60803.21678903 39
HO-68                60803.27872938 60803.29135708 29
HO-68                60803.68891569 60803.69821442 9
HO-68                60803.76187769 60803.77552505 86
HO-68                60803.83781438 60803.84788307 12
HO-68                60804.19240595 60804.20481056 28
HO-68                60804.26659888 60804.27976690 40
HO-68                60804.67815160 60804.68509422 4
HO-68                60804.75011137 60804.76367792 64
HO-68                60804.82562501 60804.83683155 18
HO-68                60805.18111199 60805.19275473 21
HO-68                60805.25459420 60805.26809491 56
HO-68                60805.33398434 60805.33937768 2
HO-68                60805.73840683 60805.75172268 46
HO-68                60805.81353364 60805.82560850 25
HO-68                60806.16998103 60806.18061329 15
HO-68                60806.24270091 60806.25635495 77
HO-68                60806.32050928 60806.32894172 7
HO-68                60806.72677842 60806.73965017 33
HO-68                60806.80151693 60806.81424376 34
HO-68                60807.15904689 60807.16835227 10
HO-68                60807.23091335 60807.24455523 80
HO-68                60807.30766795 60807.31792673 12
HO-68                60807.71524282 60807.72744389 24
HO-68                60807.78956263 60807.80275546 46
HO-68                60807.86709610 60807.87251010 3
HO-68                60808.14845567 60808.15589634 5
HO-68                60808.21923247 60808.23270005 59
HO-68                60808.29513380 60808.30664730 18
HO-68                60808.70383076 60808.71507364 17
HO-68                60808.77766484 60808.79115457 63
HO-68                60808.85432810 60808.86223322 6
HO-68                60809.20765652 60809.22079033 43
HO-68                60809.28280377 60809.29520452 26
HO-68                60809.69260469 60809.70248297 11
HO-68                60809.76582154 60809.77944739 85
HO-68                60809.84192099 60809.85150836 11
HO-68                60810.19619505 60810.20882335 32
HO-68                60810.27062939 60810.28364665 36
HO-68                60810.68167555 60810.68954485 6
HO-68                60810.75403474 60810.76763595 71
HO-68                60810.82968833 60810.84052623 16
HO-68                60811.18486052 60811.19679214 23
HO-68                60811.25858442 60811.27200044 50
HO-68                60811.74230938 60811.75571816 52
HO-68                60811.81756632 60811.82935774 22
HO-68                60812.17366589 60812.18468269 17
HO-68                60812.24665412 60812.26028233 69
HO-68                60812.32490880 60812.33251506 5
HO-68                60812.73065176 60812.74368705 37
HO-68                60812.80552541 60812.81803897 30
HO-68                60813.16265800 60813.17246812 11
HO-68                60813.23483072 60813.24850216 88
HO-68                60813.31191433 60813.32163728 10
HO-68                60813.71908161 60813.73152867 27
HO-68                60813.79355031 60813.80659134 42
HO-68                60814.15189427 60814.16009172 7
HO-68                60814.22311202 60814.23666545 66
HO-68                60814.29929185 60814.31043176 16
HO-68                60814.70762244 60814.71921865 19
HO-68                60814.78163308 60814.79502788 57
HO-68                60814.85854530 60814.86570702 5
HO-68                60815.14160327 60815.14739980 3
HO-68                60815.21150127 60815.22477425 48
HO-68                60815.28689938 60815.29903741 23
HO-68                60815.69631931 60815.70671193 13
HO-68                60815.76977094 60815.78335650 77
HO-68                60815.84604693 60815.85510241 9
HO-68                60816.19999975 60816.21282709 35
HO-68                60816.27467570 60816.28751466 32
HO-68                60816.68527142 60816.69391487 7
HO-68                60816.75796407 60816.77158059 79
HO-68                60816.83376368 60816.84419798 14
HO-68                60817.18862018 60817.20081885 26
HO-68                60817.26258874 60817.27589624 45
HO-68                60817.67472761 60817.68055541 3
HO-68                60817.74621663 60817.75969952 58
HO-68                60817.82160751 60817.83308830 20
HO-68                60818.17737265 60818.18873812 19
HO-68                60818.25062054 60818.26420107 62
HO-68                60818.32941414 60818.33599972 4
HO-68                60818.73453379 60818.74770812 42
HO-68                60818.80954053 60818.82181806 27
HO-68                60819.16629847 60819.17656357 13
HO-68                60819.23876128 60819.25244101 84
HO-68                60819.31620325 60819.32530995 8
HO-68                60819.72293186 60819.73559513 30
HO-68                60819.79754361 60819.81041256 37
HO-68                60820.15544060 60820.16425213 8
HO-68                60820.22700703 60820.24062294 73
HO-68                60820.30347718 60820.31419309 14
HO-68                60820.71143078 60820.72334043 21
HO-68                60820.78560675 60820.79888773 51
HO-68                60820.86281626 60820.86911468 4
HO-68                60821.14497519 60821.15170061 4
HO-68                60821.21535987 60821.22875004 54
HO-68                60821.29101539 60821.30285397 20
HO-68                60821.70006749 60821.71090779 15
HO-68                60821.77372553 60821.78725263 70
AO-73                60803.20755365 60803.21370643 9
AO-73                60803.27207604 60803.28039155 42
AO-73                60803.76243104 60803.77107814 44
AO-73                60803.82912411 60803.83564021 10
AO-73                60804.20692957 60804.21305799 8
AO-73                60804.27143084 60804.27977612 44
AO-73                60804.76180633 60804.77043116 42
AO-73                60804.82846424 60804.83504227 10
AO-73                60805.20632034 60805.21239130 8
AO-73                60805.27076883 60805.27914363 45
AO-73                60805.76116537 60805.76976587 41
AO-73                60805.82778768 60805.83442680 10
AO-73                60806.20569611 60806.21170623 8
AO-73                60806.27009007 60806.27849405 47
AO-73                60806.76050817 60806.76908222 40
AO-73                60806.82709444 60806.83379375 10
AO-73                60807.20505704 60807.21100269 8
AO-73                60807.26939461 60807.27782733 49
AO-73                60807.75983474 60807.76838020 38
AO-73                60807.82638433 60807.83314310 11
AO-73                60808.20440308 60808.21028051 7
AO-73                60808.26868252 60808.27714341 51
AO-73                60808.75914511 60808.76765975 37
AO-73                60808.82565771 60808.83247484 11
AO-73                60809.20373477 60809.20953937 7
AO-73                60809.26795386 60809.27644226 53
AO-73                60809.75843930 60809.76692084 36
AO-73                60809.82491439 60809.83178892 12
AO-73                60810.20305209 60810.20877947 7
AO-73                60810.26720868 60810.27572383 55
AO-73                60810.75771730 60810.76616344 34
AO-73                60810.82415437 60810.83108535 12
AO-73                60811.20235522 60811.20800047 6
AO-73                60811.26644705 60811.27498807 57
AO-73                60811.75697915 60811.76538749 33
AO-73                60811.82337764 60811.83036408 12
AO-73                60812.20164435 60812.20720217 6
AO-73                60812.26566902 60812.27423493 60
AO-73                60812.75622487 60812.76459297 32
AO-73                60812.82258419 60812.82962511 13
AO-73                60813.20091973 60813.20638438 6
AO-73                60813.26487467 60813.27346436 63
AO-73                60813.75545468 60813.76377982 31
AO-73                60813.82177402 60813.82886842 13
AO-73                60814.20018161 60814.20554685 6
AO-73                60814.26406405 60814.27267631 65
AO-73                60814.75466820 60814.76294800 29
AO-73                60814.82094711 60814.82809399 14
AO-73                60815.19943029 60815.20468932 5
AO-73                60815.26323722 60815.27187073 68
AO-73                60815.75386565 60815.76209747 28
AO-73                60815.82010346 60815.82730179 14
AO-73                60816.19866605 60816.20381150 5
AO-73                60816.26239424 60816.27104757 71
AO-73                60816.75304707 60816.76122817 27
AO-73                60816.81924306 60816.82649182 15
AO-73                60817.19788924 60817.20291314 5
AO-73                60817.26153517 60817.27020679 75
AO-73                60817.75221249 60817.76034005 26
AO-73                60817.81836590 60817.82566406 15
AO-73                60818.19710030 60818.20199360 4
AO-73                60818.26066007 60818.26934833 78
AO-73                60818.75136195 60818.75943307 25
AO-73                60818.81747197 60818.82481849 16
AO-73                60819.19629972 60819.20105259 4
AO-73                60819.25976900 60819.26847215 81
AO-73                60819.75049548 60819.75850715 24
AO-73                60819.81656127 60819.82395511 16
AO-73                60820.19548790 60820.20008954 4
AO-73                60820.25886201 60820.26757820 85
AO-73                60820.74961313 60820.75756225 23
AO-73                60820.81563379 60820.82307388 17
AO-73                60821.19466574 60821.19910378 3
AO-73                60821.25793917 60821.26666641 87
AO-73                60821.32657743 60821.33027258 2
AO-73                60821.74871491 60821.75659830 22
AO-73                60821.81468952 60821.82217463 18
AO-73                60822.19383396 60822.19809447 3
AO-73                60822.25700054 60822.26573675 86
AO-73                60822.32549340 60822.32946756 3
AO-73                60822.74780095 60822.75561522 21
AO-73                60822.81373428 60822.82126454 18
AO-73                60823.19299358 60823.19706062 3
AO-73                60823.25604617 60823.26478917 83
AO-73                60823.32440225 60823.32863575 3
AO-73                60823.74687118 60823.75461294 20
AO-73                60823.81275643 60823.82032971 19
AO-73                60824.19214595 60824.19600075 2
AO-73                60824.25507612 60824.26382360 79
AO-73                60824.32330239 60824.32777861 3
AO-73                60824.74592584 60824.75359138 19
AO-73                60824.81176177 60824.81937699 20
AO-73                60825.19129280 60825.19491329 2
AO-73                60825.25409046 60825.26284000 75
AO-73                60825.32219263 60825.32689734 4
AO-73                60825.74496492 60825.75255038 18
AO-73                60825.81075031 60825.81840638 21
AO-73                60826.25308920 60826.26183833 72
AO-73                60826.32107227 60826.32599284 4
TITA                 60803.52010970 60803.52799395 29
TITA                 60803.58624203 60803.59292535 12
TITA                 60804.00892625 60804.01418296 5
TITA                 60804.07299737 60804.08140551 58
TITA                 60804.51396371 60804.52157503 22
TITA                 60804.57963578 60804.58683816 16
TITA                 60805.00319143 60805.00717368 3
TITA                 60805.06666120 60805.07512344 80
TITA                 60805.13418783 60805.13765954 2
TITA                 60805.50785686 60805.51511086 16
TITA                 60805.57308265 60805.58068641 21
TITA                 60806.06033793 60806.06879026 73
TITA                 60806.12730045 60806.13205282 4
TITA                 60806.50179514 60806.50859472 12
TITA                 60806.56657291 60806.57448065 28
TITA                 60807.05403227 60807.06240530 52
TITA                 60807.12057701 60807.12623923 7
TITA                 60807.49579035 60807.50201622 9
TITA                 60807.56009970 60807.56822719 39
TITA                 60808.04774452 60808.05596686 37
TITA                 60808.11393761 60808.12029973 10
TITA                 60808.48986189 60808.49535663 6
TITA                 60808.55361686 60808.56192735 54
TITA                 60809.04147786 60809.04947194 28
TITA                 60809.10735082 60809.11426656 13
TITA                 60809.48404867 60809.48857764 4
TITA                 60809.54720665 60809.55559013 77
TITA                 60810.03523736 60810.04291583 21
TITA                 60810.10080659 60810.10816353 18
TITA                 60810.54082585 60810.54921393 76
TITA                 60810.60870781 60810.61275118 3
TITA                 60811.02902973 60811.03629132 15
TITA                 60811.09428396 60811.10198634 23
TITA                 60811.53447406 60811.54279937 54
TITA                 60811.60163920 60811.60691832 5
TITA                 60812.02286674 60812.02958670 11
TITA                 60812.08778345 60812.09574862 31
TITA                 60812.52815226 60812.53634617 39
TITA                 60812.59474868 60812.60090855 8
TITA                 60813.01676789 60813.02278240 8
TITA                 60813.08125769 60813.08945137 42
TITA                 60813.52186277 60813.52985304 29
TITA                 60813.58796513 60813.59479311 12
TITA                 60814.01077016 60814.01584012 5
TITA                 60814.07479208 60814.08310320 58
TITA                 60814.51560812 60814.52331748 22
TITA                 60814.58124731 60814.58858904 16
TITA                 60815.00496857 60815.00866234 2
TITA                 60815.06834248 60815.07670220 80
TITA                 60815.50939353 60815.51673542 17
TITA                 60815.57458355 60815.58232016 22
TITA                 60816.06190673 60816.07024860 70
TITA                 60816.12885731 60816.13352451 4
TITA                 60816.50322657 60816.51009994 12
TITA                 60816.56796363 60816.57599677 30
TITA                 60817.05548975 60817.06374159 50
TITA                 60817.12201178 60817.12760142 7
TITA                 60817.49711923 60817.50340009 9
TITA                 60817.56138148 60817.56962522 41
TITA                 60818.04909214 60818.05717921 36
TITA                 60818.11525393 60818.12154814 10
TITA                 60818.49109220 60818.49661588 6
TITA                 60818.55479002 60818.56320665 57
TITA                 60819.04271770 60819.05055805 26
TITA                 60819.10855056 60819.11539880 13
TITA                 60819.48518754 60819.48970581 4
TITA                 60819.54827280 60819.55675008 80
TITA                 60820.03637151 60820.04387284 19
TITA                 60820.10189087 60820.10917783 18
TITA                 60820.54178630 60820.55025375 73
TITA                 60820.60950283 60820.61391042 3
TITA                 60821.03006212 60821.03711482 14
TITA                 60821.09525404 60821.10288133 24
TITA                 60821.53533017 60821.54371814 52
TITA                 60821.60236814 60821.60792763 6
TITA                 60822.02380318 60822.03027051 10
TITA                 60822.08859665 60822.09652008 32
TITA                 60822.52890565 60822.53714278 38
TITA                 60822.59538831 60822.60177948 9
TITA                 60823.01761876 60823.02331542 7
TITA                 60823.08200156 60823.09010428 44
TITA                 60823.52251538 60823.53052611 28
TITA                 60823.58850874 60823.59553273 13
TITA                 60824.01155820 60824.01619879 4
TITA                 60824.07542417 60824.08363311 62
TITA                 60824.51616235 60824.52386521 21
TITA                 60824.58169202 60824.58920046 18
TITA                 60825.06886393 60825.07710772 84
TITA                 60825.13629359 60825.13976795 2
TITA                 60825.50985251 60825.51715531 16
TITA                 60825.57492787 60825.58280526 24
TITA                 60826.06231841 60826.07052812 64
TITA                 60826.12917931 60826.13392212 5
TITA                 60826.50359460 60826.51038841 12
TITA                 60826.56820736 60826.57635614 32
TITA                 60827.05579354 60827.06389318 45
TITA                 60827.12222884 60827.12786860 7
TITA                 60827.49740285 60827.50355132 8
TITA                 60827.56148179 60827.56985584 45
NOAA-15              60803.38325469 60803.39193016 15
NOAA-15              60803.45133764 60803.46174679 46
NOAA-15              60803.89905603 60803.90702424 10
NOAA-15              60803.96718664 60803.97768425 60
NOAA-15              60804.03873039 60804.04325181 3
NOAA-15              60804.36635863 60804.37308517 7
NOAA-15              60804.43312658 60804.44374032 89
NOAA-15              60804.50484901 60804.51107557 5
NOAA-15              60804.88234525 60804.88720377 3
NOAA-15              60804.94906893 60804.95965135 72
NOAA-15              60805.01940280 60805.02691720 9
NOAA-15              60805.41519014 60805.42556470 47
NOAA-15              60805.48539200 60805.49401692 14
NOAA-15              60805.93112375 60805.94134026 37
NOAA-15              60806.00069374 60806.00982783 19
NOAA-15              60806.39753844 60806.40721788 25
NOAA-15              60806.46656825 60806.47644399 27
NOAA-15              60806.91340383 60806.92270786 19
NOAA-15              60806.98225109 60806.99233105 35
NOAA-15              60807.38023349 60807.38865531 13
NOAA-15              60807.44811143 60807.45859833 52
NOAA-15              60807.89604351 60807.90361990 9
NOAA-15              60807.96399382 60807.97452528 67
NOAA-15              60808.03526758 60808.04045756 4
NOAA-15              60808.36344780 60808.36972307 6
NOAA-15              60808.42994611 60808.44055937 82
NOAA-15              60808.50136305 60808.50813679 7
NOAA-15              60808.94590246 60808.95644332 64
NOAA-15              60809.01609283 60809.02393470 11
NOAA-15              60809.41205469 60809.42235325 42
NOAA-15              60809.48204343 60809.49095165 16
NOAA-15              60809.92798839 60809.93807914 33
NOAA-15              60809.99743728 60810.00676143 21
NOAA-15              60810.39445483 60810.40397204 23
NOAA-15              60810.46329083 60810.47331966 30
NOAA-15              60810.91031473 60810.91937932 17
NOAA-15              60810.97902725 60810.98920514 39
NOAA-15              60811.37721921 60811.38536044 12
NOAA-15              60811.44488556 60811.45543484 59
NOAA-15              60811.89304462 60811.90017943 8
NOAA-15              60811.96079623 60811.97134850 75
NOAA-15              60812.03184166 60812.03760175 5
NOAA-15              60812.36055375 60812.36632335 5
NOAA-15              60812.42676565 60812.43736381 73
NOAA-15              60812.49790424 60812.50515593 8
NOAA-15              60812.94272957 60812.95321723 57
NOAA-15              60813.01278539 60813.02092566 12
NOAA-15              60813.40892021 60813.41912691 38
NOAA-15              60813.47870191 60813.48786461 18
NOAA-15              60813.92485055 60813.93479822 29
NOAA-15              60813.99417789 60814.00367475 23
NOAA-15              60814.39137416 60814.40070955 21
NOAA-15              60814.46001538 60814.47017830 34
NOAA-15              60814.90722814 60814.91602630 15
NOAA-15              60814.97579865 60814.98606098 43
NOAA-15              60815.37421355 60815.38204391 10
NOAA-15              60815.44166023 60815.45225585 66
NOAA-15              60815.51449443 60815.51865517 2
NOAA-15              60815.89006445 60815.89669762 6
NOAA-15              60815.95759369 60815.96815414 83
NOAA-15              60816.02843904 60816.03469824 6
NOAA-15              60816.35776641 60816.36287734 4
NOAA-15              60816.42358671 60816.43415339 65
NOAA-15              60816.49446591 60816.50213944 9
NOAA-15              60816.93955456 60816.94997287 50
NOAA-15              60817.00947878 60817.01789221 14
NOAA-15              60817.40578688 60817.41588496 34
NOAA-15              60817.47536600 60817.48475653 20
NOAA-15              60817.92171052 60817.93149727 26
NOAA-15              60817.99091489 60818.00056850 26
NOAA-15              60818.38829719 60818.39742961 18
NOAA-15              60818.45674158 60818.46702006 38
NOAA-15              60818.90414444 60818.91264778 13
NOAA-15              60818.97256515 60818.98289908 48
NOAA-15              60819.37121859 60819.37870339 9
NOAA-15              60819.43843507 60819.44906153 74
NOAA-15              60819.51080447 60819.51586276 3
NOAA-15              60819.88711037 60819.89316664 5
NOAA-15              60819.95438631 60819.96494242 86
NOAA-15              60820.02501914 60820.03175788 7
NOAA-15              60820.35496916 60820.35936605 2
NOAA-15              60820.42040676 60820.43092790 58
NOAA-15              60820.49104358 60820.49909143 11
NOAA-15              60820.93637508 60820.94671063 45
NOAA-15              60821.00617159 60821.01483573 15
NOAA-15              60821.40265508 60821.41262723 31
NOAA-15              60821.47203480 60821.48162841 22
NOAA-15              60821.91856871 60821.92817592 23
NOAA-15              60821.98764774 60821.99744334 28
NOAA-15              60822.38522477 60822.39413117 17
NOAA-15              60822.45346915 60822.46384519 42
NOAA-15              60822.90106564 60822.90924205 12
NOAA-15              60822.96932650 60822.97971970 54
NOAA-15              60823.36823699 60823.37533641 8
NOAA-15              60823.43521028 60823.44585175 82
NOAA-15              60823.50719526 60823.51297410 4
NOAA-15              60823.88419510 60823.88957375 4
NOAA-15              60823.95117370 60823.96171351 78
NOAA-15              60824.02164062 60824.02878063 8
NOAA-18              60803.52508578 60803.53335121 12
NOAA-18              60803.59328748 60803.60408803 61
NOAA-18              60804.04533240 60804.05331436 10
NOAA-18              60804.11391851 60804.12483683 68
NOAA-18              60804.18572117 60804.19144462 4
NOAA-18              60804.51677212 60804.52402008 8
NOAA-18              60804.58431094 60804.59517541 84
NOAA-18              60804.65685670 60804.66298293 5
NOAA-18              60805.03697924 60805.04362119 6
NOAA-18              60805.10495825 60805.11594038 88
NOAA-18              60805.17618050 60805.18336460 8
NOAA-18              60805.50870635 60805.51453592 5
NOAA-18              60805.57540142 60805.58622210 72
NOAA-18              60805.64710138 60805.65468995 9
NOAA-18              60806.02897537 60806.03354797 2
NOAA-18              60806.09603766 60806.10697793 65
NOAA-18              60806.16683274 60806.17507551 11
NOAA-18              60806.56655567 60806.57722930 52
NOAA-18              60806.63753930 60806.64619669 13
NOAA-18              60807.08715698 60807.09794781 47
NOAA-18              60807.15758515 60807.16664661 16
NOAA-18              60807.55777729 60807.56819640 38
NOAA-18              60807.62815386 60807.63757624 18
NOAA-18              60808.07832434 60808.08884608 35
NOAA-18              60808.14840861 60808.15810964 22
NOAA-18              60808.54907095 60808.55912087 28
NOAA-18              60808.61887922 60808.62886738 25
NOAA-18              60809.06954630 60809.07966529 25
NOAA-18              60809.13928759 60809.14948221 29
NOAA-18              60809.54044366 60809.54999742 21
NOAA-18              60809.60969513 60809.62009045 34
NOAA-18              60810.06083488 60810.07039385 19
NOAA-18              60810.13021322 60810.14077556 39
NOAA-18              60810.53190686 60810.54081680 15
NOAA-18              60810.60058948 60810.61125780 47
NOAA-18              60811.05221066 60811.06101177 13
NOAA-18              60811.12118057 60811.13199640 53
NOAA-18              60811.19361603 60811.19774407 2
NOAA-18              60811.52347915 60811.53156282 11
NOAA-18              60811.59155499 60811.60237726 66
NOAA-18              60811.66503563 60811.66939391 2
NOAA-18              60812.04370724 60812.05148350 9
NOAA-18              60812.11218690 60812.12314915 73
NOAA-18              60812.18385538 60812.18994505 5
NOAA-18              60812.51519373 60812.52220478 7
NOAA-18              60812.58258760 60812.59345371 89
NOAA-18              60812.65494168 60812.66141461 6
NOAA-18              60813.03539911 60813.04173380 5
NOAA-18              60813.10323188 60813.11423572 83
NOAA-18              60813.17435579 60813.18180814 8
NOAA-18              60813.50717699 60813.51267426 4
NOAA-18              60813.57368712 60813.58448986 67
NOAA-18              60813.64523814 60813.65306790 9
NOAA-18              60814.09431710 60814.10525609 61
NOAA-18              60814.16503064 60814.17348216 12
NOAA-18              60814.56485072 60814.57548656 49
NOAA-18              60814.63570578 60814.64454242 14
NOAA-18              60815.08544253 60815.09620817 44
NOAA-18              60815.15579747 60815.16502509 17
NOAA-18              60815.55608237 60815.56644285 36
NOAA-18              60815.62634102 60815.63589927 20
NOAA-18              60816.07661768 60816.08708730 33
NOAA-18              60816.14663116 60816.15646425 23
NOAA-18              60816.54738727 60816.55735570 27
NOAA-18              60816.61708214 60816.62717272 27
NOAA-18              60817.06784938 60817.07788569 24
NOAA-18              60817.13751801 60817.14781581 31
NOAA-18              60817.53877313 60817.54821925 20
NOAA-18              60817.60791087 60817.61838105 37
NOAA-18              60818.05915135 60818.06859006 17
NOAA-18              60818.12845013 60818.13908992 42
NOAA-18              60818.53025247 60818.53902315 14
NOAA-18              60818.59881627 60818.60953560 51
NOAA-18              60819.05054514 60819.05917824 12
NOAA-18              60819.11942319 60819.13029266 57
NOAA-18              60819.19165371 60819.19630394 3
NOAA-18              60819.52184594 60819.52974925 10
NOAA-18              60819.58979181 60819.60064343 70
NOAA-18              60819.66298640 60819.66790707 3
NOAA-18              60820.04207052 60820.04960961 8
NOAA-18              60820.11043501 60820.12142780 78
NOAA-18              60820.18194990 60820.18840420 6
NOAA-18              60820.51359136 60820.52036226 7
NOAA-18              60820.58083397 60820.59170898 86
NOAA-18              60820.65300289 60820.65981563 6
NOAA-18              60821.03381632 60821.03979379 4
NOAA-18              60821.10148572 60821.11249688 78
NOAA-18              60821.17251582 60821.18021368 9
NOAA-18              60821.50563080 60821.51077887 3
NOAA-18              60821.57194294 60821.58273455 63
NOAA-18              60821.64331695 60821.65142214 10
NOAA-18              60822.09257692 60822.10349947 57
NOAA-18              60822.16321094 60822.17185279 13
NOAA-18              60822.56311622 60822.57372065 46
NOAA-18              60822.63384287 60822.64286375 15
NOAA-18              60823.08370901 60823.09443301 42
NOAA-18              60823.15399108 60823.16336817 18
NOAA-18              60823.55435868 60823.56466594 34
NOAA-18              60823.62449849 60823.63419863 21
NOAA-19              60803.45837255 60803.46252069 2
NOAA-19              60803.52409771 60803.53489716 53
NOAA-19              60803.59508962 60803.60385361 13
NOAA-19              60804.04489086 60804.05567072 47
NOAA-19              60804.11530963 60804.12437894 16
NOAA-19              60804.51547533 60804.52603418 39
NOAA-19              60804.58587118 60804.59539508 19
NOAA-19              60805.03622294 60805.04672988 35
NOAA-19              60805.10630358 60805.11599382 22
NOAA-19              60805.50692222 60805.51713006 29
NOAA-19              60805.57676048 60805.58685032 25
NOAA-19              60806.02760807 60806.03771224 26
NOAA-19              60806.09735087 60806.10752086 29
NOAA-19              60806.49844482 60806.50818040 22
NOAA-19              60806.56773797 60806.57823883 34
NOAA-19              60807.01905788 60807.02860605 19
NOAA-19              60807.08844313 60807.09897057 39
NOAA-19              60807.49005336 60807.49917710 16
NOAA-19              60807.55879190 60807.56957274 47
NOAA-19              60808.01059196 60808.01939231 13
NOAA-19              60808.07957569 60808.09034985 52
NOAA-19              60808.48176417 60808.49010587 12
NOAA-19              60808.54991513 60808.56085961 64
NOAA-19              60808.62345739 60808.62782001 2
NOAA-19              60809.00224293 60809.01003716 9
NOAA-19              60809.07074590 60809.08166249 71
NOAA-19              60809.14244321 60809.14841665 5
NOAA-19              60809.47360545 60809.48094131 8
NOAA-19              60809.54110371 60809.55210433 86
NOAA-19              60809.61351934 60809.62001250 6
NOAA-19              60809.99407994 60810.00046987 5
NOAA-19              60810.06195348 60810.07291054 84
NOAA-19              60810.13310505 60810.14043977 8
NOAA-19              60810.46568771 60810.47162998 5
NOAA-19              60810.53235721 60810.54330969 70
NOAA-19              60810.60394389 60810.61183818 9
NOAA-19              60811.05319988 60811.06409403 63
NOAA-19              60811.12394161 60811.13227378 12
NOAA-19              60811.52367250 60811.53447675 52
NOAA-19              60811.59459710 60811.60347951 14
NOAA-19              60812.04448511 60812.05521106 46
NOAA-19              60812.11486989 60812.12397739 16
NOAA-19              60812.51505324 60812.52560497 38
NOAA-19              60812.58538788 60812.59500538 19
NOAA-19              60813.03581796 60813.04625731 33
NOAA-19              60813.10586448 60813.11557804 22
NOAA-19              60813.50650397 60813.51669166 28
NOAA-19              60813.57628367 60813.58644775 26
NOAA-19              60814.02720501 60814.03722549 25
NOAA-19              60814.09691153 60814.10709213 30
NOAA-19              60814.49803132 60814.50773214 21
NOAA-19              60814.56726607 60814.57782494 35
NOAA-19              60815.01865899 60815.02810334 18
NOAA-19              60815.08800307 60815.09852958 40
NOAA-19              60815.48964601 60815.49871767 16
NOAA-19              60815.55832397 60815.56914863 48
NOAA-19              60816.01019973 60816.01887047 13
NOAA-19              60816.07913462 60816.08989702 54
NOAA-19              60816.15151754 60816.15571902 2
NOAA-19              60816.48136522 60816.48963367 11
NOAA-19              60816.54945064 60816.56042585 66
NOAA-19              60816.62283414 60816.62752581 3
NOAA-19              60817.00186316 60817.00949020 8
NOAA-19              60817.07030385 60817.08119802 74
NOAA-19              60817.14194701 60817.14803585 5
NOAA-19              60817.47321895 60817.48045240 8
NOAA-19              60817.54064238 60817.55166128 89
NOAA-19              60817.61295854 60817.61964936 6
NOAA-19              60817.99372696 60817.99988361 5
NOAA-19              60818.06151072 60818.07243442 82
NOAA-19              60818.13261978 60818.14003347 8
NOAA-19              60818.46532331 60818.47111534 4
NOAA-19              60818.53189901 60818.54285751 68
NOAA-19              60818.60340716 60818.61144380 10
NOAA-19              60819.05275642 60819.06360607 60
NOAA-19              60819.12346107 60819.13184874 12
NOAA-19              60819.52321767 60819.53401540 50
NOAA-19              60819.59407430 60819.60306482 14
NOAA-19              60820.04404144 60820.05471079 44
NOAA-19              60820.11439121 60820.12353671 17
NOAA-19              60820.51460219 60820.52513406 37
NOAA-19              60820.58487419 60820.59457511 20
NOAA-19              60821.03537505 60821.04574401 32
NOAA-19              60821.10538618 60821.11512350 23
NOAA-19              60821.50605735 60821.51621108 28
NOAA-19              60821.57577653 60821.58600442 27
NOAA-19              60822.02676410 60822.03669785 24
NOAA-19              60822.09643277 60822.10662480 30
NOAA-19              60822.49759017 60822.50724092 21
NOAA-19              60822.56676398 60822.57737023 37
NOAA-19              60823.01822209 60823.02755939 17
NOAA-19              60823.08752338 60823.09805012 41
NOAA-19              60823.48921192 60823.49821450 15
NOAA-19              60823.55782604 60823.56868318 50
NOAA-19              60824.00977022 60824.01830672 12
NOAA-19              60824.07865377 60824.08940584 56
NOAA-19              60824.15094901 60824.15534769 2
NOAA-19              60824.48094079 60824.48911616 11
NOAA-19              60824.54895637 60824.55995039 69
METOA                60803.54886845 60803.55362416 4
METOA                60803.61338152 60803.62235727 77
METOA                60804.11300847 60804.12144369 33
METOA                60804.18068548 60804.18752849 12
METOA                60804.56565709 60804.57262345 11
METOA                60804.63170038 60804.64031708 36
METOA                60805.13094878 60805.13973940 75
METOA                60805.19966568 60805.20433827 4
METOA                60805.58303292 60805.59116564 24
METOA                60805.65030781 60805.65801700 17
METOA                60806.08299411 60806.08941795 8
METOA                60806.14908367 60806.15772896 45
METOA                60806.60077238 60806.60945880 52
METOA                60806.66942778 60806.67530223 7
METOA                60807.10039213 60807.10840900 19
METOA                60807.16745090 60807.17539980 21
METOA                60807.55387692 60807.55910949 5
METOA                60807.61881518 60807.62755117 64
METOA                60808.11814818 60808.12693960 42
METOA                60808.18604343 60808.19268039 10
METOA                60808.57082570 60808.57796030 13
METOA                60808.63720508 60808.64543588 28
METOA                60809.07102884 60809.07557635 3
METOA                60809.13613245 60809.14513915 79
METOA                60809.20517849 60809.20926691 3
METOA                60809.58828657 60809.59642417 28
METOA                60809.65591685 60809.66302620 13
METOA                60810.08791652 60810.09513359 11
METOA                60810.15430308 60810.16303866 37
METOA                60810.60609191 60810.61465377 64
METOA                60810.67527094 60810.68007095 4
METOA                60811.10543690 60811.11395203 25
METOA                60811.17270884 60811.18061281 18
METOA                60811.55886522 60811.56450680 7
METOA                60811.62419790 60811.63268129 50
METOA                60812.12325376 60812.13237125 53
METOA                60812.19136392 60812.19776750 8
METOA                60812.57594823 60812.58323357 16
METOA                60812.64266279 60812.65048565 22
METOA                60813.07568991 60813.08150781 6
METOA                60813.14127770 60813.15047824 67
METOA                60813.59348751 60813.60162418 34
METOA                60813.66149609 60813.66794831 10
METOA                60814.09284492 60814.10074509 15
METOA                60814.15952360 60814.16829240 32
METOA                60814.61135617 60814.61979130 79
METOA                60815.11045934 60815.11941929 31
METOA                60815.17792901 60815.18576333 16
METOA                60815.56382027 60815.56983108 8
METOA                60815.62952602 60815.63775243 39
METOA                60816.12833018 60816.13773545 66
METOA                60816.19665580 60816.20278225 7
METOA                60816.58101944 60816.58845022 19
METOA                60816.64807115 60816.65547025 18
METOA                60817.08044285 60817.08724770 8
METOA                60817.14638878 60817.15575281 56
METOA                60817.59863186 60817.60677137 41
METOA                60817.66705558 60817.67278645 7
METOA                60818.09777085 60818.10626076 19
METOA                60818.16466344 60818.17347065 27
METOA                60818.55209912 60818.55602560 3
METOA                60818.61656194 60818.62487665 77
METOA                60819.11546028 60819.12480923 39
METOA                60819.18311757 60819.19084540 14
METOA                60819.56873386 60819.57509256 10
METOA                60819.63483825 60819.64277239 31
METOA                60820.06842965 60820.07325685 3
METOA                60820.13337608 60820.14302879 79
METOA                60820.20192936 60820.20771449 6
METOA                60820.58603580 60820.59361585 22
METOA                60820.65342936 60820.66039269 14
METOA                60821.08523787 60821.09284597 11
METOA                60821.15146966 60821.16095831 47
METOA                60821.60371672 60821.61187075 52
METOA                60821.67259817 60821.67751737 5
METOA                60822.10268994 60822.11168405 24
METOA                60822.16974360 60822.17858818 24
METOA                60822.55675617 60822.56143309 4
METOA                60822.62170719 60822.62991448 61
METOA                60823.12044140 60823.13011977 48
METOA                60823.18828093 60823.19585250 12
METOA                60823.57360137 60823.58029869 12
METOA                60823.64004910 60823.64773952 25
METOA                60824.07298020 60824.07905335 6
METOA                60824.13839723 60824.14824726 80
METOA                60824.20719805 60824.21255061 5
METOA                60824.59099541 60824.59873550 27
METOA                60824.65873789 60824.66525571 11
METOA                60825.09005329 60825.09832304 14
METOA                60825.15656658 60825.16609424 40
METOA                60825.60874152 60825.61692641 66
METOA                60825.67815577 60825.68212365 3
METOA                60826.10759981 60826.11701558 29
METOA                60826.17483428 60826.18362724 21
METOA                60826.56141192 60826.56674420 6
METOA                60826.62679119 60826.63490864 48
METOA                60827.12540583 60827.13534804 59
METOA                60827.19339269 60827.20077926 10
METOA                60827.57842052 60827.58545465 15
METOB                60803.47694115 60803.48665115 24
METOB                60803.54613188 60803.55619829 29
METOB                60803.99467064 60804.00414056 20
METOB                60804.06379475 60804.07399866 35
METOB                60804.46319157 60804.47191967 15
METOB                60804.53147398 60804.54202848 48
METOB                60804.98082917 60804.98904971 11
METOB                60805.04928158 60805.05988900 58
METOB                60805.12116113 60805.12559009 3
METOB                60805.44973756 60805.45698571 8
METOB                60805.51700090 60805.52773516 81
METOB                60805.58930075 60805.59507961 4
METOB                60805.96737990 60805.97350222 5
METOB                60806.03487140 60806.04560500 85
METOB                60806.10570285 60806.11274952 8
METOB                60806.43685953 60806.44163587 3
METOB                60806.50270047 60806.51333552 61
METOB                60806.57368546 60806.58169911 11
METOB                60807.02056459 60807.03114983 51
METOB                60807.09073786 60807.09933410 14
METOB                60807.48857118 60807.49883287 37
METOB                60807.55852605 60807.56788965 19
METOB                60808.00637855 60808.01651184 30
METOB                60808.07598724 60808.08560971 23
METOB                60808.47463150 60808.48421751 23
METOB                60808.54368394 60808.55385074 31
METOB                60808.99234752 60809.00165815 18
METOB                60809.06137713 60809.07165953 38
METOB                60809.46091973 60809.46945919 14
METOB                60809.52905492 60809.53965849 52
METOB                60809.97854894 60809.98651189 10
METOB                60810.04687876 60810.05752069 63
METOB                60810.11854975 60810.12349936 3
METOB                60810.44752276 60810.45448075 7
METOB                60810.51460747 60810.52534656 87
METOB                60810.58666280 60810.59289018 5
METOB                60810.96519812 60810.97085240 4
METOB                60811.03248303 60811.04320883 79
METOB                60811.10319964 60811.11052926 8
METOB                60811.43478246 60811.43900865 2
METOB                60811.50033208 60811.51092957 56
METOB                60811.57111838 60811.57941614 12
METOB                60812.01819183 60812.02872502 47
METOB                60812.08827481 60812.09705554 15
METOB                60812.48622928 60812.49640902 34
METOB                60812.55604080 60812.56555960 20
METOB                60813.00402550 60813.01405483 28
METOB                60813.07354753 60813.08329105 25
METOB                60813.47232037 60813.48177265 21
METOB                60813.54123372 60813.55149193 34
METOB                60813.99002264 60813.99916088 17
METOB                60814.05895442 60814.06930846 41
METOB                60814.45864851 60814.46698568 13
METOB                60814.52663296 60814.53727808 57
METOB                60814.97627138 60814.98395447 9
METOB                60815.04447073 60815.05514065 68
METOB                60815.11595992 60815.12136930 4
METOB                60815.44531422 60815.45195740 6
METOB                60815.51221095 60815.52294773 86
METOB                60815.58404090 60815.59067103 6
METOB                60815.96304040 60815.96816069 3
METOB                60816.03008960 60816.04080087 73
METOB                60816.10069708 60816.10829096 9
METOB                60816.49796077 60816.50851340 52
METOB                60816.56858452 60816.57711476 13
METOB                60817.01581445 60817.02628784 43
METOB                60817.08580842 60817.09476287 17
METOB                60817.48388507 60817.49397450 31
METOB                60817.55355454 60817.56321703 22
METOB                60818.00166881 60818.01158464 26
METOB                60818.07110317 60818.08095982 27
METOB                60818.47000809 60818.47931629 19
METOB                60818.53878116 60818.54912214 36
METOB                60818.98769623 60818.99664815 15
METOB                60819.05652671 60819.06694544 44
METOB                60819.45637852 60819.46449853 11
METOB                60819.52420811 60819.53488716 62
METOB                60819.97399782 60819.98137603 8
METOB                60820.04205744 60820.05274895 74
METOB                60820.11338390 60820.11920726 5
METOB                60820.44311389 60820.44941369 6
METOB                60820.50981166 60820.52053861 80
METOB                60820.58143132 60820.58842613 7
METOB                60820.96091887 60820.96541452 2
METOB                60821.02769109 60821.03838115 67
METOB                60821.09819395 60821.10603564 10
METOB                60821.49558672 60821.50608666 48
METOB                60821.56605242 60821.57479811 14
METOB                60822.01343247 60822.02383859 40
METOB                60822.08333832 60822.09245670 18
METOB                60822.48153875 60822.49152916 29
METOB                60822.55106704 60822.56086214 24
METOB                60822.99930863 60823.00910112 24
METOB                60823.06865395 60823.07861625 29
METOB                60823.46769494 60823.47684811 18
METOB                60823.53632616 60823.54674116 40
METOB                60823.98536849 60823.99411983 14
METOB                60824.05409354 60824.06457064 48
METOB                60824.45411044 60824.46199704 10
