iss                  60803.03194496 60803.03798827 10
iss                  60803.09977000 60803.10622199 13
iss                  60803.16688158 60803.17436618 45
iss                  60803.23423242 60803.24099773 18
iss                  60803.86241022 60803.86964477 30
iss                  60803.92947936 60803.93683595 30
iss                  60803.99778473 60804.00402811 11
iss                  60804.06585875 60804.07205061 11
iss                  60804.13308149 60804.14037191 29
iss                  60804.20025252 60804.20751950 32
iss                  60804.82895105 60804.83563268 17
iss                  60804.89548288 60804.90301990 49
iss                  60804.96358851 60804.97011239 13
iss                  60805.03185943 60805.03788439 10
iss                  60805.09925577 60805.10627291 20
iss                  60805.16633829 60805.17384760 60
iss                  60805.23443142 60805.23912762 5
iss                  60805.79571796 60805.80143764 9
iss                  60805.86157291 60805.86916599 87
iss                  60805.92938329 60805.93622631 17
iss                  60805.99776504 60806.00375097 9
iss                  60806.06538713 60806.07209224 15
iss                  60806.13245583 60806.14001301 73
iss                  60806.20004278 60806.20612870 11
iss                  60806.76281847 60806.76687911 3
iss                  60806.82777030 60806.83525374 49
iss                  60806.89520012 60806.90235229 22
iss                  60806.96358308 60806.96966684 10
iss                  60807.03145704 60807.03785828 12
iss                  60807.09858156 60807.10603723 41
iss                  60807.16588503 60807.17276910 20
iss                  60807.79409870 60807.80125673 26
iss                  60807.86106587 60807.86847227 33
iss                  60807.92933493 60807.93563445 11
iss                  60807.99744812 60808.00360320 10
iss                  60808.06469612 60808.07193966 27
iss                  60808.13183891 60808.13917071 36
iss                  60808.76059759 60808.76713344 15
iss                  60808.82700304 60808.83456901 55
iss                  60808.89505133 60808.90164448 14
iss                  60808.96334741 60808.96935951 9
iss                  60809.03078148 60809.03774054 19
iss                  60809.09785126 60809.10538449 69
iss                  60809.16580975 60809.17085507 6
iss                  60809.72734654 60809.73280434 8
iss                  60809.79303165 60809.80062382 82
iss                  60809.86076540 60809.86768103 18
iss                  60809.92915146 60809.93515333 9
iss                  60809.99682007 60810.00346470 14
iss                  60810.06389054 60810.07143910 64
iss                  60810.13140145 60810.13768771 12
iss                  60810.69450837 60810.69802612 2
iss                  60810.75917343 60810.76661516 43
iss                  60810.82650800 60810.83372615 24
iss                  60810.89487090 60810.90099851 10
iss                  60810.96279310 60810.96914165 12
iss                  60811.02993395 60811.03735551 37
iss                  60811.09719069 60811.10419399 22
iss                  60811.72545403 60811.73251415 23
iss                  60811.79230527 60811.79976162 36
iss                  60811.86052986 60811.86689478 12
iss                  60811.92868351 60811.93480445 10
iss                  60811.99596246 60812.00315333 25
iss                  60812.06307848 60812.07047333 41
iss                  60812.13170574 60812.13498984 2
iss                  60812.69191889 60812.69827355 13
iss                  60812.75817929 60812.76576995 62
iss                  60812.82616057 60812.83283080 14
iss                  60812.89447990 60812.90048520 9
iss                  60812.96195798 60812.96885380 18
iss                  60813.02901745 60813.03657074 79
iss                  60813.09684805 60813.10223095 7
iss                  60813.65866636 60813.66379621 6
iss                  60813.72415013 60813.73173179 72
iss                  60813.79179636 60813.79878980 19
iss                  60813.86018163 60813.86620806 9
iss                  60813.92790213 60813.93448314 14
iss                  60813.99497822 60814.00251275 56
iss                  60814.06241497 60814.06889928 14
iss                  60814.69024069 60814.69762414 37
iss                  60814.75746749 60814.76475329 26
iss                  60814.82580278 60814.83198384 10
iss                  60814.89377630 60814.90007222 11
iss                  60814.96093884 60814.96831986 33
iss                  60815.02815041 60815.03527032 25
iss                  60815.65647957 60815.66341493 20
iss                  60815.72319939 60815.73070349 41
iss                  60815.79137024 60815.79780936 12
iss                  60815.85956436 60815.86565479 10
iss                  60815.92688033 60815.93401217 23
iss                  60815.99397194 60816.00142556 48
iss                  60816.06233718 60816.06628069 3
iss                  60816.62292012 60816.62904923 11
iss                  60816.68901371 60816.69662203 72
iss                  60816.75691744 60816.76367141 15
iss                  60816.82525646 60816.83126210 9
iss                  60816.89278464 60816.89961209 17
iss                  60816.95983731 60816.96740474 88
iss                  60817.02754753 60817.03325343 9
AO-07                60803.18152067 60803.19093726 7
AO-07                60803.25798403 60803.27325530 56
AO-07                60803.33652397 60803.35073693 33
AO-07                60803.41599754 60803.42416195 6
AO-07                60803.63881047 60803.65075247 15
AO-07                60803.71431791 60803.72973742 69
AO-07                60803.79375271 60803.80765508 25
AO-07                60804.21681703 60804.23038271 22
AO-07                60804.29465579 60804.31001745 74
AO-07                60804.37360764 60804.38571001 16
AO-07                60804.60054083 60804.60832787 5
AO-07                60804.67369592 60804.68784999 31
AO-07                60804.75100083 60804.76643343 60
AO-07                60804.83297893 60804.84311008 8
AO-07                60805.17696393 60805.18535843 5
AO-07                60805.25306771 60805.26823170 50
AO-07                60805.33154145 60805.34596068 37
AO-07                60805.41093415 60805.41968834 7
AO-07                60805.63419600 60805.64573564 14
AO-07                60805.70944335 60805.72477522 63
AO-07                60805.78859767 60805.80279822 28
AO-07                60806.21198725 60806.22517740 20
AO-07                60806.28970187 60806.30511216 81
AO-07                60806.36860036 60806.38105828 18
AO-07                60806.59612529 60806.60323519 4
AO-07                60806.66895270 60806.68286014 29
AO-07                60806.74601092 60806.76150456 67
AO-07                60806.82754547 60806.83843556 10
AO-07                60807.17251387 60807.17965162 3
AO-07                60807.24815831 60807.26319014 45
AO-07                60807.32656207 60807.34116855 40
AO-07                60807.40588201 60807.41518874 8
AO-07                60807.62960159 60807.64071365 12
AO-07                60807.70458459 60807.71980929 57
AO-07                60807.78346716 60807.79792883 31
AO-07                60808.20718175 60808.21994152 17
AO-07                60808.28475202 60808.30019141 88
AO-07                60808.36359689 60808.37638842 20
AO-07                60808.59174740 60808.59811915 3
AO-07                60808.66422620 60808.67786697 26
AO-07                60808.74103797 60808.75657002 73
AO-07                60808.82217058 60808.83371773 12
AO-07                60809.24325472 60809.25812991 40
AO-07                60809.32158585 60809.33636049 45
AO-07                60809.40083909 60809.41066516 9
AO-07                60809.62502777 60809.63568617 11
AO-07                60809.69974166 60809.71483976 52
AO-07                60809.77835954 60809.79304822 34
AO-07                60810.20239171 60810.21467140 15
AO-07                60810.27980682 60810.29525508 84
AO-07                60810.35859701 60810.37170083 22
AO-07                60810.58741687 60810.59296989 2
AO-07                60810.65951705 60810.67287019 24
AO-07                60810.73608164 60810.75163021 81
AO-07                60810.81684443 60810.82896564 14
AO-07                60811.23836104 60811.25305009 36
AO-07                60811.31661285 60811.33153697 49
AO-07                60811.39580388 60811.40611877 10
AO-07                60811.62047552 60811.63065217 10
AO-07                60811.69491461 60811.70986681 47
AO-07                60811.77327346 60811.78815783 38
AO-07                60812.19762707 60812.20936250 13
AO-07                60812.27486607 60812.29030299 77
AO-07                60812.35360054 60812.36699600 25
AO-07                60812.43344802 60812.43933232 3
AO-07                60812.65482555 60812.66787012 21
AO-07                60812.73114161 60812.74668550 88
AO-07                60812.81156003 60812.82418571 16
AO-07                60813.23347669 60813.24794984 32
AO-07                60813.31164316 60813.32669788 54
AO-07                60813.39077528 60813.40155098 11
AO-07                60813.61594582 60813.62561064 8
AO-07                60813.69010355 60813.70489033 43
AO-07                60813.76820779 60813.78325841 43
AO-07                60813.85214298 60813.85862554 3
AO-07                60814.19289371 60814.20400874 11
AO-07                60814.26993036 60814.28533489 70
AO-07                60814.34860735 60814.36227397 27
AO-07                60814.42831695 60814.43497268 3
AO-07                60814.65015196 60814.66286626 19
AO-07                60814.72621768 60814.74173618 85
AO-07                60814.80631217 60814.81938262 19
AO-07                60815.22860286 60815.24282774 29
AO-07                60815.30667688 60815.32184345 60
AO-07                60815.38575255 60815.39696270 13
AO-07                60815.61148976 60815.62056285 7
AO-07                60815.68531167 60815.69991064 39
AO-07                60815.76316157 60815.77835089 48
AO-07                60815.84635510 60815.85424938 4
AO-07                60816.18819889 60816.19860151 9
AO-07                60816.26500006 60816.28035048 63
AO-07                60816.34361738 60816.35753531 30
AO-07                60816.42321378 60816.43057135 4
AO-07                60816.64549686 60816.65785848 17
AO-07                60816.72130967 60816.73678253 78
AO-07                60816.80109686 60816.81455999 21
AO-07                60817.22374094 60817.23768239 26
AO-07                60817.30171414 60817.31697371 66
AO-07                60817.38073462 60817.39235439 14
LO-19                60803.24219830 60803.25188617 25
LO-19                60803.31096291 60803.32099264 37
LO-19                60803.38167732 60803.38611864 3
LO-19                60803.71103810 60803.72089098 33
LO-19                60803.77998193 60803.78972723 27
LO-19                60804.21990245 60804.22808559 12
LO-19                60804.28801897 60804.29847802 76
LO-19                60804.35782147 60804.36521773 9
LO-19                60804.68896381 60804.69776227 17
LO-19                60804.75675670 60804.76709967 58
LO-19                60804.82873884 60804.83421428 4
LO-19                60805.19833460 60805.20331472 3
LO-19                60805.26522894 60805.27559685 52
LO-19                60805.33449616 60805.34355096 19
LO-19                60805.66737587 60805.67439172 8
LO-19                60805.73392370 60805.74428777 68
LO-19                60805.80415951 60805.81250040 13
LO-19                60806.24262667 60806.25231571 25
LO-19                60806.31139229 60806.32141943 37
LO-19                60806.38210929 60806.38654107 3
LO-19                60806.71145802 60806.72132277 33
LO-19                60806.78040430 60806.79015762 27
LO-19                60807.22032895 60807.22851505 12
LO-19                60807.28844704 60807.29890408 76
LO-19                60807.35825062 60807.36564107 9
LO-19                60807.68938134 60807.69819376 17
LO-19                60807.75717710 60807.76752924 58
LO-19                60807.82916148 60807.83464290 4
LO-19                60808.19875749 60808.20374598 3
LO-19                60808.26565568 60808.27602218 52
LO-19                60808.33492373 60808.34397388 19
LO-19                60808.66779017 60808.67482375 8
LO-19                60808.73434216 60808.74471656 69
LO-19                60808.80458013 60808.81292811 13
LO-19                60809.24305196 60809.25274042 25
LO-19                60809.31181849 60809.32184166 37
LO-19                60809.38253855 60809.38695866 3
LO-19                60809.71187447 60809.72175088 33
LO-19                60809.78082297 60809.79058445 27
LO-19                60810.22075252 60810.22893946 12
LO-19                60810.28887192 60810.29932550 76
LO-19                60810.35867669 60810.36605984 9
LO-19                60810.68979553 60810.69862144 17
LO-19                60810.75759391 60810.76795517 58
LO-19                60810.82958019 60810.83506813 4
LO-19                60811.19917811 60811.20417142 3
LO-19                60811.26607922 60811.27644279 52
LO-19                60811.33534811 60811.34439225 19
LO-19                60811.66820136 60811.67525181 8
LO-19                60811.73475714 60811.74514162 69
LO-19                60811.80499703 60811.81335224 13
LO-19                60812.24347409 60812.25316030 25
LO-19                60812.31224144 60812.32225929 37
LO-19                60812.38296506 60812.38737140 3
LO-19                60812.71228755 60812.72217518 33
LO-19                60812.78123804 60812.79100759 27
LO-19                60813.22117307 60813.22935883 12
LO-19                60813.28929352 60813.29974229 76
LO-19                60813.35909962 60813.36647404 9
LO-19                60813.69020652 60813.69904521 17
LO-19                60813.75800723 60813.76837734 58
LO-19                60813.82999516 60813.83548977 4
LO-19                60814.19959635 60814.20459090 3
LO-19                60814.26649947 60814.27685870 52
LO-19                60814.33576922 60814.34480607 19
LO-19                60814.66860957 60814.67567574 8
LO-19                60814.73516873 60814.74556284 69
LO-19                60814.80541035 60814.81377265 13
LO-19                60815.24389298 60815.25357537 25
LO-19                60815.31266106 60815.32267235 37
LO-19                60815.38338872 60815.38777928 3
LO-19                60815.71269737 60815.72259554 34
LO-19                60815.78164963 60815.79142694 27
LO-19                60816.22159050 60816.22977318 12
LO-19                60816.28971175 60816.30015446 75
LO-19                60816.35951932 60816.36688367 9
LO-19                60816.69061439 60816.69946490 17
LO-19                60816.75841715 60816.76879563 58
LO-19                60816.83040658 60816.83590764 4
LO-19                60817.20001206 60817.20500506 3
LO-19                60817.26691636 60817.27726993 52
LO-19                60817.33618698 60817.34521516 19
LO-19                60817.66901490 60817.67609540 8
LO-19                60817.73557702 60817.74598010 69
LO-19                60817.80582021 60817.81418920 13
LO-19                60818.24430852 60818.25398566 25
LO-19                60818.31307726 60818.32308086 37
LO-19                60818.38380942 60818.38818234 3
LO-19                60818.71310401 60818.72301184 34
LO-19                60818.78205783 60818.79184234 27
LO-19                60819.22200470 60819.23018256 12
LO-19                60819.29012653 60819.30056205 75
LO-19                60819.35993568 60819.36728875 9
LO-19                60819.69101923 60819.69988041 17
LO-19                60819.75882378 60819.76920991 57
LO-19                60819.83081460 60819.83632155 4
LO-19                60820.20042508 60820.20541344 3
LO-19                60820.26732977 60820.27767652 52
LO-19                60820.33660128 60820.34561994 19
FO-29                60803.02195405 60803.03237567 32
FO-29                60803.37446416 60803.38225438 10
FO-29                60803.44532020 60803.45613928 82
FO-29                60803.52049379 60803.52804131 8
FO-29                60803.91046398 60803.91971324 11
FO-29                60803.98253555 60803.99468197 76
FO-29                60804.05632653 60804.06553889 13
FO-29                60804.40756612 60804.41751923 29
FO-29                60804.48035925 60804.49058746 30
FO-29                60804.94431099 60804.95596334 32
FO-29                60805.01732866 60805.02884754 37
FO-29                60805.09232038 60805.09725944 3
FO-29                60805.37096267 60805.37840018 9
FO-29                60805.44163987 60805.45236976 80
FO-29                60805.51659352 60805.52439346 9
FO-29                60805.90676987 60805.91590887 10
FO-29                60805.97874260 60805.99107504 74
FO-29                60806.05245305 60806.06210584 15
FO-29                60806.40396028 60806.41372086 26
FO-29                60806.47659547 60806.48685573 33
FO-29                60806.94055347 60806.95227575 30
FO-29                60807.01350732 60807.02531525 40
FO-29                60807.08824292 60807.09405959 4
FO-29                60807.36746239 60807.37454646 8
FO-29                60807.43795608 60807.44860413 75
FO-29                60807.51269836 60807.52074193 11
FO-29                60807.90309107 60807.91209603 10
FO-29                60807.97495401 60807.98746590 71
FO-29                60808.04858833 60808.05866604 17
FO-29                60808.40035157 60808.40992676 24
FO-29                60808.47282960 60808.48312718 36
FO-29                60808.93680153 60808.94858454 28
FO-29                60809.00969108 60809.02177992 44
FO-29                60809.08424006 60809.09080989 5
FO-29                60809.36396413 60809.37069353 7
FO-29                60809.43426904 60809.44484313 68
FO-29                60809.50880750 60809.51708830 12
FO-29                60809.89941706 60809.90827309 9
FO-29                60809.97117004 60809.98385398 67
FO-29                60810.04473239 60810.05521961 19
FO-29                60810.39673989 60810.40613762 22
FO-29                60810.46906159 60810.47940215 40
FO-29                60810.93305548 60810.94488874 27
FO-29                60811.00588051 60811.01824085 48
FO-29                60811.08027313 60811.08752684 6
FO-29                60811.36046848 60811.36684164 6
FO-29                60811.43057883 60811.44108703 62
FO-29                60811.50492033 60811.51343363 13
FO-29                60811.89575558 60811.90443811 8
FO-29                60811.96739161 60811.98023808 64
FO-29                60812.04088530 60812.05176638 21
FO-29                60812.39312566 60812.40235408 20
FO-29                60812.46529151 60812.47568159 44
FO-29                60812.92931628 60812.94118734 25
FO-29                60813.00207617 60813.01469726 52
FO-29                60813.07633442 60813.08421816 7
FO-29                60813.35697623 60813.36299088 5
FO-29                60813.42688555 60813.43733678 56
FO-29                60813.50100475 60813.50978091 15
FO-29                60813.89210860 60813.90058885 7
FO-29                60813.96361937 60813.97661755 60
FO-29                60814.03704720 60814.04830589 23
FO-29                60814.38950902 60814.39857652 18
FO-29                60814.46151950 60814.47196580 49
FO-29                60814.92558479 60814.93747928 24
FO-29                60814.99827860 60815.01114868 57
FO-29                60815.07241905 60815.08088836 9
FO-29                60815.35348818 60815.35914117 4
FO-29                60815.42318949 60815.43359268 51
FO-29                60815.49712368 60815.50612687 16
FO-29                60815.88847843 60815.89672271 7
FO-29                60815.95985396 60815.97299151 56
FO-29                60816.03321826 60816.04483787 25
FO-29                60816.38589031 60816.39480587 17
FO-29                60816.45774575 60816.46825524 54
FO-29                60816.53460451 60816.53897587 2
FO-29                60816.92186182 60816.93376346 22
FO-29                60816.99448830 60817.00759394 61
FO-29                60817.06852388 60817.07754030 10
FO-29                60817.35005424 60817.35529342 4
FO-29                60817.41949225 60817.42985513 46
FO-29                60817.49324542 60817.50247453 18
FO-29                60817.88486752 60817.89283664 6
FO-29                60817.95609608 60817.96935905 53
FO-29                60818.02939868 60818.04136179 28
FO-29                60818.38226988 60818.39104230 16
FO-29                60818.45397057 60818.46455027 60
FO-29                60818.53041607 60818.53557885 3
FO-29                60818.91814820 60818.93003874 21
FO-29                60818.99070576 60819.00403247 66
FO-29                60819.06464678 60819.07417581 12
FO-29                60819.34657954 60819.35144470 3
FO-29                60819.41579172 60819.42612451 42
FO-29                60819.48936977 60819.49882419 20
FO-29                60819.88127980 60819.88892679 5
FO-29                60819.95234596 60819.96571926 50
FO-29                60820.02558868 60820.03787711 30
FO-29                60820.10080435 60820.10539990 2
FO-29                60820.37864823 60820.38728626 14
SO-50                60803.22413104 60803.23088419 9
SO-50                60803.29182572 60803.30116940 78
SO-50                60803.36268755 60803.37022979 11
SO-50                60803.57703480 60803.58440311 10
SO-50                60803.64598062 60803.65571487 59
SO-50                60803.71590923 60803.72403776 15
SO-50                60804.23623496 60804.24464288 22
SO-50                60804.30519258 60804.31430387 36
SO-50                60804.37706319 60804.38314266 6
SO-50                60804.58997563 60804.59857604 18
SO-50                60804.65917272 60804.66888873 64
SO-50                60804.73003551 60804.73569607 5
SO-50                60805.18290826 60805.18661597 2
SO-50                60805.24889142 60805.25805935 50
SO-50                60805.31890221 60805.32734677 19
SO-50                60805.39183656 60805.39594297 2
SO-50                60805.53422125 60805.54021780 5
SO-50                60805.60299486 60805.61238936 32
SO-50                60805.67251392 60805.68167826 29
SO-50                60806.19403703 60806.20112756 11
SO-50                60806.26194848 60806.27129005 70
SO-50                60806.33296016 60806.34031517 10
SO-50                60806.54709785 60806.55469748 11
SO-50                60806.61609166 60806.62585422 67
SO-50                60806.68611378 60806.69398483 13
SO-50                60807.20623490 60807.21480697 25
SO-50                60807.27535836 60807.28440040 32
SO-50                60807.34738252 60807.35320725 5
SO-50                60807.49147556 60807.49573206 2
SO-50                60807.56005411 60807.56880343 19
SO-50                60807.62929266 60807.63896427 56
SO-50                60807.70038035 60807.70545448 4
SO-50                60808.15254983 60808.15704818 3
SO-50                60808.21894885 60808.22818016 58
SO-50                60808.28911058 60808.29742292 17
SO-50                60808.50427061 60808.51053935 6
SO-50                60808.57307529 60808.58255482 36
SO-50                60808.64265478 60808.65168138 26
SO-50                60809.16393745 60809.17132789 12
SO-50                60809.23205202 60809.24138104 62
SO-50                60809.30321250 60809.31037226 9
SO-50                60809.51715010 60809.52495216 12
SO-50                60809.58617703 60809.59595832 75
SO-50                60809.65630240 60809.66388924 11
SO-50                60810.17621975 60810.18493710 28
SO-50                60810.24550427 60810.25446812 29
SO-50                60810.31768205 60810.32324304 5
SO-50                60810.46148745 60810.46608994 3
SO-50                60810.53010741 60810.53899480 21
SO-50                60810.59938906 60810.60900422 50
SO-50                60810.67075235 60810.67512713 3
SO-50                60811.12224895 60811.12738066 4
SO-50                60811.18898821 60811.19827008 66
SO-50                60811.25929881 60811.26747070 16
SO-50                60811.47429554 60811.48082329 7
SO-50                60811.54313067 60811.55268490 40
SO-50                60811.61277435 60811.62164692 23
SO-50                60812.13382991 60812.14148749 14
SO-50                60812.20213610 60812.21144256 55
SO-50                60812.27344467 60812.28040108 9
SO-50                60812.48717702 60812.49517039 13
SO-50                60812.55623786 60812.56602729 84
SO-50                60812.62647667 60812.63374915 10
SO-50                60813.14618874 60813.15503401 32
SO-50                60813.21563015 60813.22450716 27
SO-50                60813.28796157 60813.29324966 4
SO-50                60813.43147799 60813.43640759 3
SO-50                60813.50013531 60813.50915060 23
SO-50                60813.56946190 60813.57900856 44
SO-50                60814.09197643 60814.09763902 6
SO-50                60814.15900899 60814.16832942 74
SO-50                60814.22946678 60814.23749018 14
SO-50                60814.44429579 60814.45106992 7
SO-50                60814.51316083 60814.52277979 44
SO-50                60814.58287311 60814.59157490 20
SO-50                60815.10371210 60815.11160871 16
SO-50                60815.17220031 60815.18147478 49
SO-50                60815.24365644 60815.25040161 8
SO-50                60815.45717870 60815.46535231 14
SO-50                60815.52627425 60815.53606123 87
SO-50                60815.59663864 60815.60356273 9
SO-50                60816.11614108 60816.12509854 36
SO-50                60816.18573584 60816.19451742 24
SO-50                60816.25822119 60816.26322694 3
SO-50                60816.40144612 60816.40668594 4
SO-50                60816.47013789 60816.47927067 25
SO-50                60816.53951167 60816.54897724 39
SO-50                60817.06171766 60817.06783646 7
SO-50                60817.12901091 60817.13835848 83
SO-50                60817.19961436 60817.20748141 13
SO-50                60817.41427114 60817.42127955 8
SO-50                60817.48316613 60817.49283964 49
SO-50                60817.55295161 60817.56146458 18
SO-50                60818.07358230 60818.08169282 18
SO-50                60818.14224482 60818.15147787 43
SO-50                60818.21384785 60818.22037381 7
SO-50                60818.42715502 60818.43549816 15
SO-50                60818.49628627 60818.50606022 78
SO-50                60818.56684124 60818.57332601 7
HO-68                60803.11366167 60803.12685582 41
HO-68                60803.18854149 60803.20140919 38
HO-68                60803.26474078 60803.27196133 5
HO-68                60803.48012213 60803.48512578 2
HO-68                60803.54955078 60803.56184419 28
HO-68                60803.62344803 60803.63693787 56
HO-68                60803.70188101 60803.70996166 6
HO-68                60804.10197080 60804.11473163 30
HO-68                60804.17664209 60804.18987764 49
HO-68                60804.25254862 60804.26118533 8
HO-68                60804.53822078 60804.54988714 22
HO-68                60804.61154068 60804.62515789 74
HO-68                60804.68896352 60804.69878383 10
HO-68                60805.09034312 60805.10248558 23
HO-68                60805.16476817 60805.17825694 64
HO-68                60805.24044845 60805.25023824 12
HO-68                60805.52699546 60805.53789741 16
HO-68                60805.59972475 60805.61334524 86
HO-68                60805.67633701 60805.68739044 15
HO-68                60806.07879749 60806.09009399 16
HO-68                60806.15292077 60806.16654854 82
HO-68                60806.22840751 60806.23915431 16
HO-68                60806.51588532 60806.52586690 12
HO-68                60806.58799735 60806.60150369 67
HO-68                60806.66390882 60806.67586748 21
HO-68                60807.06737642 60807.07751675 11
HO-68                60807.14110160 60807.15475197 78
HO-68                60807.21640955 60807.22795229 21
HO-68                60807.50490733 60807.51378152 9
HO-68                60807.57635781 60807.58963554 51
HO-68                60807.65163316 60807.66425620 29
HO-68                60808.05613880 60808.06467611 7
HO-68                60808.12931435 60808.14286485 59
HO-68                60808.20444569 60808.21664377 27
HO-68                60808.49414232 60808.50161510 6
HO-68                60808.56480915 60808.57774191 39
HO-68                60808.63948370 60808.65258000 38
HO-68                60809.04528178 60809.05137016 3
HO-68                60809.11756412 60809.13088237 45
HO-68                60809.19251094 60809.20523658 34
HO-68                60809.26883501 60809.27550077 4
HO-68                60809.48355894 60809.48929727 3
HO-68                60809.55334913 60809.56582234 30
HO-68                60809.62744406 60809.64085332 51
HO-68                60809.70632283 60809.71359183 5
HO-68                60810.10585593 60810.11879658 34
HO-68                60810.18060270 60810.19373616 45
HO-68                60810.25659796 60810.26479713 7
HO-68                60810.54198457 60810.55387548 24
HO-68                60810.61550386 60810.62908583 67
HO-68                60810.69324404 60810.70253164 9
HO-68                60811.09420520 60811.10659454 25
HO-68                60811.16872001 60811.18214583 58
HO-68                60811.24447171 60811.25390311 10
HO-68                60811.53072193 60811.54189770 18
HO-68                60811.60365660 60811.61728398 87
HO-68                60811.68053159 60811.69119912 13
HO-68                60812.08262807 60812.09425656 18
HO-68                60812.15686332 60812.17046756 75
HO-68                60812.23241309 60812.24286347 14
HO-68                60812.51957024 60812.52988252 14
HO-68                60812.59189861 60812.60545212 73
HO-68                60812.66804164 60812.67971470 19
HO-68                60813.07115417 60813.08174942 13
HO-68                60813.14503403 60813.15870148 84
HO-68                60813.22040183 60813.23170035 19
HO-68                60813.50854399 60813.51781838 10
HO-68                60813.58022833 60813.59359303 56
HO-68                60813.65571693 60813.66813063 26
HO-68                60814.05984483 60814.06901295 8
HO-68                60814.13323525 60814.14684590 65
HO-68                60814.20842711 60814.22042730 24
HO-68                60814.49766718 60814.50568340 7
HO-68                60814.56864643 60814.58170821 43
HO-68                60814.64352603 60814.65647493 35
HO-68                60815.04881624 60815.05590945 4
HO-68                60815.12147153 60815.13489694 49
HO-68                60815.19648285 60815.20905325 32
HO-68                60815.27295192 60815.27900788 3
HO-68                60815.48704174 60815.49343147 4
HO-68                60815.55715675 60815.56979777 33
HO-68                60815.63144976 60815.64476436 46
HO-68                60815.71082230 60815.71715398 3
HO-68                60816.10974719 60816.12284782 37
HO-68                60816.18456577 60816.19758436 41
HO-68                60816.26065835 60816.26838809 6
HO-68                60816.54575840 60816.55786076 26
HO-68                60816.61947597 60816.63301015 61
HO-68                60816.69756146 60816.70625005 7
HO-68                60817.09807562 60817.11068757 28
HO-68                60817.17267439 60817.18602453 53
HO-68                60817.24850170 60817.25755193 9
HO-68                60817.53445942 60817.54589435 20
HO-68                60817.60759698 60817.62121965 80
HO-68                60817.68474979 60817.69499078 12
HO-68                60818.08647048 60818.09839932 21
HO-68                60818.16080877 60818.17437633 69
HO-68                60818.23642337 60818.24655868 13
HO-68                60818.52326785 60818.53389314 15
AO-73                60803.12756734 60803.13529872 22
AO-73                60803.19352346 60803.20113281 23
AO-73                60803.57606856 60803.58310501 13
AO-73                60803.64102270 60803.64948357 46
AO-73                60804.12694975 60804.13465241 22
AO-73                60804.19288364 60804.20052194 23
AO-73                60804.57547332 60804.58244649 13
AO-73                60804.64038808 60804.64884452 47
AO-73                60805.12631327 60805.13398852 21
AO-73                60805.19222622 60805.19989453 24
AO-73                60805.57486218 60805.58176989 12
AO-73                60805.63973640 60805.64818809 49
AO-73                60806.12565983 60806.13330694 21
AO-73                60806.19155124 60806.19925047 25
AO-73                60806.57423518 60806.58107520 12
AO-73                60806.63906766 60806.64751429 50
AO-73                60807.12498946 60807.13260776 20
AO-73                60807.19085872 60807.19858977 25
AO-73                60807.57359234 60807.58036242 12
AO-73                60807.63838186 60807.64682314 52
AO-73                60808.12430221 60808.13189088 20
AO-73                60808.19014871 60808.19791240 26
AO-73                60808.57293369 60808.57963152 11
AO-73                60808.63767900 60808.64611463 53
AO-73                60809.12359812 60809.13115642 19
AO-73                60809.18942123 60809.19721832 27
AO-73                60809.57225928 60809.57888250 11
AO-73                60809.63695909 60809.64538880 55
AO-73                60810.12287724 60810.13040399 18
AO-73                60810.18867633 60810.19650752 28
AO-73                60810.57156913 60810.57811534 10
AO-73                60810.63622214 60810.64464566 57
AO-73                60811.12213964 60811.12963371 18
AO-73                60811.18791405 60811.19577993 28
AO-73                60811.57086330 60811.57733001 10
AO-73                60811.63546816 60811.64388520 59
AO-73                60812.12138536 60812.12884552 17
AO-73                60812.18713443 60812.19503554 29
AO-73                60812.57014185 60812.57652649 10
AO-73                60812.63469716 60812.64310746 61
AO-73                60812.70351628 60812.70708833 2
AO-73                60813.12061448 60813.12803935 17
AO-73                60813.18633751 60813.19427429 30
AO-73                60813.56940483 60813.57570474 9
AO-73                60813.63390914 60813.64231244 64
AO-73                60813.70262918 60813.70636769 2
AO-73                60814.11982704 60814.12721515 16
AO-73                60814.18552332 60814.19349614 31
AO-73                60814.56865231 60814.57486474 9
AO-73                60814.63305956 60814.64149699 66
AO-73                60814.70172740 60814.70562702 3
AO-73                60815.11902313 60815.12637283 16
AO-73                60815.18469193 60815.19270106 33
AO-73                60815.56788437 60815.57400645 9
AO-73                60815.63223754 60815.64066748 69
AO-73                60815.70081061 60815.70486678 3
AO-73                60816.11820281 60816.12551232 15
AO-73                60816.18384335 60816.19188898 34
AO-73                60816.56710107 60816.57312982 8
AO-73                60816.63139856 60816.63982072 72
AO-73                60816.69987878 60816.70408694 3
AO-73                60817.11736616 60817.12463355 15
AO-73                60817.18297766 60817.19105987 35
AO-73                60817.56630252 60817.57223484 8
AO-73                60817.63054263 60817.63895673 74
AO-73                60817.69893151 60817.70328795 3
AO-73                60818.11651326 60818.12373641 14
AO-73                60818.18209488 60818.19021368 36
AO-73                60818.56548881 60818.57132120 7
AO-73                60818.62966978 60818.63807551 78
AO-73                60818.69796875 60818.70246992 4
AO-73                60819.11564419 60819.12282083 14
AO-73                60819.18119506 60819.18935034 38
AO-73                60819.56466005 60819.57038919 7
AO-73                60819.62878003 60819.63717709 81
AO-73                60819.69699038 60819.70163300 4
AO-73                60820.11475904 60820.12188670 13
AO-73                60820.18027825 60820.18846982 39
AO-73                60820.56381638 60820.56943855 7
AO-73                60820.62787341 60820.63626145 84
AO-73                60820.69599630 60820.70077731 4
AO-73                60821.11385791 60821.12093392 13
AO-73                60821.17930072 60821.18756881 41
AO-73                60821.56295791 60821.56846918 6
AO-73                60821.62694994 60821.63532862 87
AO-73                60821.69498642 60821.69990300 5
AO-73                60822.11294089 60822.11996237 12
AO-73                60822.17835003 60822.18665376 43
AO-73                60822.56208482 60822.56748097 6
AO-73                60822.62600966 60822.63437859 89
AO-73                60822.69396075 60822.69901015 5
AO-73                60823.11200810 60823.11897192 12
AO-73                60823.17738250 60823.18572136 45
AO-73                60823.56119729 60823.56647378 6
AO-73                60823.62505259 60823.63341137 85
AO-73                60823.69291897 60823.69809870 5
AO-73                60824.11105965 60824.11796245 12
AO-73                60824.17639816 60824.18477154 47
AO-73                60824.24407655 60824.24750605 2
TITA                 60803.37770042 60803.38156859 3
TITA                 60803.44151691 60803.44968459 71
TITA                 60803.50787786 60803.51359925 8
TITA                 60803.88694063 60803.89487337 32
TITA                 60803.95289801 60803.96012361 16
TITA                 60804.43521398 60804.44333103 52
TITA                 60804.50136241 60804.50763161 10
TITA                 60804.88077209 60804.88847148 25
TITA                 60804.94636812 60804.95391747 20
TITA                 60805.42891983 60805.43693156 39
TITA                 60805.49487149 60805.50159801 13
TITA                 60805.87462898 60805.88203866 19
TITA                 60805.93987143 60805.94767136 26
TITA                 60806.42263463 60806.43048409 29
TITA                 60806.48839763 60806.49550653 17
TITA                 60806.86851441 60806.87557201 15
TITA                 60806.93340373 60806.94138929 34
TITA                 60807.41636147 60807.42398560 23
TITA                 60807.48194180 60807.48936883 22
TITA                 60807.86243298 60807.86906767 12
TITA                 60807.92696204 60807.93507428 45
TITA                 60808.41010422 60808.41743207 18
TITA                 60808.47548911 60808.48317505 28
TITA                 60808.85639144 60808.86251927 9
TITA                 60808.92054430 60808.92872841 61
TITA                 60809.40386829 60809.41081703 14
TITA                 60809.46904375 60809.47693405 36
TITA                 60809.85040068 60809.85591635 7
TITA                 60809.91410463 60809.92235015 83
TITA                 60809.98187309 60809.98644469 4
TITA                 60810.39766263 60810.40413150 10
TITA                 60810.46256070 60810.47064442 47
TITA                 60810.84448008 60810.84924002 4
TITA                 60810.90773115 60810.91594644 74
TITA                 60810.97494804 60810.98042266 6
TITA                 60811.39150132 60811.39736058 7
TITA                 60811.45612641 60811.46431307 64
TITA                 60811.52301980 60811.52732240 4
TITA                 60811.83872651 60811.84244897 3
TITA                 60811.90137986 60811.90951456 54
TITA                 60811.96812976 60811.97428908 9
TITA                 60812.38540970 60812.39047801 5
TITA                 60812.44969742 60812.45793711 86
TITA                 60812.51628479 60812.52143328 6
TITA                 60812.89505025 60812.90305446 40
TITA                 60812.96138270 60812.96807888 12
TITA                 60813.37944425 60813.38342522 3
TITA                 60813.44327413 60813.45151625 70
TITA                 60813.50961393 60813.51543726 8
TITA                 60813.88874377 60813.89656556 31
TITA                 60813.95468870 60813.96180999 16
TITA                 60814.43685488 60814.44504969 52
TITA                 60814.50298164 60814.50936048 11
TITA                 60814.88246184 60814.89004667 24
TITA                 60814.94803678 60814.95549277 20
TITA                 60815.43044534 60815.43853600 38
TITA                 60815.49637449 60815.50321654 14
TITA                 60815.87620682 60815.88349616 19
TITA                 60815.94142027 60815.94913436 26
TITA                 60816.42404540 60816.43197303 29
TITA                 60816.48978498 60816.49701361 18
TITA                 60816.86998217 60816.87691075 15
TITA                 60816.93483413 60816.94273908 35
TITA                 60817.41765843 60817.42535767 23
TITA                 60817.48321400 60817.49076341 22
TITA                 60817.86379284 60817.87028619 11
TITA                 60817.92827532 60817.93631018 46
TITA                 60818.41128845 60818.41868555 17
TITA                 60818.47664689 60818.48445603 29
TITA                 60818.85764644 60818.86361537 9
TITA                 60818.92174153 60818.92984985 63
TITA                 60819.40494115 60819.41195000 13
TITA                 60819.47008727 60819.47810040 38
TITA                 60819.85155541 60819.85688617 6
TITA                 60819.91518753 60819.92335672 86
TITA                 60819.98288691 60819.98748107 4
TITA                 60820.39862597 60820.40514150 10
TITA                 60820.46349067 60820.47169501 50
TITA                 60820.53068007 60820.53423078 2
TITA                 60820.84554282 60820.85007617 4
TITA                 60820.90870058 60820.91683759 70
TITA                 60820.97584602 60820.98134365 6
TITA                 60821.39235796 60821.39824432 7
TITA                 60821.45694343 60821.46524684 68
TITA                 60821.52374323 60821.52835986 4
TITA                 60821.83971748 60821.84313250 2
TITA                 60821.90223678 60821.91028982 51
TITA                 60821.96891274 60821.97509449 9
TITA                 60822.38616443 60822.39122956 5
TITA                 60822.45040214 60822.45875289 89
TITA                 60822.51691345 60822.52233810 6
TITA                 60822.89579608 60822.90371330 38
TITA                 60822.96205146 60822.96876854 12
TITA                 60823.38010810 60823.38403277 3
TITA                 60823.44386724 60823.45221279 67
TITA                 60823.51014057 60823.51621615 9
TITA                 60823.88937993 60823.89710736 29
TITA                 60823.95524400 60823.96238380 16
TITA                 60824.43733731 60824.44562559 49
NOAA-15              60803.29930464 60803.30911757 26
NOAA-15              60803.36845356 60803.37854490 36
NOAA-15              60803.43961673 60803.44388614 2
NOAA-15              60803.70520890 60803.70925064 2
NOAA-15              60803.77039491 60803.78044824 35
NOAA-15              60803.83977122 60803.84961749 27
NOAA-15              60804.28155853 60804.29030660 14
NOAA-15              60804.35022815 60804.36072244 64
NOAA-15              60804.42057370 60804.42744180 7
NOAA-15              60804.75282486 60804.76211890 21
NOAA-15              60804.82128820 60804.83168504 47
NOAA-15              60804.89441957 60804.89860017 2
NOAA-15              60805.26413128 60805.27103031 7
NOAA-15              60805.33209526 60805.34267225 74
NOAA-15              60805.40196839 60805.41041893 14
NOAA-15              60805.73553110 60805.74366200 12
NOAA-15              60805.80305783 60805.81362979 84
NOAA-15              60805.87442222 60805.88177738 8
NOAA-15              60806.31406261 60806.32438832 41
NOAA-15              60806.38354352 60806.39305730 24
NOAA-15              60806.71860459 60806.72499676 6
NOAA-15              60806.78505754 60806.79547489 56
NOAA-15              60806.85524025 60806.86426093 17
NOAA-15              60807.29616069 60807.30584215 23
NOAA-15              60807.36523605 60807.37542961 40
NOAA-15              60807.43621178 60807.44106135 3
NOAA-15              60807.76728609 60807.77722684 32
NOAA-15              60807.83650428 60807.84646668 29
NOAA-15              60808.27845240 60808.28696507 13
NOAA-15              60808.34702424 60808.35756590 70
NOAA-15              60808.41727567 60808.42447568 8
NOAA-15              60808.74975743 60808.75887640 19
NOAA-15              60808.81806463 60808.82850868 52
NOAA-15              60808.89079333 60808.89573188 3
NOAA-15              60809.26110736 60809.26757542 6
NOAA-15              60809.32890557 60809.33947482 67
NOAA-15              60809.39870788 60809.40738365 15
NOAA-15              60809.73251536 60809.74038974 11
NOAA-15              60809.79987204 60809.81043339 88
NOAA-15              60809.87101686 60809.87871147 9
NOAA-15              60810.31089007 60810.32114690 37
NOAA-15              60810.38030407 60810.38997088 26
NOAA-15              60810.71566894 60810.72166816 5
NOAA-15              60810.78190797 60810.79226052 50
NOAA-15              60810.85191721 60810.86113233 18
NOAA-15              60811.29301288 60811.30254881 21
NOAA-15              60811.36201190 60811.37229926 44
NOAA-15              60811.43282972 60811.43819143 4
NOAA-15              60811.76417413 60811.77399402 29
NOAA-15              60811.83323506 60811.84330298 32
NOAA-15              60812.27534678 60812.28360088 12
NOAA-15              60812.34381377 60812.35439450 77
NOAA-15              60812.41397708 60812.42148808 9
NOAA-15              60812.74668810 60812.75562145 17
NOAA-15              60812.81483760 60812.82532064 58
NOAA-15              60812.88722308 60812.89279334 4
NOAA-15              60813.25810080 60813.26408018 5
NOAA-15              60813.32570976 60813.33626208 61
NOAA-15              60813.39544265 60813.40433117 17
NOAA-15              60813.72950063 60813.73710278 10
NOAA-15              60813.79668234 60813.80722587 81
NOAA-15              60813.86761855 60813.87562363 11
NOAA-15              60814.30771238 60814.31788918 34
NOAA-15              60814.37705861 60814.38686878 28
NOAA-15              60814.71274429 60814.71831508 4
NOAA-15              60814.77875467 60814.78903511 46
NOAA-15              60814.84859427 60814.85798872 20
NOAA-15              60815.28986204 60815.29923676 19
NOAA-15              60815.35878133 60815.36915383 48
NOAA-15              60815.42946188 60815.43528479 5
NOAA-15              60815.76105889 60815.77074989 27
NOAA-15              60815.82996329 60815.84012682 35
NOAA-15              60816.27224338 60816.28021228 10
NOAA-15              60816.34059702 60816.35120797 84
NOAA-15              60816.41067713 60816.41847990 11
NOAA-15              60816.74361721 60816.75235435 16
NOAA-15              60816.81160701 60816.82212142 64
NOAA-15              60816.88368868 60816.88980479 5
NOAA-15              60817.25512031 60817.26053565 4
NOAA-15              60817.32250824 60817.33303368 55
NOAA-15              60817.39217270 60817.40126173 19
NOAA-15              60817.72648773 60817.73380044 9
NOAA-15              60817.79348899 60817.80400744 73
NOAA-15              60817.86422548 60817.87251608 12
NOAA-15              60818.30453009 60818.31461435 31
NOAA-15              60818.37380734 60818.38375086 31
NOAA-15              60818.70988816 60818.71493434 3
NOAA-15              60818.77559879 60818.78579894 41
NOAA-15              60818.84527069 60818.85483096 22
NOAA-15              60819.28670902 60819.29590508 18
NOAA-15              60819.35554483 60819.36599295 53
NOAA-15              60819.42610346 60819.43234663 6
NOAA-15              60819.75794113 60819.76749451 25
NOAA-15              60819.82668879 60819.83693853 39
NOAA-15              60820.26914420 60820.27679712 9
NOAA-15              60820.33737434 60820.34800593 87
NOAA-15              60820.40737527 60820.41545148 12
NOAA-15              60820.74054501 60820.74907472 15
NOAA-15              60820.80837284 60820.81891085 71
NOAA-18              60803.44002904 60803.44975962 20
NOAA-18              60803.50957846 60803.52029322 49
NOAA-18              60803.58076828 60803.58708233 6
NOAA-18              60803.84977436 60803.85393893 2
NOAA-18              60803.91536856 60803.92578073 33
NOAA-18              60803.98517348 60803.99565365 31
NOAA-18              60804.43128546 60804.44042110 15
NOAA-18              60804.50058938 60804.51145540 64
NOAA-18              60804.57149656 60804.57881915 8
NOAA-18              60804.90667883 60804.91673446 26
NOAA-18              60804.97603776 60804.98679393 41
NOAA-18              60805.42261151 60805.43097587 11
NOAA-18              60805.49162143 60805.50256267 83
NOAA-18              60805.56229821 60805.57044035 11
NOAA-18              60805.89805035 60805.90766242 20
NOAA-18              60805.96696493 60805.97790281 54
NOAA-18              60806.04020029 60806.04588448 4
NOAA-18              60806.41403924 60806.42139065 7
NOAA-18              60806.48267512 60806.49361478 75
NOAA-18              60806.55315008 60806.56197014 15
NOAA-18              60806.88948847 60806.89856054 16
NOAA-18              60806.95795082 60806.96898432 71
NOAA-18              60807.03035816 60807.03752452 7
NOAA-18              60807.40563481 60807.41159572 4
NOAA-18              60807.47375225 60807.48461048 57
NOAA-18              60807.54403966 60807.55342224 19
NOAA-18              60807.88100093 60807.88942264 12
NOAA-18              60807.94899278 60807.96004121 89
NOAA-18              60808.02074334 60808.02897606 10
NOAA-18              60808.46485334 60808.47554734 43
NOAA-18              60808.53495956 60808.54480519 24
NOAA-18              60808.87259946 60808.88023776 9
NOAA-18              60808.94008935 60808.95107524 69
NOAA-18              60809.01124324 60809.02031862 14
NOAA-18              60809.45598526 60809.46642144 33
NOAA-18              60809.52590526 60809.53612484 31
NOAA-18              60809.86430471 60809.87098680 6
NOAA-18              60809.93124015 60809.94208736 53
NOAA-18              60810.00188417 60810.01158363 19
NOAA-18              60810.44715223 60810.45722703 25
NOAA-18              60810.51687399 60810.52738497 40
NOAA-18              60810.58840141 60810.59362754 4
NOAA-18              60810.85621000 60810.86163113 4
NOAA-18              60810.92244683 60810.93307775 41
NOAA-18              60810.99261461 60811.00279270 25
NOAA-18              60811.43836226 60811.44795525 19
NOAA-18              60811.50786421 60811.51858834 52
NOAA-18              60811.57899774 60811.58549454 6
NOAA-18              60811.91370833 60811.92404581 32
NOAA-18              60811.98342145 60811.99395790 33
NOAA-18              60812.42962776 60812.43859274 14
NOAA-18              60812.49887537 60812.50973621 68
NOAA-18              60812.56973723 60812.57720409 9
NOAA-18              60812.90502827 60812.91499005 25
NOAA-18              60812.97429605 60812.98508736 43
NOAA-18              60813.42096858 60813.42911806 10
NOAA-18              60813.48990751 60813.50082915 87
NOAA-18              60813.56054496 60813.56880345 12
NOAA-18              60813.89641053 60813.90590775 19
NOAA-18              60813.96523260 60813.97618627 57
NOAA-18              60814.03828277 60814.04429831 4
NOAA-18              60814.41242111 60814.41949250 7
NOAA-18              60814.48096174 60814.49186672 71
NOAA-18              60814.55140023 60814.56031431 15
NOAA-18              60814.88786092 60814.89679440 15
NOAA-18              60814.95622728 60814.96725841 75
NOAA-18              60815.02849321 60815.03588663 8
NOAA-18              60815.40406662 60815.40963103 4
NOAA-18              60815.47203999 60815.48284742 54
NOAA-18              60815.54229167 60815.55174931 20
NOAA-18              60815.87938791 60815.88764289 11
NOAA-18              60815.94727769 60815.95830630 85
NOAA-18              60816.01887797 60816.02731035 11
NOAA-18              60816.46314268 60816.47376856 41
NOAA-18              60816.53321251 60816.54311636 25
NOAA-18              60816.87100453 60816.87844104 8
NOAA-18              60816.93838260 60816.94933154 65
NOAA-18              60817.00942955 60817.01862960 15
NOAA-18              60817.45427737 60817.46462587 31
NOAA-18              60817.52415860 60817.53442081 32
NOAA-18              60817.86273466 60817.86916657 6
NOAA-18              60817.92954179 60817.94033490 50
NOAA-18              60818.00008675 60818.00987801 20
NOAA-18              60818.44544859 60818.45541298 24
NOAA-18              60818.51512742 60818.52566664 42
NOAA-18              60818.58657871 60818.59204811 4
NOAA-18              60818.85468094 60818.85977205 3
NOAA-18              60818.92075713 60818.93131648 38
NOAA-18              60818.99083043 60819.00107346 27
NOAA-18              60819.43666516 60819.44612036 18
NOAA-18              60819.50611762 60819.51685559 55
NOAA-18              60819.57719555 60819.58387791 6
NOAA-18              60819.91202782 60819.92227537 30
NOAA-18              60819.98164854 60819.99222696 35
NOAA-18              60820.42794064 60820.43673321 13
NOAA-18              60820.49712876 60820.50798933 72
NOAA-18              60820.56794548 60820.57556127 9
NOAA-18              60820.90335773 60820.91320977 23
NOAA-18              60820.97253311 60820.98334564 46
NOAA-19              60803.37164690 60803.37894095 7
NOAA-19              60803.44026636 60803.45118682 75
NOAA-19              60803.51073861 60803.51955009 15
NOAA-19              60803.84721589 60803.85618769 16
NOAA-19              60803.91570084 60803.92660758 70
NOAA-19              60803.98817177 60803.99509629 6
NOAA-19              60804.36340098 60804.36931565 4
NOAA-19              60804.43150264 60804.44234815 57
NOAA-19              60804.50178922 60804.51116200 19
NOAA-19              60804.83888154 60804.84721230 12
NOAA-19              60804.90690174 60804.91782623 90
NOAA-19              60804.97870799 60804.98672114 10
NOAA-19              60805.42276219 60805.43345202 43
NOAA-19              60805.49286945 60805.50270644 24
NOAA-19              60805.83063066 60805.83819094 9
NOAA-19              60805.89815571 60805.90902228 70
NOAA-19              60805.96936290 60805.97823280 14
NOAA-19              60806.41405171 60806.42449465 33
NOAA-19              60806.48397486 60806.49418906 31
NOAA-19              60806.82248317 60806.82910511 6
NOAA-19              60806.88946229 60806.90019671 54
NOAA-19              60806.96015896 60806.96966452 18
NOAA-19              60807.40537517 60807.41547059 25
NOAA-19              60807.47510276 60807.48561353 40
NOAA-19              60807.54663552 60807.55183972 4
NOAA-19              60807.81453077 60807.81991775 4
NOAA-19              60807.88082303 60807.89134989 41
NOAA-19              60807.95104461 60807.96103921 24
NOAA-19              60808.39674015 60808.40637142 19
NOAA-19              60808.46625162 60808.47698253 52
NOAA-19              60808.53739252 60808.54386650 6
NOAA-19              60808.87223675 60808.88248112 32
NOAA-19              60808.94200619 60808.95236943 32
NOAA-19              60809.38815849 60809.39718457 15
NOAA-19              60809.45742087 60809.46829729 67
NOAA-19              60809.52829170 60809.53573767 9
NOAA-19              60809.86370682 60809.87358902 25
NOAA-19              60809.93303476 60809.94366339 41
NOAA-19              60810.37964798 60810.38789026 11
NOAA-19              60810.44861048 60810.45955842 87
NOAA-19              60810.51925844 60810.52750017 12
NOAA-19              60810.85523689 60810.86467134 20
NOAA-19              60810.92412432 60810.93492665 54
NOAA-19              60810.99734899 60811.00289837 4
NOAA-19              60811.37124224 60811.37845315 7
NOAA-19              60811.43982143 60811.45076553 73
NOAA-19              60811.51027230 60811.51917554 15
NOAA-19              60811.84683231 60811.85572380 15
NOAA-19              60811.91527087 60811.92616308 72
NOAA-19              60811.98767003 60811.99469555 7
NOAA-19              60812.36301199 60812.36879905 4
NOAA-19              60812.43105550 60812.44191731 55
NOAA-19              60812.50132197 60812.51077627 20
NOAA-19              60812.83850089 60812.84673987 12
NOAA-19              60812.90647185 60812.91737534 88
NOAA-19              60812.97821766 60812.98630348 10
NOAA-19              60813.42231317 60813.43301127 42
NOAA-19              60813.49240066 60813.50231021 25
NOAA-19              60813.83025458 60813.83770853 9
NOAA-19              60813.89772586 60813.90856513 68
NOAA-19              60813.96887907 60813.97780267 14
NOAA-19              60814.41360109 60814.42404350 32
NOAA-19              60814.48350418 60814.49378266 32
NOAA-19              60814.82211474 60814.82860988 6
NOAA-19              60814.88903251 60814.89973337 52
NOAA-19              60814.95967928 60814.96922432 19
NOAA-19              60815.40492368 60815.41500833 25
NOAA-19              60815.47462999 60815.48519753 41
NOAA-19              60815.54610930 60815.55150572 4
NOAA-19              60815.81417694 60815.81940313 4
NOAA-19              60815.88039344 60815.89088018 40
NOAA-19              60815.95056763 60815.96059031 25
NOAA-19              60816.39628869 60816.40589704 19
NOAA-19              60816.46577665 60816.47655669 53
NOAA-19              60816.53687971 60816.54350643 6
NOAA-19              60816.87180760 60816.88200519 31
NOAA-19              60816.94153095 60816.95191274 32
NOAA-19              60817.38770820 60817.39669655 14
NOAA-19              60817.45694370 60817.46786181 69
NOAA-19              60817.52778463 60817.53535943 9
NOAA-19              60817.86327846 60817.87310674 24
NOAA-19              60817.93256064 60817.94319951 42
NOAA-19              60818.37920150 60818.38738612 10
NOAA-19              60818.44813123 60818.45911324 88
NOAA-19              60818.51875381 60818.52710717 12
NOAA-19              60818.85480979 60818.86418229 19
NOAA-19              60818.92365090 60818.93445602 56
NOAA-19              60818.99677668 60819.00249649 4
NOAA-19              60819.37080359 60819.37792840 7
NOAA-19              60819.43934015 60819.45031052 71
NOAA-19              60819.50976834 60819.51876957 16
NOAA-19              60819.84640720 60819.85522746 15
NOAA-19              60819.91479788 60819.92568603 74
NOAA-19              60819.98712162 60819.99426475 7
NOAA-19              60820.36259148 60820.36824284 4
NOAA-19              60820.43057247 60820.44145220 54
NOAA-19              60820.50081762 60820.51035852 20
NOAA-19              60820.83807883 60820.84623541 11
NOAA-19              60820.90599914 60820.91689207 86
METOA                60803.03876165 60803.04654176 12
METOA                60803.46582823 60803.47452205 17
METOA                60803.53247245 60803.54243427 52
METOA                60803.60081911 60803.60681865 6
METOA                60803.92259278 60803.93070601 14
METOA                60803.98843701 60803.99831443 65
METOA                60804.05812205 60804.06389790 5
METOA                60804.48365981 60804.49319901 30
METOA                60804.55074826 60804.56019247 29
METOA                60804.94001474 60804.94913508 25
METOA                60805.00674942 60805.01634032 35
METOA                60805.43638669 60805.44144771 3
METOA                60805.50164874 60805.51158564 54
METOA                60805.56913140 60805.57769949 17
METOA                60805.89370563 60805.89889208 4
METOA                60805.95769336 60805.96743932 43
METOA                60806.02532890 60806.03421832 20
METOA                60806.45354140 60806.46102921 10
METOA                60806.51974864 60806.52972685 76
METOA                60806.58766557 60806.59490279 9
METOA                60806.91045355 60806.91771704 9
METOA                60806.97560127 60806.98563978 77
METOA                60807.04429084 60807.05186663 10
METOA                60807.47118059 60807.47997230 19
METOA                60807.53794573 60807.54763789 43
METOA                60807.60652502 60807.61165059 4
METOA                60807.92764687 60807.93624599 17
METOA                60807.99373233 60808.00373721 56
METOA                60808.06382302 60808.06904720 4
METOA                60808.48904484 60808.49855114 34
METOA                60808.55624045 60808.56531350 25
METOA                60808.94513766 60808.95461756 29
METOA                60809.01210083 60809.02171553 31
METOA                60809.44151405 60809.44713196 5
METOA                60809.50705400 60809.51685435 62
METOA                60809.57465376 60809.58272535 14
METOA                60809.89852015 60809.90455796 6
METOA                60809.96287166 60809.97287550 51
METOA                60810.03074993 60810.03953386 17
METOA                60810.45881080 60810.46649810 11
METOA                60810.52516932 60810.53491766 65
METOA                60810.59328650 60810.59979836 7
METOA                60810.91542133 60810.92324399 12
METOA                60810.98083037 60810.99103309 83
METOA                60811.04981566 60811.05709055 9
METOA                60811.47650125 60811.48532250 21
METOA                60811.54338208 60811.55275029 36
METOA                60811.61229462 60811.61629190 2
METOA                60811.93269861 60811.94170136 20
METOA                60811.99901326 60812.00908638 48
METOA                60812.06959122 60812.07404520 3
METOA                60812.49439227 60812.50381053 39
METOA                60812.56169839 60812.57034061 21
METOA                60812.88700109 60812.89107899 2
METOA                60812.95025105 60812.96002120 34
METOA                60813.01744059 60813.02701406 27
METOA                60813.44665256 60813.45266792 6
METOA                60813.51241826 60813.52203396 71
METOA                60813.58014908 60813.58764964 12
METOA                60813.90337974 60813.91009053 7
METOA                60813.96803744 60813.97823483 61
METOA                60814.03616628 60814.04476588 15
METOA                60814.46405089 60814.47186169 13
METOA                60814.53054789 60814.54002076 55
METOA                60814.59886650 60814.60456952 5
METOA                60814.92039575 60814.92867513 14
METOA                60814.98604623 60814.99634961 75
METOA                60815.05535485 60815.06221261 7
METOA                60815.48178203 60815.49057983 24
METOA                60815.54881747 60815.55777200 30
METOA                60815.93774516 60815.94707130 24
METOA                60816.00428193 60816.01435705 41
METOA                60816.49969493 60816.50898273 45
METOA                60816.56711850 60816.57527544 17
METOA                60816.89162227 60816.89668793 4
METOA                60816.95535317 60816.96534356 40
METOA                60817.02277185 60817.03223009 23
METOA                60817.45177601 60817.45808155 7
METOA                60817.51773568 60817.52712917 75
METOA                60817.58565637 60817.59246735 9
METOA                60817.90826252 60817.91550840 9
METOA                60817.97319068 60817.98351409 72
METOA                60818.04161632 60818.04990392 13
METOA                60818.46925135 60818.47713035 15
METOA                60818.53587914 60818.54504021 46
METOA                60818.60446396 60818.60919235 4
METOA                60818.92537072 60818.93401307 16
METOA                60818.99124938 60819.00158547 65
METOA                60819.06092250 60819.06721557 6
METOA                60819.48701533 60819.49575140 27
METOA                60819.55416620 60819.56271057 25
METOA                60819.94278396 60819.95235524 27
METOA                60820.00953976 60820.01954477 36
METOA                60820.50494877 60820.51407363 52
METOA                60820.57253727 60820.58011708 14
METOA                60820.89637309 60820.90212948 5
METOA                60820.96044446 60820.97058248 47
METOA                60821.02809718 60821.03735809 20
METOA                60821.45686743 60821.46339090 8
METOB                60803.39308285 60803.40352763 39
METOB                60803.46277709 60803.47255682 26
METOB                60803.79911428 60803.80572359 6
METOB                60803.86583075 60803.87643398 56
METOB                60803.93626367 60803.94548966 17
METOB                60804.37886670 60804.38880175 25
METOB                60804.44824543 60804.45855576 38
METOB                60804.51952408 60804.52432193 3
METOB                60804.78614756 60804.79060986 3
METOB                60804.85170072 60804.86195471 36
METOB                60804.92136499 60804.93137106 27
METOB                60805.36476307 60805.37387747 16
METOB                60805.43377281 60805.44440683 59
METOB                60805.50442938 60805.51123780 7
METOB                60805.83771808 60805.84741545 24
METOB                60805.90665932 60805.91714393 41
METOB                60806.35083261 60806.35868908 9
METOB                60806.41935659 60806.43011577 87
METOB                60806.48962319 60806.49778662 12
METOB                60806.82389889 60806.83280529 16
METOB                60806.89211673 60806.90283611 66
METOB                60806.96438591 60806.97084746 6
METOB                60807.33723263 60807.34307001 4
METOB                60807.40500019 60807.41568161 58
METOB                60807.47494726 60807.48410292 18
METOB                60807.81027261 60807.81810024 10
METOB                60807.87772203 60807.88846226 81
METOB                60807.94891764 60807.95713064 11
METOB                60808.39071013 60808.40109606 37
METOB                60808.46035725 60808.47023585 27
METOB                60808.79690125 60808.80324284 6
METOB                60808.86346917 60808.87402977 52
METOB                60808.93377819 60808.94314609 18
METOB                60809.37650745 60809.38634072 24
METOB                60809.44583369 60809.45620989 41
METOB                60809.51699561 60809.52216753 4
METOB                60809.78403253 60809.78804591 2
METOB                60809.84935995 60809.85954018 34
METOB                60809.91891065 60809.92900677 29
METOB                60810.36242397 60810.37137966 15
METOB                60810.43136836 60810.44203739 64
METOB                60810.50195602 60810.50900803 8
METOB                60810.83539993 60810.84498941 23
METOB                60810.90423015 60810.91476453 44
METOB                60811.34852831 60811.35613888 9
METOB                60811.41695964 60811.42772301 83
METOB                60811.48717351 60811.49551421 13
METOB                60811.82160677 60811.83036519 15
METOB                60811.88970965 60811.90044422 70
METOB                60811.96178831 60811.96858023 6
METOB                60812.33501119 60812.34041711 4
METOB                60812.40261173 60812.41326476 54
METOB                60812.47251153 60812.48179835 19
METOB                60812.80801312 60812.81564011 10
METOB                60812.87533562 60812.88605957 76
METOB                60812.94635710 60812.95480878 12
METOB                60813.38833197 60813.39865303 34
METOB                60813.45793133 60813.46790407 29
METOB                60813.79469056 60813.80074752 5
METOB                60813.86110317 60813.87161694 49
METOB                60813.93129011 60813.94079192 20
METOB                60814.37414359 60814.38386733 22
METOB                60814.44341575 60814.45385336 44
METOB                60814.51447288 60814.51999041 4
METOB                60814.84701505 60814.85711682 32
METOB                60814.91645261 60814.92663291 31
METOB                60815.36008187 60815.36886786 14
METOB                60815.42895774 60815.43965732 68
METOB                60815.49947983 60815.50676396 8
METOB                60815.83307812 60815.84255433 21
METOB                60815.90179676 60815.91237589 48
METOB                60815.97513314 60815.97961796 2
METOB                60816.34622504 60816.35357031 8
METOB                60816.41455664 60816.42531950 78
METOB                60816.48471896 60816.49322966 14
METOB                60816.81931179 60816.82791538 14
METOB                60816.88729813 60816.89804359 75
METOB                60816.95919638 60816.96629421 7
METOB                60817.33281695 60817.33772683 3
METOB                60817.40021759 60817.41083683 50
METOB                60817.47007014 60817.47948252 21
METOB                60817.80575249 60817.81316890 9
METOB                60817.87294469 60817.88364827 71
METOB                60817.94382731 60817.95247211 13
METOB                60818.38594857 60818.39619828 32
METOB                60818.45549943 60818.46556141 31
METOB                60818.79248339 60818.79823644 5
METOB                60818.85873280 60818.86919528 46
METOB                60818.92879921 60818.93842739 21
METOB                60819.37177541 60819.38138125 21
METOB                60819.44099171 60819.45148609 47
METOB                60819.51195336 60819.51779273 5
METOB                60819.84466609 60819.85468473 30
METOB                60819.91399080 60819.92424954 33
METOB                60820.35773729 60820.36634130 13
METOB                60820.42654109 60820.43726653 73
METOB                60820.49700054 60820.50450596 9
METOB                60820.83075277 60820.84011018 20
METOB                60820.89935913 60820.90997834 51
