iss                  60832.61996701 60832.62580418 36
iss                  60832.68623738 60832.69135494 6
iss                  60833.24394277 60833.25131958 38
iss                  60833.31141491 60833.31820305 16
iss                  60833.51749518 60833.52221523 5
iss                  60833.58385286 60833.59122879 35
iss                  60833.65123037 60833.65771570 14
iss                  60834.20983662 60834.21664497 19
iss                  60834.27658821 60834.28387368 27
iss                  60834.34581841 60834.35013764 4
iss                  60834.48336006 60834.48677102 2
iss                  60834.54949856 60834.55645533 19
iss                  60834.61648378 60834.62369206 29
iss                  60835.17601850 60835.18172216 9
iss                  60835.24191627 60835.24946175 54
iss                  60835.31049213 60835.31593191 7
iss                  60835.51517842 60835.52148574 12
iss                  60835.58187710 60835.58940101 64
iss                  60835.65058207 60835.65399639 2
iss                  60836.14268711 60836.14626400 3
iss                  60836.20740763 60836.21495008 67
iss                  60836.27532774 60836.28164679 11
iss                  60836.48086675 60836.48631640 7
iss                  60836.54735819 60836.55488643 57
iss                  60836.61510268 60836.62077249 8
iss                  60837.17308073 60837.18030977 30
iss                  60837.24031835 60837.24728971 19
iss                  60837.30999806 60837.31339516 2
iss                  60837.44661184 60837.45094249 4
iss                  60837.51289696 60837.52016644 28
iss                  60837.58012332 60837.58690833 18
iss                  60838.13898089 60838.14548685 15
iss                  60838.20546344 60838.21285634 34
iss                  60838.27446817 60838.27918414 4
iss                  60838.47847742 60838.48524800 16
iss                  60838.54535275 60838.55271122 37
iss                  60839.10522749 60839.11035840 6
iss                  60839.17076655 60839.17833523 71
iss                  60839.23911674 60839.24487246 8
iss                  60839.44407010 60839.45013041 10
iss                  60839.51070194 60839.51826417 84
iss                  60839.57898024 60839.58339294 4
iss                  60840.13623946 60840.14370549 50
iss                  60840.20392524 60840.21048551 13
iss                  60840.40971210 60840.41481228 6
iss                  60840.47612714 60840.48359977 44
iss                  60840.54366035 60840.54979933 11
iss                  60841.10190725 60841.10893159 23
iss                  60841.16888960 60841.17602574 23
iss                  60841.23832499 60841.24220813 3
iss                  60841.37539969 60841.37928062 3
iss                  60841.44160449 60841.44873187 23
iss                  60841.50868987 60841.51572870 23
iss                  60842.06783241 60842.07394328 11
iss                  60842.13401055 60842.14148594 43
iss                  60842.20278014 60842.20787978 6
iss                  60842.40712007 60842.41366450 14
iss                  60842.47388953 60842.48136145 49
iss                  60843.03412628 60843.03855196 4
iss                  60843.09929433 60843.10685175 85
iss                  60843.16740552 60843.17346392 10
iss                  60843.37264613 60843.37839559 8
iss                  60843.43919187 60843.44675737 73
iss                  60843.50714195 60843.51231910 6
iss                  60844.06475563 60844.07209774 37
iss                  60844.13219018 60844.13897442 16
iss                  60844.33822552 60844.34292223 5
iss                  60844.40456076 60844.41194065 34
iss                  60844.47190531 60844.47844033 15
iss                  60845.03043051 60845.03717887 18
iss                  60845.09713200 60845.10440995 28
iss                  60845.16631802 60845.17066512 4
iss                  60845.30386562 60845.30722145 2
iss                  60845.36997650 60845.37692123 19
iss                  60845.43692988 60845.44417516 30
iss                  60845.99640849 60846.00199887 8
iss                  60846.06223322 60846.06976086 57
iss                  60846.13075677 60846.13622556 7
iss                  60846.33542781 60846.34170112 11
iss                  60846.40209492 60846.40963990 67
iss                  60846.47069168 60846.47433460 3
iss                  60846.96293068 60846.96622469 2
iss                  60847.02750317 60847.03500875 63
iss                  60847.09536162 60847.10170584 12
iss                  60847.30088904 60847.30627623 7
iss                  60847.36734831 60847.37487745 54
iss                  60847.43502828 60847.44081998 9
iss                  60847.99296224 60848.00012242 28
iss                  60848.06012582 60848.06711283 20
iss                  60848.12973626 60848.13321696 2
iss                  60848.26641077 60848.27064046 3
iss                  60848.33266005 60848.33990583 27
iss                  60848.39983425 60848.40669787 19
iss                  60848.95866104 60848.96504248 14
iss                  60849.02504909 60849.03244140 35
iss                  60849.09397782 60849.09876909 5
iss                  60849.29801423 60849.30473107 16
iss                  60849.36484334 60849.37224630 40
iss                  60849.92473902 60849.92962719 6
AO-07                60832.67870266 60832.69287067 28
AO-07                60833.10594529 60833.11944171 22
AO-07                60833.18359912 60833.19880270 63
AO-07                60833.26330454 60833.27339653 9
AO-07                60833.55983764 60833.57274093 20
AO-07                60833.63624692 60833.65171276 75
AO-07                60833.71767599 60833.72808942 9
AO-07                60834.06687866 60834.07412575 4
AO-07                60834.14201145 60834.15721077 54
AO-07                60834.22065939 60834.23443697 28
AO-07                60834.52168751 60834.52972508 5
AO-07                60834.59507070 60834.60995029 46
AO-07                60834.67357895 60834.68803127 32
AO-07                60835.10116017 60835.11424280 19
AO-07                60835.17863413 60835.19393140 70
AO-07                60835.25818539 60835.26889198 11
AO-07                60835.55519652 60835.56768881 18
AO-07                60835.63129868 60835.64678073 83
AO-07                60835.71227630 60835.72346355 11
AO-07                60836.13711513 60836.15218979 48
AO-07                60836.21564244 60836.22970489 31
AO-07                60836.51739069 60836.52447016 4
AO-07                60836.59027130 60836.60495858 41
AO-07                60836.66848616 60836.68317650 36
AO-07                60837.09640677 60837.10900945 17
AO-07                60837.17367627 60837.18904253 77
AO-07                60837.25308554 60837.26435129 13
AO-07                60837.55058263 60837.56262516 16
AO-07                60837.62636846 60837.64184074 89
AO-07                60837.70693670 60837.71878818 13
AO-07                60838.13222762 60838.14714892 43
AO-07                60838.21063331 60838.22495202 35
AO-07                60838.29166957 60838.29700889 2
AO-07                60838.51319268 60838.51913551 3
AO-07                60838.58549141 60838.59995993 37
AO-07                60838.66341629 60838.67830814 41
AO-07                60839.09167711 60839.10373678 14
AO-07                60839.16872564 60839.18413617 85
AO-07                60839.24800234 60839.25977797 15
AO-07                60839.54599767 60839.55754841 14
AO-07                60839.62145611 60839.63689314 81
AO-07                60839.70164668 60839.71407325 16
AO-07                60840.12735384 60840.14208710 38
AO-07                60840.20563168 60840.22017911 39
AO-07                60840.28627816 60840.29286831 3
AO-07                60840.58072534 60840.59495393 33
AO-07                60840.65836806 60840.67342729 46
AO-07                60841.08698322 60841.09841829 12
AO-07                60841.16378291 60841.17921234 86
AO-07                60841.24293320 60841.25517489 17
AO-07                60841.54144429 60841.55245646 12
AO-07                60841.61656159 60841.63193823 73
AO-07                60841.69639882 60841.70932597 18
AO-07                60842.12249311 60842.13700337 34
AO-07                60842.20063730 60842.21538678 44
AO-07                60842.28098987 60842.28860806 5
AO-07                60842.57599247 60842.58994037 29
AO-07                60842.65334047 60842.66853511 52
AO-07                60842.73678499 60842.74337829 3
AO-07                60843.08233496 60843.09304490 10
AO-07                60843.15884787 60843.17427092 78
AO-07                60843.23787636 60843.25054428 19
AO-07                60843.53692539 60843.54734661 10
AO-07                60843.61168494 60843.62697621 66
AO-07                60843.69118766 60843.70455165 21
AO-07                60844.11764710 60844.13189620 30
AO-07                60844.19565003 60844.21057565 49
AO-07                60844.27576483 60844.28426702 6
AO-07                60844.57127503 60844.58491886 26
AO-07                60844.64833268 60844.66363252 58
AO-07                60844.73100828 60844.73909003 5
AO-07                60845.07774403 60845.08760343 8
AO-07                60845.15392119 60845.16931173 70
AO-07                60845.23283048 60845.24588792 22
AO-07                60845.53244574 60845.54221486 9
AO-07                60845.60682628 60845.62200725 59
AO-07                60845.68600909 60845.69975394 24
AO-07                60846.11281768 60846.12676386 26
AO-07                60846.19066977 60846.20574599 55
AO-07                60846.27058350 60846.27986481 8
AO-07                60846.56657363 60846.57988868 23
AO-07                60846.64334403 60846.65872029 65
AO-07                60846.72540235 60846.73464558 7
AO-07                60847.07323108 60847.08207248 6
AO-07                60847.14900336 60847.16433447 63
AO-07                60847.22779452 60847.24120742 24
AO-07                60847.52807106 60847.53705832 7
AO-07                60847.60198886 60847.61703144 53
AO-07                60847.68085988 60847.69493624 28
AO-07                60848.10800667 60848.12160419 23
AO-07                60848.18569652 60848.20089829 61
AO-07                60848.26543461 60848.27541284 9
AO-07                60848.56190237 60848.57484952 21
AO-07                60848.63837401 60848.65379908 73
AO-07                60848.71990715 60848.73010276 9
AO-07                60849.06883259 60849.07641474 4
AO-07                60849.14409506 60849.15933871 56
AO-07                60849.22276767 60849.23650374 27
AO-07                60849.52369183 60849.53186385 6
LO-19                60832.66585192 60832.67590124 36
LO-19                60833.10957939 60833.11734216 10
LO-19                60833.17741241 60833.18773406 66
LO-19                60833.24800226 60833.25359095 5
LO-19                60833.57593045 60833.58330448 9
LO-19                60833.64277698 60833.65323464 81
LO-19                60833.71424634 60833.72030527 5
LO-19                60834.15461173 60834.16490084 55
LO-19                60834.22415077 60834.23243919 14
LO-19                60834.62014039 60834.63032645 45
LO-19                60834.68980458 60834.69863068 16
LO-19                60835.13207661 60835.14161706 24
LO-19                60835.20084041 60835.21052464 29
LO-19                60835.59794556 60835.60717905 21
LO-19                60835.66623087 60835.67629308 35
LO-19                60836.10997236 60836.11772524 10
LO-19                60836.17780524 60836.18811703 65
LO-19                60836.24839909 60836.25396968 4
LO-19                60836.57631772 60836.58369572 9
LO-19                60836.64316504 60836.65362513 81
LO-19                60836.71463553 60836.72069506 5
LO-19                60837.15500293 60837.16528267 55
LO-19                60837.22454342 60837.23281946 14
LO-19                60837.62052727 60837.63071557 45
LO-19                60837.69019212 60837.69901935 16
LO-19                60838.13246638 60838.14199774 24
LO-19                60838.20123073 60838.21090456 29
LO-19                60838.59833130 60838.60756676 21
LO-19                60838.66661706 60838.67668043 35
LO-19                60839.11036111 60839.11810424 10
LO-19                60839.17819371 60839.18849613 65
LO-19                60839.24879131 60839.25434487 4
LO-19                60839.57670233 60839.58408202 9
LO-19                60839.64355001 60839.65401108 81
LO-19                60839.71502166 60839.72108024 5
LO-19                60840.15538978 60840.16566082 55
LO-19                60840.22493159 60840.23319605 14
LO-19                60840.62091112 60840.63110006 45
LO-19                60840.69057651 60840.69940348 16
LO-19                60841.13285180 60841.14237453 24
LO-19                60841.20161661 60841.21128076 29
LO-19                60841.59871412 60841.60794972 21
LO-19                60841.66700010 60841.67706322 35
LO-19                60842.11074552 60842.11847931 10
LO-19                60842.17857775 60842.18887150 65
LO-19                60842.24917877 60842.25471669 4
LO-19                60842.57708424 60842.58446334 9
LO-19                60842.64393187 60842.65439242 81
LO-19                60842.71540470 60842.72146073 5
LO-19                60843.15577219 60843.16603513 55
LO-19                60843.22531517 60843.23356909 14
LO-19                60843.62129192 60843.63147987 45
LO-19                60843.69095771 60843.69978303 16
LO-19                60844.13323278 60844.14274755 24
LO-19                60844.20199795 60844.21165336 29
LO-19                60844.59909397 60844.60832790 21
LO-19                60844.66737997 60844.67744142 35
LO-19                60845.11112549 60845.11885059 10
LO-19                60845.17895727 60845.18924325 65
LO-19                60845.24956131 60845.25508534 4
LO-19                60845.57746340 60845.58483965 9
LO-19                60845.64431058 60845.65476913 81
LO-19                60845.71578461 60845.72183651 5
LO-19                60846.15615009 60846.16640580 55
LO-19                60846.22569407 60846.23393873 13
LO-19                60846.62166960 60846.63185498 45
LO-19                60846.69133568 60846.70015796 16
LO-19                60847.13360925 60847.14311693 24
LO-19                60847.20237468 60847.21202249 29
LO-19                60847.59947080 60847.60870128 21
LO-19                60847.66775660 60847.67781499 35
LO-19                60848.11150094 60848.11921824 10
LO-19                60848.17933219 60848.18961149 65
LO-19                60848.24993879 60848.25545099 4
LO-19                60848.57783972 60848.58521095 9
LO-19                60848.64468607 60848.65514118 81
LO-19                60848.71616131 60848.72220756 5
LO-19                60849.15652342 60849.16677295 55
LO-19                60849.22606819 60849.23430508 13
LO-19                60849.62204411 60849.63222539 45
LO-19                60849.69171035 60849.70052827 16
LO-19                60850.13398115 60850.14348279 24
LO-19                60850.20274672 60850.21238826 29
LO-19                60850.59984452 60850.60906988 21
LO-19                60850.66812992 60850.67818394 35
LO-19                60851.11187180 60851.11958237 10
LO-19                60851.17970249 60851.18997634 65
LO-19                60851.25031110 60851.25581380 4
LO-19                60851.57821310 60851.58557728 9
LO-19                60851.64505827 60851.65550859 81
LO-19                60851.71653470 60851.72257392 5
LO-19                60852.15689214 60852.16713669 55
LO-19                60852.22643749 60852.23466827 13
LO-19                60852.62241536 60852.63259110 45
LO-19                60852.69208162 60852.70089397 16
LO-19                60853.13434846 60853.14384523 24
LO-19                60853.20311404 60853.21275077 29
LO-19                60853.60021504 60853.60943371 21
LO-19                60853.66849985 60853.67854827 35
FO-29                60832.81903338 60832.83289106 38
FO-29                60832.89197054 60832.90558715 38
FO-29                60832.96762441 60832.97299410 2
FO-29                60833.24412040 60833.24916713 3
FO-29                60833.31326265 60833.32420860 53
FO-29                60833.38750621 60833.39630762 13
FO-29                60833.78177225 60833.79287287 13
FO-29                60833.85342231 60833.86791771 87
FO-29                60833.92726870 60833.93859999 16
FO-29                60834.27599048 60834.28536316 17
FO-29                60834.34786629 60834.35881502 47
FO-29                60834.81538423 60834.82916883 35
FO-29                60834.88823473 60834.90203867 41
FO-29                60834.96357882 60834.96988609 3
FO-29                60835.24067296 60835.24531012 2
FO-29                60835.30951863 60835.32053326 48
FO-29                60835.38354067 60835.39276958 15
FO-29                60835.77822905 60835.78900436 12
FO-29                60835.84973229 60835.86427514 82
FO-29                60835.92348207 60835.93515953 17
FO-29                60836.27234207 60836.28164756 15
FO-29                60836.34403733 60836.35518594 53
FO-29                60836.81174848 60836.82543060 33
FO-29                60836.88451123 60836.89847450 44
FO-29                60836.95961040 60836.96669783 4
FO-29                60837.30577822 60837.31686294 44
FO-29                60837.37958917 60837.38922569 17
FO-29                60837.77471037 60837.78510839 10
FO-29                60837.84605397 60837.86061778 77
FO-29                60837.91971196 60837.93169830 19
FO-29                60838.26869936 60838.27793637 14
FO-29                60838.34021350 60838.35155994 58
FO-29                60838.41725564 60838.42158987 2
FO-29                60838.80812651 60838.82167562 30
FO-29                60838.88079978 60838.89489451 48
FO-29                60838.95569614 60838.96345104 5
FO-29                60839.30204242 60839.31319729 41
FO-29                60839.37565072 60839.38567739 20
FO-29                60839.77121910 60839.78118154 9
FO-29                60839.84238731 60839.85694537 72
FO-29                60839.91595734 60839.92821683 21
FO-29                60840.26506353 60840.27422943 13
FO-29                60840.33639533 60840.34793684 63
FO-29                60840.41290424 60840.41841533 3
FO-29                60840.80451871 60840.81790312 28
FO-29                60840.87710009 60840.89129847 51
FO-29                60840.95182328 60840.96015754 6
FO-29                60841.29831160 60841.30953589 38
FO-29                60841.37172472 60841.38212546 22
FO-29                60841.76775922 60841.77721934 8
FO-29                60841.83873224 60841.85325757 67
FO-29                60841.91221732 60841.92471557 22
FO-29                60842.26143573 60842.27052577 12
FO-29                60842.33258340 60842.34431636 68
FO-29                60842.40866827 60842.41513529 5
FO-29                60842.80092542 60842.81411233 26
FO-29                60842.87341184 60842.88768656 55
FO-29                60842.94798379 60842.95682471 7
FO-29                60843.29458700 60843.30587821 35
FO-29                60843.36781076 60843.37857036 25
FO-29                60843.76433539 60843.77321624 7
FO-29                60843.83508867 60843.84955422 62
FO-29                60843.90849104 60843.92119492 24
FO-29                60844.25781700 60844.26682448 12
FO-29                60844.32877829 60844.34069814 72
FO-29                60844.40450396 60844.41179332 6
FO-29                60844.79734701 60844.81030222 24
FO-29                60844.86973467 60844.88405853 59
FO-29                60844.94417219 60844.95345735 8
FO-29                60845.29086938 60845.30222366 33
FO-29                60845.36390862 60845.37501271 28
FO-29                60845.76095596 60845.76916363 6
FO-29                60845.83145654 60845.84583475 58
FO-29                60845.90477770 60845.91765517 26
FO-29                60846.25420884 60846.26312461 11
FO-29                60846.32498063 60846.33708175 74
FO-29                60846.40036733 60846.40841227 8
FO-29                60846.79378419 60846.80647231 22
FO-29                60846.86606819 60846.88041438 63
FO-29                60846.94038445 60846.95005899 9
FO-29                60847.28715969 60847.29857155 31
FO-29                60847.36001819 60847.37145240 31
FO-29                60847.75763230 60847.76504899 4
FO-29                60847.82783540 60847.84209924 53
FO-29                60847.90107649 60847.91409706 27
FO-29                60848.25061286 60848.25942501 10
FO-29                60848.32119104 60848.33346666 73
FO-29                60848.39629304 60848.40499794 10
FO-29                60848.79023714 60848.80262123 20
FO-29                60848.86241189 60848.87675439 67
FO-29                60848.93661745 60848.94663205 10
FO-29                60849.28345880 60849.29492114 29
FO-29                60849.35613926 60849.36788953 34
FO-29                60849.75438513 60849.76085051 3
FO-29                60849.82422535 60849.83834732 49
FO-29                60849.89738663 60849.91052054 29
FO-29                60850.24702331 60850.25572437 9
FO-29                60850.31741018 60850.32985230 70
FO-29                60850.39225203 60850.40156027 11
SO-50                60832.78596451 60832.79423228 20
SO-50                60832.85496492 60832.86383648 28
SO-50                60833.14382660 60833.14897800 4
SO-50                60833.21177111 60833.22140085 46
SO-50                60833.28172545 60833.28978198 14
SO-50                60833.79848134 60833.80762742 51
SO-50                60833.86879579 60833.87656484 13
SO-50                60834.15609032 60834.16373023 11
SO-50                60834.22480621 60834.23456348 74
SO-50                60834.29607237 60834.30113381 4
SO-50                60834.74374917 60834.75035857 9
SO-50                60834.81146867 60834.82074461 61
SO-50                60834.88324931 60834.88896593 5
SO-50                60835.16873635 60835.17775602 23
SO-50                60835.23806575 60835.24728489 30
SO-50                60835.75569830 60835.76414853 23
SO-50                60835.82488590 60835.83365021 25
SO-50                60836.11351480 60836.11912502 5
SO-50                60836.18159810 60836.19128374 52
SO-50                60836.25167741 60836.25945742 12
SO-50                60836.76827925 60836.77748793 59
SO-50                60836.83878098 60836.84633578 12
SO-50                60837.12584969 60837.13373567 12
SO-50                60837.19465261 60837.20437736 65
SO-50                60837.26623234 60837.27056106 3
SO-50                60837.71336551 60837.72033414 10
SO-50                60837.78131820 60837.79056468 53
SO-50                60837.85334184 60837.85865599 4
SO-50                60838.13852215 60838.14767482 26
SO-50                60838.20794191 60838.21702317 27
SO-50                60838.72541762 60838.73402902 26
SO-50                60838.79478835 60838.80343332 23
SO-50                60839.08319621 60839.08921581 5
SO-50                60839.15140192 60839.16113083 59
SO-50                60839.22161535 60839.22908945 11
SO-50                60839.67200396 60839.67569080 2
SO-50                60839.73805979 60839.74731632 68
SO-50                60839.80875006 60839.81607387 10
SO-50                60840.09558884 60840.10370038 14
SO-50                60840.16447633 60840.17415574 57
SO-50                60840.68297755 60840.69026400 12
SO-50                60840.75114876 60840.76035393 47
SO-50                60840.82343157 60840.82829984 3
SO-50                60841.10828513 60841.11755657 29
SO-50                60841.17779769 60841.18672431 24
SO-50                60841.69512151 60841.70387459 30
SO-50                60841.76467229 60841.77318551 21
SO-50                60842.05286642 60842.05925532 6
SO-50                60842.12118229 60842.13094237 66
SO-50                60842.19154116 60842.19867597 9
SO-50                60842.64133722 60842.64582790 3
SO-50                60842.70782113 60842.71711294 77
SO-50                60842.77870352 60842.78577875 9
SO-50                60843.06530703 60843.07362521 15
SO-50                60843.13427759 60843.14389866 50
SO-50                60843.65258231 60843.66015117 14
SO-50                60843.72096017 60843.73011249 41
SO-50                60843.79352422 60843.79789105 3
SO-50                60844.07802510 60844.08740171 32
SO-50                60844.14763354 60844.15638777 21
SO-50                60844.66480919 60844.67368623 34
SO-50                60844.73453778 60844.74290678 19
SO-50                60845.02252246 60845.02924688 7
SO-50                60845.09093957 60845.10071858 75
SO-50                60845.16145731 60845.16821461 8
SO-50                60845.61073038 60845.61586231 4
SO-50                60845.67756385 60845.68687808 85
SO-50                60845.74864208 60845.75544978 8
SO-50                60846.03500369 60846.04351097 17
SO-50                60846.10405649 60846.11360615 44
SO-50                60846.62217736 60846.62999771 15
SO-50                60846.69075233 60846.69984046 37
SO-50                60847.04774197 60847.05721064 36
SO-50                60847.11744999 60847.12601346 19
SO-50                60847.63447995 60847.64346422 38
SO-50                60847.70438491 60847.71259704 17
SO-50                60847.99216217 60847.99919296 8
SO-50                60848.06067357 60848.07045966 84
SO-50                60848.13142563 60848.13770056 7
SO-50                60848.58015223 60848.58582068 6
SO-50                60848.64728752 60848.65661201 81
SO-50                60848.71856626 60848.72508608 7
SO-50                60849.00467837 60849.01335839 19
SO-50                60849.07381301 60849.08327819 39
SO-50                60849.59176078 60849.59980568 17
SO-50                60849.66052494 60849.66953793 33
SO-50                60849.94968462 60849.95422010 3
SO-50                60850.01743551 60850.02698370 40
SO-50                60850.08724770 60850.09560060 17
SO-50                60850.60413320 60850.61320928 43
SO-50                60850.67421380 60850.68225615 15
SO-50                60850.96177991 60850.96909813 9
SO-50                60851.03038534 60851.04016577 86
SO-50                60851.10134001 60851.10713105 5
SO-50                60851.54958875 60851.55571663 7
SO-50                60851.61699190 60851.62631497 72
SO-50                60851.68847741 60851.69468654 6
SO-50                60851.97432903 60851.98316802 21
SO-50                60852.04354772 60852.05291474 35
HO-68                60832.98400533 60832.99659002 28
HO-68                60833.05853493 60833.07169060 44
HO-68                60833.13557768 60833.14174586 4
HO-68                60833.41790921 60833.42754437 11
HO-68                60833.48994836 60833.50351746 79
HO-68                60833.56655864 60833.57718520 14
HO-68                60833.97248959 60833.98429567 20
HO-68                60834.04663352 60834.06010998 59
HO-68                60834.12303920 60834.13127291 7
HO-68                60834.40711219 60834.41524166 7
HO-68                60834.47826512 60834.49166068 59
HO-68                60834.55407994 60834.56580227 20
HO-68                60834.96110407 60834.97182041 14
HO-68                60835.03477704 60835.04842747 79
HO-68                60835.11074128 60835.12047194 11
HO-68                60835.39671634 60835.40269280 3
HO-68                60835.46668609 60835.47975923 44
HO-68                60835.54178306 60835.55428797 28
HO-68                60835.94992505 60835.95909126 8
HO-68                60836.02296640 60836.03664495 78
HO-68                60836.09857334 60836.10945760 16
HO-68                60836.45521179 60836.46781154 32
HO-68                60836.52963000 60836.54267900 38
HO-68                60836.93911570 60836.94592636 4
HO-68                60837.01120579 60837.02476102 58
HO-68                60837.08649163 60837.09827949 22
HO-68                60837.44385385 60837.45581306 24
HO-68                60837.51759918 60837.53099659 52
HO-68                60837.59707784 60837.60256701 3
HO-68                60837.99949953 60838.01277046 43
HO-68                60838.07447463 60838.08696447 30
HO-68                60838.43262632 60838.44375434 18
HO-68                60838.50567802 60838.51925417 71
HO-68                60838.58362560 60838.59201540 7
HO-68                60838.98786228 60839.00066293 31
HO-68                60839.06251084 60839.07552923 40
HO-68                60839.13986660 60839.14510377 2
HO-68                60839.42154569 60839.43161775 12
HO-68                60839.49385964 60839.50745998 86
HO-68                60839.57077166 60839.58093492 12
HO-68                60839.97631122 60839.98842079 22
HO-68                60840.05059428 60840.06398416 54
HO-68                60840.12718378 60840.13480518 6
HO-68                60840.41066583 60840.41936874 8
HO-68                60840.48214170 60840.49561888 65
HO-68                60840.55821667 60840.56961047 18
HO-68                60840.96487552 60840.97601321 16
HO-68                60841.03872268 60841.05233585 72
HO-68                60841.11482351 60841.12409613 10
HO-68                60841.40012767 60841.40692901 4
HO-68                60841.47052703 60841.48373299 48
HO-68                60841.54586292 60841.55813594 25
HO-68                60841.95361581 60841.96338323 10
HO-68                60842.02689618 60842.04058725 86
HO-68                60842.10261848 60842.11314682 14
HO-68                60842.45901487 60842.47180170 36
HO-68                60842.53366351 60842.54655659 34
HO-68                60842.94264315 60842.95040376 5
HO-68                60843.01511800 60843.02873813 65
HO-68                60843.09051088 60843.10202044 20
HO-68                60843.44761540 60843.45982179 27
HO-68                60843.52159244 60843.53489757 47
HO-68                60844.00339207 60844.01678467 47
HO-68                60844.07847377 60844.09074953 27
HO-68                60844.43634072 60844.44778556 20
HO-68                60844.50963454 60844.52317472 64
HO-68                60844.58801755 60844.59561232 5
HO-68                60844.99173030 60845.00471860 35
HO-68                60845.06649298 60845.07935342 36
HO-68                60845.42520349 60845.43567889 14
HO-68                60845.49778125 60845.51139774 86
HO-68                60845.57501668 60845.58465848 10
HO-68                60845.98014717 60845.99252487 25
HO-68                60846.05456096 60846.06784478 48
HO-68                60846.13136307 60846.13829178 5
HO-68                60846.41425030 60846.42347478 10
HO-68                60846.48602882 60846.49957253 72
HO-68                60846.56237485 60846.57340246 15
HO-68                60846.96866733 60846.98017837 18
HO-68                60847.04267435 60847.05623094 65
HO-68                60847.11892393 60847.12769161 8
HO-68                60847.40359817 60847.41111700 6
HO-68                60847.47437906 60847.48770212 53
HO-68                60847.54995912 60847.56197265 22
HO-68                60847.95734141 60847.96763353 12
HO-68                60848.03083237 60848.04451617 86
HO-68                60848.10667554 60848.11681409 13
HO-68                60848.39330664 60848.39843282 2
HO-68                60848.46282994 60848.47578699 40
HO-68                60848.53771054 60848.55042555 31
HO-68                60848.94624559 60848.95479684 7
HO-68                60849.01903733 60849.03270135 71
HO-68                60849.09453905 60849.10574308 18
HO-68                60849.45139053 60849.46382453 30
HO-68                60849.52559758 60849.53879183 42
HO-68                60849.93564698 60849.94139843 3
HO-68                60850.00729411 60850.02078394 53
HO-68                60850.08248022 60850.09451845 24
HO-68                60850.44007118 60850.45180909 22
AO-73                60833.03540397 60833.04403721 59
AO-73                60833.10226325 60833.10821651 8
AO-73                60833.48080384 60833.48787521 15
AO-73                60833.54619865 60833.55396856 25
AO-73                60834.03426619 60834.04289811 56
AO-73                60834.10106522 60834.10716552 8
AO-73                60834.47970498 60834.48669634 14
AO-73                60834.54502120 60834.55283809 27
AO-73                60835.03311256 60835.04174040 53
AO-73                60835.09985238 60835.10609502 9
AO-73                60835.47859115 60835.48549914 14
AO-73                60835.54382739 60835.55169014 28
AO-73                60836.03194313 60836.04056400 50
AO-73                60836.09862466 60836.10500524 9
AO-73                60836.47746251 60836.48428350 13
AO-73                60836.54261728 60836.55052471 30
AO-73                60837.03075798 60837.03936882 47
AO-73                60837.09738202 60837.10389619 10
AO-73                60837.47631920 60837.48304934 12
AO-73                60837.54139092 60837.54934176 32
AO-73                60838.02955737 60838.03815474 45
AO-73                60838.09612435 60838.10276788 10
AO-73                60838.47516140 60838.48179653 12
AO-73                60838.54014837 60838.54814130 33
AO-73                60839.02834098 60839.03692168 42
AO-73                60839.09485142 60839.10162033 11
AO-73                60839.47398929 60839.48052495 11
AO-73                60839.53888968 60839.54692330 36
AO-73                60840.02710908 60840.03566953 40
AO-73                60840.09356355 60840.10045356 12
AO-73                60840.47280307 60840.47923443 10
AO-73                60840.53761492 60840.54568774 38
AO-73                60841.02586173 60841.03439819 38
AO-73                60841.09226052 60841.09926756 12
AO-73                60841.47160297 60841.47792482 10
AO-73                60841.53632396 60841.54443459 40
AO-73                60842.02459901 60842.03310755 36
AO-73                60842.09094230 60842.09806237 13
AO-73                60842.47038923 60842.47659593 9
AO-73                60842.53501725 60842.54316385 43
AO-73                60843.02332100 60843.03179749 34
AO-73                60843.08960886 60843.09683794 14
AO-73                60843.46916211 60843.47524754 9
AO-73                60843.53365203 60843.54187236 46
AO-73                60844.02202779 60844.03046791 32
AO-73                60844.08826016 60844.09559428 15
AO-73                60844.46792193 60844.47387946 8
AO-73                60844.53231351 60844.54056636 49
AO-73                60845.02071945 60845.02911867 30
AO-73                60845.08689618 60845.09433137 16
AO-73                60845.46666904 60845.47249117 7
AO-73                60845.53095926 60845.53924268 53
AO-73                60846.01939615 60846.02774965 28
AO-73                60846.08551690 60846.09304900 17
AO-73                60846.46540364 60846.47108266 7
AO-73                60846.52958934 60846.53790129 57
AO-73                60847.01805785 60847.02636070 27
AO-73                60847.08412230 60847.09174754 18
AO-73                60847.46412654 60847.46965339 6
AO-73                60847.52820382 60847.53654215 61
AO-73                60848.01670474 60848.02495170 25
AO-73                60848.08271236 60848.09042681 19
AO-73                60848.46283800 60848.46820289 6
AO-73                60848.52680279 60848.53516524 66
AO-73                60849.01533691 60849.02352248 24
AO-73                60849.08128706 60849.08908671 20
AO-73                60849.46153868 60849.46673062 5
AO-73                60849.52538630 60849.53377052 71
AO-73                60850.01395449 60850.02207288 22
AO-73                60850.07984639 60850.08772725 21
AO-73                60850.46022929 60850.46523598 5
AO-73                60850.52395446 60850.53235794 76
AO-73                60851.01255762 60851.02060274 21
AO-73                60851.07839033 60851.08634842 22
AO-73                60851.45891072 60851.46371796 4
AO-73                60851.52250730 60851.53092748 82
AO-73                60852.01114644 60852.01911185 20
AO-73                60852.07692473 60852.08495700 23
AO-73                60852.45758408 60852.46217568 4
AO-73                60852.52104503 60852.52947907 86
AO-73                60852.58955824 60852.59329390 2
AO-73                60853.00972111 60853.01760004 19
AO-73                60853.07543789 60853.08353930 25
AO-73                60853.45625061 60853.46060777 3
AO-73                60853.51956761 60853.52801269 85
AO-73                60853.58787954 60853.59199301 3
AO-73                60854.00828179 60854.01606707 18
AO-73                60854.07393562 60854.08210213 26
AO-73                60854.45491224 60854.45901246 3
AO-73                60854.51807517 60854.52652827 79
AO-73                60854.58620241 60854.59065712 4
AO-73                60855.00682871 60855.01451270 17
AO-73                60855.07241793 60855.08064546 28
AO-73                60855.45357143 60855.45738725 2
AO-73                60855.51656782 60855.52502578 74
AO-73                60855.58452312 60855.58929010 4
AO-73                60856.00536205 60856.01293680 15
AO-73                60856.07088481 60856.07916927 30
AO-73                60856.45228830 60856.45572863 2
TITA                 60832.76264141 60832.76886850 10
TITA                 60832.82707165 60832.83495518 37
TITA                 60833.31279663 60833.32091349 30
TITA                 60833.37866860 60833.38566106 14
TITA                 60833.75639816 60833.76194594 7
TITA                 60833.82029292 60833.82835553 52
TITA                 60834.30624654 60834.31409885 23
TITA                 60834.37184205 60834.37928134 18
TITA                 60834.75025549 60834.75492070 4
TITA                 60834.81358905 60834.82171920 75
TITA                 60835.29972531 60835.30721755 17
TITA                 60835.36504647 60835.37284191 24
TITA                 60835.74434829 60835.74771503 2
TITA                 60835.80691630 60835.81504488 77
TITA                 60835.87467629 60835.87879151 3
TITA                 60836.29324180 60836.30025981 13
TITA                 60836.35826515 60836.36633453 32
TITA                 60836.80027399 60836.80833328 54
TITA                 60836.86734611 60836.87261889 6
TITA                 60837.28681126 60837.29321038 9
TITA                 60837.35145706 60837.35976686 44
TITA                 60837.79366317 60837.80158421 38
TITA                 60837.86017773 60837.86627771 9
TITA                 60838.28046076 60838.28604132 6
TITA                 60838.34470743 60838.35314760 61
TITA                 60838.78708565 60838.79479644 28
TITA                 60838.85310685 60838.85983164 13
TITA                 60839.27424941 60839.27869207 3
TITA                 60839.33797240 60839.34647453 84
TITA                 60839.40503664 60839.40941385 4
TITA                 60839.78054460 60839.78796761 21
TITA                 60839.84610518 60839.85330919 17
TITA                 60840.33125228 60840.33974774 69
TITA                 60840.39788783 60840.40329472 6
TITA                 60840.77404494 60840.78109326 16
TITA                 60840.83915709 60840.84672548 23
TITA                 60841.32454496 60841.33296634 49
TITA                 60841.39084062 60841.39702874 9
TITA                 60841.76759486 60841.77416680 12
TITA                 60841.83225339 60841.84009023 32
TITA                 60842.31785799 60842.32612835 36
TITA                 60842.38385322 60842.39065867 12
TITA                 60842.76120589 60842.76717663 8
TITA                 60842.82534592 60842.83340612 45
TITA                 60843.31119219 60843.31923041 26
TITA                 60843.37690596 60843.38420521 16
TITA                 60843.75490037 60843.76010138 6
TITA                 60843.81851512 60843.82668335 64
TITA                 60844.30455298 60844.31226725 20
TITA                 60844.36999358 60844.37768672 21
TITA                 60844.74872487 60844.75289515 3
TITA                 60844.81171738 60844.81992115 87
TITA                 60844.87982422 60844.88336984 2
TITA                 60845.29794815 60845.30523086 15
TITA                 60845.36309807 60845.37109677 28
TITA                 60845.80495172 60845.81312077 63
TITA                 60845.87226994 60845.87720722 5
TITA                 60846.29139038 60846.29810817 11
TITA                 60846.35617739 60846.36444369 38
TITA                 60846.79821821 60846.80628248 44
TITA                 60846.86493404 60846.87081975 8
TITA                 60847.28490134 60847.29087705 7
TITA                 60847.34931643 60847.35773705 53
TITA                 60847.79151835 60847.79940553 32
TITA                 60847.85771662 60847.86430741 11
TITA                 60848.27852412 60848.28349300 4
TITA                 60848.34247098 60848.35097499 74
TITA                 60848.40972378 60848.41364108 3
TITA                 60848.78485474 60848.79248796 24
TITA                 60848.85057916 60848.85770842 16
TITA                 60849.33564085 60849.34415796 78
TITA                 60849.40240823 60849.40749400 5
TITA                 60849.77823162 60849.78552658 18
TITA                 60849.84350179 60849.85104221 21
TITA                 60850.32882406 60850.33728542 56
TITA                 60850.39522445 60850.40116857 8
TITA                 60850.77165597 60850.77851534 13
TITA                 60850.83647344 60850.84432056 29
TITA                 60851.32202728 60851.33035568 40
TITA                 60851.38811274 60851.39472589 11
TITA                 60851.76513725 60851.77144504 10
TITA                 60851.82948646 60851.83755041 40
TITA                 60852.31525132 60852.32336575 29
TITA                 60852.38104727 60852.38819222 15
TITA                 60852.75869335 60852.76429897 7
TITA                 60852.82249416 60852.83073346 57
TITA                 60853.30850105 60853.31631079 22
TITA                 60853.37402066 60853.38158870 20
TITA                 60853.75235846 60853.75704389 4
TITA                 60853.81557888 60853.82387888 82
TITA                 60854.30178419 60854.30918340 16
TITA                 60854.36701338 60854.37491034 26
TITA                 60854.80869721 60854.81698515 70
TITA                 60854.87617676 60854.88093686 4
TITA                 60855.29511193 60855.30197149 12
TITA                 60855.36002623 60855.36816944 35
TITA                 60855.80184870 60855.81005287 49
TITA                 60855.86869253 60855.87448679 7
TITA                 60856.28850407 60856.29465504 8
NOAA-15              60832.65775661 60832.66741081 26
NOAA-15              60832.72679313 60832.73665851 28
NOAA-15              60833.17193886 60833.18097171 16
NOAA-15              60833.24062030 60833.25098480 45
NOAA-15              60833.64036485 60833.64890034 14
NOAA-15              60833.70833330 60833.71875516 53
NOAA-15              60834.15460450 60834.16173047 7
NOAA-15              60834.22241405 60834.23305500 85
NOAA-15              60834.29293142 60834.29987098 7
NOAA-15              60834.62342517 60834.63010644 7
NOAA-15              60834.69015282 60834.70068450 82
NOAA-15              60834.76144494 60834.76852755 8
NOAA-15              60835.20434874 60835.21486384 51
NOAA-15              60835.27416571 60835.28289567 15
NOAA-15              60835.67223447 60835.68246999 43
NOAA-15              60835.74219342 60835.75118079 17
NOAA-15              60836.18645089 60836.19639169 27
NOAA-15              60836.25566794 60836.26549762 28
NOAA-15              60836.65459039 60836.66410778 24
NOAA-15              60836.72345486 60836.73346083 31
NOAA-15              60837.16878870 60837.17757109 14
NOAA-15              60837.23734181 60837.24778872 51
NOAA-15              60837.30881600 60837.31320851 3
NOAA-15              60837.63727450 60837.64555763 13
NOAA-15              60837.70504460 60837.71552308 60
NOAA-15              60838.15155413 60838.15820402 6
NOAA-15              60838.21915839 60838.22981074 86
NOAA-15              60838.28953353 60838.29686187 9
NOAA-15              60838.62043484 60838.62668790 6
NOAA-15              60838.68690791 60838.69742468 73
NOAA-15              60838.75794081 60838.76545082 9
NOAA-15              60839.20111753 60839.21157025 46
NOAA-15              60839.27082681 60839.27979508 17
NOAA-15              60839.66903360 60839.67918369 39
NOAA-15              60839.73879245 60839.74801599 19
NOAA-15              60840.18325235 60840.19304163 25
NOAA-15              60840.25236162 60840.26233484 31
NOAA-15              60840.65143896 60840.66079126 22
NOAA-15              60840.72011638 60840.73024885 35
NOAA-15              60841.16564301 60841.17414384 13
NOAA-15              60841.23405980 60841.24457449 57
NOAA-15              60841.30527572 60841.31035604 3
NOAA-15              60841.63418846 60841.64219797 12
NOAA-15              60841.70175426 60841.71227844 67
NOAA-15              60841.77424992 60841.77919773 3
NOAA-15              60842.14853022 60842.15462869 5
NOAA-15              60842.21589909 60842.22654819 78
NOAA-15              60842.28614242 60842.29382322 10
NOAA-15              60842.61746418 60842.62323819 5
NOAA-15              60842.68366124 60842.69415236 66
NOAA-15              60842.75445094 60842.76234536 10
NOAA-15              60843.19788384 60843.20825761 41
NOAA-15              60843.26748715 60843.27667285 19
NOAA-15              60843.66583158 60843.67588473 35
NOAA-15              60843.73539466 60843.74483357 21
NOAA-15              60844.18005379 60844.18966977 22
NOAA-15              60844.24905233 60844.25915275 34
NOAA-15              60844.64828853 60844.65746072 19
NOAA-15              60844.71677761 60844.72702273 39
NOAA-15              60845.16250383 60845.17068793 11
NOAA-15              60845.23077420 60845.24134162 63
NOAA-15              60845.30177529 60845.30743971 4
NOAA-15              60845.63110834 60845.63882012 10
NOAA-15              60845.69846273 60845.70902081 75
NOAA-15              60845.77057052 60845.77625061 4
NOAA-15              60846.14555223 60846.15099198 4
NOAA-15              60846.21263655 60846.22326709 70
NOAA-15              60846.28275575 60846.29075688 11
NOAA-15              60846.61451995 60846.61975026 4
NOAA-15              60846.68041317 60846.69086779 59
NOAA-15              60846.75094087 60846.75921674 12
NOAA-15              60847.19464794 60847.20492522 37
NOAA-15              60847.26414610 60847.27352911 21
NOAA-15              60847.66262901 60847.67257281 32
NOAA-15              60847.73199941 60847.74163434 23
NOAA-15              60848.17685589 60848.18627519 20
NOAA-15              60848.24573982 60848.25595154 38
NOAA-15              60848.64513997 60848.65411533 18
NOAA-15              60848.71343858 60848.72378278 44
NOAA-15              60849.15937357 60849.16720081 10
NOAA-15              60849.22748492 60849.23809027 71
NOAA-15              60849.29830037 60849.30447421 6
NOAA-15              60849.62803612 60849.63542217 9
NOAA-15              60849.69516987 60849.70575031 83
NOAA-15              60849.76694083 60849.77323993 5
NOAA-15              60850.14262599 60850.14727170 3
NOAA-15              60850.20937081 60850.21996718 62
NOAA-15              60850.27937177 60850.28766468 13
NOAA-15              60850.61167075 60850.61621224 3
NOAA-15              60850.67716500 60850.68757051 52
NOAA-15              60850.74747087 60850.75606219 14
NOAA-15              60851.19141010 60851.20157264 33
NOAA-15              60851.26080308 60851.27036447 23
NOAA-15              60851.65942660 60851.66924753 28
NOAA-15              60851.72860632 60851.73841878 26
NOAA-15              60852.17365946 60852.18285683 18
NOAA-15              60852.24242376 60852.25273104 42
NOAA-15              60852.64199429 60852.65075467 16
NOAA-15              60852.71009934 60852.72052881 49
NOAA-18              60832.79316510 60832.80239416 17
NOAA-18              60832.86195309 60832.87274205 48
NOAA-18              60833.31206435 60833.32032658 11
NOAA-18              60833.38089742 60833.39170681 67
NOAA-18              60833.45241222 60833.45854529 5
NOAA-18              60833.78467829 60833.79318855 13
NOAA-18              60833.85291241 60833.86383898 66
NOAA-18              60833.92606374 60833.93138615 3
NOAA-18              60834.30358394 60834.31070088 7
NOAA-18              60834.37192008 60834.38279855 88
NOAA-18              60834.44296733 60834.45035195 8
NOAA-18              60834.77630465 60834.78390879 9
NOAA-18              60834.84393607 60834.85489890 88
NOAA-18              60834.91614196 60834.92317321 7
NOAA-18              60835.29535031 60835.30080268 4
NOAA-18              60835.36297654 60835.37382699 68
NOAA-18              60835.43367288 60835.44199382 12
NOAA-18              60835.76808262 60835.77451817 6
NOAA-18              60835.83502235 60835.84592427 69
NOAA-18              60835.90647182 60835.91470992 11
NOAA-18              60836.35406696 60836.36479055 50
NOAA-18              60836.42445614 60836.43351724 17
NOAA-18              60836.76016159 60836.76492641 3
NOAA-18              60836.82617220 60836.83691609 51
NOAA-18              60836.89699911 60836.90610262 15
NOAA-18              60837.34519855 60837.35568562 36
NOAA-18              60837.41529647 60837.42494517 22
NOAA-18              60837.81738543 60837.82787387 38
NOAA-18              60837.88764902 60837.89740025 21
NOAA-18              60838.33637641 60838.34650630 27
NOAA-18              60838.40618238 60838.41629086 29
NOAA-18              60838.80866604 60838.81879581 29
NOAA-18              60838.87839619 60838.88862768 28
NOAA-18              60839.32761041 60839.33724244 20
NOAA-18              60839.39710714 60839.40756294 39
NOAA-18              60839.80001997 60839.80967767 22
NOAA-18              60839.86922560 60839.87979956 38
NOAA-18              60840.31891635 60840.32787807 15
NOAA-18              60840.38806700 60840.39876697 53
NOAA-18              60840.46004443 60840.46491033 3
NOAA-18              60840.79145627 60840.80051241 16
NOAA-18              60840.86012791 60840.87092495 52
NOAA-18              60841.31032038 60841.31838597 10
NOAA-18              60841.37905985 60841.38990616 71
NOAA-18              60841.45043773 60841.45691138 6
NOAA-18              60841.78298868 60841.79128831 12
NOAA-18              60841.85109738 60841.86201017 70
NOAA-18              60841.92402691 60841.92973261 4
NOAA-18              60842.30187369 60842.30871329 6
NOAA-18              60842.37008568 60842.38098199 85
NOAA-18              60842.44105138 60842.44867238 9
NOAA-18              60842.77464120 60842.78198358 8
NOAA-18              60842.84213063 60842.85305897 87
NOAA-18              60842.91417384 60842.92144997 7
NOAA-18              60843.29371337 60843.29872689 3
NOAA-18              60843.36114575 60843.37199429 63
NOAA-18              60843.43177244 60843.44028371 13
NOAA-18              60843.76645960 60843.77255414 5
NOAA-18              60843.83322665 60843.84407349 65
NOAA-18              60843.90453938 60843.91294909 12
NOAA-18              60844.35224026 60844.36294111 46
NOAA-18              60844.42256562 60844.43178280 18
NOAA-18              60844.75862429 60844.76288068 2
NOAA-18              60844.82438683 60844.83505444 48
NOAA-18              60844.89509080 60844.90431630 16
NOAA-18              60845.34337722 60845.35381840 34
NOAA-18              60845.41341285 60845.42318953 24
NOAA-18              60845.81561016 60845.82600106 36
NOAA-18              60845.88575862 60845.89559456 22
NOAA-18              60846.33456221 60846.34461948 25
NOAA-18              60846.40430392 60846.41451631 31
NOAA-18              60846.80690237 60846.81691095 27
NOAA-18              60846.87652010 60846.88680601 30
NOAA-18              60847.32580601 60847.33533333 19
NOAA-18              60847.39523283 60847.40577077 42
NOAA-18              60847.79826967 60847.80777951 20
NOAA-18              60847.86736162 60847.87796422 40
NOAA-18              60848.31712609 60848.32594221 14
NOAA-18              60848.38619630 60848.39695815 56
NOAA-18              60848.45802236 60848.46331475 4
NOAA-18              60848.78972202 60848.79859878 15
NOAA-18              60848.85827468 60848.86907738 55
NOAA-18              60849.30855176 60849.31641536 9
NOAA-18              60849.37719262 60849.38808102 76
NOAA-18              60849.44846795 60849.45524664 7
NOAA-18              60849.78127485 60849.78935516 11
NOAA-18              60849.84925409 60849.86015124 75
NOAA-18              60849.92197451 60849.92803535 5
NOAA-18              60850.30014366 60850.30669075 6
NOAA-18              60850.36822208 60850.37914061 80
NOAA-18              60850.43910712 60850.44696712 10
NOAA-18              60850.77295568 60850.78002358 7
NOAA-18              60850.84029706 60850.85118923 82
NOAA-18              60850.91218127 60850.91969202 8
NOAA-18              60851.29207508 60851.29659758 2
NOAA-18              60851.35928636 60851.37013637 59
NOAA-18              60851.42984314 60851.43854863 14
NOAA-18              60851.76481985 60851.77055009 4
NOAA-18              60851.83140253 60851.84219316 61
NOAA-19              60832.73009275 60832.73696662 7
NOAA-19              60832.79733146 60832.80819148 78
NOAA-19              60832.86909723 60832.87677130 9
NOAA-19              60833.31637337 60833.32729387 56
NOAA-19              60833.38685259 60833.39582999 15
NOAA-19              60833.72214003 60833.72764161 4
NOAA-19              60833.78860768 60833.79935819 58
NOAA-19              60833.85969196 60833.86837697 13
NOAA-19              60834.30764569 60834.31837704 41
NOAA-19              60834.37784021 60834.38744198 20
NOAA-19              60834.77994658 60834.79049218 43
NOAA-19              60834.85045182 60834.85987055 18
NOAA-19              60835.29896179 60835.30939028 31
NOAA-19              60835.36887445 60835.37897048 27
NOAA-19              60835.77134807 60835.78159213 32
NOAA-19              60835.84131626 60835.85128578 25
NOAA-19              60836.29032776 60836.30032589 23
NOAA-19              60836.35994782 60836.37042488 35
NOAA-19              60836.76281798 60836.77265510 24
NOAA-19              60836.83226679 60836.84264066 33
NOAA-19              60837.28175594 60837.29117149 17
NOAA-19              60837.35105591 60837.36181134 47
NOAA-19              60837.42326344 60837.42759003 2
NOAA-19              60837.75436319 60837.76367615 19
NOAA-19              60837.82329209 60837.83394634 44
NOAA-19              60838.27326557 60838.28190677 12
NOAA-19              60838.34219643 60838.35313358 63
NOAA-19              60838.41373312 60838.41985064 5
NOAA-19              60838.74599468 60838.75464622 14
NOAA-19              60838.81438509 60838.82521008 61
NOAA-19              60838.88788734 60838.89245405 2
NOAA-19              60839.26489160 60839.27249578 8
NOAA-19              60839.33336848 60839.34439367 84
NOAA-19              60839.40446567 60839.41182617 8
NOAA-19              60839.73772954 60839.74555025 10
NOAA-19              60839.80554151 60839.81643660 82
NOAA-19              60839.87798926 60839.88452053 6
NOAA-19              60840.25671623 60840.26286219 5
NOAA-19              60840.32457287 60840.33559210 73
NOAA-19              60840.39532030 60840.40363730 12
NOAA-19              60840.72959835 60840.73635929 7
NOAA-19              60840.79675918 60840.80762879 75
NOAA-19              60840.86843953 60840.87626723 9
NOAA-19              60841.31581143 60841.32672778 54
NOAA-19              60841.38625352 60841.39532909 16
NOAA-19              60841.72166785 60841.72700896 4
NOAA-19              60841.78803759 60841.79878808 56
NOAA-19              60841.85904811 60841.86785313 14
NOAA-19              60842.30708468 60842.31779785 40
NOAA-19              60842.37724402 60842.38692517 21
NOAA-19              60842.77937888 60842.78991463 42
NOAA-19              60842.84981732 60842.85933205 19
NOAA-19              60843.29840261 60843.30879720 30
NOAA-19              60843.36827990 60843.37843909 28
NOAA-19              60843.77078322 60843.78100686 31
NOAA-19              60843.84068820 60843.85073538 25
NOAA-19              60844.28977161 60844.29971764 22
NOAA-19              60844.35935416 60844.36987974 37
NOAA-19              60844.76225666 60844.77206182 24
NOAA-19              60844.83164350 60844.84207999 34
NOAA-19              60845.28120472 60845.29054610 16
NOAA-19              60845.35046273 60845.36125307 49
NOAA-19              60845.42256651 60845.42717166 3
NOAA-19              60845.75380658 60845.76307411 18
NOAA-19              60845.82267256 60845.83337649 46
NOAA-19              60846.27272250 60846.28126089 12
NOAA-19              60846.34160350 60846.35256244 66
NOAA-19              60846.41307568 60846.41937769 5
NOAA-19              60846.74544396 60846.75403421 13
NOAA-19              60846.81376870 60846.82463173 63
NOAA-19              60846.88710306 60846.89201552 3
NOAA-19              60847.26436278 60847.27182307 8
NOAA-19              60847.33277584 60847.34380976 86
NOAA-19              60847.40382436 60847.41132326 9
NOAA-19              60847.73718740 60847.74492611 9
NOAA-19              60847.80492793 60847.81585020 84
NOAA-19              60847.87726546 60847.88401657 6
NOAA-19              60848.25621663 60848.26214730 4
NOAA-19              60848.32398061 60848.33499532 70
NOAA-19              60848.39468715 60848.40311238 12
NOAA-19              60848.72906939 60848.73571882 6
NOAA-19              60848.79614830 60848.80703461 73
NOAA-19              60848.86774125 60848.87573253 10
NOAA-19              60849.31522004 60849.32611782 52
NOAA-19              60849.38562492 60849.39478611 17
NOAA-19              60849.72116324 60849.72634117 3
NOAA-19              60849.78742951 60849.79818620 54
NOAA-19              60849.85836433 60849.86729854 14
NOAA-19              60850.30649446 60850.31717415 39
NOAA-19              60850.37661800 60850.38636587 22
NOAA-19              60850.77877384 60850.78930480 40
NOAA-19              60850.84914327 60850.85876252 20
NOAA-19              60851.29781459 60851.30815887 29
NOAA-19              60851.36765533 60851.37786497 29
NOAA-19              60851.77018170 60851.78038920 30
NOAA-19              60851.84002117 60851.85015359 27
NOAA-19              60852.28918717 60852.29906324 21
NOAA-19              60852.35873037 60852.36929180 38
NOAA-19              60852.76165942 60852.77143578 23
METOA                60832.83912947 60832.84843977 24
METOA                60832.90587739 60832.91559305 30
METOA                60833.33936776 60833.34325791 2
METOA                60833.40450042 60833.41291159 78
METOA                60833.47327740 60833.47735315 3
METOA                60833.85670325 60833.86666998 45
METOA                60833.92452092 60833.93318393 16
METOA                60834.35622983 60834.36271009 10
METOA                60834.42260964 60834.43071312 35
METOA                60834.80978212 60834.81643345 7
METOA                60834.87454523 60834.88474757 84
METOA                60834.94369260 60834.95038086 7
METOA                60835.37372106 60835.38141402 22
METOA                60835.44094436 60835.44821107 17
METOA                60835.82669690 60835.83506105 15
METOA                60835.89264661 60835.90267433 48
METOA                60836.39149380 60836.39972595 49
METOA                60836.45949582 60836.46529677 8
METOA                60836.84402497 60836.85341509 28
METOA                60836.91103011 60836.92042235 25
METOA                60837.34394873 60837.34855617 4
METOA                60837.40946037 60837.41773321 67
METOA                60837.79823794 60837.80238462 2
METOA                60837.86165645 60837.87159063 53
METOA                60837.92980816 60837.93791122 13
METOA                60838.36100203 60838.36776017 12
METOA                60838.42763851 60838.43545473 29
METOA                60838.81449400 60838.82146945 9
METOA                60838.87955234 60838.88961497 78
METOA                60838.94914947 60838.95490689 5
METOA                60839.37855368 60839.38635063 26
METOA                60839.44596460 60839.45284315 14
METOA                60839.83150612 60839.84000875 17
METOA                60839.89771207 60839.90748269 40
METOA                60840.39635858 60840.40457689 61
METOA                60840.46461374 60840.46977969 6
METOA                60840.84889919 60840.85830246 32
METOA                60840.91616944 60840.92515572 21
METOA                60841.34851700 60841.35374548 5
METOA                60841.41434941 60841.42250520 54
METOA                60841.80269400 60841.80749496 3
METOA                60841.86658508 60841.87642526 61
METOA                60841.93506348 60841.94252698 10
METOA                60842.36571353 60842.37275239 14
METOA                60842.43255392 60842.44014292 24
METOA                60842.81919749 60842.82640482 10
METOA                60842.88453482 60842.89439599 66
METOA                60842.95470598 60842.95922249 3
METOA                60843.38331809 60843.39123770 31
METOA                60843.45092489 60843.45742641 11
METOA                60843.83629366 60843.84486791 19
METOA                60843.90275478 60843.91220186 33
METOA                60844.40115296 60844.40938120 76
METOA                60844.46969204 60844.47418089 4
METOA                60844.85374689 60844.86310538 36
METOA                60844.92132989 60844.92978927 17
METOA                60845.35305480 60845.35884919 7
METOA                60845.41916733 60845.42723140 44
METOA                60845.80723537 60845.81247089 4
METOA                60845.87148504 60845.88117664 71
METOA                60845.94032931 60845.94701862 8
METOA                60846.37036349 60846.37769160 17
METOA                60846.43739910 60846.44478456 20
METOA                60846.82388159 60846.83124846 11
METOA                60846.88953383 60846.89909671 55
METOA                60847.38801507 60847.39607857 38
METOA                60847.45581991 60847.46195753 9
METOA                60847.84105211 60847.84964372 22
METOA                60847.90780920 60847.91683095 27
METOA                60848.34085849 60848.34435373 2
METOA                60848.40587963 60848.41414177 87
METOA                60848.47474380 60848.47849055 3
METOA                60848.85856135 60848.86782791 41
METOA                60848.92643673 60848.93432618 14
METOA                60849.35755388 60849.36388026 9
METOA                60849.42391530 60849.43191452 36
METOA                60849.81177385 60849.81733797 5
METOA                60849.87635011 60849.88584827 78
METOA                60849.94562114 60849.95136825 5
METOA                60850.37495343 60850.38258060 21
METOA                60850.44217512 60850.44938192 17
METOA                60850.82853662 60850.83600831 13
METOA                60850.89445191 60850.90371240 45
METOA                60851.39264666 60851.40087514 47
METOA                60851.46065126 60851.46643867 8
METOA                60851.84577429 60851.85434163 24
METOA                60851.91279437 60851.92137588 22
METOA                60852.34505050 60852.34963934 4
METOA                60852.41053694 60852.41886016 71
METOA                60852.86333634 60852.87247465 48
METOA                60852.93152722 60852.93876186 11
METOA                60853.36201118 60853.36884576 12
METOA                60853.42863617 60853.43655917 31
METOA                60853.81629173 60853.82211271 6
METOA                60853.88117448 60853.89044426 75
METOA                60853.95097600 60853.95553640 3
METOA                60854.37948568 60854.38742113 26
METOA                60854.44687918 60854.45392968 15
METOA                60854.83315405 60854.84069170 14
METOB                60832.72474417 60832.73379167 17
METOB                60832.79323022 60832.80375768 46
METOB                60833.24086106 60833.24886713 10
METOB                60833.30927169 60833.31996882 69
METOB                60833.38037920 60833.38654715 5
METOB                60833.71115642 60833.71897715 10
METOB                60833.77872860 60833.78945185 77
METOB                60833.85101927 60833.85701603 5
METOB                60834.22741016 60834.23323217 4
METOB                60834.29488125 60834.30561911 73
METOB                60834.36530905 60834.37327592 11
METOB                60834.69792242 60834.70390856 5
METOB                60834.76439198 60834.77505364 66
METOB                60834.83544002 60834.84351525 11
METOB                60835.28058140 60835.29110369 44
METOB                60835.35050880 60835.35966047 18
METOB                60835.75021987 60835.76056817 40
METOB                60835.82027635 60835.82963998 19
METOB                60836.26639290 60836.27640674 27
METOB                60836.33584980 60836.34580852 29
METOB                60836.73621997 60836.74599046 25
METOB                60836.80541742 60836.81555974 30
METOB                60837.25235158 60837.26149188 17
METOB                60837.32129500 60837.33176499 46
METOB                60837.72241942 60837.73130171 16
METOB                60837.79076495 60837.80134289 50
METOB                60838.23853695 60838.24627663 9
METOB                60838.30682992 60838.31755115 75
METOB                60838.37778458 60838.38432282 6
METOB                60838.70887236 60838.71645588 9
METOB                60838.77628837 60838.78702041 83
METOB                60838.84834719 60838.85476149 6
METOB                60839.22519111 60839.23052021 3
METOB                60839.29245208 60839.30317423 68
METOB                60839.36279455 60839.37098076 12
METOB                60839.69571581 60839.70132403 4
METOB                60839.76197597 60839.77260698 61
METOB                60839.83282917 60839.84117939 12
METOB                60840.27816657 60840.28862996 41
METOB                60840.34801935 60840.35732182 19
METOB                60840.74782872 60840.75810619 37
METOB                60840.81774547 60840.82726124 20
METOB                60841.26399683 60841.27390034 25
METOB                60841.33337718 60841.34343596 31
METOB                60841.73385667 60841.74351134 24
METOB                60841.80292088 60841.81315499 33
METOB                60842.24998300 60842.25894365 15
METOB                60842.31883594 60842.32936312 49
METOB                60842.39063161 60842.39493468 2
METOB                60842.72009003 60842.72880058 15
METOB                60842.78829622 60842.79891843 54
METOB                60843.23621661 60843.24366531 8
METOB                60843.30438307 60843.31512164 81
METOB                60843.37522537 60843.38207463 7
METOB                60843.70659025 60843.71392075 8
METOB                60843.77384473 60843.78457957 89
METOB                60843.84568793 60843.85248113 6
METOB                60844.22300174 60844.22776067 3
METOB                60844.29001820 60844.30071730 62
METOB                60844.36027787 60844.36867049 13
METOB                60844.69352285 60844.69871418 4
METOB                60844.75955644 60844.77015097 57
METOB                60844.83025075 60844.83882646 13
METOB                60845.27574754 60845.28614382 38
METOB                60845.34552592 60845.35497002 21
METOB                60845.74543449 60845.75563474 35
METOB                60845.81521300 60845.82487094 22
METOB                60846.26159763 60846.27138021 23
METOB                60846.33089985 60846.34105106 33
METOB                60846.73149109 60846.74102208 22
METOB                60846.80042149 60846.81073979 36
METOB                60847.24761352 60847.25637950 14
METOB                60847.31637173 60847.32694907 53
METOB                60847.38797126 60847.39279227 3
METOB                60847.71775992 60847.72628802 14
METOB                60847.78582412 60847.79648432 59
METOB                60847.85908669 60847.86325865 2
METOB                60848.23390163 60848.24103147 7
METOB                60848.30193125 60848.31268019 86
METOB                60848.37266814 60848.37980688 8
METOB                60848.70431115 60848.71137076 8
METOB                60848.77139741 60848.78212929 85
METOB                60848.84303837 60848.85017795 7
METOB                60849.28757967 60849.29824819 58
METOB                60849.35775860 60849.36634544 14
METOB                60849.69140506 60849.69607405 3
METOB                60849.75713436 60849.76768554 52
METOB                60849.82767333 60849.83645950 14
METOB                60850.27332443 60850.28364483 35
METOB                60850.34302833 60850.35260516 22
METOB                60850.74303740 60850.75315344 32
METOB                60850.81267879 60850.82246927 24
METOB                60851.25919555 60851.26884601 22
METOB                60851.32841772 60851.33865396 36
METOB                60851.72912355 60851.73852245 20
METOB                60851.79791925 60851.80831442 38
METOB                60852.24524376 60852.25379849 13
METOB                60852.31390252 60852.32452305 58
METOB                60852.38533232 60852.39061061 4
