iss                  60802.97216460 60802.97563450 2
iss                  60803.03869273 60803.04527276 14
iss                  60803.10556657 60803.11303097 53
iss                  60803.73214562 60803.73959609 47
iss                  60803.79977407 60803.80651342 15
iss                  60803.86933350 60803.87302794 2
iss                  60804.00502780 60804.01094077 9
iss                  60804.07173034 60804.07926117 71
iss                  60804.13962361 60804.14500827 7
iss                  60804.69858985 60804.70562448 23
iss                  60804.76558873 60804.77280047 25
iss                  60804.83471946 60804.83934282 4
iss                  60804.97133570 60804.97646527 6
iss                  60805.03794094 60805.04530766 35
iss                  60805.10532642 60805.11188880 15
iss                  60805.66525664 60805.67146905 12
iss                  60805.73152778 60805.73902660 45
iss                  60805.80016225 60805.80565264 7
iss                  60805.93763739 60805.94187089 4
iss                  60806.00417844 60806.01118214 21
iss                  60806.07123658 60806.07844109 29
iss                  60806.63228675 60806.63699010 5
iss                  60806.69760122 60806.70517641 87
iss                  60806.76569326 60806.77193716 11
iss                  60806.97042923 60806.97689280 13
iss                  60807.03726036 60807.04475476 62
iss                  60807.10587110 60807.10950919 3
iss                  60807.66382554 60807.67122721 41
iss                  60807.73133099 60807.73818292 17
iss                  60807.80080657 60807.80469436 3
iss                  60807.93668116 60807.94244930 8
iss                  60808.00335305 60808.01086761 61
iss                  60808.07112100 60808.07679153 8
iss                  60808.63022817 60808.63714334 20
iss                  60808.69708687 60808.70437791 28
iss                  60808.76611617 60808.77092923 5
iss                  60808.90290428 60808.90786476 5
iss                  60808.96948894 60808.97679806 31
iss                  60809.03679367 60809.04351702 17
iss                  60809.59687267 60809.60285622 10
iss                  60809.66297030 60809.67050914 52
iss                  60809.73149114 60809.73715419 8
iss                  60809.86911679 60809.87316712 3
iss                  60809.93564894 60809.94255698 19
iss                  60810.00264950 60810.00993733 34
iss                  60810.56386477 60810.56818385 4
iss                  60810.62899271 60810.63655948 75
iss                  60810.69695984 60810.70335088 12
iss                  60810.90181983 60810.90815265 12
iss                  60810.96860859 60810.97612762 74
iss                  60811.03697708 60811.04118537 4
iss                  60811.59517094 60811.60250406 35
iss                  60811.66253894 60811.66950622 19
iss                  60811.73191863 60811.73601808 3
iss                  60811.86798942 60811.87359559 8
iss                  60811.93463060 60811.94212027 52
iss                  60812.00227555 60812.00822588 10
iss                  60812.56153920 60812.56830215 18
iss                  60812.62823965 60812.63560788 31
iss                  60812.69715556 60812.70217181 5
iss                  60812.83412692 60812.83890082 5
iss                  60812.90069224 60812.90793198 28
iss                  60812.96791572 60812.97479705 20
iss                  60813.52817523 60813.53387149 9
iss                  60813.59407131 60813.60164217 61
iss                  60813.66246621 60813.66831094 8
iss                  60813.80024824 60813.80410061 3
iss                  60813.86677490 60813.87357245 17
iss                  60813.93371727 60813.94108348 40
iss                  60814.49524507 60814.49896101 3
iss                  60814.56004665 60814.56759027 63
iss                  60814.62787600 60814.63441883 13
iss                  60814.69754376 60814.70093494 2
iss                  60814.83286589 60814.83905070 11
iss                  60814.89961201 60814.90714756 87
iss                  60814.96776375 60814.97248618 5
iss                  60815.52618505 60815.53342470 30
iss                  60815.59340023 60815.60048253 21
iss                  60815.66267123 60815.66699848 4
iss                  60815.79895254 60815.80437829 7
iss                  60815.86556393 60815.87301719 45
iss                  60815.93308868 60815.93930887 12
iss                  60816.49252790 60816.49909740 15
iss                  60816.55904949 60816.56648927 36
iss                  60816.62783967 60816.63306986 6
iss                  60816.76500346 60816.76957268 4
iss                  60816.83155144 60816.83870718 25
iss                  60816.89869402 60816.90572639 23
iss                  60817.45917405 60817.46450652 7
iss                  60817.52483346 60817.53242441 73
iss                  60817.59308973 60817.59912246 9
iss                  60817.73103093 60817.73467165 2
iss                  60817.79755673 60817.80422671 15
iss                  60817.86444100 60817.87187707 48
iss                  60818.49076652 60818.49826720 52
iss                  60818.55844430 60818.56514033 15
iss                  60818.62801653 60818.63164716 2
iss                  60818.76356752 60818.76958533 10
iss                  60818.83027154 60818.83781242 78
AO-07                60803.10093773 60803.11492301 27
AO-07                60803.17883154 60803.19393069 56
AO-07                60803.25850497 60803.26831997 9
AO-07                60803.55531205 60803.56903928 27
AO-07                60803.63232900 60803.64774957 61
AO-07                60803.71462531 60803.72366818 6
AO-07                60804.06116879 60804.07031542 6
AO-07                60804.13716800 60804.15249070 62
AO-07                60804.21590553 60804.22944982 26
AO-07                60804.51638293 60804.52647237 9
AO-07                60804.59085977 60804.60609879 58
AO-07                60804.66993355 60804.68395900 26
AO-07                60805.09611616 60805.10975957 23
AO-07                60805.17386173 60805.18907251 62
AO-07                60805.25339719 60805.26381812 10
AO-07                60805.55060498 60805.56401697 24
AO-07                60805.62734426 60805.64283035 68
AO-07                60805.70910134 60805.71912872 8
AO-07                60806.05671251 60806.06469388 5
AO-07                60806.13225653 60806.14748777 56
AO-07                60806.21088996 60806.22472847 29
AO-07                60806.51197376 60806.52135036 8
AO-07                60806.58602289 60806.60112323 52
AO-07                60806.66479535 60806.67912288 30
AO-07                60807.09131397 60807.10456673 20
AO-07                60807.16889805 60807.18419703 69
AO-07                60807.24830715 60807.25928185 12
AO-07                60807.54592693 60807.55898707 21
AO-07                60807.62237789 60807.63790300 76
AO-07                60807.70366227 60807.71451693 10
AO-07                60808.05241244 60808.05890015 3
AO-07                60808.12735452 60808.14246605 50
AO-07                60808.20588127 60808.21998668 32
AO-07                60808.50755083 60808.51619974 6
AO-07                60808.58120086 60808.59614158 46
AO-07                60808.65968262 60808.67427127 33
AO-07                60809.08654034 60809.09934142 18
AO-07                60809.16394064 60809.17930438 77
AO-07                60809.24323162 60809.25471450 14
AO-07                60809.54127243 60809.55394847 19
AO-07                60809.61742953 60809.63296800 84
AO-07                60809.69828907 60809.70985128 12
AO-07                60810.12246019 60810.13742473 44
AO-07                60810.20087915 60810.21522514 36
AO-07                60810.28141286 60810.28777928 3
AO-07                60810.50318035 60810.51101487 5
AO-07                60810.57639759 60810.59115366 42
AO-07                60810.65459360 60810.66940583 38
AO-07                60811.08178676 60811.09407935 15
AO-07                60811.15898960 60811.17439462 85
AO-07                60811.23816897 60811.25011844 16
AO-07                60811.53664294 60811.54890041 17
AO-07                60811.61249895 60811.62802576 88
AO-07                60811.69296945 60811.70514343 14
AO-07                60812.11757814 60812.13236333 39
AO-07                60812.19588336 60812.21044447 40
AO-07                60812.27614887 60812.28350712 4
AO-07                60812.49887559 60812.50578209 4
AO-07                60812.57161276 60812.58615961 37
AO-07                60812.64952689 60812.66452786 42
AO-07                60813.07706536 60813.08877513 13
AO-07                60813.15404555 60813.16946774 87
AO-07                60813.23311731 60813.24549576 18
AO-07                60813.53203948 60813.54384184 15
AO-07                60813.60758599 60813.62307662 80
AO-07                60813.68769496 60813.70040144 17
AO-07                60814.11270841 60814.12728043 35
AO-07                60814.19089372 60814.20564517 44
AO-07                60814.27094295 60814.27915966 6
AO-07                60814.49466218 60814.50047700 3
AO-07                60814.56684753 60814.58115918 34
AO-07                60814.64448133 60814.65963878 47
AO-07                60814.72842680 60814.73427439 2
AO-07                60815.07238268 60815.08342113 11
AO-07                60815.14910830 60815.16452364 79
AO-07                60815.22807540 60815.24084814 20
AO-07                60815.52746428 60815.53877125 13
AO-07                60815.60269059 60815.61812084 73
AO-07                60815.68245947 60815.69563111 20
AO-07                60816.10785143 60816.12217486 31
AO-07                60816.18591014 60816.20082778 49
AO-07                60816.26577710 60816.27475475 7
AO-07                60816.56210225 60816.57615218 30
AO-07                60816.63945598 60816.65473929 53
AO-07                60816.72254443 60816.73006527 4
AO-07                60817.06774877 60817.07800689 9
AO-07                60817.14417849 60817.15956213 71
AO-07                60817.22304229 60817.23617691 22
AO-07                60817.52291938 60817.53368673 11
AO-07                60817.59781276 60817.61315863 66
AO-07                60817.67725836 60817.69083685 22
AO-07                60818.10300919 60818.11704504 27
AO-07                60818.18093260 60818.19599249 55
AO-07                60818.26064091 60818.27030287 8
AO-07                60818.55737756 60818.57113834 27
AO-07                60818.63445008 60818.64983031 60
AO-07                60818.71687188 60818.72565829 6
AO-07                60819.06317937 60819.07251601 7
AO-07                60819.13925655 60819.15458293 64
LO-19                60803.10454260 60803.11325201 15
LO-19                60803.17280264 60803.18307151 50
LO-19                60803.24368108 60803.24838304 3
LO-19                60803.57141245 60803.57983818 14
LO-19                60803.63902620 60803.64931730 55
LO-19                60804.08288847 60804.08877875 5
LO-19                60804.14993483 60804.16039090 74
LO-19                60804.21968119 60804.22750590 11
LO-19                60804.55014232 60804.55615875 5
LO-19                60804.61619670 60804.62652626 67
LO-19                60804.68660641 60804.69442774 11
LO-19                60805.12729190 60805.13729100 33
LO-19                60805.19631681 60805.20575765 24
LO-19                60805.59378110 60805.60352181 30
LO-19                60805.66271875 60805.67228835 25
LO-19                60806.10497071 60806.11368211 15
LO-19                60806.17323266 60806.18349819 50
LO-19                60806.24411526 60806.24880391 3
LO-19                60806.57183045 60806.58027142 15
LO-19                60806.63944789 60806.64974781 55
LO-19                60807.08331355 60807.08921003 5
LO-19                60807.15036335 60807.16081697 74
LO-19                60807.22011148 60807.22792868 11
LO-19                60807.55055547 60807.55659414 5
LO-19                60807.61661627 60807.62695620 67
LO-19                60807.68702854 60807.69485600 11
LO-19                60808.12771888 60808.13771648 33
LO-19                60808.19674517 60808.20618030 24
LO-19                60808.59419841 60808.60395133 31
LO-19                60808.66313873 60808.67271603 25
LO-19                60809.10539592 60809.11410725 15
LO-19                60809.17365944 60809.18392027 50
LO-19                60809.24454657 60809.24922001 3
LO-19                60809.57224503 60809.58070099 15
LO-19                60809.63986585 60809.65017477 55
LO-19                60810.08373608 60810.08963580 5
LO-19                60810.15078864 60810.16123836 74
LO-19                60810.22053859 60810.22834692 11
LO-19                60810.55096546 60810.55702563 5
LO-19                60810.61703222 60810.62738254 67
LO-19                60810.68744677 60810.69528088 11
LO-19                60811.12814265 60811.13813718 33
LO-19                60811.19717027 60811.20659839 24
LO-19                60811.59461223 60811.60437717 31
LO-19                60811.66355496 60811.67314019 25
LO-19                60812.10581803 60812.11452742 15
LO-19                60812.17408291 60812.18433775 50
LO-19                60812.24497494 60812.24963134 3
LO-19                60812.57265630 60812.58112676 15
LO-19                60812.64028019 60812.65059821 55
LO-19                60813.08415594 60813.09005609 5
LO-19                60813.15121060 60813.16165509 74
LO-19                60813.22096244 60813.22876061 11
LO-19                60813.55137247 60813.55745306 5
LO-19                60813.61744468 60813.62780518 67
LO-19                60813.68786125 60813.69570225 11
LO-19                60814.12856312 60814.13855312 33
LO-19                60814.19759200 60814.20701194 24
LO-19                60814.59502270 60814.60479920 31
LO-19                60814.66396757 60814.67356071 25
LO-19                60815.10623693 60815.11494268 15
LO-19                60815.17450298 60815.18475065 50
LO-19                60815.24540025 60815.25003793 3
LO-19                60815.57306437 60815.58154857 15
LO-19                60815.64069102 60815.65101786 55
LO-19                60816.08457300 60816.09047098 5
LO-19                60816.15162914 60816.16206719 74
LO-19                60816.22138291 60816.22916977 11
LO-19                60816.55177661 60816.55787625 5
LO-19                60816.61785373 60816.62822399 67
LO-19                60816.68827210 60816.69611997 11
LO-19                60817.12898018 60817.13896436 33
LO-19                60817.19801027 60817.20742098 24
LO-19                60817.59542989 60817.60521730 31
LO-19                60817.66437667 60817.67397747 25
LO-19                60818.10665251 60818.11535307 15
LO-19                60818.17491953 60818.18515902 50
LO-19                60818.24582235 60818.25043985 3
LO-19                60818.57346937 60818.58196631 15
LO-19                60818.64109845 60818.65143366 55
LO-19                60819.08498711 60819.09088056 5
LO-19                60819.15204416 60819.16247472 74
LO-19                60819.22179990 60819.22957447 11
LO-19                60819.55217802 60819.55829503 5
LO-19                60819.61825950 60819.62863885 68
LO-19                60819.68867945 60819.69653388 11
LO-19                60820.12939373 60820.13937094 33
LO-19                60820.19842497 60820.20782556 23
LO-19                60820.59583392 60820.60563134 31
LO-19                60820.66478237 60820.67439033 25
LO-19                60821.10706464 60821.11575868 15
LO-19                60821.17533247 60821.18556291 50
LO-19                60821.24624110 60821.25083719 3
LO-19                60821.57387136 60821.58237984 15
LO-19                60821.64150256 60821.65184547 55
LO-19                60822.08539810 60822.09128495 5
LO-19                60822.15245553 60822.16287773 74
LO-19                60822.22221327 60822.22997477 11
LO-19                60822.55257680 60822.55870926 6
FO-29                60802.94956524 60802.95573025 5
FO-29                60803.29690945 60803.30717544 33
FO-29                60803.37007479 60803.37998849 23
FO-29                60803.83626665 60803.84846358 49
FO-29                60803.90972508 60803.92025598 21
FO-29                60804.26035374 60804.26790601 9
FO-29                60804.33110450 60804.34198489 76
FO-29                60804.40699451 60804.41309936 5
FO-29                60804.79853834 60804.80901749 17
FO-29                60804.87084929 60804.88310704 59
FO-29                60804.94552010 60804.95249247 6
FO-29                60805.29331698 60805.30336144 30
FO-29                60805.36630049 60805.37627246 25
FO-29                60805.83249995 60805.84481723 46
FO-29                60805.90586743 60805.91678932 23
FO-29                60806.25689554 60806.26400590 8
FO-29                60806.32742451 60806.33821588 82
FO-29                60806.40301727 60806.40953848 6
FO-29                60806.79484077 60806.80526207 15
FO-29                60806.86704604 60806.87954148 64
FO-29                60806.94153473 60806.94920684 7
FO-29                60807.28972297 60807.29954888 27
FO-29                60807.36252562 60807.37255656 27
FO-29                60807.82874128 60807.84116682 43
FO-29                60807.90201877 60807.91331563 26
FO-29                60808.25344607 60808.26009827 7
FO-29                60808.32374203 60808.33444914 82
FO-29                60808.39905735 60808.40596090 7
FO-29                60808.79115360 60808.80149836 14
FO-29                60808.86324924 60808.87597174 69
FO-29                60808.93757930 60808.94589347 9
FO-29                60809.28612752 60809.29573837 24
FO-29                60809.35874989 60809.36884160 30
FO-29                60809.82498964 60809.83751143 40
FO-29                60809.89817925 60809.90983472 29
FO-29                60810.25000760 60810.25618166 5
FO-29                60810.32005710 60810.33068535 76
FO-29                60810.39511118 60810.40237062 8
FO-29                60810.78747780 60810.79772474 13
FO-29                60810.85945946 60810.87239677 74
FO-29                60810.93364858 60810.94255732 10
FO-29                60811.28253100 60811.29193051 22
FO-29                60811.35497314 60811.36512833 33
FO-29                60811.82124577 60811.83385011 37
FO-29                60811.89434905 60811.90634622 31
FO-29                60812.24663362 60812.25225467 4
FO-29                60812.31637087 60812.32692498 68
FO-29                60812.39117638 60812.39877072 9
FO-29                60812.78382125 60812.79393954 12
FO-29                60812.85567727 60812.86881598 77
FO-29                60812.92973921 60812.93920157 12
FO-29                60813.27893324 60813.28812586 20
FO-29                60813.35119528 60813.36141745 36
FO-29                60813.81751017 60813.83018188 35
FO-29                60813.89052839 60813.90284971 35
FO-29                60814.24322935 60814.24831179 4
FO-29                60814.31268101 60814.32316892 61
FO-29                60814.38725098 60814.39516370 10
FO-29                60814.78017314 60814.79014091 11
FO-29                60814.85190321 60814.86522858 78
FO-29                60814.92584888 60814.93582796 13
FO-29                60815.27533478 60815.28432474 18
FO-29                60815.34741635 60815.35770963 40
FO-29                60815.81378425 60815.82650573 33
FO-29                60815.88671750 60815.89934462 38
FO-29                60816.23985095 60816.24434787 3
FO-29                60816.30898895 60816.31941749 55
FO-29                60816.38333360 60816.39155123 12
FO-29                60816.77654140 60816.78632676 10
FO-29                60816.84813780 60816.86163374 76
FO-29                60816.92197597 60816.93243803 15
FO-29                60817.27173603 60817.28052790 16
FO-29                60817.34363644 60817.35400522 45
FO-29                60817.81006814 60817.82282063 31
FO-29                60817.88291661 60817.89583058 41
FO-29                60817.95824920 60817.96382667 3
FO-29                60818.30529492 60818.31567115 49
FO-29                60818.37942324 60818.38793523 13
FO-29                60818.77292804 60818.78249474 9
FO-29                60818.84438154 60818.85803064 73
FO-29                60818.91811931 60818.92903262 17
FO-29                60819.26813730 60819.27673556 15
FO-29                60819.33985574 60819.35030497 50
FO-29                60819.80636279 60819.81912550 29
FO-29                60819.87912596 60819.89230670 45
FO-29                60819.95417738 60819.96069674 4
FO-29                60820.30159937 60820.31193029 45
FO-29                60820.37548825 60820.38431893 15
FO-29                60820.76933544 60820.77864195 8
FO-29                60820.84063491 60820.85441847 69
FO-29                60820.91427806 60820.92561183 19
FO-29                60821.26453949 60821.27294805 13
FO-29                60821.33607453 60821.34660910 56
FO-29                60821.80266892 60821.81541926 27
FO-29                60821.87534578 60821.88877258 49
FO-29                60821.95017211 60821.95750156 5
FO-29                60822.29790277 60822.30819545 40
FO-29                60822.37158975 60822.38069920 17
FO-29                60822.76576644 60822.77476532 8
SO-50                60803.08815024 60803.09389501 6
SO-50                60803.15533990 60803.16462313 82
SO-50                60803.22648633 60803.23326303 8
SO-50                60803.51192510 60803.52093921 23
SO-50                60803.58125173 60803.59054108 32
SO-50                60804.09993445 60804.10796774 18
SO-50                60804.16870459 60804.17770999 34
SO-50                60804.24149897 60804.24552807 2
SO-50                60804.45662975 60804.46251885 5
SO-50                60804.52490429 60804.53457423 50
SO-50                60804.59489776 60804.60287773 14
SO-50                60805.11245819 60805.12149460 43
SO-50                60805.18250067 60805.19061495 16
SO-50                60805.46918175 60805.47713561 13
SO-50                60805.53805361 60805.54778885 69
SO-50                60805.60932904 60805.61428683 4
SO-50                60806.05798219 60806.06421392 7
SO-50                60806.12545929 60806.13474242 72
SO-50                60806.19681685 60806.20328906 7
SO-50                60806.48200096 60806.49115452 26
SO-50                60806.55141425 60806.56056883 28
SO-50                60807.06990881 60807.07815757 20
SO-50                60807.13887785 60807.14779327 30
SO-50                60807.42661726 60807.43289584 6
SO-50                60807.49499642 60807.50471543 57
SO-50                60807.56511877 60807.57279874 12
SO-50                60808.08250441 60808.09162400 50
SO-50                60808.15273471 60808.16066071 14
SO-50                60808.43921296 60808.44739627 14
SO-50                60808.50816497 60808.51785831 60
SO-50                60808.57977910 60808.58393508 2
SO-50                60809.02782316 60809.03447557 9
SO-50                60809.09556084 60809.10483039 63
SO-50                60809.16713598 60809.17327891 6
SO-50                60809.45205395 60809.46133177 29
SO-50                60809.52155678 60809.53055816 25
SO-50                60810.03987117 60810.04830992 23
SO-50                60810.10903322 60810.11784562 27
SO-50                60810.39659076 60810.40322348 7
SO-50                60810.46506561 60810.47481996 66
SO-50                60810.53532784 60810.54267354 10
SO-50                60811.05253467 60811.06172059 58
SO-50                60811.12295241 60811.13067478 13
SO-50                60811.40922394 60811.41761637 16
SO-50                60811.47825416 60811.48789112 52
SO-50                60811.99766629 60812.00468633 10
SO-50                60812.06564449 60812.07488725 55
SO-50                60812.13744518 60812.14323090 5
SO-50                60812.35432080 60812.35840942 2
SO-50                60812.42208401 60812.43147140 32
SO-50                60812.49167984 60812.50050851 22
SO-50                60813.00982030 60813.01842600 26
SO-50                60813.07917068 60813.08786745 24
SO-50                60813.36654798 60813.37350427 8
SO-50                60813.43511169 60813.44488805 75
SO-50                60813.50552750 60813.51249927 9
SO-50                60813.95633453 60813.96032985 3
SO-50                60814.02254723 60814.03178479 67
SO-50                60814.09315407 60814.10065695 11
SO-50                60814.37921326 60814.38779670 18
SO-50                60814.44832134 60814.45788728 46
SO-50                60814.96750674 60814.97485061 12
SO-50                60815.03570988 60815.04491320 48
SO-50                60815.10774662 60815.11314289 4
SO-50                60815.32415801 60815.32882052 3
SO-50                60815.39209095 60815.40157381 36
SO-50                60815.46178407 60815.47041973 20
SO-50                60815.97975514 60815.98850671 30
SO-50                60816.04929025 60816.05785854 22
SO-50                60816.33648726 60816.34374018 9
SO-50                60816.40513470 60816.41491990 84
SO-50                60816.47577576 60816.48227142 7
SO-50                60816.92591837 60816.93068008 4
SO-50                60816.99254213 60817.00181700 77
SO-50                60817.06334006 60817.07060661 10
SO-50                60817.34918023 60817.35793790 19
SO-50                60817.41836653 60817.42784676 40
SO-50                60817.93734137 60817.94497141 14
SO-50                60818.00575691 60818.01490840 42
SO-50                60818.07804338 60818.08301149 3
SO-50                60818.29400084 60818.29916188 4
SO-50                60818.36207459 60818.37163937 41
SO-50                60818.43187021 60818.44029090 17
SO-50                60818.94967479 60818.95855315 34
SO-50                60819.01939193 60819.02781886 19
SO-50                60819.30640079 60819.31393529 10
SO-50                60819.37513565 60819.38491566 85
SO-50                60819.44597361 60819.45198715 6
SO-50                60819.89555381 60819.90093486 5
SO-50                60819.96251931 60819.97181756 85
SO-50                60820.03351068 60820.04052346 9
SO-50                60820.31912463 60820.32804077 22
SO-50                60820.38839033 60820.39776946 35
SO-50                60820.90716742 60820.91505150 16
SO-50                60820.97578525 60820.98487297 37
SO-50                60821.04833999 60821.05283146 3
SO-50                60821.26383983 60821.26944357 5
SO-50                60821.33203485 60821.34166838 46
SO-50                60821.40193913 60821.41012127 15
HO-68                60802.96403566 60802.97582135 20
HO-68                60803.03820629 60803.05164996 61
HO-68                60803.11441752 60803.12302751 8
HO-68                60803.39903326 60803.40794445 9
HO-68                60803.47059462 60803.48406847 64
HO-68                60803.54658078 60803.55818042 19
HO-68                60803.95259437 60803.96335735 14
HO-68                60804.02635281 60804.03995978 80
HO-68                60804.10219145 60804.11214977 12
HO-68                60804.38841316 60804.39559197 5
HO-68                60804.45898454 60804.47218318 48
HO-68                60804.53425693 60804.54666430 26
HO-68                60804.94135863 60804.95065265 9
HO-68                60805.01454109 60805.02817197 77
HO-68                60805.09006860 60805.10108719 17
HO-68                60805.37816330 60805.38290197 2
HO-68                60805.44747382 60805.46025713 36
HO-68                60805.52207893 60805.53505519 36
HO-68                60805.93045600 60805.93755031 4
HO-68                60806.00277525 60806.01628475 58
HO-68                60806.07801726 60806.08987641 23
HO-68                60806.43607144 60806.44828775 27
HO-68                60806.51002409 60806.52337471 49
HO-68                60806.58976134 60806.59490390 2
HO-68                60806.99105961 60807.00429286 43
HO-68                60807.06602115 60807.07853858 31
HO-68                60807.42478794 60807.43626868 20
HO-68                60807.49807892 60807.51163664 66
HO-68                60807.57622509 60807.58438950 6
HO-68                60807.97940783 60807.99218623 31
HO-68                60808.05407143 60808.06708715 41
HO-68                60808.13102212 60808.13709049 3
HO-68                60808.41364000 60808.42418833 15
HO-68                60808.48623572 60808.49984962 88
HO-68                60808.56332708 60808.57331191 11
HO-68                60808.96783535 60808.97994809 23
HO-68                60809.04216358 60809.05553052 55
HO-68                60809.11852548 60809.12659924 7
HO-68                60809.40264670 60809.41202491 10
HO-68                60809.47449095 60809.48801895 71
HO-68                60809.55073876 60809.56198559 17
HO-68                60809.95636972 60809.96754968 16
HO-68                60810.03029615 60810.04387402 73
HO-68                60810.10625173 60810.11579845 11
HO-68                60810.39193158 60810.39973579 6
HO-68                60810.46284649 60810.47614746 53
HO-68                60810.53835649 60810.55050907 23
HO-68                60810.94506670 60810.95493893 11
HO-68                60811.01846968 60811.03211981 85
HO-68                60811.09409864 60811.10479355 15
HO-68                60811.38149493 60811.38720002 3
HO-68                60811.45129975 60811.46423573 40
HO-68                60811.52613121 60811.53892885 32
HO-68                60811.93401997 60811.94200407 6
HO-68                60812.00668747 60812.02026717 64
HO-68                60812.08202538 60812.09363060 21
HO-68                60812.43985881 60812.45228165 30
HO-68                60812.51403561 60812.52727122 44
HO-68                60812.99495316 60813.00831211 47
HO-68                60813.07001178 60813.08233447 28
HO-68                60813.42853263 60813.44028062 22
HO-68                60813.50205353 60813.51555184 60
HO-68                60813.58065139 60813.58797432 5
HO-68                60813.98327835 60813.99624655 35
HO-68                60814.05804695 60814.07092063 37
HO-68                60814.13528558 60814.14046631 2
HO-68                60814.41733550 60814.42822321 16
HO-68                60814.49017555 60814.50378096 80
HO-68                60814.56759730 60814.57702996 9
HO-68                60814.97167614 60814.98405608 25
HO-68                60815.04612516 60815.05939946 50
HO-68                60815.12265642 60815.13013739 6
HO-68                60815.40628232 60815.41609176 12
HO-68                60815.47839665 60815.49196492 78
HO-68                60815.55491850 60815.56577370 15
HO-68                60815.96016958 60815.97171716 18
HO-68                60816.03424400 60816.04777682 66
HO-68                60816.11032480 60816.11942406 9
HO-68                60816.39542660 60816.40385211 8
HO-68                60816.46671572 60816.48010736 59
HO-68                60816.54247229 60816.55434212 21
HO-68                60816.94880466 60816.95918791 12
HO-68                60817.02240323 60817.03605604 87
HO-68                60817.09813723 60817.10848196 14
HO-68                60817.38490935 60817.39142548 4
HO-68                60817.45513626 60817.46820961 44
HO-68                60817.53019662 60817.54279403 29
HO-68                60817.93764811 60817.94638495 7
HO-68                60818.01060536 60818.02423743 71
HO-68                60818.08603996 60818.09736942 19
HO-68                60818.44365783 60818.45627054 33
HO-68                60818.51805841 60818.53116091 40
HO-68                60818.92692017 60818.93308455 3
HO-68                60818.99885511 60819.01231819 53
HO-68                60819.07400776 60819.08611663 25
HO-68                60819.43229046 60819.44428657 25
HO-68                60819.50603836 60819.51946142 54
HO-68                60819.58518116 60819.59147303 3
HO-68                60819.98715723 60820.00029177 39
AO-73                60802.99591144 60803.00309503 15
AO-73                60803.06154705 60803.06928453 26
AO-73                60803.44301435 60803.44794876 5
AO-73                60803.50658051 60803.51521010 87
AO-73                60803.57484109 60803.57942783 4
AO-73                60803.99525558 60804.00244637 15
AO-73                60804.06090833 60804.06867566 27
AO-73                60804.44245542 60804.44726390 4
AO-73                60804.50595717 60804.51456974 85
AO-73                60804.57414925 60804.57883809 4
AO-73                60804.99462854 60805.00177771 15
AO-73                60805.06025210 60805.06805013 27
AO-73                60805.44188308 60805.44655861 4
AO-73                60805.50531707 60805.51391180 83
AO-73                60805.57344058 60805.57823047 4
AO-73                60805.99398494 60806.00109108 14
AO-73                60806.05957841 60806.06740789 28
AO-73                60806.44129765 60806.44583258 4
AO-73                60806.50466023 60806.51323628 81
AO-73                60806.57271505 60806.57760500 4
AO-73                60806.99332484 60807.00038640 14
AO-73                60807.05888728 60807.06674893 29
AO-73                60807.44069938 60807.44508547 3
AO-73                60807.50398655 60807.51254320 78
AO-73                60807.57197246 60807.57696170 5
AO-73                60807.99264831 60807.99966362 13
AO-73                60808.05817877 60808.06607319 30
AO-73                60808.44008895 60808.44431683 3
AO-73                60808.50329631 60808.51183255 75
AO-73                60808.57121317 60808.57630060 5
AO-73                60808.99195544 60808.99892265 13
AO-73                60809.05745292 60809.06538065 31
AO-73                60809.43946661 60809.44352619 3
AO-73                60809.50258926 60809.51110435 73
AO-73                60809.57043699 60809.57562154 5
AO-73                60809.99124631 60809.99816343 13
AO-73                60810.05670976 60810.06467126 32
AO-73                60810.43883321 60810.44271271 3
AO-73                60810.50186549 60810.51035861 70
AO-73                60810.56964394 60810.57492485 5
AO-73                60810.99052100 60810.99738585 12
AO-73                60811.05594936 60811.06394497 33
AO-73                60811.43824680 60811.44187589 2
AO-73                60811.50112518 60811.50959533 67
AO-73                60811.56883400 60811.57421036 6
AO-73                60811.98977960 60811.99658984 12
AO-73                60812.05517174 60812.06320175 35
AO-73                60812.43759509 60812.44101408 2
AO-73                60812.50036796 60812.50881453 65
AO-73                60812.56800720 60812.57347812 6
AO-73                60812.98902222 60812.99577529 11
AO-73                60813.05433381 60813.06243840 36
AO-73                60813.49959406 60813.50801620 62
AO-73                60813.56716354 60813.57272813 6
AO-73                60813.98824895 60813.99494209 11
AO-73                60814.05352188 60814.06166119 37
AO-73                60814.49880350 60814.50720035 60
AO-73                60814.56630302 60814.57196043 6
AO-73                60814.98745991 60814.99409012 10
AO-73                60815.05269289 60815.06086690 39
AO-73                60815.49799632 60815.50636700 57
AO-73                60815.56542565 60815.57117500 7
AO-73                60815.98665523 60815.99321926 10
AO-73                60816.05184688 60816.06005547 40
AO-73                60816.49717251 60816.50551613 55
AO-73                60816.56453146 60816.57037188 7
AO-73                60816.98583504 60816.99232936 10
AO-73                60817.05098394 60817.05922686 42
AO-73                60817.49633210 60817.50464776 52
AO-73                60817.56362045 60817.56955106 7
AO-73                60817.98499948 60817.99142028 9
AO-73                60818.05010403 60818.05838100 44
AO-73                60818.49547519 60818.50376189 50
AO-73                60818.56269265 60818.56871274 8
AO-73                60818.98414871 60818.99049186 9
AO-73                60819.04920726 60819.05751785 46
AO-73                60819.49460161 60819.50285852 48
AO-73                60819.56174807 60819.56785656 8
AO-73                60819.98328289 60819.98954390 8
AO-73                60820.04829369 60820.05663735 48
AO-73                60820.49371165 60820.50193765 45
AO-73                60820.56078672 60820.56698273 9
AO-73                60820.98240219 60820.98857621 8
AO-73                60821.04736335 60821.05573943 51
AO-73                60821.49280516 60821.50099928 43
AO-73                60821.55980864 60821.56609130 9
AO-73                60821.98150685 60821.98758858 8
AO-73                60822.04641625 60822.05482403 53
AO-73                60822.49188224 60822.50004340 41
AO-73                60822.55881385 60822.56518222 10
AO-73                60822.98059709 60822.98658078 7
AO-73                60823.04545260 60823.05389109 56
AO-73                60823.49094292 60823.49907002 39
AO-73                60823.55780237 60823.56425552 10
AO-73                60823.97967315 60823.98555257 7
AO-73                60824.04447235 60824.05294055 59
AO-73                60824.48998725 60824.49807911 38
AO-73                60824.55677418 60824.56331119 10
AO-73                60824.97873533 60824.98450340 6
TITA                 60803.31035848 60803.31846337 53
TITA                 60803.37676259 60803.38244259 8
TITA                 60803.75390906 60803.76103854 16
TITA                 60803.81894227 60803.82677011 27
TITA                 60804.30408794 60804.31207839 38
TITA                 60804.37020843 60804.37650297 10
TITA                 60804.74787887 60804.75454440 12
TITA                 60804.81250202 60804.82052730 35
TITA                 60805.29783246 60805.30564126 29
TITA                 60805.36369140 60805.37048509 14
TITA                 60805.74189963 60805.74799482 9
TITA                 60805.80604790 60805.81424301 48
TITA                 60806.29159517 60806.29914821 22
TITA                 60806.35720622 60806.36440759 18
TITA                 60806.73598787 60806.74137366 6
TITA                 60806.79966426 60806.80792603 67
TITA                 60807.28538195 60807.29259397 16
TITA                 60807.35073493 60807.35826347 24
TITA                 60807.73017579 60807.73464871 4
TITA                 60807.79330687 60807.80157469 88
TITA                 60807.86126297 60807.86528471 3
TITA                 60808.27920056 60808.28596985 12
TITA                 60808.34427896 60808.35206476 31
TITA                 60808.78697519 60808.79518979 65
TITA                 60808.85426507 60808.85941535 5
TITA                 60809.27306405 60809.27926266 9
TITA                 60809.33779266 60809.34581131 42
TITA                 60809.78066922 60809.78877144 47
TITA                 60809.84742125 60809.85338440 8
TITA                 60810.26699505 60810.27244905 6
TITA                 60810.33136062 60810.33951108 58
TITA                 60810.77439016 60810.78231902 34
TITA                 60810.84067000 60810.84725304 11
TITA                 60811.26104040 60811.26548074 4
TITA                 60811.32493941 60811.33316185 80
TITA                 60811.39206428 60811.39605945 3
TITA                 60811.76813997 60811.77583112 26
TITA                 60811.83398406 60811.84104832 15
TITA                 60812.31852916 60812.32676376 74
TITA                 60812.38523484 60812.39025445 5
TITA                 60812.76192172 60812.76930538 20
TITA                 60812.82734821 60812.83478505 20
TITA                 60813.31212796 60813.32031616 53
TITA                 60813.37850724 60813.38430452 8
TITA                 60813.75573996 60813.76273760 15
TITA                 60813.82075339 60813.82847267 26
TITA                 60814.30574199 60814.31381756 38
TITA                 60814.37183745 60814.37825459 11
TITA                 60814.74960162 60814.75612173 11
TITA                 60814.81419372 60814.82211684 35
TITA                 60815.29937202 60815.30726546 29
TITA                 60815.36520529 60815.37212534 14
TITA                 60815.74351801 60815.74944741 8
TITA                 60815.80762218 60815.81571858 49
TITA                 60816.29302127 60816.30065594 22
TITA                 60816.35860541 60816.36593546 19
TITA                 60816.73750797 60816.74269591 6
TITA                 60816.80112214 60816.80928671 68
TITA                 60817.28669588 60817.29398349 16
TITA                 60817.35202001 60817.35967785 25
TITA                 60817.73161042 60817.73582855 3
TITA                 60817.79464972 60817.80281971 86
TITA                 60817.86256018 60817.86654547 3
TITA                 60818.28040394 60818.28723903 12
TITA                 60818.34545054 60818.35336459 33
TITA                 60818.78820441 60818.79631841 62
TITA                 60818.85543918 60818.86056689 5
TITA                 60819.27415920 60819.28040869 9
TITA                 60819.33885119 60819.34699544 44
TITA                 60819.78178621 60819.78978287 44
TITA                 60819.84847657 60819.85442309 8
TITA                 60820.26798565 60820.27346767 6
TITA                 60820.33230683 60820.34057844 61
TITA                 60820.77539655 60820.78321238 32
TITA                 60820.84160865 60820.84817730 11
TITA                 60821.26193408 60821.26636387 3
TITA                 60821.32577402 60821.33411125 85
TITA                 60821.39277638 60821.39714010 4
TITA                 60821.76903763 60821.77660527 24
TITA                 60821.83480749 60821.84185730 16
TITA                 60822.31925307 60822.32759388 70
TITA                 60822.38586420 60822.39119024 6
TITA                 60822.76271283 60822.76995896 18
TITA                 60822.82805763 60822.83547817 21
TITA                 60823.31274190 60823.32102556 50
TITA                 60823.37904007 60823.38510875 9
TITA                 60823.75642737 60823.76326862 14
TITA                 60823.82134980 60823.82904948 28
TITA                 60824.30624726 60824.31440457 37
TITA                 60824.37226834 60824.37893185 12
TITA                 60824.75018947 60824.75652714 10
TITA                 60824.81467817 60824.82257695 37
TITA                 60825.29977005 60825.30772812 27
TITA                 60825.36553185 60825.37267779 16
TITA                 60825.74401174 60825.74972214 7
TITA                 60825.80799583 60825.81606166 52
TITA                 60826.29331409 60826.30099191 21
TITA                 60826.35882638 60826.36636363 21
TITA                 60826.73791808 60826.74283083 5
NOAA-15              60803.16098535 60803.16978410 15
NOAA-15              60803.22960809 60803.23997362 51
NOAA-15              60803.30087730 60803.30559263 3
NOAA-15              60803.63006520 60803.63872557 15
NOAA-15              60803.69808677 60803.70853675 53
NOAA-15              60804.14368877 60804.15049113 7
NOAA-15              60804.21144154 60804.22201280 87
NOAA-15              60804.28174350 60804.28913531 9
NOAA-15              60804.61307437 60804.62001930 8
NOAA-15              60804.67992488 60804.69047441 82
NOAA-15              60804.75115856 60804.75844103 8
NOAA-15              60805.19340685 60805.20379606 47
NOAA-15              60805.26310107 60805.27204468 17
NOAA-15              60805.66201790 60805.67227967 44
NOAA-15              60805.73196820 60805.74104101 17
NOAA-15              60806.17553477 60806.18529894 25
NOAA-15              60806.24467508 60806.25458501 31
NOAA-15              60806.64437502 60806.65395022 25
NOAA-15              60806.71326402 60806.72330250 32
NOAA-15              60807.15789758 60807.16644740 13
NOAA-15              60807.22639836 60807.23683703 57
NOAA-15              60807.29745162 60807.30277243 4
NOAA-15              60807.62704176 60807.63545297 14
NOAA-15              60807.69487701 60807.70536334 60
NOAA-15              60807.76765870 60807.77216373 2
NOAA-15              60808.14070329 60808.14702498 5
NOAA-15              60808.20825172 60808.21883096 79
NOAA-15              60808.27843648 60808.28616132 10
NOAA-15              60808.61013830 60808.61668266 6
NOAA-15              60808.67675646 60808.68727558 74
NOAA-15              60808.74775067 60808.75540340 9
NOAA-15              60809.19023956 60809.20056709 42
NOAA-15              60809.25983841 60809.26899526 19
NOAA-15              60809.65889078 60809.66905651 40
NOAA-15              60809.72865256 60809.73792683 19
NOAA-15              60810.17239827 60810.18201475 23
NOAA-15              60810.24143905 60810.25148019 34
NOAA-15              60810.64129421 60810.65069959 22
NOAA-15              60810.71000612 60810.72014620 35
NOAA-15              60811.15481255 60811.16308657 12
NOAA-15              60811.22318318 60811.23368486 63
NOAA-15              60811.29405148 60811.29990386 5
NOAA-15              60811.62402043 60811.63216410 12
NOAA-15              60811.69166444 60811.70217734 67
NOAA-15              60811.76404319 60811.76929998 4
NOAA-15              60812.13774349 60812.14351108 4
NOAA-15              60812.20505685 60812.21563319 71
NOAA-15              60812.27513042 60812.28316412 12
NOAA-15              60812.60721536 60812.61331934 5
NOAA-15              60812.67358505 60812.68406424 67
NOAA-15              60812.74435250 60812.75234037 11
NOAA-15              60813.18706814 60813.19732113 38
NOAA-15              60813.25657223 60813.26592749 21
NOAA-15              60813.65576146 60813.66582081 36
NOAA-15              60813.72533773 60813.73479622 21
NOAA-15              60814.16926008 60814.17871109 21
NOAA-15              60814.23819811 60814.24835887 38
NOAA-15              60814.63821254 60814.64743541 20
NOAA-15              60814.70674628 60814.71697619 39
NOAA-15              60815.15173228 60815.15969953 10
NOAA-15              60815.21996284 60815.23051647 70
NOAA-15              60815.29066838 60815.29699594 6
NOAA-15              60815.62100215 60815.62885845 11
NOAA-15              60815.68844886 60815.69897870 74
NOAA-15              60815.76048146 60815.76636733 5
NOAA-15              60816.13482991 60816.13993635 3
NOAA-15              60816.20185727 60816.21241911 64
NOAA-15              60816.27182446 60816.28014492 13
NOAA-15              60816.60431018 60816.60992494 4
NOAA-15              60816.67041064 60816.68084100 60
NOAA-15              60816.74096164 60816.74925475 12
NOAA-15              60817.18389318 60817.19405770 34
NOAA-15              60817.25330247 60817.26284167 24
NOAA-15              60817.65262971 60817.66257272 33
NOAA-15              60817.72202311 60817.73164999 24
NOAA-15              60818.16612116 60818.17538696 18
NOAA-15              60818.23495241 60818.24522086 42
NOAA-15              60818.63513043 60818.64415732 18
NOAA-15              60818.70348425 60818.71379316 44
NOAA-15              60819.14865906 60819.15628368 9
NOAA-15              60819.21673763 60819.22733181 78
NOAA-15              60819.28726347 60819.29405647 7
NOAA-15              60819.61798813 60819.62553482 10
NOAA-15              60819.68523051 60819.69576787 82
NOAA-15              60819.75695495 60819.76338464 6
NOAA-15              60820.13197064 60820.13627593 2
NOAA-15              60820.19865340 60820.20918831 57
NOAA-15              60820.26851794 60820.27710433 15
NOAA-15              60820.60142967 60820.60649260 3
NOAA-15              60820.66723329 60820.67760580 54
NOAA-15              60820.73754368 60820.74615063 14
NOAA-15              60821.18071530 60821.19077600 31
NOAA-15              60821.25002912 60821.25973782 26
NOAA-15              60821.64949583 60821.65931224 29
NOAA-15              60821.71870819 60821.72848884 26
NOAA-15              60822.16298264 60822.17204116 17
NOAA-15              60822.23170236 60822.24206607 47
NOAA-15              60822.30314840 60822.30741895 2
NOAA-15              60822.63204844 60822.64086549 17
NOAA-18              60803.30065164 60803.30886478 11
NOAA-18              60803.36947475 60803.38036591 73
NOAA-18              60803.44067207 60803.44756331 7
NOAA-18              60803.77388903 60803.78267483 14
NOAA-18              60803.84224171 60803.85323190 65
NOAA-18              60803.91530920 60803.92095952 4
NOAA-18              60804.29218033 60804.29923519 7
NOAA-18              60804.36052163 60804.37145027 84
NOAA-18              60804.43136814 60804.43927442 10
NOAA-18              60804.76548027 60804.77345498 10
NOAA-18              60804.83327143 60804.84430711 86
NOAA-18              60804.90545112 60804.91269126 7
NOAA-18              60805.28395547 60805.28933062 3
NOAA-18              60805.35159979 60805.36247287 63
NOAA-18              60805.42214886 60805.43085850 14
NOAA-18              60805.75719825 60805.76414965 7
NOAA-18              60805.82436211 60805.83535055 72
NOAA-18              60805.89581469 60805.90420471 11
NOAA-18              60806.34270960 60806.35343171 47
NOAA-18              60806.41298921 60806.42234279 19
NOAA-18              60806.74909807 60806.75470482 4
NOAA-18              60806.81551331 60806.82636336 54
NOAA-18              60806.88636478 60806.89558747 16
NOAA-18              60807.33385868 60807.34432281 35
NOAA-18              60807.40387562 60807.41374254 25
NOAA-18              60807.80672756 60807.81734546 40
NOAA-18              60807.87703177 60807.88688284 21
NOAA-18              60808.32505217 60808.33513991 26
NOAA-18              60808.39480018 60808.40506749 32
NOAA-18              60808.79800470 60808.80829542 30
NOAA-18              60808.86779255 60808.87811307 28
NOAA-18              60809.31630003 60809.32587263 19
NOAA-18              60809.38575822 60809.39632428 43
NOAA-18              60809.78935084 60809.79921035 23
NOAA-18              60809.85863322 60809.86929166 38
NOAA-18              60810.30761815 60810.31650469 14
NOAA-18              60810.37674721 60810.38751646 57
NOAA-18              60810.44833718 60810.45412093 5
NOAA-18              60810.78077275 60810.79008485 18
NOAA-18              60810.84954496 60810.86042714 51
NOAA-18              60811.29903273 60811.30700832 10
NOAA-18              60811.36776605 60811.37864658 77
NOAA-18              60811.43889137 60811.44597334 7
NOAA-18              60811.77228134 60811.78090995 13
NOAA-18              60811.84052223 60811.85152524 69
NOAA-18              60811.91338772 60811.91940834 5
NOAA-18              60812.29059601 60812.29732968 6
NOAA-18              60812.35881486 60812.36971535 80
NOAA-18              60812.42960155 60812.43765426 11
NOAA-18              60812.76389387 60812.77167043 9
NOAA-18              60812.83156176 60812.84258966 89
NOAA-18              60812.90359029 60812.91107890 8
NOAA-18              60813.28244962 60813.28733093 3
NOAA-18              60813.34989569 60813.36072202 59
NOAA-18              60813.42039058 60813.42921455 15
NOAA-18              60813.75564148 60813.76233715 6
NOAA-18              60813.82266211 60813.83362258 68
NOAA-18              60813.89398709 60813.90255764 12
NOAA-18              60814.34100866 60814.35166423 44
NOAA-18              60814.41123624 60814.42067834 20
NOAA-18              60814.74759138 60814.75284425 3
NOAA-18              60814.81382324 60814.82462488 50
NOAA-18              60814.88456027 60814.89391633 17
NOAA-18              60815.33216226 60815.34253758 32
NOAA-18              60815.40212625 60815.41205974 26
NOAA-18              60815.80504778 60815.81559631 38
NOAA-18              60815.87524475 60815.88519310 23
NOAA-18              60816.32336209 60816.33333498 24
NOAA-18              60816.39305342 60816.40336776 34
NOAA-18              60816.79633611 60816.80653491 29
NOAA-18              60816.86601973 60816.87640792 30
NOAA-18              60817.31461906 60817.32404519 18
NOAA-18              60817.38401350 60817.39460831 45
NOAA-18              60817.45610311 60817.46047301 2
NOAA-18              60817.78769476 60817.79743748 22
NOAA-18              60817.85687253 60817.86757303 40
NOAA-18              60818.30595082 60818.31464999 13
NOAA-18              60818.37500428 60818.38578491 61
NOAA-18              60818.44650076 60818.45254341 5
NOAA-18              60818.77913123 60818.78829804 17
NOAA-18              60818.84779513 60818.85869636 54
NOAA-18              60818.92159900 60818.92582841 2
NOAA-18              60819.29738719 60819.30511788 9
NOAA-18              60819.36602491 60819.37689963 81
NOAA-18              60819.43707926 60819.44435462 8
NOAA-18              60819.77065754 60819.77910634 12
NOAA-18              60819.83878249 60819.84978315 73
NOAA-18              60819.91146027 60819.91780691 5
NOAA-18              60820.28899038 60820.29538493 5
NOAA-18              60820.35707606 60820.36795289 75
NOAA-18              60820.42780258 60820.43600660 12
NOAA-18              60820.76229302 60820.76984510 9
NOAA-18              60820.82983174 60820.84083677 85
NOAA-18              60820.90171475 60820.90942499 9
NOAA-18              60821.28094352 60821.28526971 2
NOAA-18              60821.34815953 60821.35894365 56
NOAA-18              60821.41859951 60821.42754360 16
NOAA-18              60821.75407405 60821.76048003 6
NOAA-18              60821.82094172 60821.83185910 64
NOAA-19              60803.30027334 60803.31098913 46
NOAA-19              60803.37054850 60803.37990635 19
NOAA-19              60803.70680718 60803.71231260 4
NOAA-19              60803.77323563 60803.78397653 54
NOAA-19              60803.84412034 60803.85317824 15
NOAA-19              60804.29158077 60804.30204768 34
NOAA-19              60804.36159651 60804.37146705 25
NOAA-19              60804.76460780 60804.77512030 40
NOAA-19              60804.83494710 60804.84463733 21
NOAA-19              60805.28293135 60805.29303406 26
NOAA-19              60805.35268167 60805.36295475 32
NOAA-19              60805.75604092 60805.76623276 31
NOAA-19              60805.82586686 60805.83603087 27
NOAA-19              60806.27433457 60806.28393840 19
NOAA-19              60806.34379946 60806.35437589 43
NOAA-19              60806.74754088 60806.75731077 23
NOAA-19              60806.81686548 60806.82737254 36
NOAA-19              60807.26580545 60807.27474530 14
NOAA-19              60807.33494742 60807.34573389 57
NOAA-19              60807.40654351 60807.41231665 4
NOAA-19              60807.73911401 60807.74834943 18
NOAA-19              60807.80793402 60807.81867128 49
NOAA-19              60808.25736839 60808.26542888 10
NOAA-19              60808.32612426 60808.33703128 77
NOAA-19              60808.39725963 60808.40432987 7
NOAA-19              60808.73077089 60808.73934014 13
NOAA-19              60808.79906680 60808.80993274 66
NOAA-19              60808.87207956 60808.87769129 4
NOAA-19              60809.24907118 60809.25593991 6
NOAA-19              60809.31733040 60809.32826877 81
NOAA-19              60809.38812982 60809.39617383 11
NOAA-19              60809.72252728 60809.73026860 10
NOAA-19              60809.79026041 60809.80116075 88
NOAA-19              60809.86240086 60809.86956415 7
NOAA-19              60810.24103826 60810.24615810 3
NOAA-19              60810.30856734 60810.31944577 61
NOAA-19              60810.37907805 60810.38789886 15
NOAA-19              60810.71441280 60810.72110761 6
NOAA-19              60810.78151322 60810.79235761 70
NOAA-19              60810.85293618 60810.86122538 11
NOAA-19              60811.29983530 60811.31056014 45
NOAA-19              60811.37008225 60811.37952881 20
NOAA-19              60811.70648878 60811.71179697 4
NOAA-19              60811.77282504 60811.78352435 52
NOAA-19              60811.84365342 60811.85275897 16
NOAA-19              60812.29114213 60812.30160784 34
NOAA-19              60812.36113019 60812.37107763 26
NOAA-19              60812.76419820 60812.77466076 39
NOAA-19              60812.83448458 60812.84420686 21
NOAA-19              60813.28249287 60813.29258258 25
NOAA-19              60813.35221468 60813.36255427 33
NOAA-19              60813.75563277 60813.76576552 30
NOAA-19              60813.82540723 60813.83559086 28
NOAA-19              60814.27389737 60814.28347408 19
NOAA-19              60814.34333143 60814.35396457 44
NOAA-19              60814.41547338 60814.41973061 2
NOAA-19              60814.74713480 60814.75683545 23
NOAA-19              60814.81640781 60814.82692392 38
NOAA-19              60815.26537132 60815.27426625 14
NOAA-19              60815.33447817 60815.34531221 59
NOAA-19              60815.40601410 60815.41198317 5
NOAA-19              60815.73871098 60815.74786532 17
NOAA-19              60815.80747772 60815.81821472 51
NOAA-19              60816.25694045 60816.26493181 10
NOAA-19              60816.32565379 60816.33659927 79
NOAA-19              60816.39674483 60816.40396866 8
NOAA-19              60816.73037219 60816.73884596 13
NOAA-19              60816.79861151 60816.80946863 68
NOAA-19              60816.87152250 60816.87730361 4
NOAA-19              60817.24865597 60817.25541821 6
NOAA-19              60817.31685876 60817.32782639 79
NOAA-19              60817.38762203 60817.39579322 11
NOAA-19              60817.72213574 60817.72976217 9
NOAA-19              60817.78980596 60817.80068937 90
NOAA-19              60817.86186924 60817.86914508 8
NOAA-19              60818.24065398 60818.24559260 3
NOAA-19              60818.30809480 60818.31899283 59
NOAA-19              60818.37857370 60818.38750250 15
NOAA-19              60818.71403283 60818.72058462 6
NOAA-19              60818.78105958 60818.79187910 68
NOAA-19              60818.85241696 60818.86078751 11
NOAA-19              60819.29936211 60819.31009629 44
NOAA-19              60819.36957944 60819.37911874 20
NOAA-19              60819.70618699 60819.71124676 3
NOAA-19              60819.77237334 60819.78303874 51
NOAA-19              60819.84314173 60819.85230736 16
NOAA-19              60820.29066889 60820.30113251 33
NOAA-19              60820.36062785 60820.37065505 26
NOAA-19              60820.76374666 60820.77416799 38
NOAA-19              60820.83397774 60820.84374416 22
NOAA-19              60821.28202040 60821.29209490 25
NOAA-19              60821.35171215 60821.36211995 35
NOAA-19              60821.75518285 60821.76526530 29
NOAA-19              60821.82490366 60821.83511861 29
NOAA-19              60822.27342690 60822.28297275 18
NOAA-19              60822.34282834 60822.35351896 46
NOAA-19              60822.41487177 60822.41941408 3
NOAA-19              60822.74668717 60822.75632737 22
NOAA-19              60822.81590652 60822.82644310 39
METOA                60803.33201531 60803.33950233 10
METOA                60803.39809700 60803.40806361 65
METOA                60803.46663282 60803.47249057 5
METOA                60803.78741658 60803.79279071 4
METOA                60803.85169538 60803.86141398 61
METOA                60803.92022642 60803.92752281 10
METOA                60804.34957154 60804.35845848 20
METOA                60804.41635605 60804.42589054 34
METOA                60804.80418289 60804.81171591 11
METOA                60804.86975258 60804.87954755 65
METOA                60804.93988885 60804.94446879 3
METOA                60805.36740443 60805.37701720 38
METOA                60805.43476190 60805.44343623 19
METOA                60805.82145292 60805.83028203 21
METOA                60805.88806991 60805.89752755 33
METOA                60806.32015265 60806.32558555 4
METOA                60806.38541679 60806.39527916 72
METOA                60806.45341065 60806.46062718 10
METOA                60806.83904969 60806.84865199 39
METOA                60806.90669050 60806.91530874 18
METOA                60807.33728991 60807.34502690 12
METOA                60807.40356841 60807.41327891 54
METOA                60807.47243424 60807.47724214 3
METOA                60807.79221900 60807.79853973 6
METOA                60807.85691352 60807.86687311 74
METOA                60807.92576855 60807.93276617 8
METOA                60808.35491563 60808.36385189 23
METOA                60808.42185600 60808.43101598 28
METOA                60808.80916501 60808.81729940 14
METOA                60808.87502889 60808.88495387 55
METOA                60809.37278651 60809.38231250 44
METOA                60809.44030431 60809.44845565 15
METOA                60809.82652986 60809.83578150 25
METOA                60809.89340910 60809.90287549 29
METOA                60810.32526747 60810.33120286 5
METOA                60810.39082560 60810.40048812 77
METOA                60810.45903714 60810.46549511 7
METOA                60810.78070888 60810.78500628 3
METOA                60810.84419549 60810.85409059 47
METOA                60810.91211120 60810.92058088 15
METOA                60811.34254331 60811.35044057 14
METOA                60811.40900229 60811.41840284 44
METOA                60811.79707572 60811.80414959 9
METOA                60811.86211805 60811.87225860 83
METOA                60811.93132483 60811.93790978 7
METOA                60812.36022482 60812.36914908 26
METOA                60812.42736088 60812.43604468 23
METOA                60812.81415528 60812.82278830 17
METOA                60812.88029148 60812.89028558 47
METOA                60813.37812805 60813.38751786 52
METOA                60813.44585960 60813.45336856 12
METOA                60813.83160164 60813.84119803 30
METOA                60813.89873825 60813.90814518 25
METOA                60814.33038423 60814.33668329 7
METOA                60814.39619196 60814.40560953 70
METOA                60814.46467228 60814.47022373 5
METOA                60814.78529273 60814.79073024 4
METOA                60814.84932981 60814.85945049 57
METOA                60814.91756339 60814.92576292 13
METOA                60815.34776361 60815.35575462 16
METOA                60815.41444019 60815.42344244 36
METOA                60815.80196170 60815.80964176 11
METOA                60815.86731032 60815.87756583 76
METOA                60815.93691283 60815.94293384 5
METOA                60816.36549126 60816.37435717 30
METOA                60816.43278757 60816.44098312 19
METOA                60816.81914799 60816.82818483 20
METOA                60816.88554303 60816.89553760 40
METOA                60817.38342520 60817.39263889 61
METOA                60817.45135120 60817.45817688 10
METOA                60817.83666701 60817.84653009 36
METOA                60817.90406091 60817.91333029 21
METOA                60818.33548002 60818.34204962 8
METOA                60818.40151015 60818.41064807 59
METOA                60818.47034799 60818.47477943 3
METOA                60818.79002630 60818.79626987 6
METOA                60818.85445452 60818.86472843 68
METOA                60818.92298918 60818.93085012 11
METOA                60819.35294110 60819.36097870 18
METOA                60819.41978468 60819.42839389 29
METOA                60819.80686336 60819.81502646 13
METOA                60819.87249138 60819.88279135 65
METOA                60819.94256136 60819.94780681 4
METOA                60820.37070772 60820.37948355 35
METOA                60820.43817320 60820.44583075 15
METOA                60820.82413960 60820.83348970 24
METOA                60820.89078536 60820.90070518 34
METOA                60821.32362868 60821.32777073 3
METOA                60821.38866694 60821.39768143 71
METOA                60821.45682273 60821.46287299 7
METOA                60821.84172407 60821.85177607 43
METOA                60821.90938056 60821.91842450 18
METOA                60822.34054015 60822.34731822 10
METOA                60822.40677515 60822.41560860 48
METOA                60822.79480685 60822.80166881 8
METOA                60822.85956828 60822.86992190 80
METOA                60822.92842996 60822.93582852 9
METOA                60823.35806747 60823.36612174 20
METOA                60823.42507201 60823.43325871 24
METOB                60803.25406267 60803.26386684 24
METOB                60803.32338347 60803.33355548 34
METOB                60803.72463255 60803.73436602 25
METOB                60803.79374636 60803.80399308 33
METOB                60804.24005980 60804.24889288 14
METOB                60804.30887799 60804.31945400 54
METOB                60804.38023521 60804.38554416 4
METOB                60804.71084385 60804.71969831 16
METOB                60804.77913201 60804.78975696 54
METOB                60805.22630441 60805.23359177 8
METOB                60805.29445261 60805.30519118 87
METOB                60805.36507446 60805.37243944 9
METOB                60805.69729694 60805.70488637 9
METOB                60805.76468665 60805.77542578 87
METOB                60805.83649734 60805.84344018 7
METOB                60806.21311991 60806.21763771 2
METOB                60806.28010915 60806.29076956 58
METOB                60806.35023382 60806.35893477 15
METOB                60806.68411334 60806.68981662 4
METOB                60806.75040049 60806.76101167 58
METOB                60806.82110164 60806.82974155 13
METOB                60807.26585480 60807.27618086 35
METOB                60807.33554712 60807.34517661 23
METOB                60807.73627528 60807.74651730 36
METOB                60807.80608574 60807.81576720 22
METOB                60808.25171748 60808.26140233 22
METOB                60808.32096657 60808.33122006 36
METOB                60808.72232025 60808.73193632 23
METOB                60808.79130786 60808.80162968 36
METOB                60809.23774304 60809.24638513 13
METOB                60809.30647231 60809.31709173 59
METOB                60809.37769396 60809.38338981 4
METOB                60809.70856335 60809.71724845 15
METOB                60809.77671931 60809.78737630 58
METOB                60809.84986129 60809.85437122 2
METOB                60810.22404092 60810.23101495 7
METOB                60810.29205781 60810.30280306 86
METOB                60810.36259414 60810.37020345 9
METOB                60810.69506024 60810.70240571 9
METOB                60810.76229753 60810.77303035 87
METOB                60810.83391978 60810.84117616 8
METOB                60811.27772635 60811.28835501 53
METOB                60811.34778130 60811.35665229 16
METOB                60811.68195596 60811.68727067 4
METOB                60811.74803421 60811.75860246 54
METOB                60811.81858929 60811.82742125 14
METOB                60812.26348627 60812.27373741 33
METOB                60812.33311181 60812.34285938 25
METOB                60812.73393298 60812.74409397 34
METOB                60812.80361357 60812.81341554 24
METOB                60813.24936871 60813.25892468 20
METOB                60813.31854414 60813.32887357 39
METOB                60813.72000502 60813.72949669 22
METOB                60813.78886579 60813.79925643 38
METOB                60814.23542526 60814.24386161 12
METOB                60814.30406102 60814.31471843 63
METOB                60814.37515951 60814.38121149 5
METOB                60814.70628149 60814.71478756 14
METOB                60814.77430261 60814.78498618 63
METOB                60814.84714052 60814.85222676 3
METOB                60815.22178388 60815.22841457 6
METOB                60815.28965769 60815.30040380 81
METOB                60815.36011183 60815.36795240 10
METOB                60815.69282514 60815.69991111 8
METOB                60815.75990414 60815.77062568 81
METOB                60815.83134732 60815.83889380 9
METOB                60816.27533627 60816.28592898 49
METOB                60816.34532451 60816.35435702 17
METOB                60816.67986801 60816.68469879 3
METOB                60816.74566487 60816.75618408 50
METOB                60816.81607597 60816.82508822 16
METOB                60817.26111328 60817.27128186 30
METOB                60817.33067139 60817.34053044 27
METOB                60817.73158714 60817.74166113 31
METOB                60817.80113861 60817.81105319 26
METOB                60818.24701680 60818.25643347 19
METOB                60818.31611625 60818.32651572 42
METOB                60818.71768701 60818.72704708 20
METOB                60818.78642007 60818.79687337 41
METOB                60819.23310721 60819.24132147 11
METOB                60819.30164424 60819.31233396 68
METOB                60819.37259689 60819.37901408 6
METOB                60819.70399819 60819.71231540 13
METOB                60819.77188190 60819.78258672 68
METOB                60819.84445046 60819.85003864 4
METOB                60820.21954364 60820.22578770 5
METOB                60820.28725206 60820.29799326 75
METOB                60820.35762714 60820.36568650 11
METOB                60820.69059253 60820.69740178 7
METOB                60820.75750670 60820.76821185 76
METOB                60820.82877841 60820.83659457 10
METOB                60821.27294314 60821.28349131 46
METOB                60821.34286339 60821.35204937 18
METOB                60821.67774694 60821.68209364 2
METOB                60821.74329073 60821.75375629 46
METOB                60821.81356163 60821.82274321 17
METOB                60822.25873606 60822.26881380 28
METOB                60822.32822588 60822.33818975 29
METOB                60822.72923786 60822.73921884 29
