iss                  60803.35777740 60803.36162468 3
iss                  60803.42468539 60803.43102377 12
iss                  60803.49151943 60803.49905818 85
iss                  60803.55962151 60803.56447354 5
iss                  60804.11877842 60804.12576951 22
iss                  60804.18570081 60804.19298906 28
iss                  60804.25458527 60804.25970371 6
iss                  60804.32377263 60804.32728109 2
iss                  60804.39096911 60804.39666686 8
iss                  60804.45771222 60804.46518253 47
iss                  60804.52524188 60804.53149607 12
iss                  60805.08546882 60805.09162559 12
iss                  60805.15168127 60805.15920945 50
iss                  60805.22013756 60805.22595741 8
iss                  60805.28954926 60805.29309247 2
iss                  60805.35721317 60805.36221098 5
iss                  60805.42393096 60805.43114009 26
iss                  60805.49111350 60805.49814342 23
iss                  60806.05252214 60806.05716065 5
iss                  60806.11778859 60806.12535922 80
iss                  60806.18575126 60806.19220624 12
iss                  60806.25513466 60806.25907190 3
iss                  60806.32338477 60806.32769925 4
iss                  60806.39015850 60806.39694260 17
iss                  60806.45711338 60806.46453804 46
iss                  60807.08404151 60807.09141479 38
iss                  60807.15145208 60807.15843033 19
iss                  60807.22060994 60807.22516894 4
iss                  60807.28943546 60807.29319893 3
iss                  60807.35637945 60807.36260361 11
iss                  60807.42318767 60807.43072825 83
iss                  60807.49114662 60807.49633808 6
iss                  60808.05046901 60808.05733989 20
iss                  60808.11725729 60808.12461348 31
iss                  60808.18605740 60808.19132493 6
iss                  60808.25530343 60808.25879731 2
iss                  60808.32257672 60808.32814203 7
iss                  60808.38930545 60808.39673799 41
iss                  60808.45674916 60808.46319238 14
iss                  60809.01713595 60809.02306562 10
iss                  60809.08318006 60809.09074022 58
iss                  60809.15153560 60809.15749837 9
iss                  60809.22095377 60809.22456180 2
iss                  60809.28872730 60809.29358797 5
iss                  60809.35544572 60809.36258216 24
iss                  60809.42256995 60809.42970475 26
iss                  60809.98414962 60809.98840891 4
iss                  60810.04923475 60810.05679168 69
iss                  60810.11708218 60810.12366267 14
iss                  60810.18642582 60810.19048864 3
iss                  60810.25479654 60810.25898958 3
iss                  60810.32159191 60810.32827261 15
iss                  60810.38850630 60810.39597529 54
iss                  60810.45721146 60810.46055937 2
iss                  60811.01544016 60811.02274225 33
iss                  60811.08272099 60811.08979868 21
iss                  60811.15180572 60811.15652073 5
iss                  60811.22073144 60811.22442005 3
iss                  60811.28772819 60811.29382391 10
iss                  60811.35451022 60811.36204605 72
iss                  60811.42233062 60811.42785218 8
iss                  60811.98183203 60811.98855061 17
iss                  60812.04846830 60812.05589030 35
iss                  60812.11717236 60812.12260213 7
iss                  60812.18647078 60812.18996812 2
iss                  60812.25383638 60812.25925702 7
iss                  60812.32055313 60812.32793854 36
iss                  60812.38791114 60812.39454124 16
iss                  60812.94848915 60812.95413437 9
iss                  60813.01433719 60813.02192153 68
iss                  60813.08257987 60813.08869466 10
iss                  60813.15199344 60813.15568909 2
iss                  60813.21989121 60813.22460585 5
iss                  60813.28661512 60813.29366689 22
iss                  60813.35368084 60813.36091696 31
iss                  60813.91557913 60813.91924160 3
iss                  60813.98034310 60813.98787213 58
iss                  60814.04806277 60814.05477334 15
iss                  60814.11735430 60814.12156299 3
iss                  60814.18585387 60814.18992435 3
iss                  60814.25267956 60814.25924324 14
iss                  60814.31955391 60814.32706099 65
iss                  60814.38798088 60814.39199429 3
iss                  60814.94650724 60814.95371383 28
iss                  60815.01364308 60815.02082010 23
iss                  60815.08264240 60815.08752926 5
iss                  60815.15166705 60815.15529181 2
iss                  60815.21873036 60815.22468336 9
iss                  60815.28548773 60815.29300971 61
iss                  60815.35317513 60815.35901343 9
iss                  60815.91287217 60815.91939825 15
iss                  60815.97933617 60815.98681865 40
iss                  60816.04793192 60816.05353504 7
iss                  60816.11727300 60816.12079551 2
iss                  60816.18474785 60816.19001120 6
iss                  60816.25145585 60816.25878241 32
iss                  60816.31872932 60816.32554011 19
iss                  60816.87953799 60816.88482372 7
iss                  60816.94515521 60816.95275226 80
AO-07                60803.50001075 60803.51334884 21
AO-07                60803.57765350 60803.59296490 70
AO-07                60803.65696216 60803.66816003 13
AO-07                60803.95506343 60803.96840639 23
AO-07                60804.03171522 60804.04723116 72
AO-07                60804.11317407 60804.12382770 10
AO-07                60804.46086719 60804.46785798 3
AO-07                60804.53609839 60804.55123050 50
AO-07                60804.61461685 60804.62877776 33
AO-07                60804.69510133 60804.70116555 3
AO-07                60804.91640485 60804.92581644 8
AO-07                60804.99045131 60805.00550010 50
AO-07                60805.06908859 60805.08359013 32
AO-07                60805.49522366 60805.50812867 18
AO-07                60805.57269670 60805.58807037 77
AO-07                60805.65190272 60805.66357488 14
AO-07                60805.95038700 60805.96338105 21
AO-07                60806.02675697 60806.04229851 79
AO-07                60806.10778325 60806.11916484 12
AO-07                60806.53120030 60806.54618975 45
AO-07                60806.60961960 60806.62401078 36
AO-07                60806.68984568 60806.69689766 4
AO-07                60806.91196639 60806.92068565 6
AO-07                60806.98563451 60807.00051818 45
AO-07                60807.06398925 60807.07872533 36
AO-07                60807.49045707 60807.50287312 16
AO-07                60807.56774576 60807.58315903 85
AO-07                60807.64685364 60807.65896374 16
AO-07                60807.94573322 60807.95834794 19
AO-07                60808.02181634 60808.03735894 87
AO-07                60808.10244801 60808.11445867 14
AO-07                60808.52631364 60808.54112908 40
AO-07                60808.60462796 60808.61922539 40
AO-07                60808.68464767 60808.69255541 5
AO-07                60808.90757474 60808.91552614 5
AO-07                60808.98083627 60808.99553060 40
AO-07                60809.05891247 60809.07384834 40
AO-07                60809.48571982 60809.49757734 13
AO-07                60809.56280130 60809.57823085 87
AO-07                60809.64181369 60809.65432807 18
AO-07                60809.94110339 60809.95330645 16
AO-07                60810.01689314 60810.03241280 85
AO-07                60810.09715933 60810.10971770 16
AO-07                60810.52143810 60810.53604745 35
AO-07                60810.59964182 60810.61442186 45
AO-07                60810.67948893 60810.68815686 6
AO-07                60810.90324011 60810.91032729 4
AO-07                60810.97605631 60810.99053755 36
AO-07                60811.05385704 60811.06896015 45
AO-07                60811.48101787 60811.49223457 11
AO-07                60811.55786313 60811.57328571 79
AO-07                60811.63678195 60811.64966918 21
AO-07                60811.93649833 60811.94825560 15
AO-07                60812.01198724 60812.02746039 77
AO-07                60812.09191073 60812.10494804 19
AO-07                60812.51657501 60812.53094345 31
AO-07                60812.59466114 60812.60960083 50
AO-07                60812.67435901 60812.68371256 8
AO-07                60812.89898088 60812.90507094 3
AO-07                60812.97129531 60812.98553867 33
AO-07                60813.04882196 60813.06406188 51
AO-07                60813.13214161 60813.13934259 4
AO-07                60813.47636022 60813.48683538 9
AO-07                60813.55293186 60813.56832342 71
AO-07                60813.63175768 60813.64498811 23
AO-07                60813.93191980 60813.94319414 13
AO-07                60814.00709858 60814.02250195 70
AO-07                60814.08669737 60814.10015427 21
AO-07                60814.51172589 60814.52581579 28
AO-07                60814.58968591 60814.60476231 55
AO-07                60814.66925133 60814.67922920 9
AO-07                60814.96655377 60814.98053387 29
AO-07                60815.04380640 60815.05915433 57
AO-07                60815.12643248 60815.13495375 5
AO-07                60815.47176028 60815.48136585 7
AO-07                60815.54800793 60815.56334369 64
AO-07                60815.62674031 60815.64028602 26
AO-07                60815.92737026 60815.93812042 11
AO-07                60816.00222720 60816.01753768 63
AO-07                60816.08151550 60816.09533964 24
AO-07                60816.50689212 60816.52066257 25
AO-07                60816.58471617 60816.59990678 62
AO-07                60816.66416152 60816.67471128 11
AO-07                60816.96183215 60816.97552290 26
AO-07                60817.03880970 60817.05423824 63
AO-07                60817.12086185 60817.13044211 7
AO-07                60817.46723926 60817.47580365 5
AO-07                60817.54309185 60817.55834612 57
AO-07                60817.62172939 60817.63556341 29
AO-07                60817.92285130 60817.93303232 10
AO-07                60817.99737317 60818.01256771 57
AO-07                60818.07636219 60818.09050710 28
AO-07                60818.50208115 60818.51548133 22
AO-07                60818.57975202 60818.59503433 68
AO-07                60818.65908644 60818.67016235 12
AO-07                60818.95712481 60818.97050524 24
AO-07                60819.03383133 60819.04931420 70
AO-07                60819.11538692 60819.12584888 9
AO-07                60819.46283652 60819.47010805 4
LO-19                60803.52252996 60803.53193666 21
LO-19                60803.59115000 60803.60117834 37
LO-19                60803.98966473 60803.99889908 22
LO-19                60804.05797000 60804.06801165 37
LO-19                60804.50046906 60804.50793646 9
LO-19                60804.56820104 60804.57865855 81
LO-19                60804.63822828 60804.64521681 8
LO-19                60804.96796474 60804.97552050 10
LO-19                60805.03492995 60805.04532723 83
LO-19                60805.10620946 60805.11268659 6
LO-19                60805.54545256 60805.55573585 46
LO-19                60805.61474361 60805.62369250 18
LO-19                60805.94722525 60805.95150103 2
LO-19                60806.01229868 60806.02243184 45
LO-19                60806.08191289 60806.09083961 17
LO-19                60806.52295819 60806.53236552 21
LO-19                60806.59157962 60806.60160417 37
LO-19                60806.99008332 60806.99933103 22
LO-19                60807.05839161 60807.06844152 37
LO-19                60807.50089503 60807.50836554 9
LO-19                60807.56862920 60807.57908373 81
LO-19                60807.63865842 60807.64563848 8
LO-19                60807.96838006 60807.97595301 10
LO-19                60808.03534950 60808.04575643 82
LO-19                60808.10663151 60808.11311427 6
LO-19                60808.54587925 60808.55616034 46
LO-19                60808.61517161 60808.62411427 18
LO-19                60808.94763258 60808.95193882 2
LO-19                60809.01271613 60809.02286046 45
LO-19                60809.08233275 60809.09126669 17
LO-19                60809.52338328 60809.53278952 21
LO-19                60809.59200601 60809.60202542 37
LO-19                60809.99049844 60809.99975931 22
LO-19                60810.05880947 60810.06886788 37
LO-19                60810.50131814 60810.50878944 9
LO-19                60810.56905411 60810.57950428 80
LO-19                60810.63908544 60810.64605557 8
LO-19                60810.96879212 60810.97638170 10
LO-19                60811.03576543 60811.04618204 82
LO-19                60811.10704961 60811.11353862 6
LO-19                60811.54630269 60811.55658014 46
LO-19                60811.61559636 60811.62453148 18
LO-19                60811.94803717 60811.95237233 3
LO-19                60812.01313009 60812.02328543 46
LO-19                60812.08274887 60812.09169025 17
LO-19                60812.52380519 60812.53320866 21
LO-19                60812.59242909 60812.60244209 37
LO-19                60812.99091020 60813.00018380 22
LO-19                60813.05922371 60813.06929062 37
LO-19                60813.50173827 60813.50920820 9
LO-19                60813.56947568 60813.57992020 80
LO-19                60813.63950925 60813.64646809 8
LO-19                60813.96920104 60813.97680644 10
LO-19                60814.03617786 60814.04660394 82
LO-19                60814.10746392 60814.11395948 6
LO-19                60814.54672281 60814.55699523 46
LO-19                60814.61601778 60814.62494416 18
LO-19                60814.94843921 60814.95280133 3
LO-19                60815.01354065 60815.02370659 46
LO-19                60815.08316137 60815.09211015 17
LO-19                60815.52422383 60815.53362297 21
LO-19                60815.59284877 60815.60285420 37
LO-19                60815.99131873 60816.00060437 22
LO-19                60816.05963444 60816.06970960 37
LO-19                60816.50215531 60816.50962187 9
LO-19                60816.56989383 60816.58033152 80
LO-19                60816.63992974 60816.64687605 8
LO-19                60816.96960693 60816.97722707 10
LO-19                60817.03658687 60817.04702199 82
LO-19                60817.10787461 60817.11437666 6
LO-19                60817.54713950 60817.55740566 46
LO-19                60817.61643575 60817.62535233 18
LO-19                60817.94883886 60817.95322564 3
LO-19                60818.01394792 60818.02412381 46
LO-19                60818.08357035 60818.09252627 17
LO-19                60818.52463907 60818.53403250 21
LO-19                60818.59326495 60818.60326180 37
LO-19                60818.99172411 60819.00102089 22
LO-19                60819.06004175 60819.07012471 37
LO-19                60819.50256913 60819.51003052 9
LO-19                60819.57030844 60819.58073829 80
LO-19                60819.64034680 60819.64727953 8
LO-19                60819.97000989 60819.97764345 10
LO-19                60820.03699258 60820.04743609 82
LO-19                60820.10828180 60820.11479002 6
LO-19                60820.54755264 60820.55781148 46
LO-19                60820.61685017 60820.62575605 18
LO-19                60820.94923625 60820.95364506 3
LO-19                60821.01435199 60821.02453698 46
LO-19                60821.08397593 60821.09293847 17
LO-19                60821.52505081 60821.53443733 21
LO-19                60821.59367751 60821.60366493 37
LO-19                60821.99212643 60822.00143323 22
LO-19                60822.06044575 60822.07053582 37
LO-19                60822.50297959 60822.51043425 9
LO-19                60822.57071940 60822.58114057 80
LO-19                60822.64076029 60822.64767859 8
LO-19                60822.97040991 60822.97805545 10
LO-19                60823.03739504 60823.04784611 82
FO-29                60803.66897016 60803.67680599 10
FO-29                60803.73988506 60803.75076911 74
FO-29                60803.81584037 60803.82190736 5
FO-29                60804.20680216 60804.21718557 16
FO-29                60804.27913418 60804.29131133 60
FO-29                60804.35366961 60804.36086862 6
FO-29                60804.70204274 60804.71217479 32
FO-29                60804.77511619 60804.78505522 24
FO-29                60805.24078538 60805.25299621 45
FO-29                60805.31412493 60805.32503511 24
FO-29                60805.66549400 60805.67292215 9
FO-29                60805.73620219 60805.74700107 80
FO-29                60805.81186177 60805.81834249 6
FO-29                60806.20309943 60806.21342820 15
FO-29                60806.27533069 60806.28774146 65
FO-29                60806.34970366 60806.35755845 8
FO-29                60806.69844294 60806.70836655 28
FO-29                60806.77133901 60806.78133837 26
FO-29                60807.23702403 60807.24934297 42
FO-29                60807.31027905 60807.32155421 27
FO-29                60807.66202370 60807.66903372 8
FO-29                60807.73251656 60807.74323547 83
FO-29                60807.80790022 60807.81476140 7
FO-29                60808.19940625 60808.20966312 14
FO-29                60808.27153304 60808.28416777 70
FO-29                60808.34576290 60808.35422530 9
FO-29                60808.69484151 60808.70456075 26
FO-29                60808.76756091 60808.77762264 29
FO-29                60809.23326913 60809.24568529 39
FO-29                60809.30644143 60809.31806703 29
FO-29                60809.65856059 60809.66514007 6
FO-29                60809.72882830 60809.73947298 79
FO-29                60809.80395220 60809.81116802 8
FO-29                60810.19572363 60810.20588887 13
FO-29                60810.26774185 60810.28058988 74
FO-29                60810.34184344 60810.35087287 11
FO-29                60810.69123816 60810.70075803 23
FO-29                60810.76378173 60810.77390877 32
FO-29                60811.22952143 60811.24202224 37
FO-29                60811.30261234 60811.31457315 32
FO-29                60811.65510676 60811.66124018 5
FO-29                60811.72513739 60811.73571432 72
FO-29                60811.80001541 60811.80756535 9
FO-29                60812.19205932 60812.20210383 12
FO-29                60812.26395769 60812.27700655 77
FO-29                60812.33794275 60812.34750350 12
FO-29                60812.68763328 60812.69695898 21
FO-29                60812.76000138 60812.77019744 35
FO-29                60813.22578143 60813.23835285 35
FO-29                60813.29879207 60813.31107210 36
FO-29                60813.65171389 60813.65733339 4
FO-29                60813.72144522 60813.73195974 65
FO-29                60813.79608789 60813.80395587 10
FO-29                60814.18840255 60814.19830621 11
FO-29                60814.26018115 60814.27341721 77
FO-29                60814.33405909 60814.34411852 14
FO-29                60814.68402716 60814.69316395 19
FO-29                60814.75621989 60814.76648927 39
FO-29                60815.22205056 60815.23467610 32
FO-29                60815.29498090 60815.30756328 39
FO-29                60815.37037837 60815.37542545 3
FO-29                60815.64828747 60815.65341512 4
FO-29                60815.71774928 60815.72821020 58
FO-29                60815.79216829 60815.80034121 12
FO-29                60816.18476113 60816.19449402 10
FO-29                60816.25641276 60816.26982101 75
FO-29                60816.33019124 60816.34071902 16
FO-29                60816.68042018 60816.68937385 17
FO-29                60816.75243736 60816.76278475 43
FO-29                60817.21832897 60817.23099095 30
FO-29                60817.29117914 60817.30404623 42
FO-29                60817.36627203 60817.37232235 4
FO-29                60817.64488171 60817.64948246 3
FO-29                60817.71405158 60817.72446583 52
FO-29                60817.78825563 60817.79672325 13
FO-29                60818.18113697 60818.19066503 9
FO-29                60818.25265306 60818.26621712 72
FO-29                60818.32633830 60818.33730550 18
FO-29                60818.67681239 60818.68558877 16
FO-29                60818.74865397 60818.75908447 48
FO-29                60819.21461756 60819.22729634 29
FO-29                60819.28738707 60819.30052007 46
FO-29                60819.36224221 60819.36914527 5
FO-29                60819.64150427 60819.64552782 2
FO-29                60819.71035193 60819.72072741 47
FO-29                60819.78431836 60819.79310522 15
FO-29                60820.17753229 60820.18681646 9
FO-29                60820.24890253 60820.26260471 68
FO-29                60820.32249966 60820.33387815 20
FO-29                60820.67320488 60820.68180915 14
FO-29                60820.74486999 60820.75538883 54
FO-29                60821.21091712 60821.22359118 27
FO-29                60821.28360497 60821.29698435 50
FO-29                60821.35826476 60821.36591703 6
FO-29                60821.70665099 60821.71699489 43
FO-29                60821.78041742 60821.78948395 17
FO-29                60822.17394975 60822.18294548 8
FO-29                60822.24516166 60822.25898295 64
FO-29                60822.31867482 60822.33043709 22
SO-50                60803.49340874 60803.49921931 6
SO-50                60803.56061479 60803.56990922 84
SO-50                60803.63164333 60803.63866406 9
SO-50                60803.91667398 60803.92587272 27
SO-50                60803.98610826 60803.99527082 29
SO-50                60804.50521352 60804.51325711 18
SO-50                60804.57396036 60804.58301203 36
SO-50                60804.64644989 60804.65112882 3
SO-50                60804.86117916 60804.86774079 7
SO-50                60804.92969810 60804.93942499 59
SO-50                60804.99979596 60805.00752660 12
SO-50                60805.51773722 60805.52677442 43
SO-50                60805.58771833 60805.59595243 17
SO-50                60805.87386620 60805.88216255 15
SO-50                60805.94288036 60805.95257153 60
SO-50                60806.01436700 60806.01875298 3
SO-50                60806.46324356 60806.46952605 7
SO-50                60806.53072863 60806.54002652 75
SO-50                60806.60195292 60806.60870286 8
SO-50                60806.81885080 60806.82301607 2
SO-50                60806.88675444 60806.89607037 30
SO-50                60806.95627223 60806.96528457 25
SO-50                60807.47518521 60807.48344090 20
SO-50                60807.54412584 60807.55309569 32
SO-50                60807.61688850 60807.62106881 2
SO-50                60807.83119371 60807.83807421 8
SO-50                60807.89979229 60807.90955184 67
SO-50                60807.97002263 60807.97742871 11
SO-50                60808.48777910 60808.49690017 49
SO-50                60808.55794029 60808.56600267 15
SO-50                60808.84390810 60808.85239957 17
SO-50                60808.91299276 60808.92262775 52
SO-50                60809.43308567 60809.43977730 9
SO-50                60809.50082431 60809.51011280 65
SO-50                60809.57224839 60809.57870806 7
SO-50                60809.78876151 60809.79346270 3
SO-50                60809.85681141 60809.86623075 34
SO-50                60809.92641642 60809.93525948 22
SO-50                60810.44514459 60810.45358768 23
SO-50                60810.51427299 60810.52314904 28
SO-50                60810.80118936 60810.80836354 9
SO-50                60810.86986311 60810.87964240 76
SO-50                60810.94023891 60810.94728255 9
SO-50                60811.45780472 60811.46699339 57
SO-50                60811.52814496 60811.53602208 14
SO-50                60811.81392737 60811.82259761 18
SO-50                60811.88308291 60811.89264740 46
SO-50                60812.40292876 60812.40997892 11
SO-50                60812.47090177 60812.48016828 57
SO-50                60812.54253062 60812.54867874 6
SO-50                60812.75867223 60812.76384616 4
SO-50                60812.82684500 60812.83635421 38
SO-50                60812.89654144 60812.90519544 20
SO-50                60813.41509040 60813.42369858 26
SO-50                60813.48440177 60813.49317194 25
SO-50                60813.77115749 60813.77861273 10
SO-50                60813.83991157 60813.84969685 86
SO-50                60813.91050059 60813.91708399 7
SO-50                60814.36154548 60814.36567940 3
SO-50                60814.42781236 60814.43705451 66
SO-50                60814.49833248 60814.50601044 12
SO-50                60814.78392550 60814.79275716 20
SO-50                60814.85315085 60814.86263044 40
SO-50                60815.37276843 60815.38013504 12
SO-50                60815.44096076 60815.45019316 50
SO-50                60815.51280075 60815.51861357 5
SO-50                60815.72857564 60815.73417275 4
SO-50                60815.79685481 60815.80644108 42
SO-50                60815.86664799 60815.87509155 18
SO-50                60816.38502167 60816.39377450 30
SO-50                60816.45451213 60816.46316482 23
SO-50                60816.74111136 60816.74881764 11
SO-50                60816.80993575 60816.81971532 84
SO-50                60816.88071187 60816.88683053 6
SO-50                60817.33114410 60817.33600657 4
SO-50                60817.39780244 60817.40708393 75
SO-50                60817.46850309 60817.47596779 11
SO-50                60817.75389864 60817.76287902 23
SO-50                60817.82319712 60817.83257678 35
SO-50                60818.34260145 60818.35024843 14
SO-50                60818.41100109 60818.42018760 44
SO-50                60818.48306026 60818.48851107 4
SO-50                60818.69846712 60818.70444809 5
SO-50                60818.76684098 60818.77649164 47
SO-50                60818.83673694 60818.84494711 15
SO-50                60819.35493752 60819.36381647 34
SO-50                60819.42460405 60819.43312743 21
SO-50                60819.71104393 60819.71898183 13
SO-50                60819.77993675 60819.78969793 75
SO-50                60819.85092789 60819.85651451 5
SO-50                60820.30078714 60820.30624465 5
SO-50                60820.36777442 60820.37708196 84
SO-50                60820.43865686 60820.44589345 10
SO-50                60820.72384643 60820.73296326 25
SO-50                60820.79322181 60820.80248629 31
SO-50                60821.31242533 60821.32032175 16
SO-50                60821.38102242 60821.39015175 39
SO-50                60821.45331141 60821.45836859 4
SO-50                60821.66834360 60821.67467532 6
HO-68                60803.41834292 60803.43193687 69
HO-68                60803.49370448 60803.50519580 20
HO-68                60803.78256184 60803.78733041 2
HO-68                60803.85187618 60803.86457711 34
HO-68                60803.92634370 60803.93944802 39
HO-68                60804.33459027 60804.34071343 3
HO-68                60804.40658925 60804.42000589 51
HO-68                60804.48169494 60804.49391108 27
HO-68                60804.84048832 60804.85260856 26
HO-68                60804.91431803 60804.92774422 53
HO-68                60804.99344301 60804.99988118 4
HO-68                60805.39488952 60805.40796844 38
HO-68                60805.46973098 60805.48251100 35
HO-68                60805.54686824 60805.55205957 2
HO-68                60805.82921752 60805.84059361 19
HO-68                60805.90239798 60805.91598860 71
HO-68                60805.98019749 60805.98906920 8
HO-68                60806.38325635 60806.39581234 28
HO-68                60806.45780707 60806.47100525 47
HO-68                60806.53428563 60806.54169890 5
HO-68                60806.81807885 60806.82852123 14
HO-68                60806.89057708 60806.90418852 87
HO-68                60806.96742069 60806.97786952 13
HO-68                60807.37170696 60807.38351777 20
HO-68                60807.44592064 60807.45939964 63
HO-68                60807.52197814 60807.53097718 9
HO-68                60807.80708993 60807.81637095 10
HO-68                60807.87885256 60807.89234851 67
HO-68                60807.95490437 60807.96647127 19
HO-68                60808.36027951 60808.37105067 14
HO-68                60808.43407188 60808.44769753 83
HO-68                60808.50980543 60808.52003649 13
HO-68                60808.79637084 60808.80410289 6
HO-68                60808.86722670 60808.88047092 50
HO-68                60808.94257221 60808.95494639 26
HO-68                60809.34902161 60809.35834728 9
HO-68                60809.42226226 60809.43589949 76
HO-68                60809.49771739 60809.50893098 18
HO-68                60809.78591197 60809.79160529 3
HO-68                60809.85569700 60809.86855587 38
HO-68                60809.93038511 60809.94333160 35
HO-68                60810.33808109 60810.34525884 4
HO-68                60810.41049605 60810.42400335 57
HO-68                60810.48569032 60810.49768881 24
HO-68                60810.84427126 60810.85660182 28
HO-68                60810.91832048 60810.93164803 48
HO-68                60810.99807850 60811.00327887 2
HO-68                60811.39877751 60811.41200359 42
HO-68                60811.47371162 60811.48632705 32
HO-68                60811.83295860 60811.84460374 21
HO-68                60811.90636473 60811.91990928 64
HO-68                60811.98455738 60811.99272127 6
HO-68                60812.38712015 60812.39989006 31
HO-68                60812.46177444 60812.47485674 43
HO-68                60812.53843555 60812.54520237 4
HO-68                60812.82177199 60812.83255278 16
HO-68                60812.89450992 60812.90812390 85
HO-68                60812.97165774 60812.98162155 11
HO-68                60813.37553890 60813.38764616 23
HO-68                60813.44987535 60813.46328484 57
HO-68                60813.52606021 60813.53457822 8
HO-68                60813.81072514 60813.82043256 11
HO-68                60813.88275191 60813.89629731 73
HO-68                60813.95906308 60813.97028067 16
HO-68                60814.36406034 60814.37524373 16
HO-68                60814.43801362 60814.45161565 76
HO-68                60814.51384983 60814.52370386 12
HO-68                60814.79986894 60814.80821068 7
HO-68                60814.87109009 60814.88443256 55
HO-68                60814.94667293 60814.95879414 23
HO-68                60815.35273819 60815.36263230 11
HO-68                60815.42619018 60815.43985064 83
HO-68                60815.50173667 60815.51265047 16
HO-68                60815.78933760 60815.79581436 4
HO-68                60815.85952823 60815.87253069 41
HO-68                60815.93443884 60815.94720727 32
HO-68                60816.34166087 60816.34970510 6
HO-68                60816.41440847 60816.42798862 63
HO-68                60816.48969079 60816.50145278 22
HO-68                60816.84806554 60816.86059041 31
HO-68                60816.92233370 60816.93554572 43
HO-68                60817.40267218 60817.41602531 46
HO-68                60817.47769670 60817.49013044 29
HO-68                60817.83671249 60817.84860829 24
HO-68                60817.91034136 60817.92382487 58
HO-68                60817.98899715 60817.99631536 5
HO-68                60818.39099280 60818.40395246 34
HO-68                60818.46574597 60818.47869635 39
HO-68                60818.54262342 60818.54865748 3
HO-68                60818.82548027 60818.83657702 18
HO-68                60818.89845216 60818.91205487 78
HO-68                60818.97592698 60818.98534681 9
HO-68                60819.37938302 60819.39175575 25
HO-68                60819.45383419 60819.46715855 52
HO-68                60819.53015966 60819.53815158 7
HO-68                60819.81437957 60819.82448327 13
HO-68                60819.88666082 60819.90024209 81
HO-68                60819.96324323 60819.97407382 14
HO-68                60820.36786516 60820.37941207 18
AO-73                60803.39575850 60803.40230509 11
AO-73                60803.46098938 60803.46907752 39
AO-73                60803.84370930 60803.84763581 3
AO-73                60803.90670140 60803.91527408 64
AO-73                60803.97424523 60803.98006921 7
AO-73                60804.39509462 60804.40163587 10
AO-73                60804.46034465 60804.46845589 40
AO-73                60804.84322256 60804.84692460 2
AO-73                60804.90607547 60804.91462427 62
AO-73                60804.97356566 60804.97945435 7
AO-73                60805.39446759 60805.40095062 10
AO-73                60805.45968539 60805.46781746 41
AO-73                60805.84266868 60805.84618993 2
AO-73                60805.90543258 60805.91395685 60
AO-73                60805.97286876 60805.97882213 7
AO-73                60806.39382435 60806.40024696 10
AO-73                60806.45900857 60806.46716222 42
AO-73                60806.90477303 60806.91327182 58
AO-73                60806.97215453 60806.97817272 7
AO-73                60807.39316500 60807.39952481 9
AO-73                60807.45831440 60807.46649012 44
AO-73                60807.90409682 60807.91256919 56
AO-73                60807.97142300 60807.97750577 8
AO-73                60808.39248962 60808.39878405 9
AO-73                60808.45760290 60808.46580114 46
AO-73                60808.90340396 60808.91184897 54
AO-73                60808.97067417 60808.97682145 8
AO-73                60809.39179833 60809.39802459 9
AO-73                60809.45687412 60809.46509524 47
AO-73                60809.90269448 60809.91111116 52
AO-73                60809.96990807 60809.97611980 8
AO-73                60810.39109124 60810.39724631 8
AO-73                60810.45612810 60810.46437238 49
AO-73                60810.90196836 60810.91035577 50
AO-73                60810.96912472 60810.97540080 9
AO-73                60811.39036846 60811.39644908 8
AO-73                60811.45536482 60811.46363251 51
AO-73                60811.90122563 60811.90958282 48
AO-73                60811.96832413 60811.97466443 9
AO-73                60812.38963018 60812.39563276 8
AO-73                60812.45458450 60812.46287560 53
AO-73                60812.90046625 60812.90879230 46
AO-73                60812.96750633 60812.97391070 9
AO-73                60813.38887652 60813.39479725 7
AO-73                60813.45378702 60813.46210160 55
AO-73                60813.89969046 60813.90798422 44
AO-73                60813.96667134 60813.97313961 10
AO-73                60814.38810765 60814.39394211 7
AO-73                60814.45297242 60814.46131047 58
AO-73                60814.89889801 60814.90715859 43
AO-73                60814.96581918 60814.97235117 10
AO-73                60815.38732379 60815.39306754 7
AO-73                60815.45214083 60815.46050215 60
AO-73                60815.89808901 60815.90631541 41
AO-73                60815.96494987 60815.97154537 10
AO-73                60816.38652512 60816.39217312 6
AO-73                60816.45129227 60816.45967658 63
AO-73                60816.51906016 60816.52254041 2
AO-73                60816.89726349 60816.90545469 39
AO-73                60816.96406344 60816.97072221 11
AO-73                60817.38571167 60817.39125863 6
AO-73                60817.45042679 60817.45883373 66
AO-73                60817.51811093 60817.52180403 2
AO-73                60817.89642150 60817.90457643 38
AO-73                60817.96315990 60817.96988169 11
AO-73                60818.38488406 60818.39032381 6
AO-73                60818.44954444 60818.45797354 69
AO-73                60818.51714930 60818.52104618 3
AO-73                60818.89556304 60818.90368062 36
AO-73                60818.96223932 60818.96902382 12
AO-73                60819.38404241 60819.38936833 5
AO-73                60819.44864526 60819.45709594 72
AO-73                60819.51617469 60819.52026754 3
AO-73                60819.89468817 60819.90276727 35
AO-73                60819.96130170 60819.96814860 12
AO-73                60820.38318705 60820.38839187 5
AO-73                60820.44772931 60820.45620088 75
AO-73                60820.51518663 60820.51946840 3
AO-73                60820.89379691 60820.90183637 33
AO-73                60820.96034708 60820.96725602 13
AO-73                60821.38231834 60821.38739397 5
AO-73                60821.44679665 60821.45528829 79
AO-73                60821.51418477 60821.51864922 4
AO-73                60821.89288931 60821.90088793 32
AO-73                60821.95937548 60821.96634609 13
AO-73                60822.38143698 60822.38637437 4
AO-73                60822.44584731 60822.45435813 83
AO-73                60822.51316883 60822.51781024 4
AO-73                60822.89196540 60822.89992193 30
AO-73                60822.95838694 60822.96541882 14
AO-73                60823.38054302 60823.38533224 4
AO-73                60823.44488137 60823.45341031 86
AO-73                60823.51213856 60823.51695169 4
AO-73                60823.89102524 60823.89893837 29
AO-73                60823.95738149 60823.96447419 14
AO-73                60824.37963730 60824.38426707 4
AO-73                60824.44389887 60824.45244477 90
AO-73                60824.51109378 60824.51607376 5
AO-73                60824.89006886 60824.89793724 28
TITA                 60803.70777386 60803.71563599 31
TITA                 60803.77367919 60803.78040692 13
TITA                 60804.15211577 60804.15861894 11
TITA                 60804.21658175 60804.22469241 41
TITA                 60804.70154213 60804.70917469 23
TITA                 60804.76721328 60804.77435055 17
TITA                 60805.14616054 60805.15206796 8
TITA                 60805.21015337 60805.21840059 56
TITA                 60805.69533108 60805.70265524 18
TITA                 60805.76076010 60805.76822853 23
TITA                 60806.14027591 60806.14544200 5
TITA                 60806.20379420 60806.21207811 77
TITA                 60806.27210035 60806.27555814 2
TITA                 60806.68914711 60806.69607029 14
TITA                 60806.75432117 60806.76205279 29
TITA                 60807.13450029 60807.13870375 3
TITA                 60807.19746005 60807.20572291 78
TITA                 60807.26502605 60807.26978760 4
TITA                 60807.68300083 60807.68940918 10
TITA                 60807.74785082 60807.75582308 39
TITA                 60808.19115076 60808.19933547 56
TITA                 60808.25814863 60808.26381339 7
TITA                 60808.67690978 60808.68265372 7
TITA                 60808.74143351 60808.74954748 54
TITA                 60809.18486646 60809.19291563 41
TITA                 60809.25137891 60809.25772438 10
TITA                 60809.67090723 60809.67576962 4
TITA                 60809.73502587 60809.74322379 74
TITA                 60809.80216472 60809.80606607 3
TITA                 60810.17860868 60810.18646256 31
TITA                 60810.24468164 60810.25155542 13
TITA                 60810.66507604 60810.66867121 2
TITA                 60810.72862784 60810.73685226 80
TITA                 60810.79535619 60810.80028129 5
TITA                 60811.17237956 60811.17997456 23
TITA                 60811.23803856 60811.24532463 17
TITA                 60811.72223767 60811.73043240 58
TITA                 60811.78864894 60811.79435214 7
TITA                 60812.16618242 60812.17344916 18
TITA                 60812.23143877 60812.23904245 23
TITA                 60812.71586074 60812.72396299 42
TITA                 60812.78199864 60812.78832376 10
TITA                 60813.16002213 60813.16688174 14
TITA                 60813.22487569 60813.23271610 30
TITA                 60813.70949762 60813.71744189 31
TITA                 60813.77538501 60813.78221692 14
TITA                 60814.15390612 60814.16026569 10
TITA                 60814.21834423 60814.22634991 41
TITA                 60814.70315099 60814.71086582 24
TITA                 60814.76880271 60814.77605023 18
TITA                 60815.14784665 60815.15358960 8
TITA                 60815.21179844 60815.21994405 57
TITA                 60815.69682608 60815.70423004 18
TITA                 60815.76223394 60815.76981658 23
TITA                 60816.14186435 60816.14683293 5
TITA                 60816.20532283 60816.21350665 79
TITA                 60816.69052951 60816.69752703 14
TITA                 60816.75568010 60816.76352802 31
TITA                 60817.13600548 60817.13994976 3
TITA                 60817.19887361 60817.20703583 75
TITA                 60817.26640310 60817.27110842 4
TITA                 60817.68427229 60817.69074572 10
TITA                 60817.74909530 60817.75718427 41
TITA                 60818.19245048 60818.20053205 54
TITA                 60818.25940185 60818.26502565 7
TITA                 60818.67807272 60818.68386705 7
TITA                 60818.74256455 60818.75079353 56
TITA                 60819.18605386 60819.19399511 39
TITA                 60819.25251229 60819.25882471 10
TITA                 60819.67196593 60819.67685493 4
TITA                 60819.73604402 60819.74435351 78
TITA                 60819.80307446 60819.80730817 3
TITA                 60820.17968534 60820.18742407 29
TITA                 60820.24569740 60820.25254216 13
TITA                 60820.66604075 60820.66961737 2
TITA                 60820.72953400 60820.73786438 77
TITA                 60820.79617874 60820.80138360 6
TITA                 60821.17334735 60821.18081719 22
TITA                 60821.23893833 60821.24619680 18
TITA                 60821.72303241 60821.73132556 55
TITA                 60821.78937207 60821.79532621 8
TITA                 60822.16704354 60822.17417112 17
TITA                 60822.23222383 60822.23979937 24
TITA                 60822.71654522 60822.72473566 40
TITA                 60822.78261780 60822.78917376 11
TITA                 60823.16077945 60823.16748122 13
TITA                 60823.22554700 60823.23335724 32
TITA                 60823.71007308 60823.71809232 30
TITA                 60823.77589789 60823.78294442 15
TITA                 60824.15456365 60824.16073954 10
TITA                 60824.21890323 60824.22687482 43
TITA                 60824.70361913 60824.71139193 23
TITA                 60824.76920844 60824.77665557 19
TITA                 60825.14841042 60825.15393262 7
TITA                 60825.21224621 60825.22035236 61
TITA                 60825.69718862 60825.70462923 17
TITA                 60825.76253187 60825.77030008 25
TITA                 60826.14234612 60826.14703471 4
TITA                 60826.20566046 60826.21379786 85
NOAA-15              60803.58095439 60803.59056923 23
NOAA-15              60803.65000335 60803.66005546 35
NOAA-15              60804.05028769 60804.05983678 24
NOAA-15              60804.11911408 60804.12922833 34
NOAA-15              60804.56334662 60804.57165464 12
NOAA-15              60804.63175977 60804.64225102 64
NOAA-15              60804.70250069 60804.70861067 5
NOAA-15              60805.03295757 60805.04135168 14
NOAA-15              60805.10075378 60805.11126750 63
NOAA-15              60805.17322932 60805.17838839 3
NOAA-15              60805.54622198 60805.55212157 5
NOAA-15              60805.61363809 60805.62419585 70
NOAA-15              60805.68365586 60805.69179754 12
NOAA-15              60806.01604170 60806.02260995 6
NOAA-15              60806.08265282 60806.09316811 71
NOAA-15              60806.15351138 60806.16143158 10
NOAA-15              60806.59564687 60806.60588472 38
NOAA-15              60806.66513375 60806.67452944 22
NOAA-15              60807.06480176 60807.07494556 39
NOAA-15              60807.13447750 60807.14388827 21
NOAA-15              60807.57782757 60807.58728092 21
NOAA-15              60807.64677973 60807.65694502 39
NOAA-15              60808.04721444 60808.05659294 22
NOAA-15              60808.11586792 60808.12607277 37
NOAA-15              60808.56027391 60808.56828583 11
NOAA-15              60808.62855505 60808.63909500 71
NOAA-15              60808.69911902 60808.70569811 7
NOAA-15              60809.02994158 60809.03807159 12
NOAA-15              60809.09755138 60809.10808407 70
NOAA-15              60809.16968029 60809.17546875 4
NOAA-15              60809.54330146 60809.54857888 3
NOAA-15              60809.61045265 60809.62099527 63
NOAA-15              60809.68037265 60809.68878363 14
NOAA-15              60810.01311931 60810.01926026 5
NOAA-15              60810.07949060 60810.08996100 64
NOAA-15              60810.15013471 60810.15835837 12
NOAA-15              60810.59248449 60810.60263587 34
NOAA-15              60810.66188271 60810.67145309 24
NOAA-15              60811.06168061 60811.07171539 35
NOAA-15              60811.13117689 60811.14075533 23
NOAA-15              60811.57469904 60811.58397295 19
NOAA-15              60811.64355052 60811.65381864 43
NOAA-15              60811.71504896 60811.71902737 2
NOAA-15              60812.04413986 60812.05333570 20
NOAA-15              60812.11261952 60812.12290374 42
NOAA-15              60812.55720696 60812.56488977 9
NOAA-15              60812.62534473 60812.63592337 79
NOAA-15              60812.69577728 60812.70275309 8
NOAA-15              60813.02692828 60813.03477511 11
NOAA-15              60813.09434582 60813.10488835 78
NOAA-15              60813.16616694 60813.17249839 6
NOAA-15              60813.54042479 60813.54496167 2
NOAA-15              60813.60726222 60813.61777863 57
NOAA-15              60813.67708736 60813.68574985 15
NOAA-15              60814.01021281 60814.01588124 4
NOAA-15              60814.07632521 60814.08674211 58
NOAA-15              60814.14673097 60814.15526664 13
NOAA-15              60814.58931839 60814.59936952 31
NOAA-15              60814.65862712 60814.66835966 27
NOAA-15              60815.05855684 60815.06847294 32
NOAA-15              60815.12787588 60815.13760739 25
NOAA-15              60815.57156989 60815.58064429 17
NOAA-15              60815.64031621 60815.65067624 48
NOAA-15              60815.71155653 60815.71624694 3
NOAA-15              60816.04106458 60816.05006478 18
NOAA-15              60816.10936864 60816.11972191 46
NOAA-15              60816.55414850 60816.56146333 8
NOAA-15              60816.62212914 60816.63273583 87
NOAA-15              60816.69244034 60816.69978101 9
NOAA-15              60817.02391855 60817.03146116 10
NOAA-15              60817.09113729 60817.10168063 86
NOAA-15              60817.16267859 60817.16948813 7
NOAA-15              60817.60406712 60817.61454546 51
NOAA-15              60817.67379969 60817.68269655 17
NOAA-15              60818.00732824 60818.01246708 4
NOAA-15              60818.07315674 60818.08351140 52
NOAA-15              60818.14336306 60818.15215340 15
NOAA-15              60818.58614921 60818.59608502 28
NOAA-15              60818.65536708 60818.66524911 30
NOAA-15              60819.05543085 60819.06521826 29
NOAA-15              60819.12457399 60819.13444508 28
NOAA-15              60819.56844151 60819.57729346 15
NOAA-15              60819.63707667 60819.64751748 53
NOAA-15              60819.70810670 60819.71340130 4
NOAA-15              60820.03798912 60820.04678036 16
NOAA-15              60820.10611515 60820.11652751 52
NOAA-15              60820.55110233 60820.55800260 7
NOAA-15              60820.61890856 60820.62953201 84
NOAA-15              60820.68910658 60820.69678373 10
NOAA-15              60821.02091411 60821.02812891 8
NOAA-15              60821.08792542 60821.09846113 86
NOAA-15              60821.15920827 60821.16644487 8
NOAA-15              60821.60086553 60821.61129507 46
NOAA-15              60821.67050939 60821.67962417 19
NOAA-15              60822.00453189 60822.00900826 3
NOAA-15              60822.06998627 60822.08026897 47
NOAA-15              60822.13999807 60822.14902222 17
NOAA-15              60822.58297765 60822.59278160 25
NOAA-15              60822.65210268 60822.66212134 33
NOAA-18              60803.72430052 60803.73390315 19
NOAA-18              60803.79376784 60803.80438671 44
NOAA-18              60803.86571785 60803.87035177 3
NOAA-18              60804.19782042 60804.20779969 25
NOAA-18              60804.26720179 60804.27783453 37
NOAA-18              60804.71561016 60804.72453975 14
NOAA-18              60804.78476490 60804.79557299 59
NOAA-18              60804.85615205 60804.86237365 5
NOAA-18              60805.18922066 60805.19869492 19
NOAA-18              60805.25810664 60805.26897323 49
NOAA-18              60805.70701132 60805.71505163 10
NOAA-18              60805.77578979 60805.78669866 79
NOAA-18              60805.84680002 60805.85416226 8
NOAA-18              60806.18070101 60806.18954693 14
NOAA-18              60806.24907643 60806.26007593 66
NOAA-18              60806.32200401 60806.32798484 4
NOAA-18              60806.69855234 60806.70538882 6
NOAA-18              60806.76684297 60806.77776419 78
NOAA-18              60806.83754947 60806.84580622 12
NOAA-18              60807.17227556 60807.18034388 11
NOAA-18              60807.24010771 60807.25114637 87
NOAA-18              60807.31220232 60807.31964884 8
NOAA-18              60807.69036022 60807.69542818 3
NOAA-18              60807.75792639 60807.76876869 58
NOAA-18              60807.82836609 60807.83734144 16
NOAA-18              60808.16396721 60808.17106449 7
NOAA-18              60808.23119865 60808.24218688 71
NOAA-18              60808.30259421 60808.31112351 12
NOAA-18              60808.74904025 60808.75970970 43
NOAA-18              60808.81923237 60808.82878733 21
NOAA-18              60809.15582162 60809.16166475 4
NOAA-18              60809.22234923 60809.23319856 53
NOAA-18              60809.29316191 60809.30248001 16
NOAA-18              60809.74019293 60809.75058287 32
NOAA-18              60809.81013834 60809.82015548 27
NOAA-18              60810.21356129 60810.22418139 40
NOAA-18              60810.28384056 60810.29375618 22
NOAA-18              60810.73138968 60810.74138129 24
NOAA-18              60810.80107805 60810.81145354 35
NOAA-18              60811.20483462 60811.21513412 31
NOAA-18              60811.27460940 60811.28497185 29
NOAA-18              60811.72264096 60811.73209409 18
NOAA-18              60811.79204804 60811.80268646 47
NOAA-18              60811.86388137 60811.86883146 3
NOAA-18              60812.19617529 60812.20605418 24
NOAA-18              60812.26545571 60812.27613918 39
NOAA-18              60812.71396356 60812.72270387 13
NOAA-18              60812.78304651 60812.79385732 63
NOAA-18              60812.85435532 60812.86079605 6
NOAA-18              60813.18758884 60813.19693677 18
NOAA-18              60813.25637134 60813.26726607 52
NOAA-18              60813.70538534 60813.71318092 9
NOAA-18              60813.77407293 60813.78496772 83
NOAA-18              60813.84502151 60813.85255025 9
NOAA-18              60814.17908493 60814.18777396 14
NOAA-18              60814.24735112 60814.25835779 70
NOAA-18              60814.32009200 60814.32640488 5
NOAA-18              60814.69697088 60814.70346609 5
NOAA-18              60814.76512811 60814.77601784 74
NOAA-18              60814.83578101 60814.84416833 12
NOAA-18              60815.17067925 60815.17855253 10
NOAA-18              60815.23839196 60815.24941778 88
NOAA-18              60815.31034238 60815.31801667 9
NOAA-18              60815.68886059 60815.69339959 2
NOAA-18              60815.75621386 60815.76700650 55
NOAA-18              60815.82660374 60815.83568195 17
NOAA-18              60816.16239798 60816.16924761 7
NOAA-18              60816.22949248 60816.24044810 67
NOAA-18              60816.30076443 60816.30945994 13
NOAA-18              60816.74733071 60816.75793089 41
NOAA-18              60816.81747395 60816.82710891 22
NOAA-18              60817.15429590 60817.15980605 4
NOAA-18              60817.22065252 60817.23144960 50
NOAA-18              60817.29135363 60817.30079413 17
NOAA-18              60817.73848779 60817.74878618 30
NOAA-18              60817.80838258 60817.81845971 29
NOAA-18              60818.21187452 60818.22242211 38
NOAA-18              60818.28204883 60818.29205279 23
NOAA-18              60818.72969090 60818.73956474 23
NOAA-18              60818.79932423 60818.80974148 37
NOAA-18              60819.20315867 60819.21336388 29
NOAA-18              60819.27283124 60819.28325380 31
NOAA-18              60819.72095162 60819.73025466 17
NOAA-18              60819.79029575 60819.80095880 50
NOAA-18              60819.86201861 60819.86727671 4
NOAA-18              60820.19451139 60820.20427208 22
NOAA-18              60820.26368923 60820.27440828 41
NOAA-18              60820.71228808 60820.72083647 12
NOAA-18              60820.78129564 60820.79211442 67
NOAA-18              60820.85252763 60820.85918937 6
NOAA-18              60821.18593882 60821.19514138 17
NOAA-18              60821.25461536 60821.26552351 55
NOAA-18              60821.32820606 60821.33291468 3
NOAA-18              60821.70373266 60821.71127634 8
NOAA-18              60821.77232362 60821.78320967 87
NOAA-18              60821.84321059 60821.85091080 10
NOAA-18              60822.17745154 60822.18596273 13
NOAA-18              60822.24560491 60822.25660435 74
NOAA-18              60822.31817036 60822.32477794 6
NOAA-19              60803.65619288 60803.66300074 6
NOAA-19              60803.72447240 60803.73538937 78
NOAA-19              60803.79517498 60803.80343621 12
NOAA-19              60804.13004775 60804.13802270 10
NOAA-19              60804.19790178 60804.20882142 86
NOAA-19              60804.27005422 60804.27727707 7
NOAA-19              60804.64815304 60804.65321609 3
NOAA-19              60804.71571470 60804.72656013 58
NOAA-19              60804.78615389 60804.79513067 16
NOAA-19              60805.12189074 60805.12890708 7
NOAA-19              60805.18915154 60805.20002363 73
NOAA-19              60805.26059968 60805.26892280 11
NOAA-19              60805.70698657 60805.71766896 43
NOAA-19              60805.77718125 60805.78673797 21
NOAA-19              60806.11389241 60806.11967317 4
NOAA-19              60806.18045889 60806.19119746 54
NOAA-19              60806.25132260 60806.26044685 16
NOAA-19              60806.69829604 60806.70871169 33
NOAA-19              60806.76824739 60806.77826927 27
NOAA-19              60807.17182603 60807.18234285 41
NOAA-19              60807.24215695 60807.25188888 21
NOAA-19              60807.68964808 60807.69968183 25
NOAA-19              60807.75934650 60807.76973203 35
NOAA-19              60808.16325253 60808.17345901 31
NOAA-19              60808.23308124 60808.24326963 28
NOAA-19              60808.68105248 60808.69056914 18
NOAA-19              60808.75047514 60808.76113107 47
NOAA-19              60808.82232182 60808.82724164 3
NOAA-19              60809.15474396 60809.16454314 24
NOAA-19              60809.22408233 60809.23460151 37
NOAA-19              60809.67252483 60809.68135750 13
NOAA-19              60809.74163157 60809.75246942 62
NOAA-19              60809.81295512 60809.81936974 6
NOAA-19              60810.14630555 60810.15559101 18
NOAA-19              60810.21515181 60810.22589291 50
NOAA-19              60810.66409053 60810.67201971 9
NOAA-19              60810.73281506 60810.74374869 82
NOAA-19              60810.80377986 60810.81128843 9
NOAA-19              60811.13794637 60811.14659515 14
NOAA-19              60811.20628428 60811.21714905 67
NOAA-19              60811.27919169 60811.28506023 4
NOAA-19              60811.65580024 60811.66250345 6
NOAA-19              60811.72402631 60811.73496918 76
NOAA-19              60811.79469765 60811.80307221 12
NOAA-19              60812.12968097 60812.13754340 10
NOAA-19              60812.19747648 60812.20837359 88
NOAA-19              60812.26955672 60812.27687667 8
NOAA-19              60812.64779014 60812.65267628 3
NOAA-19              60812.71526720 60812.72612986 57
NOAA-19              60812.78567830 60812.79475268 16
NOAA-19              60813.12153330 60813.12841300 7
NOAA-19              60813.18872679 60813.19956874 70
NOAA-19              60813.26011309 60813.26850502 11
NOAA-19              60813.70653791 60813.71722825 42
NOAA-19              60813.77670603 60813.78634758 21
NOAA-19              60814.11355222 60814.11915672 4
NOAA-19              60814.18003485 60814.19073554 53
NOAA-19              60814.25084264 60814.26001613 16
NOAA-19              60814.69784680 60814.70825998 32
NOAA-19              60814.76777171 60814.77786739 28
NOAA-19              60815.17140282 60815.18187388 40
NOAA-19              60815.24168121 60815.25144756 22
NOAA-19              60815.68919905 60815.69921827 24
NOAA-19              60815.75886989 60815.76931920 37
NOAA-19              60816.16283055 60816.17298270 30
NOAA-19              60816.23260830 60816.24281910 29
NOAA-19              60816.68060484 60816.69009248 18
NOAA-19              60816.74999732 60816.76070769 48
NOAA-19              60816.82177002 60816.82692123 3
NOAA-19              60817.15432381 60817.16405919 23
NOAA-19              60817.22361128 60817.23414265 38
NOAA-19              60817.67208046 60817.68086573 13
NOAA-19              60817.74115241 60817.75203566 64
NOAA-19              60817.81242599 60817.81901346 6
NOAA-19              60818.14588807 60818.15509881 18
NOAA-19              60818.21468208 60818.22542635 51
NOAA-19              60818.66365269 60818.67150943 9
NOAA-19              60818.73233461 60818.74330460 84
NOAA-19              60818.80326083 60818.81090976 9
NOAA-19              60819.13753281 60819.14609364 13
NOAA-19              60819.20581552 60819.21667519 69
NOAA-19              60819.27862507 60819.28465775 5
NOAA-19              60819.65538325 60819.66196734 6
NOAA-19              60819.72354465 60819.73451465 73
NOAA-19              60819.79418344 60819.80267628 13
NOAA-19              60820.12927339 60820.13703077 10
NOAA-19              60820.19700850 60820.20789270 89
NOAA-19              60820.26901294 60820.27644549 8
NOAA-19              60820.64740042 60820.65209231 2
NOAA-19              60820.71478466 60820.72566468 55
NOAA-19              60820.78516638 60820.79434233 17
NOAA-19              60821.12113541 60821.12788585 7
NOAA-19              60821.18825956 60821.19908097 68
NOAA-19              60821.25958097 60821.26805606 12
NOAA-19              60821.70605468 60821.71675201 41
NOAA-19              60821.77619498 60821.78592399 22
NOAA-19              60822.11317243 60822.11860684 4
NOAA-19              60822.17956851 60822.19024094 51
NOAA-19              60822.25031774 60822.25955399 17
METOA                60803.73911164 60803.74652126 10
METOA                60803.80517953 60803.81516819 69
METOA                60803.87353896 60803.87982143 6
METOA                60804.19483281 60804.20054804 5
METOA                60804.25925855 60804.26903005 63
METOA                60804.32777589 60804.33518973 10
METOA                60804.75666824 60804.76549891 19
METOA                60804.82341952 60804.83302450 37
METOA                60805.21168360 60805.21938765 12
METOA                60805.27732147 60805.28716127 64
METOA                60805.34737088 60805.35222150 3
METOA                60805.77449829 60805.78407778 36
METOA                60805.84179398 60805.85061114 20
METOA                60806.22898884 60806.23791710 22
METOA                60806.29563914 60806.30514714 33
METOA                60806.72724733 60806.73257633 4
METOA                60806.79250328 60806.80236106 68
METOA                60806.86034861 60806.86787120 11
METOA                60807.24660435 60807.25626834 40
METOA                60807.31425329 60807.32294468 18
METOA                60807.74438240 60807.75204594 11
METOA                60807.81064137 60807.82038571 58
METOA                60807.87927260 60807.88463389 4
METOA                60808.19967247 60808.20625169 7
METOA                60808.26447790 60808.27448102 75
METOA                60808.33331010 60808.34043809 9
METOA                60808.76200742 60808.77089196 22
METOA                60808.82890675 60808.83815492 31
METOA                60809.21667862 60809.22494972 15
METOA                60809.28259760 60809.29256143 55
METOA                60809.35319136 60809.35719536 2
METOA                60809.77987404 60809.78937323 42
METOA                60809.84731781 60809.85564136 17
METOA                60810.23407196 60810.24340228 26
METOA                60810.30097699 60810.31049099 29
METOA                60810.73235775 60810.73819569 5
METOA                60810.79790404 60810.80757107 76
METOA                60810.86597965 60810.87276277 8
METOA                60811.18799967 60811.19281710 3
METOA                60811.25175233 60811.26169608 48
METOA                60811.31967071 60811.32821574 16
METOA                60811.74963178 60811.75745946 13
METOA                60811.81606489 60811.82551248 47
METOA                60811.88507450 60811.88924883 3
METOA                60812.20455371 60812.21182815 9
METOA                60812.26968365 60812.27985778 83
METOA                60812.33885707 60812.34558797 7
METOA                60812.76731135 60812.77618891 25
METOA                60812.83439769 60812.84318993 25
METOA                60813.22167931 60813.23041943 18
METOA                60813.28786024 60813.29788645 47
METOA                60813.78520880 60813.79457885 49
METOA                60813.85285166 60813.86056822 14
METOA                60814.23914923 60814.24880494 31
METOA                60814.30630493 60814.31575611 25
METOA                60814.73747044 60814.74367693 6
METOA                60814.80326176 60814.81269389 73
METOA                60814.87156880 60814.87753020 6
METOA                60815.19270177 60815.19846961 5
METOA                60815.25689010 60815.26704486 58
METOA                60815.32511958 60815.33339666 13
METOA                60815.75484780 60815.76277317 15
METOA                60815.82149158 60815.83055565 39
METOA                60816.20945774 60816.21729305 11
METOA                60816.27487728 60816.28515625 75
METOA                60816.34443263 60816.35062096 6
METOA                60816.77257214 60816.78139698 29
METOA                60816.83980848 60816.84813649 21
METOA                60817.22668067 60817.23579821 21
METOA                60817.29311191 60817.30313136 40
METOA                60817.79049882 60817.79970036 57
METOA                60817.85831684 60817.86539547 11
METOA                60818.24421907 60818.25412341 37
METOA                60818.31162635 60818.32093634 22
METOA                60818.74256248 60818.74904357 8
METOA                60818.80857063 60818.81773433 63
METOA                60818.87717267 60818.88215058 4
METOA                60819.19747179 60819.20396289 6
METOA                60819.26201718 60819.27231182 69
METOA                60819.33054120 60819.33848301 11
METOA                60819.76002058 60819.76799686 17
METOA                60819.82682373 60819.83551171 32
METOA                60820.21437290 60820.22265436 14
METOA                60820.28005938 60820.29037249 64
METOA                60820.35006252 60820.35550897 4
METOA                60820.77778252 60820.78652325 33
METOA                60820.84517594 60820.85299453 17
METOA                60821.23167878 60821.24108643 24
METOA                60821.29835419 60821.30829157 34
METOA                60821.73072251 60821.73472326 2
METOA                60821.79573278 60821.80474367 67
METOA                60821.86375465 60821.87011766 8
METOA                60822.18597030 60822.19024294 2
METOA                60822.24927970 60822.25935609 44
METOA                60822.31694441 60822.32602561 19
METOA                60822.74761840 60822.75431219 9
METOA                60822.81382558 60822.82269752 52
METOA                60822.88284056 60822.88657372 2
METOA                60823.20227672 60823.20932680 8
METOB                60803.67573362 60803.68610856 37
METOB                60803.74545008 60803.75506438 23
METOB                60804.14661649 60804.15697579 41
METOB                60804.21660579 60804.22614986 20
METOB                60804.66157331 60804.67135264 23
METOB                60804.73087547 60804.74111050 36
METOB                60805.13261392 60805.14242541 26
METOB                60805.20179132 60805.21202654 33
METOB                60805.64756155 60805.65637002 14
METOB                60805.71638201 60805.72698833 57
METOB                60805.78752917 60805.79332831 5
METOB                60806.11879502 60806.12778190 17
METOB                60806.18716913 60806.19778670 53
METOB                60806.63379070 60806.64106354 8
METOB                60806.70196351 60806.71270911 88
METOB                60806.77247144 60806.78010922 10
METOB                60807.10520007 60807.11301136 10
METOB                60807.17271380 60807.18345592 85
METOB                60807.24454269 60807.25151677 7
METOB                60807.62057437 60807.62511667 2
METOB                60807.68762278 60807.69827381 56
METOB                60807.75767961 60807.76654695 16
METOB                60808.09192466 60808.09802599 5
METOB                60808.15841488 60808.16904644 61
METOB                60808.22915175 60808.23779365 13
METOB                60808.67336734 60808.68367332 34
METOB                60808.74302141 60808.75275209 25
METOB                60809.14427301 60809.15456167 38
METOB                60809.21413327 60809.22380553 22
METOB                60809.65922505 60809.66888459 22
METOB                60809.72845876 60809.73876955 38
METOB                60810.13029548 60810.13999673 24
METOB                60810.19934951 60810.20966033 35
METOB                60810.64524097 60810.65385904 13
METOB                60810.71397564 60810.72462132 62
METOB                60810.78500956 60810.79114668 5
METOB                60811.11650646 60811.12533508 16
METOB                60811.18475281 60811.19540386 57
METOB                60811.25787722 60811.26249268 3
METOB                60811.63152198 60811.63848430 7
METOB                60811.69956734 60811.71031670 83
METOB                60811.76999872 60811.77786026 10
METOB                60812.10295114 60812.11053768 9
METOB                60812.17032052 60812.18105895 89
METOB                60812.24196436 60812.24924598 8
METOB                60812.68523802 60812.69585528 52
METOB                60812.75523039 60812.76425577 17
METOB                60813.08974145 60813.09550046 5
METOB                60813.15604410 60813.16663637 56
METOB                60813.22663699 60813.23546880 14
METOB                60813.67099629 60813.68122610 32
METOB                60813.74058737 60813.75042831 26
METOB                60814.14192556 60814.15213839 35
METOB                60814.21165809 60814.22145042 24
METOB                60814.65687312 60814.66640340 20
METOB                60814.72603638 60814.73641760 41
METOB                60815.12797412 60815.13755840 23
METOB                60815.19690407 60815.20728440 38
METOB                60815.64291918 60815.65133232 12
METOB                60815.71156362 60815.72224331 66
METOB                60815.78245978 60815.78894744 6
METOB                60816.11421587 60816.12287763 15
METOB                60816.18233244 60816.19301169 61
METOB                60816.25516313 60816.26033354 3
METOB                60816.62925932 60816.63588171 6
METOB                60816.69716577 60816.70791319 78
METOB                60816.76752310 60816.77559695 11
METOB                60817.10070268 60817.10805123 9
METOB                60817.16792327 60817.17865286 84
METOB                60817.23939073 60817.24695738 9
METOB                60817.68284589 60817.69342529 48
METOB                60817.75277653 60817.76195251 18
METOB                60818.08756716 60818.09295398 4
METOB                60818.15366932 60818.16421726 52
METOB                60818.22412113 60818.23313146 16
METOB                60818.66862068 60818.67876683 30
METOB                60818.73814802 60818.74809301 28
METOB                60819.13957434 60819.14970570 33
METOB                60819.20918005 60819.21908477 25
METOB                60819.65451796 60819.66390867 19
METOB                60819.72360843 60819.73405443 44
METOB                60819.79524525 60819.79964748 2
METOB                60820.12564948 60820.13511036 21
METOB                60820.19445493 60820.20489876 41
METOB                60820.64059677 60820.64878905 11
METOB                60820.70914593 60820.71985421 72
METOB                60820.77994412 60820.78672668 7
METOB                60821.11192335 60821.12040945 13
METOB                60821.17990800 60821.19061030 66
METOB                60821.25247692 60821.25813351 4
METOB                60821.62700551 60821.63325295 5
METOB                60821.69475863 60821.70549842 72
METOB                60821.76504434 60821.77331985 12
METOB                60822.09845540 60822.10555139 8
METOB                60822.16552169 60822.17623774 78
METOB                60822.23682033 60822.24465233 10
METOB                60822.68045067 60822.69098368 44
METOB                60822.75031802 60822.75963677 20
METOB                60823.08545980 60823.09038374 3
