iss                  60833.00749835 60833.01501570 82
iss                  60833.07621050 60833.07986628 3
iss                  60833.56332506 60833.57038718 24
iss                  60833.63059081 60833.63722556 15
iss                  60833.97313809 60833.98043879 33
iss                  60834.04074088 60834.04663309 10
iss                  60834.52942718 60834.53549313 11
iss                  60834.59572764 60834.60301395 29
iss                  60834.93890170 60834.94559445 16
iss                  60835.00580163 60835.01276532 21
iss                  60835.49597206 60835.50007989 3
iss                  60835.56109292 60835.56863090 72
iss                  60835.63007468 60835.63434886 4
iss                  60835.90479746 60835.91042912 8
iss                  60835.97110893 60835.97855479 51
iss                  60836.52667419 60836.53407087 43
iss                  60836.59457029 60836.60049185 9
iss                  60836.87102275 60836.87477596 3
iss                  60836.93657855 60836.94407234 60
iss                  60837.00483131 60837.00944966 5
iss                  60837.49249541 60837.49929379 19
iss                  60837.55944678 60837.56633594 18
iss                  60837.90215999 60837.90933085 26
iss                  60837.96952102 60837.97586005 13
iss                  60838.45859740 60838.46418998 8
iss                  60838.52458364 60838.53198857 38
iss                  60838.86788863 60838.87430782 13
iss                  60838.93460044 60838.94178727 28
iss                  60839.48994339 60839.49747027 82
iss                  60839.55851883 60839.56344829 5
iss                  60839.83380544 60839.83892847 6
iss                  60839.89989003 60839.90740332 72
iss                  60840.45552464 60840.46276433 32
iss                  60840.52308731 60840.52938987 12
iss                  60840.86532890 60840.87275436 43
iss                  60840.93320834 60840.93857399 7
iss                  60841.42136957 60841.42781361 14
iss                  60841.48798116 60841.49508617 23
iss                  60841.83087520 60841.83784048 20
iss                  60841.89799018 60841.90470321 17
iss                  60842.38756343 60842.39245360 5
iss                  60842.45311957 60842.46060190 53
iss                  60842.52252795 60842.52599603 2
iss                  60842.79658294 60842.80262545 10
iss                  60842.86307593 60842.87043495 38
iss                  60843.41847868 60843.42594322 58
iss                  60843.48666830 60843.49215891 7
iss                  60843.76252883 60843.76699511 4
iss                  60843.82834499 60843.83587720 81
iss                  60843.89699242 60843.90076682 3
iss                  60844.38407008 60844.39108098 24
iss                  60844.45128840 60844.45792315 15
iss                  60844.79375415 60844.80105659 32
iss                  60844.86130893 60844.86727729 10
iss                  60845.34996279 60845.35593246 10
iss                  60845.41619687 60845.42347476 30
iss                  60845.75929319 60845.76596133 16
iss                  60845.82614573 60845.83316374 22
iss                  60846.31633924 60846.32022184 3
iss                  60846.38133917 60846.38885120 76
iss                  60846.45023616 60846.45459605 4
iss                  60846.72497179 60846.73053331 8
iss                  60846.79122896 60846.79870588 55
iss                  60847.34670408 60847.35404505 40
iss                  60847.41451620 60847.42049129 9
iss                  60847.69100917 60847.69458363 2
iss                  60847.75647593 60847.76397204 56
iss                  60847.82462010 60847.82944470 5
iss                  60848.31232013 60848.31901151 17
iss                  60848.37917519 60848.38609219 19
iss                  60848.72183693 60848.72897269 24
iss                  60848.78911718 60848.79557574 14
iss                  60849.27824024 60849.28362540 7
iss                  60849.34409728 60849.35150020 42
iss                  60849.68735175 60849.69368136 12
iss                  60849.75398593 60849.76124103 31
iss                  60850.30924704 60850.31673290 74
iss                  60850.37768966 60850.38276687 6
iss                  60850.65307157 60850.65801163 5
iss                  60850.71906115 60850.72659650 81
iss                  60851.27462705 60851.28176956 29
iss                  60851.34205970 60851.34845109 13
iss                  60851.68428579 60851.69168271 39
iss                  60851.75202820 60851.75763812 8
iss                  60852.24028904 60852.24654281 13
iss                  60852.30674982 60852.31389646 25
iss                  60852.64962075 60852.65649533 18
iss                  60852.71662712 60852.72347664 19
iss                  60853.20635248 60853.21084870 4
iss                  60853.27168617 60853.27915972 61
iss                  60853.34087249 60853.34468200 3
iss                  60853.61512882 60853.62099026 9
iss                  60853.68151147 60853.68893394 44
iss                  60854.23684906 60854.24424218 50
iss                  60854.30486377 60854.31053989 8
iss                  60854.58091447 60854.58502394 3
iss                  60854.64657427 60854.65410274 69
iss                  60854.71496168 60854.71926232 4
iss                  60855.20225714 60855.20910735 20
AO-07                60832.99564711 60833.01110561 89
AO-07                60833.07637270 60833.08732343 11
AO-07                60833.43110439 60833.43873436 4
AO-07                60833.50585445 60833.52116092 65
AO-07                60833.58498231 60833.59762438 19
AO-07                60833.95484308 60833.96912435 33
AO-07                60834.03268729 60834.04742761 38
AO-07                60834.46510707 60834.47848658 22
AO-07                60834.54256179 60834.55762001 54
AO-07                60834.62370540 60834.63077908 4
AO-07                60834.91580915 60834.92614765 10
AO-07                60834.99072441 60835.00616112 80
AO-07                60835.07103658 60835.08272496 13
AO-07                60835.42700284 60835.43288002 2
AO-07                60835.50095941 60835.51617384 58
AO-07                60835.57988945 60835.59297929 22
AO-07                60835.95010182 60835.96408329 29
AO-07                60836.02763459 60836.04258142 44
AO-07                60836.46037449 60836.47329512 19
AO-07                60836.53758081 60836.55277234 61
AO-07                60836.61830218 60836.62656006 6
AO-07                60836.91138790 60836.92091006 8
AO-07                60836.98583484 60837.00120528 71
AO-07                60837.06575506 60837.07807574 16
AO-07                60837.49607870 60837.51116700 51
AO-07                60837.57481438 60837.58830356 25
AO-07                60837.94539308 60837.95902805 26
AO-07                60838.02260390 60838.03771858 50
AO-07                60838.45567568 60838.46806622 16
AO-07                60838.53261111 60838.54790505 69
AO-07                60838.61298956 60838.62223311 7
AO-07                60838.90710455 60838.91561776 6
AO-07                60838.98096794 60838.99623825 63
AO-07                60839.06051889 60839.07338510 18
AO-07                60839.49121060 60839.50613975 45
AO-07                60839.56975529 60839.58359944 28
AO-07                60839.94071242 60839.95395720 22
AO-07                60840.01759421 60840.03284060 56
AO-07                60840.10111186 60840.10659681 2
AO-07                60840.45101663 60840.46279388 14
AO-07                60840.52765263 60840.54301856 78
AO-07                60840.60773828 60840.61782743 9
AO-07                60840.90286075 60840.91024291 4
AO-07                60840.97611775 60840.99126006 56
AO-07                60841.05532149 60841.06865961 22
AO-07                60841.48636039 60841.50109098 39
AO-07                60841.56471081 60841.57886916 32
AO-07                60841.93606242 60841.94886925 20
AO-07                60842.01260478 60842.02794845 64
AO-07                60842.09519263 60842.10255900 4
AO-07                60842.44640645 60842.45746934 11
AO-07                60842.52270584 60842.53811317 87
AO-07                60842.60253276 60842.61335956 11
AO-07                60842.89876769 60842.90473743 3
AO-07                60842.97128799 60842.98627051 49
AO-07                60843.05015801 60843.06390472 25
AO-07                60843.48152789 60843.49601970 34
AO-07                60843.55967989 60843.57411433 36
AO-07                60843.93144545 60843.94376185 17
AO-07                60844.00763504 60844.02304300 72
AO-07                60844.08953034 60844.09827397 6
AO-07                60844.44185873 60844.45208024 9
AO-07                60844.51777051 60844.53318901 84
AO-07                60844.59736275 60844.60884029 13
AO-07                60844.96647926 60844.98126974 44
AO-07                60845.04502479 60845.05912386 29
AO-07                60845.47671502 60845.49092425 30
AO-07                60845.55466173 60845.56933623 41
AO-07                60845.92686561 60845.93863212 14
AO-07                60846.00268464 60846.01812494 81
AO-07                60846.08401180 60846.09385033 8
AO-07                60846.43739716 60846.44660627 7
AO-07                60846.51284728 60846.52824609 75
AO-07                60846.59222160 60846.60427698 16
AO-07                60846.96168644 60846.97625709 38
AO-07                60847.03991902 60847.05432028 33
AO-07                60847.47192406 60847.48580267 26
AO-07                60847.54965575 60847.56453624 47
AO-07                60847.63149712 60847.63673600 2
AO-07                60847.92232758 60847.93347606 12
AO-07                60847.99775336 60848.01319485 90
AO-07                60848.07859041 60848.08933337 10
AO-07                60848.43304708 60848.44101248 5
AO-07                60848.50793666 60848.52328428 67
AO-07                60848.58710464 60848.59967503 18
AO-07                60848.95692863 60848.97123214 34
AO-07                60849.03483851 60849.04949629 37
AO-07                60849.46715747 60849.48065250 23
AO-07                60849.54466152 60849.55971504 53
AO-07                60849.62589778 60849.63273480 4
AO-07                60849.91783760 60849.92828785 10
AO-07                60849.99284115 60850.00825313 81
AO-07                60850.07324128 60850.08474801 13
AO-07                60850.42888460 60850.43522410 3
AO-07                60850.50303934 60850.51830327 59
AO-07                60850.58200850 60850.59503858 21
AO-07                60850.95218267 60850.96619421 30
AO-07                60851.02978151 60851.04465418 42
AO-07                60851.46241892 60851.47547022 20
LO-19                60833.01268261 60833.02309486 74
LO-19                60833.46155978 60833.46768760 5
LO-19                60833.52846407 60833.53880255 79
LO-19                60833.59947794 60833.60451967 4
LO-19                60833.99002500 60834.00020394 46
LO-19                60834.05991668 60834.06810954 12
LO-19                60834.50577176 60834.51586074 42
LO-19                60834.57528113 60834.58357951 14
LO-19                60834.96786741 60834.97697075 20
LO-19                60835.03619611 60835.04603902 30
LO-19                60835.48348379 60835.49239671 17
LO-19                60835.55187643 60835.56165970 32
LO-19                60835.94642912 60835.95321328 7
LO-19                60836.01306844 60836.02348699 74
LO-19                60836.46195185 60836.46806973 5
LO-19                60836.52885572 60836.53918512 79
LO-19                60836.59987455 60836.60489685 4
LO-19                60836.99041150 60837.00059486 46
LO-19                60837.06030380 60837.06849986 12
LO-19                60837.50616170 60837.51624231 42
LO-19                60837.57567269 60837.58395933 14
LO-19                60837.96825262 60837.97736052 20
LO-19                60838.03658197 60838.04642804 30
LO-19                60838.48387226 60838.49277702 17
LO-19                60838.55226554 60838.56203932 32
LO-19                60838.94681269 60838.95360226 7
LO-19                60839.01345309 60839.02387469 74
LO-19                60839.46233961 60839.46844795 5
LO-19                60839.52924290 60839.53956399 79
LO-19                60839.60026634 60839.60527088 3
LO-19                60839.99079501 60840.00098123 46
LO-19                60840.06068778 60840.06888578 12
LO-19                60840.50654720 60840.51662016 42
LO-19                60840.57605958 60840.58433567 14
LO-19                60840.96863496 60840.97774558 20
LO-19                60841.03696471 60841.04681262 30
LO-19                60841.48425630 60841.49315360 17
LO-19                60841.55265006 60841.56241538 32
LO-19                60841.94719374 60841.95398617 7
LO-19                60842.01383466 60842.02425787 74
LO-19                60842.46272295 60842.46882242 5
LO-19                60842.52962555 60842.53993927 79
LO-19                60842.60065297 60842.60564199 3
LO-19                60842.99117550 60843.00136300 46
LO-19                60843.06106863 60843.06926722 12
LO-19                60843.50692818 60843.51699441 42
LO-19                60843.57644171 60843.58470867 14
LO-19                60843.96901442 60843.97812589 20
LO-19                60844.03734432 60844.04719269 30
LO-19                60844.48463583 60844.49352656 17
LO-19                60844.55302994 60844.56278800 32
LO-19                60844.94757225 60844.95436497 7
LO-19                60845.01421315 60845.02463649 74
LO-19                60845.46310177 60845.46919330 5
LO-19                60845.53000361 60845.54031107 79
LO-19                60845.60103428 60845.60601034 3
LO-19                60845.99155296 60846.00174010 46
LO-19                60846.06144633 60846.06964412 12
LO-19                60846.50730460 60846.51736516 42
LO-19                60846.57681902 60846.58507845 14
LO-19                60846.96939097 60846.97850139 20
LO-19                60847.03772076 60847.04756820 30
LO-19                60847.48501082 60847.49389602 17
LO-19                60847.55340512 60847.56315730 32
LO-19                60847.94794816 60847.95473862 7
LO-19                60848.01458850 60848.02501049 74
LO-19                60848.46347600 60848.46956073 5
LO-19                60848.53037702 60848.54067950 79
LO-19                60848.60141016 60848.60637613 3
LO-19                60848.99192733 60849.00211250 46
LO-19                60849.06182083 60849.07001645 12
LO-19                60849.50767642 60849.51773252 42
LO-19                60849.57719144 60849.58544514 14
LO-19                60849.96976454 60849.97887207 20
LO-19                60850.03809398 60850.04793911 30
LO-19                60850.48538123 60850.49426209 17
LO-19                60850.55377556 60850.56352337 32
LO-19                60850.94832140 60850.95510712 7
LO-19                60851.01496066 60851.02537985 74
LO-19                60851.46384558 60851.46992485 5
LO-19                60851.53074577 60851.54104465 79
LO-19                60851.60178052 60851.60673949 3
LO-19                60851.99229857 60852.00248019 46
LO-19                60852.06219207 60852.07038418 12
LO-19                60852.50804362 60852.51809658 42
LO-19                60852.57755895 60852.58580882 14
LO-19                60852.97013507 60852.97923791 20
LO-19                60853.03846393 60853.04830542 30
LO-19                60853.48574704 60853.49462485 17
LO-19                60853.55414125 60853.56388631 32
LO-19                60853.94869188 60853.95547047 7
LO-19                60854.01532937 60854.02574457 74
LO-19                60854.46421051 60854.47028574 5
LO-19                60854.53110985 60854.54140660 79
LO-19                60854.60214531 60854.60710055 3
LO-19                60854.99266658 60855.00284318 46
LO-19                60855.06255998 60855.07074732 12
LO-19                60855.50840621 60855.51845740 42
LO-19                60855.57792173 60855.58616959 14
FO-29                60833.12184408 60833.12724547 2
FO-29                60833.19065566 60833.20496150 53
FO-29                60833.26407820 60833.27670790 23
FO-29                60833.68090674 60833.69159130 50
FO-29                60833.75533082 60833.76326134 10
FO-29                60834.15333170 60834.16547702 18
FO-29                60834.22518215 60834.23958162 64
FO-29                60834.30030614 60834.30862374 6
FO-29                60834.64383135 60834.65246853 13
FO-29                60834.71550375 60834.72615012 44
FO-29                60835.18701951 60835.20125739 49
FO-29                60835.26031779 60835.27320177 25
FO-29                60835.67717631 60835.68789240 45
FO-29                60835.75131523 60835.75976503 12
FO-29                60836.14980343 60836.16164339 16
FO-29                60836.22149295 60836.23595863 69
FO-29                60836.29639946 60836.30532609 8
FO-29                60836.64022325 60836.64869233 12
FO-29                60836.71167907 60836.72251782 50
FO-29                60837.18339485 60837.19753713 45
FO-29                60837.25657302 60837.26967591 28
FO-29                60837.67344900 60837.68419736 41
FO-29                60837.74734482 60837.75625461 14
FO-29                60838.14629799 60838.15778501 15
FO-29                60838.21781674 60838.23231938 75
FO-29                60838.29252967 60838.30198555 9
FO-29                60838.63662350 60838.64491683 11
FO-29                60838.70785882 60838.71888740 56
FO-29                60839.17978626 60839.19379992 41
FO-29                60839.25284307 60839.26613036 30
FO-29                60839.66972562 60839.68050595 37
FO-29                60839.74339034 60839.75273492 16
FO-29                60840.14281739 60840.15389950 13
FO-29                60840.21415278 60840.22866417 80
FO-29                60840.28869071 60840.29860797 10
FO-29                60840.63303317 60840.64114113 10
FO-29                60840.70404349 60840.71525895 62
FO-29                60841.17619185 60841.19004548 38
FO-29                60841.24912715 60841.26256574 32
FO-29                60841.66600705 60841.67681784 34
FO-29                60841.73945029 60841.74920760 19
FO-29                60842.13936404 60842.14998385 11
FO-29                60842.21050099 60842.22499269 84
FO-29                60842.28487813 60842.29519703 11
FO-29                60842.62945479 60842.63736415 9
FO-29                60842.70023361 60842.71163237 68
FO-29                60843.17261183 60843.18627325 35
FO-29                60843.24542451 60843.25898245 35
FO-29                60843.66229416 60843.67313260 31
FO-29                60843.73552366 60843.74567416 21
FO-29                60844.13594935 60844.14603444 10
FO-29                60844.20686107 60844.22130515 84
FO-29                60844.28108853 60844.29175592 12
FO-29                60844.62589026 60844.63358436 8
FO-29                60844.69642975 60844.70800745 72
FO-29                60844.77273397 60844.77803828 3
FO-29                60845.16904632 60845.18248271 32
FO-29                60845.24173440 60845.25538089 38
FO-29                60845.65858791 60845.66944971 29
FO-29                60845.73160975 60845.74213549 24
FO-29                60846.13256199 60846.14204587 8
FO-29                60846.20323262 60846.21760119 79
FO-29                60846.27731919 60846.28828690 14
FO-29                60846.62234133 60846.62980005 7
FO-29                60846.69263251 60846.70438390 74
FO-29                60846.76847936 60846.77482142 5
FO-29                60847.16549547 60847.17867330 29
FO-29                60847.23805606 60847.25176148 40
FO-29                60847.65488931 60847.66576854 26
FO-29                60847.72770812 60847.73859232 27
FO-29                60848.12921651 60848.13801129 7
FO-29                60848.19961527 60848.21388114 74
FO-29                60848.27356780 60848.28479181 15
FO-29                60848.61881124 60848.62600896 6
FO-29                60848.68884250 60848.70076134 73
FO-29                60848.76430870 60848.77152836 6
FO-29                60849.16195998 60849.17484418 26
FO-29                60849.23438873 60849.24812465 43
FO-29                60849.65119938 60849.66208838 25
FO-29                60849.72381849 60849.73504498 31
FO-29                60850.12592318 60850.13391951 6
FO-29                60850.19600862 60850.21014497 68
FO-29                60850.26983241 60850.28127250 16
FO-29                60850.61530284 60850.62220827 5
FO-29                60850.68506042 60850.69713932 69
FO-29                60850.76017206 60850.76818783 8
FO-29                60851.15843923 60851.17099501 24
FO-29                60851.23073166 60851.24447085 47
FO-29                60851.30690991 60851.31217848 2
FO-29                60851.64751920 60851.65840841 23
FO-29                60851.71994076 60851.73149372 34
FO-29                60852.12269906 60852.12975258 4
FO-29                60852.19241225 60852.20639286 63
FO-29                60852.26611126 60852.27773034 18
FO-29                60852.61182018 60852.61839432 5
FO-29                60852.68128719 60852.69351729 65
FO-29                60852.75610166 60852.76480852 10
FO-29                60853.15493435 60853.16712454 22
FO-29                60853.22708406 60853.24080055 50
SO-50                60833.12140976 60833.12894494 14
SO-50                60833.18997901 60833.19881443 30
SO-50                60833.55139470 60833.55895210 11
SO-50                60833.61991214 60833.62951988 51
SO-50                60834.13369061 60834.14257571 37
SO-50                60834.20382992 60834.21134624 12
SO-50                60834.56383429 60834.57296909 26
SO-50                60834.63337747 60834.64200392 19
SO-50                60835.07969997 60835.08451754 4
SO-50                60835.14654416 60835.15576132 74
SO-50                60835.21874618 60835.22314405 3
SO-50                60835.50931127 60835.51407131 3
SO-50                60835.57665071 60835.58638577 68
SO-50                60835.64756666 60835.65369861 6
SO-50                60836.09109656 60836.09890593 16
SO-50                60836.15989210 60836.16860865 27
SO-50                60836.52111641 60836.52897240 12
SO-50                60836.58978299 60836.59931114 44
SO-50                60837.10346275 60837.11245060 43
SO-50                60837.17383036 60837.18106657 10
SO-50                60837.53361160 60837.54288135 30
SO-50                60837.60330529 60837.61170208 17
SO-50                60838.04917861 60838.05463143 5
SO-50                60838.11637720 60838.12557762 64
SO-50                60838.47887121 60838.48425850 4
SO-50                60838.54646373 60838.55621750 79
SO-50                60838.61765078 60838.62321093 5
SO-50                60839.06077401 60839.06882487 18
SO-50                60839.12978848 60839.13836911 23
SO-50                60839.49082392 60839.49894712 14
SO-50                60839.55963399 60839.56906557 38
SO-50                60840.07321856 60840.08229042 50
SO-50                60840.14382074 60840.15074739 9
SO-50                60840.50336898 60840.51275507 34
SO-50                60840.57321826 60840.58135887 15
SO-50                60841.01868490 60841.02466891 7
SO-50                60841.08619246 60841.09536075 55
SO-50                60841.44844758 60841.45436746 5
SO-50                60841.51625559 60841.52601281 88
SO-50                60841.58775911 60841.59264356 3
SO-50                60842.03044018 60842.03870352 21
SO-50                60842.09966861 60842.10809558 21
SO-50                60842.46051564 60842.46887806 16
SO-50                60842.52946539 60842.53878307 33
SO-50                60843.04295749 60843.05209574 58
SO-50                60843.11380289 60843.12038681 8
SO-50                60843.47310582 60843.48259090 38
SO-50                60843.54311764 60843.55097304 13
SO-50                60843.98820461 60843.99464277 8
SO-50                60844.05598981 60844.06511086 47
SO-50                60844.41802844 60844.42441031 6
SO-50                60844.48602659 60844.49577192 79
SO-50                60844.55791770 60844.56197050 2
SO-50                60845.00009353 60845.00854336 24
SO-50                60845.06953274 60845.07778782 18
SO-50                60845.43019032 60845.43876672 18
SO-50                60845.49927728 60845.50846347 29
SO-50                60846.01267902 60846.02186702 68
SO-50                60846.08377930 60846.08998224 6
SO-50                60846.44282219 60846.45238936 44
SO-50                60846.51300507 60846.52054305 11
SO-50                60846.95772884 60846.96456125 10
SO-50                60847.02576921 60847.03482805 41
SO-50                60847.38760654 60847.39439490 8
SO-50                60847.45577655 60847.46549503 69
SO-50                60847.96973281 60847.97834563 27
SO-50                60848.03938126 60848.04744545 16
SO-50                60848.39984694 60848.40861434 20
SO-50                60848.46907027 60848.47810652 26
SO-50                60848.98238294 60848.99160467 78
SO-50                60849.05375341 60849.05953000 5
SO-50                60849.41251749 60849.42215096 50
SO-50                60849.48288267 60849.49006651 9
SO-50                60849.92725195 60849.93442967 11
SO-50                60849.99553059 60850.00451240 36
SO-50                60850.35718224 60850.36432924 9
SO-50                60850.42550664 60850.43518225 60
SO-50                60850.93935702 60850.94811126 31
SO-50                60851.00921469 60851.01706801 14
SO-50                60851.36948451 60851.37842218 23
SO-50                60851.43884471 60851.44771172 23
SO-50                60851.88569872 60851.88960318 2
SO-50                60851.95206874 60851.96130903 86
SO-50                60852.02373024 60852.02902484 4
SO-50                60852.38219177 60852.39187609 57
SO-50                60852.45275343 60852.45954074 8
SO-50                60852.89676981 60852.90425192 13
SO-50                60852.96527400 60852.97416394 32
SO-50                60853.32673935 60853.33421093 10
SO-50                60853.39521459 60853.40483370 53
SO-50                60853.90896528 60853.91784136 36
SO-50                60853.97903368 60853.98665479 13
SO-50                60854.33910147 60854.34819082 25
SO-50                60854.40860112 60854.41727900 20
SO-50                60854.85500823 60854.85964578 3
SO-50                60854.92173706 60854.93098039 78
SO-50                60854.99371767 60854.99845800 3
SO-50                60855.28459190 60855.28914170 3
SO-50                60855.35184462 60855.36156514 66
HO-68                60832.95856522 60832.96378566 2
HO-68                60833.36559444 60833.37904888 53
HO-68                60833.44101330 60833.45248373 19
HO-68                60833.79523703 60833.80490967 11
HO-68                60833.86749608 60833.88107212 84
HO-68                60833.94509093 60833.95347523 7
HO-68                60834.35395858 60834.36703407 38
HO-68                60834.42889838 60834.44122859 27
HO-68                60834.78454429 60834.79240038 6
HO-68                60834.85574444 60834.86925621 72
HO-68                60834.93228053 60834.94252939 12
HO-68                60835.34242388 60835.35489024 27
HO-68                60835.41687307 60835.42982568 38
HO-68                60835.77449065 60835.77940834 2
HO-68                60835.84410432 60835.85737243 52
HO-68                60835.91978098 60835.93129745 19
HO-68                60836.33101725 60836.34259155 19
HO-68                60836.40492331 60836.41829522 53
HO-68                60836.48278859 60836.48809114 2
HO-68                60836.83257771 60836.84541915 37
HO-68                60836.90748506 60836.91988723 27
HO-68                60837.31978958 60837.33008844 12
HO-68                60837.39304290 60837.40664961 73
HO-68                60837.46985067 60837.47790635 7
HO-68                60837.82117926 60837.83338985 27
HO-68                60837.89534362 60837.90834975 38
HO-68                60838.30885654 60838.31727284 7
HO-68                60838.38123026 60838.39489500 82
HO-68                60838.45735986 60838.46719323 11
HO-68                60838.80992342 60838.82126970 19
HO-68                60838.88333087 60838.89671303 54
HO-68                60839.29854848 60839.30379364 2
HO-68                60839.36948890 60839.38303248 60
HO-68                60839.44507761 60839.45619515 17
HO-68                60839.79885952 60839.80903014 13
HO-68                60839.87143301 60839.88499389 75
HO-68                60839.94947954 60839.95700687 5
HO-68                60840.35782398 60840.37105786 43
HO-68                60840.43292707 60840.44499709 24
HO-68                60840.78804977 60840.79661060 8
HO-68                60840.85964431 60840.87320188 80
HO-68                60840.93651089 60840.94621035 10
HO-68                60841.34625314 60841.35896012 30
HO-68                60841.42087347 60841.43364137 34
HO-68                60841.77773329 60841.78384750 3
HO-68                60841.84796594 60841.86134152 58
HO-68                60841.92392203 60841.93505922 16
HO-68                60842.33479844 60842.34671825 21
HO-68                60842.40889920 60842.42215255 47
HO-68                60842.83639828 60842.84941289 42
HO-68                60842.91156354 60842.92370267 24
HO-68                60843.32350164 60843.33429285 14
HO-68                60843.39699567 60843.41054503 66
HO-68                60843.47409700 60843.48137432 5
HO-68                60843.82495384 60843.83741099 30
HO-68                60843.89937275 60843.91220479 34
HO-68                60844.31244431 60844.32160343 9
HO-68                60844.38515983 60844.39882699 88
HO-68                60844.46149873 60844.47079626 10
HO-68                60844.81364343 60844.82532457 21
HO-68                60844.88731773 60844.90060003 48
HO-68                60845.30184727 60845.30843380 4
HO-68                60845.37339361 60845.38700124 67
HO-68                60845.44915786 60845.45988187 15
HO-68                60845.80250981 60845.81313088 15
HO-68                60845.87538131 60845.88890793 68
HO-68                60845.95396155 60845.96044814 4
HO-68                60846.36170120 60846.37506549 48
HO-68                60846.43696778 60846.44874566 22
HO-68                60846.79160100 60846.80078416 9
HO-68                60846.86355534 60846.87714033 88
HO-68                60846.94078111 60846.94985322 9
HO-68                60847.35009672 60847.36301119 34
HO-68                60847.42488386 60847.43744007 30
HO-68                60847.78109929 60847.78817441 5
HO-68                60847.85183939 60847.86530336 65
HO-68                60847.92808754 60847.93879851 14
HO-68                60848.33859888 60848.35082170 24
HO-68                60848.41288399 60848.42599434 42
HO-68                60848.84023187 60848.85339861 47
HO-68                60848.91565971 60848.92750272 21
HO-68                60849.32724189 60849.33846504 17
HO-68                60849.40095710 60849.41442577 59
HO-68                60849.47841012 60849.48476510 4
HO-68                60849.82874336 60849.84142298 33
HO-68                60849.90341608 60849.91604850 30
HO-68                60850.31608910 60850.32587938 10
HO-68                60850.38909823 60850.40274458 80
HO-68                60850.46566713 60850.47435969 8
HO-68                60850.81738187 60850.82936770 24
HO-68                60850.89131695 60850.90447765 43
HO-68                60851.30529352 60851.31291802 5
HO-68                60851.37730780 60851.39095529 75
HO-68                60851.45325621 60851.46354131 13
HO-68                60851.80618495 60851.81721483 17
HO-68                60851.87934112 60851.89281388 60
HO-68                60851.95860182 60851.96373794 2
HO-68                60852.36559083 60852.37905739 54
HO-68                60852.44102156 60852.45247278 19
AO-73                60833.37097227 60833.37883540 20
AO-73                60833.43688043 60833.44442762 17
AO-73                60833.87730508 60833.88550279 54
AO-73                60833.94509401 60833.94962529 4
AO-73                60834.36985703 60834.37765997 19
AO-73                60834.43570433 60834.44334358 18
AO-73                60834.87616533 60834.88433800 50
AO-73                60834.94381992 60834.94857538 4
AO-73                60835.36872727 60835.37646471 18
AO-73                60835.43450709 60835.44223380 19
AO-73                60835.87500971 60835.88315532 47
AO-73                60835.94253432 60835.94750273 5
AO-73                60836.36758313 60836.37524937 17
AO-73                60836.43329436 60836.44110520 21
AO-73                60836.87383831 60836.88195471 44
AO-73                60836.94123691 60836.94640783 5
AO-73                60837.36642480 60837.37401406 16
AO-73                60837.43206615 60837.43995779 22
AO-73                60837.87265120 60837.88073612 41
AO-73                60837.93992703 60837.94529148 6
AO-73                60838.36525245 60838.37275816 15
AO-73                60838.43082248 60838.43879153 23
AO-73                60838.87144849 60838.87949952 39
AO-73                60838.93860429 60838.94415389 7
AO-73                60839.36406629 60839.37148161 14
AO-73                60839.42956336 60839.43760637 24
AO-73                60839.87023060 60839.87824483 36
AO-73                60839.93726840 60839.94299547 7
AO-73                60840.36286653 60840.37018418 14
AO-73                60840.42828881 60840.43640227 26
AO-73                60840.86899697 60840.87697201 34
AO-73                60840.93591907 60840.94181650 8
AO-73                60841.36165324 60841.36886558 13
AO-73                60841.42699885 60841.43517918 27
AO-73                60841.86774805 60841.87568099 32
AO-73                60841.93455612 60841.94061740 8
AO-73                60842.36042707 60842.36752556 12
AO-73                60842.42569349 60842.43393705 29
AO-73                60842.86648394 60842.87437169 30
AO-73                60842.93317936 60842.93939802 9
AO-73                60843.35918817 60843.36616374 11
AO-73                60843.42437275 60843.43267585 31
AO-73                60843.86520476 60843.87304405 28
AO-73                60843.93178865 60843.93815881 10
AO-73                60844.35793677 60844.36477976 11
AO-73                60844.42299342 60844.43139212 33
AO-73                60844.86391066 60844.87169797 26
AO-73                60844.93038388 60844.93689985 11
AO-73                60845.35667368 60845.36337318 10
AO-73                60845.42164186 60845.43009266 35
AO-73                60845.86260176 60845.87033337 25
AO-73                60845.92896493 60845.93562127 12
AO-73                60846.35539873 60846.36194351 9
AO-73                60846.42027498 60846.42877398 37
AO-73                60846.86127822 60846.86895014 23
AO-73                60846.92753171 60846.93432317 12
AO-73                60847.35411275 60847.36049018 8
AO-73                60847.41889281 60847.42743603 40
AO-73                60847.85994043 60847.86754811 22
AO-73                60847.92608425 60847.93300566 13
AO-73                60848.35281638 60848.35901252 8
AO-73                60848.41749537 60848.42607875 43
AO-73                60848.85858809 60848.86612727 20
AO-73                60848.92462246 60848.93166884 14
AO-73                60849.35151039 60849.35750974 7
AO-73                60849.41608268 60849.42470208 46
AO-73                60849.85722162 60849.86468762 19
AO-73                60849.92314624 60849.93031276 15
AO-73                60850.35019568 60850.35598079 6
AO-73                60850.41465477 60850.42330597 49
AO-73                60850.85584121 60850.86322864 18
AO-73                60850.92165561 60850.92893746 17
AO-73                60851.34887339 60851.35442467 6
AO-73                60851.41321175 60851.42189038 53
AO-73                60851.85444709 60851.86175035 17
AO-73                60851.92015055 60851.92754300 18
AO-73                60852.34754498 60852.35283970 5
AO-73                60852.41175340 60852.42045525 57
AO-73                60852.85303947 60852.86025257 16
AO-73                60852.91863103 60852.92612924 19
AO-73                60853.34621249 60853.35122401 4
AO-73                60853.41028000 60853.41900052 62
AO-73                60853.85161862 60853.85873510 15
AO-73                60853.91709707 60853.92469657 21
AO-73                60854.34487825 60854.34957467 4
AO-73                60854.40879149 60854.41752612 67
AO-73                60854.85018481 60854.85719774 14
AO-73                60854.91554870 60854.92324488 22
AO-73                60855.34354603 60855.34788813 3
AO-73                60855.40728793 60855.41603200 72
AO-73                60855.84873833 60855.85564020 13
AO-73                60855.91398591 60855.92177409 24
AO-73                60856.34222132 60856.34615852 2
AO-73                60856.40576935 60856.41451808 78
AO-73                60856.84727955 60856.85406221 12
AO-73                60856.91240873 60856.92028427 26
AO-73                60857.40423580 60857.41298430 83
AO-73                60857.84580882 60857.85246343 11
AO-73                60857.91081717 60857.91877541 28
TITA                 60833.15672332 60833.16443373 29
TITA                 60833.22308075 60833.22905301 9
TITA                 60833.64702077 60833.65332481 9
TITA                 60833.71157708 60833.71972024 34
TITA                 60834.15024816 60834.15765178 21
TITA                 60834.21606060 60834.22271037 12
TITA                 60834.64078823 60834.64617865 6
TITA                 60834.70484031 60834.71317903 48
TITA                 60835.14382211 60835.15081250 16
TITA                 60835.20911787 60835.21627642 17
TITA                 60835.63474302 60835.63881019 3
TITA                 60835.69812765 60835.70657852 70
TITA                 60836.13745599 60836.14390580 11
TITA                 60836.20223389 60836.20977017 24
TITA                 60836.69143852 60836.69992015 82
TITA                 60836.75896710 60836.76256148 2
TITA                 60837.13116939 60837.13691312 8
TITA                 60837.19535614 60837.20320018 34
TITA                 60837.68476992 60837.69320390 57
TITA                 60837.75164957 60837.75664012 5
TITA                 60838.12500056 60838.12979718 5
TITA                 60838.18856092 60838.19657917 50
TITA                 60838.67812909 60838.68642834 40
TITA                 60838.74452473 60838.75048330 8
TITA                 60839.11904969 60839.12245644 2
TITA                 60839.18180394 60839.18990828 74
TITA                 60839.67151743 60839.67959029 28
TITA                 60839.73749866 60839.74418675 11
TITA                 60840.17508262 60840.18318980 76
TITA                 60840.66494086 60840.67268431 21
TITA                 60840.73054085 60840.73779440 16
TITA                 60841.16839775 60841.17642446 51
TITA                 60841.23572178 60841.24021055 4
TITA                 60841.65840803 60841.66570158 15
TITA                 60841.72362254 60841.73131070 21
TITA                 60842.16175061 60842.16961147 35
TITA                 60842.22838479 60842.23398760 7
TITA                 60842.65193430 60842.65862715 11
TITA                 60842.71673890 60842.72475423 29
TITA                 60843.15514487 60843.16274833 25
TITA                 60843.22119963 60843.22759902 11
TITA                 60843.64554621 60843.65143452 7
TITA                 60843.70984126 60843.71812865 41
TITA                 60844.14858569 60844.15583056 18
TITA                 60844.21410896 60844.22110235 15
TITA                 60844.63929946 60844.64406638 4
TITA                 60844.70301213 60844.71144440 59
TITA                 60845.14208206 60845.14884971 13
TITA                 60845.20708663 60845.21452405 21
TITA                 60845.69620752 60845.70470038 84
TITA                 60846.13564944 60846.14179183 9
TITA                 60846.20011819 60846.20787914 30
TITA                 60846.68942470 60846.69789719 67
TITA                 60846.75653086 60846.76103560 4
TITA                 60847.12931552 60847.13463004 6
TITA                 60847.19315338 60847.20117335 43
TITA                 60847.68266928 60847.69103393 46
TITA                 60847.74923671 60847.75485144 7
TITA                 60848.12314243 60848.12730261 3
TITA                 60848.18627069 60848.19441816 64
TITA                 60848.67594260 60848.68410801 32
TITA                 60848.74206924 60848.74849807 10
TITA                 60849.17942594 60849.18761366 86
TITA                 60849.66924992 60849.67711470 23
TITA                 60849.73497706 60849.74202817 14
TITA                 60850.17261868 60850.18076126 59
TITA                 60850.24020601 60850.24430125 3
TITA                 60850.66259913 60850.67004622 17
TITA                 60850.72794248 60850.73547329 19
TITA                 60851.16584981 60851.17386079 40
TITA                 60851.23268091 60851.23805745 6
TITA                 60851.65600340 60851.66288927 12
TITA                 60851.72094112 60851.72883341 26
TITA                 60852.15912233 60852.16691046 28
TITA                 60852.22534455 60852.23161141 10
TITA                 60852.64948619 60852.65562103 8
TITA                 60852.71392852 60852.72212070 36
TITA                 60853.15244060 60853.15990649 20
TITA                 60853.21811766 60853.22504250 14
TITA                 60853.64309311 60853.64819456 5
TITA                 60853.70698624 60853.71534670 52
TITA                 60854.14581234 60854.15284177 15
TITA                 60854.21096717 60854.21838415 20
TITA                 60854.70006976 60854.70851089 76
TITA                 60855.13925073 60855.14570472 11
TITA                 60855.20387560 60855.21165437 27
TITA                 60855.69317635 60855.70161435 74
TITA                 60855.76047269 60855.76451232 3
TITA                 60856.13277847 60856.13847356 7
TITA                 60856.19679109 60856.20486037 39
TITA                 60856.68631070 60856.69465655 50
TITA                 60856.75300776 60856.75829842 6
TITA                 60857.12644226 60857.13110250 4
TITA                 60857.18979112 60857.19801487 58
TITA                 60857.67947414 60857.68763520 35
TITA                 60857.74570194 60857.75188180 9
TITA                 60858.18283134 60858.19111848 85
TITA                 60858.67267166 60858.68054588 25
TITA                 60858.73848427 60858.74533484 13
NOAA-15              60833.00749258 60833.01543604 11
NOAA-15              60833.07519121 60833.08556459 52
NOAA-15              60833.52518032 60833.53338958 12
NOAA-15              60833.59335158 60833.60377149 50
NOAA-15              60833.99095891 60833.99617020 4
NOAA-15              60834.05702291 60834.06752021 79
NOAA-15              60834.12852598 60834.13478666 6
NOAA-15              60834.50845575 60834.51368025 3
NOAA-15              60834.57517201 60834.58579885 83
NOAA-15              60834.64605276 60834.65249314 6
NOAA-15              60835.03914240 60835.04927497 39
NOAA-15              60835.10910795 60835.11776749 15
NOAA-15              60835.55719253 60835.56753966 42
NOAA-15              60835.62701671 60835.63566825 15
NOAA-15              60836.02157986 60836.03081183 20
NOAA-15              60836.09032308 60836.10020340 29
NOAA-15              60836.53945905 60836.54896070 21
NOAA-15              60836.60842253 60836.61829692 29
NOAA-15              60837.00444460 60837.01204137 10
NOAA-15              60837.07190532 60837.08234122 59
NOAA-15              60837.52209979 60837.52993941 10
NOAA-15              60837.59007427 60837.60056785 56
NOAA-15              60837.98819621 60837.99258284 3
NOAA-15              60838.05378559 60838.06425912 70
NOAA-15              60838.12497518 60838.13179096 7
NOAA-15              60838.50562871 60838.50995686 2
NOAA-15              60838.57192742 60838.58254278 74
NOAA-15              60838.64256486 60838.64952787 7
NOAA-15              60839.03595365 60839.04597683 35
NOAA-15              60839.10569670 60839.11463769 17
NOAA-15              60839.55398409 60839.56422910 37
NOAA-15              60839.62365458 60839.63257566 17
NOAA-15              60840.01845226 60840.02746779 18
NOAA-15              60840.08698344 60840.09700954 33
NOAA-15              60840.53630125 60840.54558306 19
NOAA-15              60840.60510832 60840.61513115 32
NOAA-15              60841.00141232 60841.00862124 8
NOAA-15              60841.06861829 60841.07910343 67
NOAA-15              60841.51903444 60841.52645319 8
NOAA-15              60841.58679502 60841.59734513 63
NOAA-15              60842.05054627 60842.06098432 62
NOAA-15              60842.12144998 60842.12875330 8
NOAA-15              60842.56868129 60842.57926748 66
NOAA-15              60842.63912408 60842.64652031 9
NOAA-15              60843.03276510 60843.04266396 31
NOAA-15              60843.10229041 60843.11148699 19
NOAA-15              60843.55077568 60843.56089790 33
NOAA-15              60843.62029496 60843.62945862 19
NOAA-15              60844.01532861 60844.02410623 16
NOAA-15              60844.08364417 60844.09379960 37
NOAA-15              60844.53314801 60844.54218009 17
NOAA-15              60844.60179300 60844.61194477 36
NOAA-15              60844.99838836 60845.00517210 7
NOAA-15              60845.06533031 60845.07585150 76
NOAA-15              60845.13792138 60845.14214935 2
NOAA-15              60845.51598958 60845.52292580 7
NOAA-15              60845.58351388 60845.59410292 72
NOAA-15              60845.65512144 60845.65985057 3
NOAA-15              60846.04730603 60846.05769542 54
NOAA-15              60846.11794421 60846.12568042 10
NOAA-15              60846.56543154 60846.57597272 58
NOAA-15              60846.63569537 60846.64347798 10
NOAA-15              60847.02957745 60847.03933592 28
NOAA-15              60847.09888847 60847.10831618 21
NOAA-15              60847.54756779 60847.55754533 29
NOAA-15              60847.61693679 60847.62631774 21
NOAA-15              60848.01221037 60848.02072568 14
NOAA-15              60848.08030513 60848.09057383 42
NOAA-15              60848.53000071 60848.53875058 15
NOAA-15              60848.59847650 60848.60873801 40
NOAA-15              60848.99539343 60849.00168883 6
NOAA-15              60849.06204148 60849.07258500 85
NOAA-15              60849.13415837 60849.13931145 3
NOAA-15              60849.51297255 60849.51934946 6
NOAA-15              60849.58023063 60849.59084141 80
NOAA-15              60849.65153072 60849.65698108 4
NOAA-15              60850.04406534 60850.05439216 48
NOAA-15              60850.11442208 60850.12257892 12
NOAA-15              60850.56218204 60850.57265804 51
NOAA-15              60850.63227555 60850.64040388 12
NOAA-15              60851.02639155 60851.03599212 25
NOAA-15              60851.09549001 60851.10512629 24
NOAA-15              60851.54436090 60851.55417075 26
NOAA-15              60851.61357915 60851.62315401 24
NOAA-15              60852.00909928 60852.01732472 12
NOAA-15              60852.07696658 60852.08733250 48
NOAA-15              60852.52686126 60852.53529221 13
NOAA-15              60852.59515805 60852.60551123 45
NOAA-15              60852.99243558 60852.99816361 5
NOAA-15              60853.05875225 60853.06930401 85
NOAA-15              60853.13047735 60853.13637592 5
NOAA-15              60853.50999500 60853.51571196 4
NOAA-15              60853.57694540 60853.58756057 88
NOAA-15              60853.64798503 60853.65404252 5
NOAA-15              60854.04082496 60854.05107415 43
NOAA-15              60854.11094223 60854.11944730 13
NOAA-15              60854.55893153 60854.56932353 45
NOAA-15              60854.62886177 60854.63730080 13
NOAA-15              60855.02320835 60855.03263184 22
NOAA-18              60833.14644045 60833.15340697 7
NOAA-18              60833.21383654 60833.22479296 82
NOAA-18              60833.28665242 60833.29208583 4
NOAA-18              60833.66862240 60833.67612301 8
NOAA-18              60833.73693424 60833.74772955 66
NOAA-18              60833.80936348 60833.81380979 2
NOAA-18              60834.13851437 60834.14374546 4
NOAA-18              60834.20491451 60834.21583302 73
NOAA-18              60834.27676263 60834.28396183 7
NOAA-18              60834.66040801 60834.66631899 4
NOAA-18              60834.72796067 60834.73882341 88
NOAA-18              60834.79957586 60834.80595715 6
NOAA-18              60835.19605949 60835.20682574 52
NOAA-18              60835.26713315 60835.27556206 12
NOAA-18              60835.71903466 60835.72984835 64
NOAA-18              60835.79004992 60835.79777074 10
NOAA-18              60836.18727564 60836.19777002 38
NOAA-18              60836.25770418 60836.26700164 17
NOAA-18              60836.71015620 60836.72080284 46
NOAA-18              60836.78070436 60836.78939365 14
NOAA-18              60837.17856886 60837.18866239 28
NOAA-18              60837.24839871 60837.25833286 24
NOAA-18              60837.70133539 60837.71168242 33
NOAA-18              60837.77145736 60837.78088403 20
NOAA-18              60838.16994864 60838.17949543 20
NOAA-18              60838.23919091 60838.24958206 33
NOAA-18              60838.69257961 60838.70247876 24
NOAA-18              60838.76228366 60838.77226968 27
NOAA-18              60839.16143037 60839.17025624 15
NOAA-18              60839.23006612 60839.24076466 45
NOAA-18              60839.68390407 60839.69317752 17
NOAA-18              60839.75316954 60839.76356690 37
NOAA-18              60840.15304039 60840.16092137 10
NOAA-18              60840.22101573 60840.23189020 63
NOAA-18              60840.67533444 60840.68375342 12
NOAA-18              60840.74410737 60840.75478562 51
NOAA-18              60841.14482922 60841.15144258 6
NOAA-18              60841.21203526 60841.22296447 87
NOAA-18              60841.28462327 60841.29045884 4
NOAA-18              60841.66691922 60841.67415823 7
NOAA-18              60841.73509316 60841.74593179 71
NOAA-18              60841.80730408 60841.81228100 3
NOAA-18              60842.13698620 60842.14169270 3
NOAA-18              60842.20312418 60842.21399055 68
NOAA-18              60842.27480572 60842.28225797 8
NOAA-18              60842.65877332 60842.66427493 4
NOAA-18              60842.72612582 60842.73700843 83
NOAA-18              60842.79757273 60842.80432942 7
NOAA-18              60843.19428063 60843.20496918 49
NOAA-18              60843.26521288 60843.27381629 13
NOAA-18              60843.71720676 60843.72801602 60
NOAA-18              60843.78811296 60843.79608919 10
NOAA-18              60844.18550940 60844.19589877 35
NOAA-18              60844.25580865 60844.26522706 18
NOAA-18              60844.70833555 60844.71895247 43
NOAA-18              60844.77878861 60844.78767744 15
NOAA-18              60845.17681703 60845.18677498 26
NOAA-18              60845.24652137 60845.25653601 25
NOAA-18              60845.69952394 60845.70981260 31
NOAA-18              60845.76955576 60845.77914068 21
NOAA-18              60846.16821406 60846.17758953 19
NOAA-18              60846.23732820 60846.24776666 35
NOAA-18              60846.69078003 60846.70058712 22
NOAA-18              60846.76039248 60846.77050348 29
NOAA-18              60847.15971790 60847.16832756 13
NOAA-18              60847.22821595 60847.23893302 48
NOAA-18              60847.68212055 60847.69126000 16
NOAA-18              60847.75128670 60847.76178036 40
NOAA-18              60848.15135873 60848.15896174 9
NOAA-18              60848.21917709 60848.23004371 68
NOAA-18              60848.67357460 60848.68180255 11
NOAA-18              60848.74223174 60848.75298039 55
NOAA-18              60849.14318921 60849.14943361 5
NOAA-18              60849.21020743 60849.22110392 87
NOAA-18              60849.28258201 60849.28878421 5
NOAA-18              60849.66519797 60849.67215863 7
NOAA-18              60849.73322429 60849.74410868 77
NOAA-18              60849.80523924 60849.81070431 4
NOAA-18              60850.13547174 60850.13956909 2
NOAA-18              60850.20130729 60850.21211620 63
NOAA-18              60850.27282656 60850.28051677 9
NOAA-18              60850.65713565 60850.66218063 3
NOAA-18              60850.72426377 60850.73516773 78
NOAA-18              60850.79557746 60850.80266711 7
NOAA-18              60851.19247525 60851.20308081 45
NOAA-18              60851.26326742 60851.27203645 14
NOAA-18              60851.71534982 60851.72615749 56
NOAA-18              60851.78615105 60851.79437960 11
NOAA-18              60852.18371681 60852.19399556 33
NOAA-18              60852.25388626 60852.26342005 19
NOAA-18              60852.70648920 60852.71707531 40
NOAA-18              60852.77684685 60852.78593422 16
NOAA-18              60853.17503925 60853.18485548 24
NOAA-18              60853.24461636 60853.25470771 27
NOAA-18              60853.69768749 60853.70791530 29
NOAA-18              60853.76762785 60853.77737086 23
NOAA-18              60854.16645437 60854.17565101 17
NOAA-18              60854.23543732 60854.24592045 37
NOAA-18              60854.68895667 60854.69866679 21
NOAA-19              60833.14960096 60833.16012417 43
NOAA-19              60833.22028650 60833.22915818 14
NOAA-19              60833.67250740 60833.68337290 53
NOAA-19              60833.74320281 60833.75173309 13
NOAA-19              60834.14101405 60834.15119920 31
NOAA-19              60834.21109224 60834.22068794 20
NOAA-19              60834.66382227 60834.67444379 38
NOAA-19              60834.73409267 60834.74341715 18
NOAA-19              60835.13250703 60835.14221982 23
NOAA-19              60835.20200263 60835.21212769 28
NOAA-19              60835.65519565 60835.66543767 28
NOAA-19              60835.72505947 60835.73499209 24
NOAA-19              60836.12409201 60836.13317601 17
NOAA-19              60836.19299947 60836.20349629 39
NOAA-19              60836.64664002 60836.65634334 20
NOAA-19              60836.71608744 60836.72647642 33
NOAA-19              60837.11578905 60837.12405063 12
NOAA-19              60837.18407211 60837.19480540 54
NOAA-19              60837.63817401 60837.64714253 14
NOAA-19              60837.70716768 60837.71788103 45
NOAA-19              60838.10762640 60838.11481014 8
NOAA-19              60838.17521448 60838.18606204 76
NOAA-19              60838.24837799 60838.25303120 3
NOAA-19              60838.62983163 60838.63780186 10
NOAA-19              60838.69829534 60838.70921316 62
NOAA-19              60838.77086964 60838.77507919 2
NOAA-19              60839.09969631 60839.10537890 4
NOAA-19              60839.16642371 60839.17727041 79
NOAA-19              60839.23850980 60839.24519121 6
NOAA-19              60839.62168137 60839.62825181 6
NOAA-19              60839.68946833 60839.70047665 85
NOAA-19              60839.76118853 60839.76743948 5
NOAA-19              60840.15770037 60840.16843233 57
NOAA-19              60840.22897230 60840.23700576 10
NOAA-19              60840.61392450 60840.61828616 2
NOAA-19              60840.68068697 60840.69167299 70
NOAA-19              60840.75179689 60840.75943813 9
NOAA-19              60841.14904416 60841.15954736 41
NOAA-19              60841.21965445 60841.22863771 15
NOAA-19              60841.67195120 60841.68280130 51
NOAA-19              60841.74259229 60841.75123831 13
NOAA-19              60842.14046102 60842.15061301 30
NOAA-19              60842.21046901 60842.22015177 21
NOAA-19              60842.66326904 60842.67385818 37
NOAA-19              60842.73348914 60842.74290259 18
NOAA-19              60843.13195893 60843.14162325 22
NOAA-19              60843.20138553 60843.21157857 29
NOAA-19              60843.65464679 60843.66483681 27
NOAA-19              60843.72446041 60843.73446054 25
NOAA-19              60844.12355064 60844.13256765 16
NOAA-19              60844.19238694 60844.20293583 40
NOAA-19              60844.64609699 60844.65572563 19
NOAA-19              60844.71549146 60844.72592938 34
NOAA-19              60845.11525744 60845.12342780 11
NOAA-19              60845.18346325 60845.19423473 57
NOAA-19              60845.63764024 60845.64650473 14
NOAA-19              60845.70657396 60845.71731972 47
NOAA-19              60846.10711018 60846.11416760 7
NOAA-19              60846.17460884 60846.18548174 79
NOAA-19              60846.24760374 60846.25260256 3
NOAA-19              60846.62931307 60846.63713798 9
NOAA-19              60846.69770363 60846.70863805 65
NOAA-19              60846.77014335 60846.77466955 3
NOAA-19              60847.09920961 60847.10470296 4
NOAA-19              60847.16582117 60847.17668083 76
NOAA-19              60847.23779705 60847.24469414 7
NOAA-19              60847.62119202 60847.62754772 5
NOAA-19              60847.68887835 60847.69988799 87
NOAA-19              60847.76048869 60847.76696283 6
NOAA-19              60848.15710104 60848.16783354 55
NOAA-19              60848.22828444 60848.23647641 11
NOAA-19              60848.68009907 60848.69107072 68
NOAA-19              60848.75114625 60848.75892415 9
NOAA-19              60849.14844851 60849.15893920 40
NOAA-19              60849.21898104 60849.22808735 16
NOAA-19              60849.67136558 60849.68218508 49
NOAA-19              60849.74195247 60849.75070002 14
NOAA-19              60850.13986983 60850.14999498 29
NOAA-19              60850.20980503 60850.21958517 22
NOAA-19              60850.66268676 60850.67322734 35
NOAA-19              60850.73285575 60850.74234468 19
NOAA-19              60851.13137342 60851.14099449 21
NOAA-19              60851.20072827 60851.21099876 31
NOAA-19              60851.65406912 60851.66418996 26
NOAA-19              60851.72383116 60851.73388557 26
NOAA-19              60852.12297277 60852.13192663 15
NOAA-19              60852.19173485 60852.20234444 42
NOAA-19              60852.64552615 60852.65506074 19
NOAA-19              60852.71486506 60852.72533886 35
NOAA-19              60853.11469044 60853.12277162 11
NOAA-19              60853.18281545 60853.19363262 59
NOAA-19              60853.63707987 60853.64581814 13
NOAA-19              60853.70594966 60853.71671462 49
NOAA-19              60854.10656778 60854.11349050 7
NOAA-19              60854.17396488 60854.18486967 82
NOAA-19              60854.24679612 60854.25213659 4
NOAA-19              60854.62877020 60854.63642258 8
NOAA-19              60854.69708112 60854.70801887 67
NOAA-19              60854.76939935 60854.77420425 3
METOA                60833.17877493 60833.18480248 5
METOA                60833.24324493 60833.25354471 87
METOA                60833.31283656 60833.31840423 4
METOA                60833.74624565 60833.75436483 42
METOA                60833.81446968 60833.81979104 6
METOA                60834.19547452 60834.20372509 14
METOA                60834.26137317 60834.27142685 43
METOA                60834.76416952 60834.77241508 72
METOA                60835.21273307 60835.22220914 27
METOA                60835.27981235 60835.28906447 22
METOA                60835.71607854 60835.72222548 9
METOA                60835.78232551 60835.79014297 29
METOA                60836.23034851 60836.24043713 54
METOA                60836.29871112 60836.30633381 10
METOA                60836.73341446 60836.74096873 21
METOA                60836.80079825 60836.80749725 13
METOA                60837.18340342 60837.18999653 7
METOA                60837.24825577 60837.25845736 74
METOA                60837.31847485 60837.32275813 2
METOA                60837.75112168 60837.75926710 53
METOA                60837.81972006 60837.82422641 4
METOA                60838.20025800 60838.20876844 16
METOA                60838.26644922 60838.27626581 36
METOA                60838.70401597 60838.70792619 3
METOA                60838.76908564 60838.77723015 57
METOA                60839.21760173 60839.22716675 31
METOA                60839.28497425 60839.29380790 18
METOA                60839.72074629 60839.72730785 11
METOA                60839.78732641 60839.79486707 23
METOA                60840.23528139 60840.24532562 64
METOA                60840.30402415 60840.31091450 8
METOA                60840.73817452 60840.74591668 26
METOA                60840.80582428 60840.81208498 10
METOA                60841.18805434 60841.19506080 9
METOA                60841.25324909 60841.26327836 61
METOA                60841.75593181 60841.76412105 67
METOA                60841.82498186 60841.82852991 2
METOA                60842.20503307 60842.21371144 19
METOA                60842.27151062 60842.28100936 30
METOA                60842.70839970 60842.71322560 4
METOA                60842.77393472 60842.78199785 45
METOA                60843.22245266 60843.23203208 36
METOA                60843.29016795 60843.29844174 15
METOA                60843.72536657 60843.73232737 14
METOA                60843.79222023 60843.79953904 19
METOA                60844.17637194 60844.18083102 3
METOA                60844.24019304 60844.25012431 75
METOA                60844.30938075 60844.31534020 5
METOA                60844.74287356 60844.75081535 32
METOA                60844.81080007 60844.81661909 8
METOA                60845.19270853 60845.20001171 10
METOA                60845.25822107 60845.26800862 50
METOA                60845.76067700 60845.76892942 85
METOA                60846.20979120 60846.21855993 21
METOA                60846.27655505 60846.28565693 24
METOA                60846.71280204 60846.71839771 6
METOA                60846.77871804 60846.78672057 37
METOA                60847.22727941 60847.23680867 42
METOA                60847.29532427 60847.30296482 11
METOA                60847.72993789 60847.73728904 17
METOA                60847.79705014 60847.80416339 16
METOA                60848.18081986 60848.18588105 4
METOA                60848.24507836 60848.25483568 80
METOA                60848.31482584 60848.31956209 3
METOA                60848.74751314 60848.75566667 41
METOA                60848.81572446 60848.82109254 6
METOA                60849.19735188 60849.20486107 12
METOA                60849.26321230 60849.27265357 41
METOA                60849.76536107 60849.77369360 76
METOA                60850.21452435 60850.22331963 24
METOA                60850.28161706 60850.29020563 20
METOA                60850.71719625 60850.72347409 9
METOA                60850.78343796 60850.79139941 30
METOA                60851.23207608 60851.24150054 50
METOA                60851.30048489 60851.30736676 9
METOA                60851.73446136 60851.74219546 21
METOA                60851.80181385 60851.80873398 14
METOA                60852.18528359 60852.19079214 5
METOA                60852.24993181 60852.25946288 71
METOA                60852.75209629 60852.76047125 51
METOA                60852.82060363 60852.82550245 5
METOA                60853.20197296 60853.20961839 13
METOA                60853.26812786 60853.27720761 33
METOA                60853.70486450 60853.70915375 3
METOA                60853.76998359 60853.77841360 61
METOA                60854.21922490 60854.22799629 27
METOA                60854.28662003 60854.29465970 16
METOA                60854.72157088 60854.72846952 12
METOA                60854.78813760 60854.79603744 26
METOA                60855.23683581 60855.24611220 58
METOA                60855.30566267 60855.31163231 6
METOA                60855.73893875 60855.74704772 27
METOA                60855.80652586 60855.81326404 12
METOA                60856.18974427 60856.19559188 6
METOA                60856.25474787 60856.26400963 59
METOA                60856.75662656 60856.76522834 64
METOA                60856.82544764 60856.82984225 4
METOA                60857.20656197 60857.21429200 15
METOA                60857.27300882 60857.28167710 27
METOB                60833.07625134 60833.08275597 6
METOB                60833.14317671 60833.15388196 85
METOB                60833.21555411 60833.22087635 4
METOB                60833.59566058 60833.60251466 7
METOB                60833.66335917 60833.67405983 75
METOB                60833.73510277 60833.74021061 3
METOB                60834.12888894 60834.13946412 57
METOB                60834.19984408 60834.20766666 10
METOB                60834.64900323 60834.65968289 65
METOB                60834.71967590 60834.72723075 9
METOB                60835.11478328 60835.12492142 33
METOB                60835.18466030 60835.19393570 18
METOB                60835.63477582 60835.64512396 37
METOB                60835.70471283 60835.71371849 17
METOB                60836.10088654 60836.11023687 20
METOB                60836.16981178 60836.17993859 31
METOB                60836.62070978 60836.63035935 22
METOB                60836.68997046 60836.69990448 28
METOB                60837.08725702 60837.09536185 11
METOB                60837.15518425 60837.16576424 54
METOB                60837.60686710 60837.61532844 12
METOB                60837.67538132 60837.68586625 47
METOB                60838.07404346 60838.08015850 5
METOB                60838.14074433 60838.15145028 89
METOB                60838.21284450 60838.21868900 5
METOB                60838.59341257 60838.59986722 6
METOB                60838.66092007 60838.67163808 81
METOB                60838.73245634 60838.73805590 4
METOB                60839.12648309 60839.13701180 52
METOB                60839.19722808 60839.20535991 11
METOB                60839.64658076 60839.65723155 59
METOB                60839.71712770 60839.72495828 10
METOB                60840.11240663 60840.12244698 31
METOB                60840.18213088 60840.19157390 20
METOB                60840.63237643 60840.64264080 34
METOB                60840.70220594 60840.71138831 18
METOB                60841.09854552 60841.10773548 18
METOB                60841.16731954 60841.17754356 34
METOB                60841.61833885 60841.62783800 20
METOB                60841.68748936 60841.69753366 30
METOB                60842.08496623 60842.09282062 10
METOB                60842.15272177 60842.16334394 59
METOB                60842.60454062 60842.61275310 11
METOB                60842.67292011 60842.68346243 51
METOB                60843.07183940 60843.07753399 4
METOB                60843.13830853 60843.14900840 82
METOB                60843.21015773 60843.21646487 5
METOB                60843.59118090 60843.59718704 5
METOB                60843.65847704 60843.66920406 87
METOB                60843.72982786 60843.73586575 5
METOB                60844.12407417 60844.13454896 48
METOB                60844.19464561 60844.20303367 12
METOB                60844.64415615 60844.65476769 54
METOB                60844.71458070 60844.72266726 11
METOB                60845.11002777 60845.11996169 28
METOB                60845.17960037 60845.18919931 22
METOB                60845.62997412 60845.64014438 32
METOB                60845.69969670 60845.70904341 20
METOB                60846.09620398 60846.10522167 17
METOB                60846.16482468 60846.17513723 37
METOB                60846.61596683 60846.62530156 19
METOB                60846.68500463 60846.69514977 33
METOB                60847.08267912 60847.09026331 9
METOB                60847.15025594 60847.16091320 64
METOB                60847.60221781 60847.61015810 10
METOB                60847.67045483 60847.68104595 56
METOB                60848.06966369 60848.07487718 4
METOB                60848.13586952 60848.14655627 76
METOB                60848.20748761 60848.21421003 6
METOB                60848.58897210 60848.59446757 4
METOB                60848.65602982 60848.66675770 85
METOB                60848.72721195 60848.73364545 6
METOB                60849.12166246 60849.13207591 44
METOB                60849.19206545 60849.20069126 14
METOB                60849.64172795 60849.65229117 50
METOB                60849.71203408 60849.72035884 12
METOB                60850.10764702 60850.11746533 26
METOB                60850.17706857 60850.18681220 24
METOB                60850.62756913 60850.63763436 29
METOB                60850.69718481 60850.70668425 22
METOB                60851.09386247 60851.10269541 16
METOB                60851.16232721 60851.17271989 40
METOB                60851.61359412 60851.62274951 17
METOB                60851.68251612 60851.69275300 36
METOB                60852.08039665 60852.08768893 8
METOB                60852.14778703 60852.15847199 70
METOB                60852.59989958 60852.60754204 9
METOB                60852.66798542 60852.67861707 61
METOB                60853.06758405 60853.07217979 3
METOB                60853.13342842 60853.14409382 69
METOB                60853.20482990 60853.21192874 7
METOB                60853.58679552 60853.59169862 3
METOB                60853.65357860 60853.66429894 79
METOB                60853.72457362 60853.73140151 7
METOB                60854.11924817 60854.12959228 40
METOB                60854.18948672 60854.19833343 15
METOB                60854.63929635 60854.64980193 45
METOB                60854.70948706 60854.71803361 14
METOB                60855.10526477 60855.11495764 24
