iss                  60832.75268447 60832.76014170 62
iss                  60832.82137934 60832.82529347 3
iss                  60833.23809371 60833.24420883 11
iss                  60833.30458036 60833.31166385 23
iss                  60833.71844765 60833.72548946 24
iss                  60833.78589234 60833.79193734 10
iss                  60834.20468415 60834.20870960 3
iss                  60834.26991919 60834.27740698 60
iss                  60834.68440296 60834.69049972 11
iss                  60834.75094123 60834.75800201 24
iss                  60835.23549493 60835.24290769 48
iss                  60835.30378040 60835.30873386 5
iss                  60835.65079753 60835.65496660 4
iss                  60835.71627362 60835.72373869 64
iss                  60836.20131346 60836.20813984 19
iss                  60836.26845725 60836.27494795 14
iss                  60836.68181875 60836.68919869 44
iss                  60836.75002263 60836.75484198 5
iss                  60837.16740886 60837.17299541 8
iss                  60837.23352996 60837.24079199 31
iss                  60837.64754051 60837.65436634 18
iss                  60837.71468732 60837.72115886 14
iss                  60838.19887147 60838.20637714 84
iss                  60838.61354754 60838.61915408 8
iss                  60838.67976525 60838.68702595 33
iss                  60839.16444800 60839.17171502 34
iss                  60839.23231193 60839.23789028 8
iss                  60839.64509461 60839.65259028 88
iss                  60840.13028666 60840.13675862 14
iss                  60840.19706827 60840.20387907 18
iss                  60840.61063055 60840.61787684 32
iss                  60840.67841279 60840.68394695 8
iss                  60841.09646992 60841.10134112 5
iss                  60841.16216195 60841.16955243 42
iss                  60841.57638236 60841.58285034 14
iss                  60841.64317386 60841.64999949 19
iss                  60842.12750811 60842.13497581 67
iss                  60842.19623923 60842.20039387 3
iss                  60842.54242143 60842.54737223 5
iss                  60842.60826999 60842.61567643 46
iss                  60843.09309376 60843.10014067 25
iss                  60843.16055383 60843.16665164 11
iss                  60843.57359672 60843.58106528 61
iss                  60843.64223139 60843.64624454 3
iss                  60844.05892878 60844.06496980 11
iss                  60844.12536709 60844.13243789 24
iss                  60844.53912989 60844.54616872 23
iss                  60844.60652427 60844.61263862 11
iss                  60845.02533808 60845.02918282 3
iss                  60845.09047884 60845.09794221 62
iss                  60845.50486713 60845.51092357 10
iss                  60845.57134862 60845.57845947 25
iss                  60846.05583382 60846.06319789 45
iss                  60846.12403697 60846.12906204 6
iss                  60846.47107231 60846.47510317 3
iss                  60846.53645821 60846.54394971 69
iss                  60847.02144130 60847.02817483 18
iss                  60847.08849934 60847.09502653 14
iss                  60847.50178436 60847.50915770 41
iss                  60847.56987516 60847.57488661 6
iss                  60847.98734596 60847.99275105 7
iss                  60848.05335621 60848.06062330 33
iss                  60848.46729338 60848.47406325 17
iss                  60848.53434486 60848.54092996 15
iss                  60849.01848459 60849.02595764 87
iss                  60849.43310674 60849.43856656 7
iss                  60849.49921390 60849.50653743 36
iss                  60849.98385502 60849.99103678 31
iss                  60850.05158465 60850.05729467 8
iss                  60850.46433325 60850.47184127 79
iss                  60850.94946232 60850.95580288 13
iss                  60851.01614438 60851.02301935 19
iss                  60851.42966344 60851.43686022 29
iss                  60851.49729176 60851.50306010 9
iss                  60851.91554374 60851.92005544 4
iss                  60851.98103691 60851.98843366 48
iss                  60852.39522171 60852.40154920 13
iss                  60852.46187091 60852.46882706 21
iss                  60852.94618382 60852.95359371 57
iss                  60853.01469016 60853.01917486 4
iss                  60853.36110700 60853.36573831 5
iss                  60853.42677056 60853.43423132 54
iss                  60853.91158041 60853.91848268 22
iss                  60853.97885926 60853.98511932 12
iss                  60854.39189928 60854.39934543 51
iss                  60854.46026316 60854.46477239 4
iss                  60854.87725108 60854.88300397 9
iss                  60854.94348947 60854.95063147 27
iss                  60855.35721321 60855.36416197 20
iss                  60855.42444526 60855.43080536 13
iss                  60855.90841231 60855.91586552 75
iss                  60856.32280845 60856.32860135 9
iss                  60856.38909721 60856.39633182 30
iss                  60856.87358263 60856.88084355 37
iss                  60856.94153204 60856.94689258 7
iss                  60857.28896087 60857.29234159 2
iss                  60857.35402097 60857.36153727 85
iss                  60857.83902266 60857.84552199 15
iss                  60857.90584992 60857.91254805 17
AO-07                60832.75295406 60832.76768907 40
AO-07                60833.19052801 60833.20497447 35
AO-07                60833.26871373 60833.28290246 32
AO-07                60833.63680915 60833.64542165 6
AO-07                60833.71108154 60833.72649604 74
AO-07                60833.79111591 60833.80269556 13
AO-07                60834.15126910 60834.16123112 8
AO-07                60834.22666005 60834.24205584 88
AO-07                60834.30697080 60834.31731879 10
AO-07                60834.67056990 60834.68418791 25
AO-07                60834.74790771 60834.76286598 45
AO-07                60835.18574691 60835.19989613 30
AO-07                60835.26365826 60835.27813799 37
AO-07                60835.63261734 60835.63990125 4
AO-07                60835.70620125 60835.72153127 65
AO-07                60835.78586544 60835.79810256 16
AO-07                60836.14688824 60836.15578197 6
AO-07                60836.22173929 60836.23712089 79
AO-07                60836.30169733 60836.31283948 12
AO-07                60836.66588980 60836.67907262 21
AO-07                60836.74289202 60836.75802233 52
AO-07                60837.18099150 60837.19479345 26
AO-07                60837.25862126 60837.27334896 42
AO-07                60837.62873136 60837.63416715 2
AO-07                60837.70134256 60837.71655084 57
AO-07                60837.78065825 60837.79346244 19
AO-07                60838.14264112 60838.15020470 4
AO-07                60838.21683504 60838.23216784 70
AO-07                60838.29647217 60838.30830054 15
AO-07                60838.66124524 60838.67393095 18
AO-07                60838.73789597 60838.75315968 59
AO-07                60839.17626535 60839.18966377 23
AO-07                60839.25360169 60839.26853717 48
AO-07                60839.69650239 60839.71155451 50
AO-07                60839.77548768 60839.78878231 22
AO-07                60840.13862086 60840.14440410 2
AO-07                60840.21194780 60840.22719656 61
AO-07                60840.29128602 60840.30371199 17
AO-07                60840.65664138 60840.66875879 16
AO-07                60840.73291898 60840.74827905 67
AO-07                60840.81513745 60840.82220402 4
AO-07                60841.17157232 60841.18450427 20
AO-07                60841.24859881 60841.26370369 55
AO-07                60841.69168374 60841.70654179 44
AO-07                60841.77034891 60841.78406793 25
AO-07                60842.20707889 60842.22220676 54
AO-07                60842.28613248 60842.29908111 20
AO-07                60842.65208450 60842.66355062 13
AO-07                60842.72796067 60842.74338128 76
AO-07                60842.80950168 60842.81801777 6
AO-07                60843.16691756 60843.17931020 17
AO-07                60843.24361212 60843.25884977 62
AO-07                60843.32551306 60843.33212280 3
AO-07                60843.68688784 60843.70151230 39
AO-07                60843.76523837 60843.77932307 29
AO-07                60844.20222744 60844.21719806 47
AO-07                60844.28100698 60844.29441333 24
AO-07                60844.64758272 60844.65829842 11
AO-07                60844.72302082 60844.73846704 85
AO-07                60844.80401661 60844.81367602 8
AO-07                60845.16230710 60845.17407582 14
AO-07                60845.23864131 60845.25397620 71
AO-07                60845.31992258 60845.32800313 5
AO-07                60845.68211619 60845.69646469 34
AO-07                60845.76015332 60845.77455117 33
AO-07                60846.19739644 60846.21216932 41
AO-07                60846.27590615 60846.28971249 27
AO-07                60846.64314990 60846.65299033 8
AO-07                60846.71809970 60846.73353681 85
AO-07                60846.79862976 60846.80923079 10
AO-07                60847.15774306 60847.16879267 11
AO-07                60847.23368617 60847.24908362 80
AO-07                60847.31447979 60847.32372350 7
AO-07                60847.67737064 60847.69139806 29
AO-07                60847.75509170 60847.76975473 38
AO-07                60848.19258714 60848.20711993 36
AO-07                60848.27082745 60848.28498209 31
AO-07                60848.63880584 60848.64760666 6
AO-07                60848.71319705 60848.72859090 76
AO-07                60848.79331424 60848.80470904 12
AO-07                60849.15325300 60849.16344851 9
AO-07                60849.22874713 60849.24417251 89
AO-07                60849.30913031 60849.31933782 9
AO-07                60849.67264709 60849.68631071 25
AO-07                60849.75005190 60849.76493615 44
AO-07                60850.18780108 60850.20204836 31
AO-07                60850.26576899 60850.28022466 36
AO-07                60850.63458548 60850.64211262 4
AO-07                60850.70831351 60850.72362945 67
AO-07                60850.78805407 60850.80012734 15
AO-07                60851.14884993 60851.15802329 7
AO-07                60851.22382391 60851.23924313 81
AO-07                60851.30384713 60851.31487350 12
AO-07                60851.66796106 60851.68120038 22
AO-07                60851.74503273 60851.76009684 50
AO-07                60852.18304141 60852.19695287 27
AO-07                60852.26072930 60852.27544226 41
AO-07                60852.63064433 60852.63642981 2
AO-07                60852.70345138 60852.71865244 59
LO-19                60832.73109509 60832.74147227 82
LO-19                60833.18420292 60833.19196773 11
LO-19                60833.25182112 60833.26187834 43
LO-19                60833.70847522 60833.71852778 39
LO-19                60833.77817593 60833.78634250 12
LO-19                60834.22892404 60834.23922261 73
LO-19                60834.29972553 60834.30562002 5
LO-19                60834.68642092 60834.69511747 16
LO-19                60834.75453025 60834.76438604 32
LO-19                60835.20645657 60835.21609334 28
LO-19                60835.27556726 60835.28438798 17
LO-19                60835.66534172 60835.67085193 4
LO-19                60835.73146124 60835.74186549 82
LO-19                60836.18459358 60836.19235120 11
LO-19                60836.25221260 60836.26226120 43
LO-19                60836.70886078 60836.71892001 39
LO-19                60836.77856192 60836.78673399 12
LO-19                60837.22931355 60837.23960472 73
LO-19                60837.30011879 60837.30599822 5
LO-19                60837.68680492 60837.69550894 16
LO-19                60837.75491517 60837.76477622 32
LO-19                60838.20684432 60838.21647445 28
LO-19                60838.27595643 60838.28476770 17
LO-19                60838.66572278 60838.67124406 4
LO-19                60838.73184500 60838.74225445 82
LO-19                60839.18497980 60839.19273102 11
LO-19                60839.25259947 60839.26264056 43
LO-19                60839.70924332 60839.71930781 39
LO-19                60839.77894473 60839.78712127 12
LO-19                60840.22969852 60840.23998323 73
LO-19                60840.30050687 60840.30637349 5
LO-19                60840.68718609 60840.69589577 16
LO-19                60840.75529694 60840.76516211 32
LO-19                60841.20722755 60841.21685203 28
LO-19                60841.27634080 60841.28514411 17
LO-19                60841.66610163 60841.67163092 4
LO-19                60841.73222568 60841.74263901 82
LO-19                60842.18536153 60842.19310731 11
LO-19                60842.25298167 60842.26301654 43
LO-19                60842.70962288 60842.71969109 39
LO-19                60842.77932439 60842.78750424 12
LO-19                60843.23007888 60843.24035847 73
LO-19                60843.30088968 60843.30674597 5
LO-19                60843.68756446 60843.69627787 16
LO-19                60843.75567558 60843.76554362 32
LO-19                60844.20760622 60844.21722618 28
LO-19                60844.27672033 60844.28551735 17
LO-19                60844.66647827 60844.67201241 4
LO-19                60844.73260328 60844.74301909 81
LO-19                60845.18573871 60845.19348019 11
LO-19                60845.25335917 60845.26338923 43
LO-19                60845.70999945 60845.72006977 39
LO-19                60845.77970093 60845.78788282 12
LO-19                60846.23045461 60846.24073030 73
LO-19                60846.30126714 60846.30711581 5
LO-19                60846.68794002 60846.69665517 16
LO-19                60846.75605111 60846.76592067 32
LO-19                60847.20798032 60847.21759699 28
LO-19                60847.27709499 60847.28588751 17
LO-19                60847.66685272 60847.67238846 4
LO-19                60847.73297781 60847.74339464 81
LO-19                60848.18611132 60848.19384977 11
LO-19                60848.25373194 60848.26375872 43
LO-19                60848.71037303 60848.72044379 39
LO-19                60848.78007433 60848.78825692 12
LO-19                60849.23082571 60849.24109889 73
LO-19                60849.30163921 60849.30748313 5
LO-19                60849.68831273 60849.69702761 16
LO-19                60849.75642349 60849.76629320 32
LO-19                60850.20834983 60850.21796454 28
LO-19                60850.27746475 60850.28625467 17
LO-19                60850.66722493 60850.67275900 4
LO-19                60850.73334922 60850.74376559 81
LO-19                60851.18647937 60851.19421611 11
LO-19                60851.25409998 60851.26412510 43
LO-19                60851.71074356 60851.72081311 39
LO-19                60851.78044456 60851.78862651 12
LO-19                60852.23119217 60852.24146430 73
LO-19                60852.30200587 60852.30784801 5
LO-19                60852.68868257 60852.69739516 16
LO-19                60852.75679270 60852.76666118 32
LO-19                60853.20871477 60853.21832889 28
LO-19                60853.27782964 60853.28661892 17
LO-19                60853.66759485 60853.67312403 4
LO-19                60853.73371749 60853.74413191 81
LO-19                60854.18684288 60854.19457928 11
LO-19                60854.25446332 60854.26448841 43
LO-19                60854.71111101 60854.72117770 39
LO-19                60854.78081158 60854.78899155 12
LO-19                60855.23155402 60855.24182659 73
LO-19                60855.30236713 60855.30821053 5
LO-19                60855.68904947 60855.69775780 16
LO-19                60855.75715867 60855.76702458 32
LO-19                60856.20907518 60856.21869009 28
LO-19                60856.27818967 60856.28698028 17
LO-19                60856.66796240 60856.67348353 4
LO-19                60856.73408254 60856.74449360 81
LO-19                60857.18720190 60857.19493932 11
LO-19                60857.25482200 60857.26484870 43
FO-29                60832.89782212 60832.91198459 48
FO-29                60832.97122895 60832.98389449 23
FO-29                60833.38340375 60833.39301279 23
FO-29                60833.45636606 60833.46569583 20
FO-29                60833.86095438 60833.87240828 15
FO-29                60833.93223220 60833.94666940 67
FO-29                60834.00805692 60834.01561795 5
FO-29                60834.34794196 60834.35225183 2
FO-29                60834.41739389 60834.42806421 84
FO-29                60834.89422679 60834.90825526 44
FO-29                60834.96746972 60834.98036290 25
FO-29                60835.37975066 60835.38923101 21
FO-29                60835.45249544 60835.46210804 23
FO-29                60835.85750911 60835.86853687 13
FO-29                60835.92856531 60835.94301923 73
FO-29                60836.00407951 60836.01234981 6
FO-29                60836.41363530 60836.42437372 78
FO-29                60836.48949941 60836.49425727 3
FO-29                60836.89064703 60836.90450913 40
FO-29                60836.96372750 60836.97681059 27
FO-29                60837.37610179 60837.38544965 19
FO-29                60837.44863050 60837.45851748 26
FO-29                60837.85409331 60837.86463541 12
FO-29                60837.92491173 60837.93935282 78
FO-29                60838.00015386 60838.00902408 7
FO-29                60838.40987809 60838.42068544 70
FO-29                60838.48530295 60838.49100067 4
FO-29                60838.88708295 60838.90074565 37
FO-29                60838.96000119 60838.97323788 30
FO-29                60839.37245867 60839.38166833 17
FO-29                60839.44477096 60839.45492485 29
FO-29                60839.85071124 60839.86069988 10
FO-29                60839.92127131 60839.93567025 82
FO-29                60839.99626916 60840.00565094 8
FO-29                60840.40612310 60840.41699933 62
FO-29                60840.48117954 60840.48767381 6
FO-29                60840.88353469 60840.89696431 33
FO-29                60840.95628977 60840.96964571 32
FO-29                60841.36882175 60841.37788630 15
FO-29                60841.44091682 60841.45133061 33
FO-29                60841.84736730 60841.85672468 8
FO-29                60841.91764362 60841.93197164 83
FO-29                60841.99241809 60842.00223751 10
FO-29                60842.40237112 60842.41331528 55
FO-29                60842.47710524 60842.48430131 7
FO-29                60842.88000243 60842.89316459 30
FO-29                60842.95259224 60842.96603473 35
FO-29                60843.36519286 60843.37410317 14
FO-29                60843.43706831 60843.44773527 38
FO-29                60843.84406928 60843.85270200 7
FO-29                60843.91402824 60843.92825714 79
FO-29                60843.98859531 60843.99878854 11
FO-29                60844.39862303 60844.40963311 50
FO-29                60844.47304101 60844.48089900 9
FO-29                60844.87648643 60844.88934567 27
FO-29                60844.94890768 60844.96240559 37
FO-29                60845.36157358 60845.37031782 12
FO-29                60845.43322569 60845.44413912 43
FO-29                60845.84083034 60845.84861944 5
FO-29                60845.91042470 60845.92452677 74
FO-29                60845.98479676 60845.99530796 12
FO-29                60846.39487932 60846.40595250 45
FO-29                60846.46903068 60846.47746975 11
FO-29                60846.87298703 60846.88550723 25
FO-29                60846.94523514 60846.95875893 40
FO-29                60847.35796573 60847.36652910 11
FO-29                60847.42938929 60847.44054209 48
FO-29                60847.83766796 60847.84445596 4
FO-29                60847.90683267 60847.92078086 68
FO-29                60847.98101917 60847.99179873 13
FO-29                60848.39114102 60848.40227308 41
FO-29                60848.46504436 60848.47402178 13
FO-29                60848.86950475 60848.88164803 22
FO-29                60848.94157372 60848.95509537 44
FO-29                60849.35437124 60849.36273557 10
FO-29                60849.42555953 60849.43694424 54
FO-29                60849.83462413 60849.84016939 3
FO-29                60849.90325138 60849.91701936 62
FO-29                60849.97725983 60849.98826334 15
FO-29                60850.38740904 60850.39859433 37
FO-29                60850.46107870 60850.47055868 16
FO-29                60850.86604051 60850.87776709 20
FO-29                60850.93792250 60850.95141553 47
FO-29                60851.35079244 60851.35893542 9
FO-29                60851.42173684 60851.43334546 61
FO-29                60851.89968075 60851.91324246 57
FO-29                60851.97351641 60851.98470388 16
FO-29                60852.38368432 60852.39491567 34
FO-29                60852.45713139 60852.46708286 18
FO-29                60852.86259496 60852.87386300 17
FO-29                60852.93428055 60852.94772004 51
FO-29                60853.34723198 60853.35512649 8
FO-29                60853.41792173 60853.42974549 67
FO-29                60853.89611878 60853.90945030 51
FO-29                60853.96978687 60853.98112219 18
FO-29                60854.37996785 60854.39123641 31
FO-29                60854.45320081 60854.46359625 21
FO-29                60854.85916996 60854.86993394 15
FO-29                60854.93064732 60854.94400951 55
SO-50                60832.84866486 60832.85756552 41
SO-50                60832.91916585 60832.92576793 8
SO-50                60833.28473244 60833.29118788 7
SO-50                60833.35254589 60833.36218238 57
SO-50                60833.79446735 60833.79936115 4
SO-50                60833.86159179 60833.87070153 62
SO-50                60834.29671940 60834.30547187 21
SO-50                60834.36602348 60834.37474815 21
SO-50                60834.80601022 60834.81387695 16
SO-50                60834.87504078 60834.88337826 21
SO-50                60835.30934826 60835.31898838 57
SO-50                60835.38024156 60835.38655665 6
SO-50                60835.81845893 60835.82744989 48
SO-50                60835.88923828 60835.89540772 7
SO-50                60836.25436150 60836.26127248 8
SO-50                60836.32241624 60836.33198567 49
SO-50                60836.76398226 60836.76951150 5
SO-50                60836.83144718 60836.84051312 53
SO-50                60837.26646270 60837.27540467 24
SO-50                60837.33596248 60837.34446150 18
SO-50                60837.77571153 60837.78381594 19
SO-50                60837.84496984 60837.85311088 18
SO-50                60838.27914875 60838.28883227 66
SO-50                60838.35041944 60838.35608822 5
SO-50                60838.78823642 60838.79729742 57
SO-50                60838.85931639 60838.86498971 5
SO-50                60839.22399152 60839.23129901 10
SO-50                60839.29226835 60839.30175232 42
SO-50                60839.73354841 60839.73958524 7
SO-50                60839.80128685 60839.81028924 45
SO-50                60840.23619048 60840.24529654 27
SO-50                60840.30588820 60840.31413393 16
SO-50                60840.74540109 60840.75371282 22
SO-50                60840.81488542 60840.82280490 16
SO-50                60841.24893078 60841.25863936 77
SO-50                60841.32055335 60841.32554199 4
SO-50                60841.75799688 60841.76710867 67
SO-50                60841.82949390 60841.83450356 4
SO-50                60842.19361734 60842.20127269 12
SO-50                60842.26210260 60842.27148226 37
SO-50                60842.70309343 60842.70958905 8
SO-50                60842.77110802 60842.78002993 38
SO-50                60843.20590160 60843.21514875 31
SO-50                60843.27580189 60843.28376424 13
SO-50                60843.71507739 60843.72356916 25
SO-50                60843.78478858 60843.79245930 14
SO-50                60844.15182534 60844.15629479 3
SO-50                60844.21869380 60844.22840998 87
SO-50                60844.29073906 60844.29489088 2
SO-50                60844.72773992 60844.73688411 78
SO-50                60844.79963013 60844.80393361 3
SO-50                60845.16323531 60845.17119699 13
SO-50                60845.23191903 60845.24117537 32
SO-50                60845.67264293 60845.67953509 10
SO-50                60845.74091208 60845.74973496 33
SO-50                60846.17559533 60846.18496219 35
SO-50                60846.24570521 60846.25335074 12
SO-50                60846.68473922 60846.69338622 29
SO-50                60846.75468060 60846.76207311 12
SO-50                60847.12122205 60847.12643067 4
SO-50                60847.18843763 60847.19814444 80
SO-50                60847.69746525 60847.70662411 87
SO-50                60848.13284254 60848.14107503 15
SO-50                60848.20171788 60848.21083146 28
SO-50                60848.64219106 60848.64942897 12
SO-50                60848.71069927 60848.71940462 29
SO-50                60849.14527108 60849.15473763 41
SO-50                60849.21560010 60849.22289155 10
SO-50                60849.65438559 60849.66316499 34
SO-50                60849.72456315 60849.73164429 10
SO-50                60850.09065543 60850.09647106 5
SO-50                60850.15816243 60850.16784296 69
SO-50                60850.60056050 60850.60448228 2
SO-50                60850.66717257 60850.67632899 76
SO-50                60851.10243733 60851.11090892 18
SO-50                60851.17149980 60851.18045021 24
SO-50                60851.61173319 60851.61927472 14
SO-50                60851.68046981 60851.68903849 25
SO-50                60852.11492835 60852.12447572 47
SO-50                60852.18548974 60852.19238341 8
SO-50                60852.62401569 60852.63290664 39
SO-50                60852.69443840 60852.70117088 9
SO-50                60853.06010585 60853.06643608 6
SO-50                60853.12786797 60853.13750571 60
SO-50                60853.56984253 60853.57456084 4
SO-50                60853.63686182 60853.64599900 65
SO-50                60854.07201780 60854.08070042 20
SO-50                60854.14126512 60854.15003103 21
SO-50                60854.58126686 60854.58907509 16
SO-50                60854.65022410 60854.65863624 22
SO-50                60855.08456673 60855.09417701 54
SO-50                60855.15537783 60855.16182238 7
SO-50                60855.59362886 60855.60261150 46
SO-50                60855.66430905 60855.67064977 7
SO-50                60856.02957796 60856.03633977 8
SO-50                60856.09755544 60856.10713279 51
SO-50                60856.53917666 60856.54453190 5
SO-50                60856.60653251 60856.61563431 56
SO-50                60857.04158227 60857.05045089 23
HO-68                60833.06476601 60833.07783160 39
HO-68                60833.13985160 60833.15185114 23
HO-68                60833.56150888 60833.57458321 43
HO-68                60833.63684518 60833.64850372 20
HO-68                60834.05329275 60834.06572412 27
HO-68                60834.12772823 60834.14049123 33
HO-68                60834.55003911 60834.56254411 30
HO-68                60834.62462605 60834.63714262 30
HO-68                60835.04197232 60835.05346917 19
HO-68                60835.11571630 60835.12898893 47
HO-68                60835.53871946 60835.55038773 21
HO-68                60835.61254752 60835.62563786 43
HO-68                60836.03086092 60836.04101580 12
HO-68                60836.10380167 60836.11736489 67
HO-68                60836.18184013 60836.18781962 3
HO-68                60836.52758585 60836.53807907 14
HO-68                60836.60058778 60836.61401660 61
HO-68                60837.02008115 60837.02824705 6
HO-68                60837.09197864 60837.10563070 87
HO-68                60837.16880796 60837.17752666 8
HO-68                60837.51673536 60837.52554248 8
HO-68                60837.58873626 60837.60229448 85
HO-68                60837.66626784 60837.67405233 6
HO-68                60838.08024857 60838.09379092 63
HO-68                60838.15624869 60838.16670530 14
HO-68                60838.50638456 60838.51256230 3
HO-68                60838.57699072 60838.59047928 69
HO-68                60838.65344231 60838.66332634 11
HO-68                60839.06861694 60839.08184376 44
HO-68                60839.14392579 60839.15559815 21
HO-68                60839.56535582 60839.57857255 49
HO-68                60839.64095814 60839.65224318 18
HO-68                60840.05709968 60840.06977984 31
HO-68                60840.13175892 60840.14429387 30
HO-68                60840.55384034 60840.56656926 34
HO-68                60840.62868215 60840.64094117 26
HO-68                60841.04572212 60841.05757910 21
HO-68                60841.11971123 60841.13283697 42
HO-68                60841.54246517 60841.55445610 24
HO-68                60841.61655838 60841.62948202 38
HO-68                60842.03453042 60842.04520168 14
HO-68                60842.10776453 60842.12125246 60
HO-68                60842.53126535 60842.54220554 16
HO-68                60842.60455910 60842.61789856 54
HO-68                60843.02361571 60843.03256197 8
HO-68                60843.09591045 60843.10955474 83
HO-68                60843.17308710 60843.18102881 6
HO-68                60843.52029870 60843.52976046 10
HO-68                60843.59267094 60843.60620997 76
HO-68                60843.67068588 60843.67747351 4
HO-68                60844.01322929 60844.01941247 3
HO-68                60844.08414824 60844.09775060 71
HO-68                60844.16040965 60844.17034411 12
HO-68                60844.50972975 60844.51697876 5
HO-68                60844.58088867 60844.59442638 78
HO-68                60844.65767193 60844.66694177 9
HO-68                60845.07248188 60845.08584042 50
HO-68                60845.14801879 60845.15932060 18
HO-68                60845.56921511 60845.58255142 55
HO-68                60845.64509289 60845.65595839 15
HO-68                60846.06092354 60846.07381758 35
HO-68                60846.13580420 60846.14807691 26
HO-68                60846.55765608 60846.57058256 39
HO-68                60846.63275393 60846.64472234 23
HO-68                60847.04949454 60847.06166659 24
HO-68                60847.12371862 60847.13666833 37
HO-68                60847.54622957 60847.55850941 27
HO-68                60847.62058189 60847.63331235 33
HO-68                60848.03823258 60848.04935563 16
HO-68                60848.11173867 60848.12512495 53
HO-68                60848.53496395 60848.54631062 19
HO-68                60848.60854186 60848.62176905 48
HO-68                60849.02720777 60849.03682015 10
HO-68                60849.09985362 60849.11346447 75
HO-68                60849.17743638 60849.18445314 5
HO-68                60849.52390407 60849.53394228 12
HO-68                60849.59661633 60849.61011515 68
HO-68                60849.67523416 60849.68076294 3
HO-68                60850.01658801 60850.02389736 5
HO-68                60850.08805983 60850.10169598 79
HO-68                60850.16460364 60850.17394262 10
HO-68                60850.51317189 60850.52130420 7
HO-68                60850.58479755 60850.59836358 86
HO-68                60850.66194650 60850.67050914 8
HO-68                60851.07636074 60851.08982202 56
HO-68                60851.15213283 60851.16301568 16
HO-68                60851.50318473 60851.50805276 2
HO-68                60851.57308651 60851.58652010 62
HO-68                60851.64925297 60851.65964586 13
HO-68                60852.06476297 60852.07783866 40
HO-68                60852.13986513 60852.15183888 23
HO-68                60852.56148596 60852.57458432 44
HO-68                60852.63684317 60852.64848433 20
HO-68                60853.05328674 60853.06573354 28
HO-68                60853.12773891 60853.14048192 33
HO-68                60853.55001132 60853.56254888 31
HO-68                60853.62461907 60853.63712819 30
HO-68                60854.04196234 60854.05348179 19
HO-68                60854.11572465 60854.12898187 47
AO-73                60833.10635561 60833.11504797 68
AO-73                60833.17442152 60833.17820960 2
AO-73                60833.60835240 60833.61663732 84
AO-73                60834.10522133 60834.11391012 64
AO-73                60834.17312759 60834.17724265 3
AO-73                60834.60720651 60834.61548602 88
AO-73                60835.10407182 60835.11275341 60
AO-73                60835.17183031 60835.17624486 3
AO-73                60835.60604452 60835.61431669 84
AO-73                60836.10290717 60836.11157777 56
AO-73                60836.17052718 60836.17521872 4
AO-73                60836.60486651 60836.61312927 79
AO-73                60837.10172745 60837.11038310 52
AO-73                60837.16921641 60837.17416599 4
AO-73                60837.60367256 60837.61192373 74
AO-73                60838.10053274 60838.10916930 49
AO-73                60838.16789676 60838.17308782 5
AO-73                60838.60246273 60838.61070003 68
AO-73                60839.09932313 60839.10793628 46
AO-73                60839.16656731 60839.17198539 6
AO-73                60839.60123711 60839.60945812 63
AO-73                60840.09809870 60840.10668393 43
AO-73                60840.16522706 60840.17085928 6
AO-73                60840.59999577 60840.60819794 59
AO-73                60841.09685955 60841.10541213 40
AO-73                60841.16387554 60841.16971012 7
AO-73                60841.59873880 60841.60691944 54
AO-73                60841.66675153 60841.67046361 2
AO-73                60842.09560579 60842.10412079 37
AO-73                60842.16251224 60842.16853856 7
AO-73                60842.59746631 60842.60562256 50
AO-73                60842.66529599 60842.66934474 3
AO-73                60843.09433750 60843.10280979 35
AO-73                60843.16113675 60843.16734461 8
AO-73                60843.59617839 60843.60430722 46
AO-73                60843.66383787 60843.66819408 4
AO-73                60844.09305481 60844.10147900 33
AO-73                60844.15974873 60844.16612889 9
AO-73                60844.59487515 60844.60297336 43
AO-73                60844.66237438 60844.66701469 4
AO-73                60845.09175782 60845.10012829 31
AO-73                60845.15834788 60845.16489158 10
AO-73                60845.59355671 60845.60162089 40
AO-73                60845.66090360 60845.66580845 5
AO-73                60846.09044668 60846.09875752 29
AO-73                60846.15693403 60846.16363290 10
AO-73                60846.59222318 60846.60024973 37
AO-73                60846.65942407 60846.66457665 5
AO-73                60847.08912151 60847.09736654 27
AO-73                60847.15550668 60847.16235303 11
AO-73                60847.59087469 60847.59885979 34
AO-73                60847.65793494 60847.66332064 6
AO-73                60848.08778247 60848.09595520 25
AO-73                60848.15406605 60848.16105214 12
AO-73                60848.58951139 60848.59745095 32
AO-73                60848.65643511 60848.66204103 7
AO-73                60849.08642971 60849.09452331 24
AO-73                60849.15261179 60849.15973039 13
AO-73                60849.58813368 60849.59602312 29
AO-73                60849.65492411 60849.66073854 8
AO-73                60850.08506343 60850.09307070 22
AO-73                60850.15114377 60850.15838787 14
AO-73                60850.58674122 60850.59457616 27
AO-73                60850.65340625 60850.65942129 8
AO-73                60851.08368380 60851.09159714 20
AO-73                60851.14966188 60851.15702466 15
AO-73                60851.58533442 60851.59310994 25
AO-73                60851.65187154 60851.65807441 9
AO-73                60852.08229106 60852.09010241 19
AO-73                60852.14816602 60852.15564068 16
AO-73                60852.58391346 60852.59162431 24
AO-73                60852.65032439 60852.65670607 10
AO-73                60853.08088549 60853.08858627 18
AO-73                60853.14666174 60853.15424333 17
AO-73                60853.58247856 60853.59011906 22
AO-73                60853.64876453 60853.65531647 11
AO-73                60854.07946728 60854.08704853 16
AO-73                60854.14513770 60854.15281850 18
AO-73                60854.58102993 60854.58859410 21
AO-73                60854.64719168 60854.65390587 12
AO-73                60855.07803660 60855.08548865 15
AO-73                60855.14359946 60855.15137329 20
AO-73                60855.57956781 60855.58704939 19
AO-73                60855.64560577 60855.65247446 13
AO-73                60856.07659417 60856.08390638 14
AO-73                60856.14204694 60856.14990768 21
AO-73                60856.57809245 60856.58548431 18
AO-73                60856.64400661 60856.65102245 14
AO-73                60857.07514021 60857.08230132 13
AO-73                60857.14048010 60857.14842174 23
AO-73                60857.57660415 60857.58389882 16
AO-73                60857.64239407 60857.64954996 15
AO-73                60858.07367514 60858.08067303 12
AO-73                60858.13889891 60858.14691551 24
AO-73                60858.57510320 60858.58229264 15
AO-73                60858.64076801 60858.64805710 17
AO-73                60859.07219954 60859.07902092 11
AO-73                60859.13730331 60859.14538900 26
AO-73                60859.57358999 60859.58066546 14
TITA                 60832.88912375 60832.89713642 55
TITA                 60832.95685078 60832.96021549 2
TITA                 60833.38342504 60833.39154745 32
TITA                 60833.44977654 60833.45580019 8
TITA                 60833.88256485 60833.89041372 37
TITA                 60833.94944527 60833.95432264 5
TITA                 60834.37692882 60834.38474186 23
TITA                 60834.44277383 60834.44955345 12
TITA                 60834.87604813 60834.88363227 26
TITA                 60834.94229136 60834.94816566 8
TITA                 60835.37048160 60835.37786321 16
TITA                 60835.43585248 60835.44320538 17
TITA                 60835.86957983 60835.87678629 18
TITA                 60835.93525779 60835.94185248 12
TITA                 60836.36409787 60836.37089774 12
TITA                 60836.42898115 60836.43676331 23
TITA                 60836.86317167 60836.86986500 13
TITA                 60836.92830531 60836.93543522 18
TITA                 60837.35780260 60837.36382097 8
TITA                 60837.42211115 60837.43024423 32
TITA                 60837.85684346 60837.86284973 9
TITA                 60837.92141293 60837.92893563 25
TITA                 60838.35164748 60838.35658105 4
TITA                 60838.41532007 60838.42366215 47
TITA                 60838.85063335 60838.85570254 5
TITA                 60838.91452753 60838.92236377 36
TITA                 60839.40856268 60839.41701818 69
TITA                 60839.84463941 60839.84832474 2
TITA                 60839.90772500 60839.91573252 53
TITA                 60840.40183577 60840.41031456 81
TITA                 60840.90096011 60840.90904323 81
TITA                 60841.39514243 60841.40355169 55
TITA                 60841.46241732 60841.46677237 3
TITA                 60841.89423305 60841.90229787 67
TITA                 60842.38848381 60842.39672811 38
TITA                 60842.45509336 60842.46068088 6
TITA                 60842.88754418 60842.89549641 44
TITA                 60842.95477703 60842.95904529 4
TITA                 60843.38186430 60843.38984019 26
TITA                 60843.44793158 60843.45439244 10
TITA                 60843.88089644 60843.88863680 30
TITA                 60843.94741214 60843.95289403 7
TITA                 60844.37529127 60844.38288128 19
TITA                 60844.44086950 60844.44798341 14
TITA                 60844.87429562 60844.88171453 21
TITA                 60844.94021233 60844.94654140 10
TITA                 60845.36877649 60845.37584034 13
TITA                 60845.43386711 60845.44146970 20
TITA                 60845.86775054 60845.87472099 15
TITA                 60845.93311238 60845.94006566 15
TITA                 60846.36234079 60846.36869719 9
TITA                 60846.42691423 60846.43487553 28
TITA                 60846.86127706 60846.86764171 10
TITA                 60846.92608262 60846.93349734 22
TITA                 60847.35602359 60847.36141251 6
TITA                 60847.41995942 60847.42820749 40
TITA                 60847.85490431 60847.86044865 7
TITA                 60847.91906626 60847.92685027 31
TITA                 60848.34992437 60848.35388530 3
TITA                 60848.41308290 60848.42147760 59
TITA                 60848.84869554 60848.85307833 4
TITA                 60848.91213625 60848.92013982 46
TITA                 60849.40624091 60849.41468584 86
TITA                 60849.90524768 60849.91336859 70
TITA                 60850.39942927 60850.40783329 63
TITA                 60850.46701564 60850.47070575 2
TITA                 60850.89839671 60850.90653952 78
TITA                 60851.39265481 60851.40091909 42
TITA                 60851.45947431 60851.46462928 5
TITA                 60851.89158570 60851.89965340 51
TITA                 60851.95908131 60851.96292664 3
TITA                 60852.38591936 60852.39394020 29
TITA                 60852.45215416 60852.45829613 9
TITA                 60852.88481598 60852.89270892 34
TITA                 60852.95151642 60852.95675894 6
TITA                 60853.37922960 60853.38689074 21
TITA                 60853.44495428 60853.45182080 13
TITA                 60853.87809251 60853.88570233 24
TITA                 60853.94416958 60853.95036125 9
TITA                 60854.37259644 60854.37976049 15
TITA                 60854.43782438 60854.44523005 18
TITA                 60854.87142279 60854.87862681 17
TITA                 60854.93693434 60854.94381612 14
TITA                 60855.36603870 60855.37253133 10
TITA                 60855.43074986 60855.43855191 25
TITA                 60855.86482061 60855.87146961 12
TITA                 60855.92977764 60855.93716992 20
TITA                 60856.35959174 60856.36516832 6
TITA                 60856.42367725 60856.43179568 36
TITA                 60856.85831004 60856.86420802 8
TITA                 60856.92263946 60856.93043967 29
TITA                 60857.35333899 60857.35758700 3
TITA                 60857.41668548 60857.42497450 53
TITA                 60857.85193988 60857.85679323 5
TITA                 60857.91559069 60857.92364274 42
TITA                 60858.40972978 60858.41808915 79
TITA                 60858.90858560 60858.91678268 64
TITA                 60859.40280653 60859.41114123 69
TITA                 60859.90162010 60859.90986311 84
NOAA-15              60832.72498260 60832.73191791 8
NOAA-15              60832.79219714 60832.80259804 59
NOAA-15              60833.24678734 60833.25591410 18
NOAA-15              60833.31548872 60833.32541051 29
NOAA-15              60833.77408842 60833.78452972 67
NOAA-15              60833.84527017 60833.85164751 6
NOAA-15              60834.22972995 60834.23677734 7
NOAA-15              60834.29712424 60834.30764735 60
NOAA-15              60834.75627662 60834.76620263 32
NOAA-15              60834.82596942 60834.83472614 16
NOAA-15              60835.27901964 60835.28958486 66
NOAA-15              60835.34993045 60835.35661221 7
NOAA-15              60835.73882652 60835.74756813 16
NOAA-15              60835.80727097 60835.81722020 32
NOAA-15              60836.26117728 60836.27123225 32
NOAA-15              60836.33079543 60836.33971090 16
NOAA-15              60836.72195649 60836.72842813 6
NOAA-15              60836.78892144 60836.79937316 68
NOAA-15              60837.24367660 60837.25253106 16
NOAA-15              60837.31217509 60837.32224607 33
NOAA-15              60837.77086286 60837.78125834 59
NOAA-15              60837.84174601 60837.84866970 7
NOAA-15              60838.22675467 60838.23325672 6
NOAA-15              60838.29385594 60838.30442475 69
NOAA-15              60838.75310485 60838.76288149 28
NOAA-15              60838.82257690 60838.83160836 18
NOAA-15              60839.27579213 60839.28630999 58
NOAA-15              60839.34644993 60839.35363068 8
NOAA-15              60839.73572999 60839.74417881 14
NOAA-15              60839.80394604 60839.81403121 36
NOAA-15              60840.25800175 60840.26790034 28
NOAA-15              60840.32742452 60840.33659916 19
NOAA-15              60840.71901597 60840.72489365 5
NOAA-15              60840.78564699 60840.79613246 77
NOAA-15              60841.24057488 60841.24912076 14
NOAA-15              60841.30886216 60841.31906070 38
NOAA-15              60841.76763624 60841.77797119 51
NOAA-15              60841.83824516 60841.84564949 9
NOAA-15              60842.22381822 60842.22967884 5
NOAA-15              60842.29058751 60842.30118286 78
NOAA-15              60842.74993426 60842.75954276 25
NOAA-15              60842.81918860 60842.82846864 20
NOAA-15              60843.27256667 60843.28301538 51
NOAA-15              60843.34295761 60843.35061032 10
NOAA-15              60843.73264209 60843.74076544 12
NOAA-15              60843.80062075 60843.81082502 41
NOAA-15              60844.25482901 60844.26454652 25
NOAA-15              60844.32405784 60844.33346232 21
NOAA-15              60844.71612190 60844.72129760 4
NOAA-15              60844.78237128 60844.79287623 87
NOAA-15              60844.85459515 60844.85895132 2
NOAA-15              60845.23748446 60845.24568074 12
NOAA-15              60845.30554969 60845.31585463 43
NOAA-15              60845.76440904 60845.77466803 45
NOAA-15              60845.83473063 60845.84259566 11
NOAA-15              60846.22093938 60846.22602425 3
NOAA-15              60846.28731850 60846.29792167 87
NOAA-15              60846.35909906 60846.36396356 3
NOAA-15              60846.74676612 60846.75618573 22
NOAA-15              60846.81580337 60846.82530773 23
NOAA-15              60847.26934174 60847.27970112 45
NOAA-15              60847.33951082 60847.34755090 11
NOAA-15              60847.72956558 60847.73732566 10
NOAA-15              60847.79729503 60847.80760170 47
NOAA-15              60848.25166008 60848.26116994 22
NOAA-15              60848.32069422 60848.33030166 24
NOAA-15              60848.71330159 60848.71761223 2
NOAA-15              60848.77909448 60848.78960401 83
NOAA-15              60848.85086697 60848.85613058 4
NOAA-15              60849.23440816 60849.24220802 10
NOAA-15              60849.30223720 60849.31262835 48
NOAA-15              60849.76118185 60849.77134862 40
NOAA-15              60849.83125977 60849.83950770 12
NOAA-15              60850.28404915 60850.29464117 82
NOAA-15              60850.35546561 60850.36109327 4
NOAA-15              60850.74360157 60850.75280949 20
NOAA-15              60850.81242058 60850.82212669 26
NOAA-15              60851.26611754 60851.27636663 39
NOAA-15              60851.33607491 60851.34445907 13
NOAA-15              60851.72650436 60851.73385590 9
NOAA-15              60851.79396893 60851.80436166 54
NOAA-15              60852.24849611 60852.25776959 19
NOAA-15              60852.31733259 60852.32711812 27
NOAA-15              60852.77581703 60852.78631588 73
NOAA-15              60852.84721486 60852.85321496 5
NOAA-15              60853.23135030 60853.23869829 8
NOAA-15              60853.29892438 60853.30938211 55
NOAA-15              60853.75795539 60853.76801234 35
NOAA-15              60853.82779948 60853.83639116 14
NOAA-15              60854.28077934 60854.29134140 72
NOAA-15              60854.35188487 60854.35814767 6
NOAA-15              60854.74044227 60854.74941267 17
NOAA-15              60854.80903974 60854.81892617 30
NOAA-15              60855.26289437 60855.27301170 35
NOAA-15              60855.33264739 60855.34133754 15
NOAA-15              60855.72346282 60855.73035171 7
NOAA-15              60855.79064252 60855.80110488 62
NOAA-15              60856.24533801 60856.25434410 17
NOAA-15              60856.31397204 60856.32391255 30
NOAA-18              60832.86197567 60832.86648082 2
NOAA-18              60832.92824103 60832.93918571 79
NOAA-18              60833.00036851 60833.00658927 5
NOAA-18              60833.38768234 60833.39609126 12
NOAA-18              60833.45634648 60833.46690790 44
NOAA-18              60833.91936921 60833.93018687 56
NOAA-18              60833.99063426 60833.99841545 9
NOAA-18              60834.37934482 60834.38653805 7
NOAA-18              60834.44730550 60834.45808166 63
NOAA-18              60834.91056919 60834.92112564 39
NOAA-18              60834.98115327 60834.99000542 14
NOAA-18              60835.37130424 60835.37669033 4
NOAA-18              60835.43832598 60835.44918408 88
NOAA-18              60835.51069445 60835.51586082 3
NOAA-18              60835.90184865 60835.91199685 28
NOAA-18              60835.97181678 60835.98144751 20
NOAA-18              60836.42940748 60836.44021758 66
NOAA-18              60836.50090165 60836.50789360 7
NOAA-18              60836.89321955 60836.90279076 20
NOAA-18              60836.96258711 60836.97278106 28
NOAA-18              60837.42054948 60837.43118150 46
NOAA-18              60837.49135726 60837.49962104 12
NOAA-18              60837.88470298 60837.89348918 14
NOAA-18              60837.95344432 60837.96402798 40
NOAA-18              60838.41176219 60838.42207176 33
NOAA-18              60838.48199920 60838.49116632 17
NOAA-18              60838.87633607 60838.88405783 9
NOAA-18              60838.94437738 60838.95520104 57
NOAA-18              60839.40305466 60839.41287980 23
NOAA-18              60839.47274953 60839.48258359 24
NOAA-18              60839.86819714 60839.87442047 5
NOAA-18              60839.93538047 60839.94630815 80
NOAA-18              60840.00844748 60840.01276944 2
NOAA-18              60840.39444408 60840.40359006 16
NOAA-18              60840.46358389 60840.47390006 34
NOAA-18              60840.92645179 60840.93735323 73
NOAA-18              60840.99838687 60841.00494946 6
NOAA-18              60841.38596127 60841.39417363 11
NOAA-18              60841.45448909 60841.46513145 47
NOAA-18              60841.91759155 60841.92833718 51
NOAA-18              60841.98870565 60841.99671263 10
NOAA-18              60842.37766653 60842.38457219 7
NOAA-18              60842.44545799 60842.45628703 68
NOAA-18              60842.90880484 60842.91925776 36
NOAA-18              60842.97925526 60842.98826368 15
NOAA-18              60843.36971832 60843.37462612 3
NOAA-18              60843.43648780 60843.44737199 86
NOAA-18              60843.50862931 60843.51430220 4
NOAA-18              60843.90009954 60843.91010916 26
NOAA-18              60843.96993964 60843.97967704 22
NOAA-18              60844.42757742 60844.43838813 61
NOAA-18              60844.49888640 60844.50624592 8
NOAA-18              60844.89148969 60844.90087988 19
NOAA-18              60844.96072585 60844.97098729 30
NOAA-18              60845.41873160 60845.42933417 43
NOAA-18              60845.48940915 60845.49792150 13
NOAA-18              60845.88299896 60845.89154904 13
NOAA-18              60845.95159619 60845.96221387 43
NOAA-18              60846.40995675 60846.42020509 30
NOAA-18              60846.48007479 60846.48943269 18
NOAA-18              60846.87467075 60846.88207622 8
NOAA-18              60846.94254091 60846.95336865 61
NOAA-18              60847.40126459 60847.41099144 22
NOAA-18              60847.47084194 60847.48082338 26
NOAA-18              60847.86660235 60847.87236564 4
NOAA-18              60847.93355510 60847.94445845 86
NOAA-18              60848.00633568 60848.01120943 3
NOAA-18              60848.39267442 60848.40167524 15
NOAA-18              60848.46168945 60848.47211744 36
NOAA-18              60848.92463750 60848.93548657 68
NOAA-18              60848.99639026 60849.00326457 7
NOAA-18              60849.38422107 60849.39222403 10
NOAA-18              60849.45260579 60849.46332886 51
NOAA-18              60849.91578909 60849.92645325 48
NOAA-18              60849.98675517 60849.99497168 11
NOAA-18              60850.37597545 60850.38256817 6
NOAA-18              60850.44358491 60850.45446594 73
NOAA-18              60850.90701582 60850.91735554 34
NOAA-18              60850.97733299 60850.98648659 16
NOAA-18              60851.36814515 60851.37249750 2
NOAA-18              60851.43462474 60851.44553304 80
NOAA-18              60851.50655854 60851.51269691 5
NOAA-18              60851.89832658 60851.90818645 24
NOAA-18              60851.96803692 60851.97787241 23
NOAA-18              60852.42572455 60852.43653134 57
NOAA-18              60852.49688153 60852.50456203 9
NOAA-18              60852.88973713 60852.89893295 17
NOAA-18              60852.95883825 60852.96916003 33
NOAA-18              60853.41689023 60853.42745885 40
NOAA-18              60853.48743910 60853.49619190 14
NOAA-18              60853.88127475 60853.88957075 12
NOAA-18              60853.94972119 60853.96036705 46
NOAA-18              60854.40812889 60854.41830968 28
NOAA-18              60854.47812724 60854.48767030 20
NOAA-18              60854.87298983 60854.88005172 7
NOAA-18              60854.94067737 60854.95150391 66
NOAA-18              60855.39945356 60855.40907288 20
NOAA-18              60855.46891084 60855.47903485 28
NOAA-18              60855.86500762 60855.87025233 3
NOAA-19              60832.86412232 60832.87432964 31
NOAA-19              60832.93432939 60832.94356179 17
NOAA-19              60833.39173392 60833.40271247 76
NOAA-19              60833.46348152 60833.47007962 6
NOAA-19              60833.85560851 60833.86531566 23
NOAA-19              60833.92521781 60833.93509173 25
NOAA-19              60834.38301133 60834.39386332 54
NOAA-19              60834.45403788 60834.46203578 10
NOAA-19              60834.84719514 60834.85621617 16
NOAA-19              60834.91619804 60834.92652909 34
NOAA-19              60835.37435367 60835.38494459 38
NOAA-19              60835.44480005 60835.45378750 15
NOAA-19              60835.83891084 60835.84700557 11
NOAA-19              60835.90725625 60835.91788958 49
NOAA-19              60836.36576830 60836.37595007 27
NOAA-19              60836.43567955 60836.44540140 21
NOAA-19              60836.83081071 60836.83763109 7
NOAA-19              60836.89838470 60836.90918260 69
NOAA-19              60837.35726864 60837.36686829 20
NOAA-19              60837.42664725 60837.43690910 30
NOAA-19              60837.82303631 60837.82795230 3
NOAA-19              60837.88958008 60837.90041354 85
NOAA-19              60837.96197694 60837.96754469 4
NOAA-19              60838.34887693 60838.35767869 14
NOAA-19              60838.41768747 60838.42832871 41
NOAA-19              60838.88084169 60838.89158460 60
NOAA-19              60838.95233690 60838.95961220 8
NOAA-19              60839.34063374 60839.34834246 9
NOAA-19              60839.40879156 60839.41967138 58
NOAA-19              60839.87217217 60839.88269518 42
NOAA-19              60839.94293164 60839.95140786 13
NOAA-19              60840.33262793 60840.33877228 5
NOAA-19              60840.39995527 60840.41094351 81
NOAA-19              60840.47253718 60840.47736044 3
NOAA-19              60840.86357804 60840.87374106 30
NOAA-19              60840.93371343 60840.94303798 18
NOAA-19              60841.39117779 60841.40214819 73
NOAA-19              60841.46283265 60841.46962246 6
NOAA-19              60841.85506942 60841.86471436 22
NOAA-19              60841.92460845 60841.93455240 26
NOAA-19              60842.38245881 60842.39328557 51
NOAA-19              60842.45341124 60842.46154374 11
NOAA-19              60842.84666414 60842.85559994 15
NOAA-19              60842.91559326 60842.92597645 36
NOAA-19              60843.37380571 60843.38435283 36
NOAA-19              60843.44418590 60843.45327124 16
NOAA-19              60843.83839251 60843.84637016 10
NOAA-19              60843.90665495 60843.91732493 51
NOAA-19              60844.36522628 60844.37534300 26
NOAA-19              60844.43507329 60844.44486587 22
NOAA-19              60844.83031469 60844.83696729 6
NOAA-19              60844.89778632 60844.90860675 72
NOAA-19              60845.35673485 60845.36624391 19
NOAA-19              60845.42604652 60845.43635681 31
NOAA-19              60845.82259317 60845.82722915 3
NOAA-19              60845.88898453 60845.89982686 81
NOAA-19              60845.96125042 60845.96708726 4
NOAA-19              60846.34835523 60846.35703330 13
NOAA-19              60846.41709095 60846.42776144 43
NOAA-19              60846.88024915 60846.89098715 58
NOAA-19              60846.95162078 60846.95910869 8
NOAA-19              60847.34013183 60847.34766863 8
NOAA-19              60847.40819859 60847.41908993 60
NOAA-19              60847.87158323 60847.88208647 41
NOAA-19              60847.94226231 60847.95087398 13
NOAA-19              60848.33216497 60848.33805064 4
NOAA-19              60848.39936562 60848.41034834 84
NOAA-19              60848.47181195 60848.47691887 3
NOAA-19              60848.86299371 60848.87312077 29
NOAA-19              60848.93305502 60848.94248428 19
NOAA-19              60849.39059171 60849.40153939 70
NOAA-19              60849.46212801 60849.46912147 7
NOAA-19              60849.85449135 60849.86408098 21
NOAA-19              60849.92395723 60849.93398284 27
NOAA-19              60850.38187646 60850.39266286 49
NOAA-19              60850.45275519 60850.46100700 11
NOAA-19              60850.84609507 60850.85495113 15
NOAA-19              60850.91494722 60850.92539325 37
NOAA-19              60851.37322823 60851.38371533 35
NOAA-19              60851.44354136 60851.45271113 16
NOAA-19              60851.83783734 60851.84570147 10
NOAA-19              60851.90601297 60851.91672945 53
NOAA-19              60852.36465547 60852.37468965 25
NOAA-19              60852.43443614 60852.44428647 23
NOAA-19              60852.82978386 60852.83626832 6
NOAA-19              60852.89714789 60852.90799976 75
NOAA-19              60853.35617280 60853.36557223 18
NOAA-19              60853.42541457 60853.43576081 32
NOAA-19              60853.82211388 60853.82646294 2
NOAA-19              60853.88834954 60853.89920875 78
NOAA-19              60853.96048435 60853.96659793 5
NOAA-19              60854.34780668 60854.35633896 12
NOAA-19              60854.41646295 60854.42715023 45
NOAA-19              60854.87961774 60854.89035793 55
NOAA-19              60854.95089205 60854.95857214 9
NOAA-19              60855.33960600 60855.34694280 8
NOAA-19              60855.40757408 60855.41846440 63
NOAA-19              60855.87095608 60855.88144585 39
NOAA-19              60855.94155241 60855.95030966 14
METOA                60832.90435625 60832.91064179 6
METOA                60832.96913385 60832.97943339 72
METOA                60833.47686715 60833.48501986 60
METOA                60833.92111932 60833.92967428 15
METOA                60833.98734162 60833.99720021 34
METOA                60834.42882274 60834.43501218 9
METOA                60834.49515246 60834.50268349 23
METOA                60834.93846036 60834.94819410 31
METOA                60835.00588242 60835.01463829 17
METOA                60835.44609883 60835.45369518 23
METOA                60835.51378677 60835.51989730 9
METOA                60835.95615851 60835.96640419 66
METOA                60836.02498246 60836.03153493 7
METOA                60836.46379384 60836.47194274 62
METOA                60836.90896555 60836.91591708 8
METOA                60836.97414403 60836.98435457 59
METOA                60837.41682155 60837.42081690 3
METOA                60837.48179598 60837.48985393 46
METOA                60837.92590044 60837.93476800 18
METOA                60837.99241985 60838.00203083 28
METOA                60838.43346450 60838.44011777 12
METOA                60838.50014430 60838.50741517 18
METOA                60838.94333060 60838.95318475 37
METOA                60839.01105892 60839.01934557 14
METOA                60839.45084859 60839.45866576 29
METOA                60839.51889183 60839.52445901 7
METOA                60839.96109361 60839.97131174 78
METOA                60840.03037959 60840.03599227 4
METOA                60840.46860685 60840.47681906 80
METOA                60840.91361039 60840.92104881 10
METOA                60840.97914062 60840.98918031 49
METOA                60841.42116729 60841.42614153 5
METOA                60841.48666250 60841.49464129 37
METOA                60841.93067944 60841.93975488 21
METOA                60841.99748916 60842.00676052 23
METOA                60842.43806656 60842.44515953 15
METOA                60842.50507714 60842.51209564 15
METOA                60842.94818778 60842.95807819 44
METOA                60843.01627843 60843.02393048 11
METOA                60843.45554318 60843.46358728 37
METOA                60843.52396629 60843.52895216 5
METOA                60843.90184229 60843.90679025 3
METOA                60843.96601213 60843.97612480 82
METOA                60844.03590345 60844.04021088 2
METOA                60844.47336013 60844.48165019 80
METOA                60844.91826878 60844.92605592 12
METOA                60844.98416582 60844.99391421 40
METOA                60845.42554565 60845.43133249 7
METOA                60845.49146875 60845.49938333 30
METOA                60845.93544750 60845.94464015 25
METOA                60846.00254934 60846.01138628 19
METOA                60846.44262748 60846.45014231 19
METOA                60846.50995393 60846.51672570 13
METOA                60846.95302604 60846.96287711 52
METOA                60847.02148141 60847.02838527 8
METOA                60847.46018459 60847.46846103 47
METOA                60847.52901925 60847.53335914 4
METOA                60847.90628280 60847.91191090 5
METOA                60847.97090968 60847.98084499 70
METOA                60848.47805744 60848.48643656 63
METOA                60848.92292535 60848.93095119 14
METOA                60848.98912089 60848.99854161 32
METOA                60849.42992607 60849.43642459 10
METOA                60849.49625673 60849.50408324 25
METOA                60849.94019704 60849.94942918 29
METOA                60850.00763676 60850.01590261 15
METOA                60850.44714797 60850.45506827 24
METOA                60850.51477444 60850.52129683 10
METOA                60850.95784015 60850.96758466 62
METOA                60851.02672108 60851.03268638 6
METOA                60851.46477582 60851.47328688 60
METOA                60851.53407652 60851.53765749 2
METOA                60851.91076237 60851.91687667 6
METOA                60851.97578160 60851.98547404 57
METOA                60852.41763512 60852.42224272 4
METOA                60852.48270013 60852.49117728 50
METOA                60852.92756784 60852.93574447 16
METOA                60852.99405967 60853.00307991 26
METOA                60853.43429559 60853.44143328 13
METOA                60853.50095247 60853.50873344 21
METOA                60853.94492074 60853.95412716 33
METOA                60854.01267986 60854.02030963 12
METOA                60854.45162950 60854.45993819 30
METOA                60854.51955393 60854.52582054 9
METOA                60854.96262394 60854.97220448 72
METOA                60855.03203982 60855.03678777 3
METOA                60855.46932060 60855.47806330 74
METOA                60855.91525018 60855.92171734 8
METOA                60855.98062298 60855.99001458 46
METOA                60856.42174731 60856.42744214 6
METOA                60856.48729424 60856.49587018 41
METOA                60856.93218593 60856.94044427 18
METOA                60856.99897307 60857.00752315 21
METOA                60857.43864839 60857.44636612 17
METOA                60857.50560088 60857.51333393 18
METOA                60857.94961135 60857.95873948 39
METOA                60858.01771985 60858.02459834 9
METOA                60858.45607478 60858.46475100 38
METOA                60858.52429515 60858.53028442 7
METOB                60832.79317686 60832.79749184 2
METOB                60832.85914851 60832.86982769 80
METOB                60832.93104305 60832.93675050 4
METOB                60833.31614104 60833.32418263 11
METOB                60833.38430678 60833.39478349 47
METOB                60833.84492303 60833.85535455 45
METOB                60833.91547260 60833.92357029 11
METOB                60834.30299184 60834.30860426 4
METOB                60834.36984221 60834.38054890 83
METOB                60834.44208537 60834.44661691 3
METOB                60834.83089555 60834.84071244 26
METOB                60834.90042826 60834.90987742 21
METOB                60835.35553478 60835.36613518 56
METOB                60835.42634933 60835.43379806 9
METOB                60835.81711673 60835.82586009 15
METOB                60835.88566279 60835.89590434 36
METOB                60836.34139871 60836.35153753 32
METOB                60836.41125742 60836.42029599 17
METOB                60836.80371311 60836.81068213 7
METOB                60836.87110401 60836.88173061 64
METOB                60837.32747371 60837.33672372 18
METOB                60837.39645448 60837.40645771 29
METOB                60837.85672663 60837.86738974 74
METOB                60837.92837040 60837.93456196 5
METOB                60838.31385531 60838.32160533 10
METOB                60838.38184881 60838.39238502 51
METOB                60838.84252877 60838.85288989 41
METOB                60838.91290759 60838.92126802 12
METOB                60839.30084790 60839.30588308 3
METOB                60839.36740802 60839.37811994 89
METOB                60839.43935980 60839.44451353 3
METOB                60839.82853457 60839.83821704 24
METOB                60839.89791406 60839.90752075 22
METOB                60840.35312473 60840.36367657 51
METOB                60840.42377346 60840.43153023 10
METOB                60840.81480186 60840.82332278 13
METOB                60840.88318278 60840.89351095 39
METOB                60841.33901731 60841.34904622 29
METOB                60841.40873676 60841.41796190 18
METOB                60841.80147998 60841.80806885 6
METOB                60841.86865216 60841.87930811 70
METOB                60842.32513073 60842.33419066 17
METOB                60842.39396749 60842.40408038 32
METOB                60842.85430113 60842.86494074 67
METOB                60842.92571565 60842.93234007 6
METOB                60843.31157680 60843.31900610 8
METOB                60843.37938796 60843.38997379 56
METOB                60843.84013183 60843.85041372 38
METOB                60843.91034438 60843.91894864 14
METOB                60844.29875114 60844.30309914 2
METOB                60844.36497071 60844.37567866 83
METOB                60844.43666906 60844.44235842 4
METOB                60844.82617240 60844.83570896 22
METOB                60844.89539816 60844.90515085 25
METOB                60845.35071193 60845.36120517 47
METOB                60845.42120180 60845.42924167 11
METOB                60845.81248928 60845.82076965 12
METOB                60845.88070001 60845.89110593 43
METOB                60846.33663417 60846.34654124 27
METOB                60846.40621514 60846.41561242 20
METOB                60846.79926127 60846.80542809 5
METOB                60846.86619693 60846.87687444 76
METOB                60847.32278892 60847.33164163 15
METOB                60847.39147778 60847.40168978 35
METOB                60847.85187247 60847.86248061 61
METOB                60847.92307392 60847.93008971 7
METOB                60848.30930732 60848.31638288 7
METOB                60848.37692364 60848.38755010 62
METOB                60848.83773250 60848.84792600 35
METOB                60848.90778263 60848.91661299 15
METOB                60849.36253026 60849.37322502 76
METOB                60849.43400187 60849.44016289 5
METOB                60849.82380953 60849.83318784 20
METOB                60849.89288039 60849.90276799 27
METOB                60850.34829650 60850.35872119 43
METOB                60850.41863279 60850.42693393 12
METOB                60850.81018035 60850.81819971 11
METOB                60850.87821408 60850.88868920 47
METOB                60851.33424967 60851.34402231 24
METOB                60851.40369213 60851.41324815 22
METOB                60851.79706175 60851.80275477 4
METOB                60851.86373844 60851.87442961 83
METOB                60851.93634922 60851.94063286 2
METOB                60852.32044900 60852.32907554 14
METOB                60852.38898544 60852.39928598 38
METOB                60852.84944089 60852.86000929 56
METOB                60852.92044218 60852.92781426 8
METOB                60853.30704994 60853.31373278 6
METOB                60853.37445608 60853.38511395 68
METOB                60853.83533130 60853.84542630 32
METOB                60853.90522146 60853.91426164 17
METOB                60854.36008668 60854.37075898 70
METOB                60854.43135129 60854.43793387 6
METOB                60854.82144674 60854.83065323 18
METOB                60854.89036064 60854.90037237 29
METOB                60855.34587850 60855.35622429 39
METOB                60855.41606569 60855.42460799 14
METOB                60855.80787591 60855.81561180 10
METOB                60855.87572523 60855.88626105 51
