iss                  60833.01297962 60833.01935378 13
iss                  60833.43113265 60833.43560429 4
iss                  60833.49662437 60833.50407892 50
iss                  60833.91186646 60833.91753933 8
iss                  60833.97812855 60833.98533990 30
iss                  60834.46217752 60834.46963279 56
iss                  60834.53069821 60834.53521020 4
iss                  60834.94353995 60834.95102401 85
iss                  60835.42796588 60835.43492054 22
iss                  60835.49528105 60835.50156511 12
iss                  60835.90916343 60835.91643500 34
iss                  60835.97706376 60835.98241881 7
iss                  60836.39400791 60836.39985345 9
iss                  60836.46031524 60836.46748614 27
iss                  60836.87497564 60836.88153912 15
iss                  60836.94187613 60836.94860480 17
iss                  60837.36069629 60837.36408790 2
iss                  60837.42563197 60837.43312949 72
iss                  60837.84113275 60837.84620791 6
iss                  60837.90704334 60837.91440657 41
iss                  60838.39118351 60838.39852109 39
iss                  60838.45925122 60838.46448794 6
iss                  60838.87244911 60838.87992203 68
iss                  60838.94129683 60838.94493893 2
iss                  60839.35698466 60839.36362556 16
iss                  60839.42394020 60839.43058663 16
iss                  60839.83806615 60839.84515796 25
iss                  60839.90558306 60839.91152329 10
iss                  60840.32309098 60840.32830796 6
iss                  60840.38900093 60840.39632935 36
iss                  60840.80388826 60840.81005620 11
iss                  60840.87045974 60840.87748017 23
iss                  60841.35432237 60841.36180925 79
iss                  60841.42336899 60841.42688599 2
iss                  60841.77015787 60841.77441093 4
iss                  60841.83563782 60841.84310097 60
iss                  60842.31987934 60842.32702976 28
iss                  60842.38752679 60842.39335618 9
iss                  60842.80104018 60842.80844275 46
iss                  60842.86932253 60842.87402090 5
iss                  60843.28566961 60843.29192895 12
iss                  60843.35228860 60843.35923356 21
iss                  60843.76662948 60843.77349050 19
iss                  60843.83380724 60843.84023194 13
iss                  60844.25194750 60844.25629127 4
iss                  60844.31737107 60844.32480194 52
iss                  60844.73251623 60844.73815392 8
iss                  60844.79872923 60844.80597832 31
iss                  60845.28270007 60845.29011353 53
iss                  60845.35114687 60845.35572339 4
iss                  60845.76391545 60845.77141875 89
iss                  60846.24827272 60846.25515007 21
iss                  60846.31551262 60846.32183014 12
iss                  60846.72931860 60846.73657945 32
iss                  60846.79712824 60846.80262453 7
iss                  60847.21411513 60847.21981274 9
iss                  60847.28032805 60847.28750574 28
iss                  60847.69494959 60847.70142300 14
iss                  60847.76173367 60847.76855038 18
iss                  60848.24542898 60848.25290042 78
iss                  60848.66088788 60848.66580105 5
iss                  60848.72668679 60848.73409728 45
iss                  60849.21077060 60849.21803620 36
iss                  60849.27870943 60849.28408396 7
iss                  60849.69188041 60849.69935472 61
iss                  60849.76052868 60849.76454393 3
iss                  60850.17637479 60850.18287030 15
iss                  60850.24320253 60850.24991698 17
iss                  60850.65729137 60850.66432370 23
iss                  60850.72467281 60850.73079842 11
iss                  60851.14231836 60851.14724164 6
iss                  60851.20805954 60851.21540162 40
iss                  60851.62292144 60851.62893488 10
iss                  60851.68935694 60851.69648092 25
iss                  60852.17317866 60852.18062033 69
iss                  60852.24198209 60852.24588687 3
iss                  60852.58906637 60852.59293072 3
iss                  60852.65433443 60852.66183349 70
iss                  60853.13854149 60853.14556907 25
iss                  60853.20601379 60853.21201908 10
iss                  60853.61953758 60853.62690236 40
iss                  60853.68759875 60853.69267254 6
iss                  60854.10415687 60854.11017074 10
iss                  60854.17059354 60854.17762002 23
iss                  60854.58493549 60854.59166269 17
iss                  60854.65193835 60854.65856186 15
iss                  60855.07035662 60855.07413573 3
iss                  60855.13548497 60855.14291887 62
iss                  60855.55066451 60855.55600069 7
iss                  60855.61667868 60855.62402320 37
iss                  60856.10062556 60856.10795550 44
iss                  60856.16880992 60856.17376531 5
iss                  60856.58167575 60856.58918232 75
iss                  60857.06602341 60857.07269979 17
iss                  60857.13304230 60857.13954889 14
iss                  60857.54689387 60857.55405326 27
iss                  60857.61445880 60857.62031700 9
iss                  60858.03172969 60858.03702163 7
iss                  60858.09768624 60858.10493955 34
AO-07                60832.99220300 60833.00539657 21
AO-07                60833.35545542 60833.36260840 4
AO-07                60833.42938483 60833.44468888 68
AO-07                60833.50899258 60833.52092710 15
AO-07                60833.87324323 60833.88545593 16
AO-07                60833.94960324 60833.96495944 66
AO-07                60834.03189880 60834.03865542 3
AO-07                60834.38889088 60834.40215526 22
AO-07                60834.46612364 60834.48109522 49
AO-07                60834.90833364 60834.92324613 45
AO-07                60834.98704858 60835.00069349 25
AO-07                60835.42450377 60835.43971307 60
AO-07                60835.50380500 60835.51632783 18
AO-07                60835.86867783 60835.88024454 13
AO-07                60835.94464146 60835.96006650 74
AO-07                60836.02623657 60836.03451331 5
AO-07                60836.38421214 60836.39699104 19
AO-07                60836.46112281 60836.47625514 56
AO-07                60836.90353174 60836.91821697 39
AO-07                60836.98193585 60836.99595884 28
AO-07                60837.41964090 60837.43471897 52
AO-07                60837.49865035 60837.51168686 21
AO-07                60837.86416750 60837.87498852 11
AO-07                60837.93969791 60837.95515648 84
AO-07                60838.02073804 60838.03020169 7
AO-07                60838.37956650 60838.39179166 16
AO-07                60838.45613862 60838.47139482 64
AO-07                60838.53803417 60838.54482221 3
AO-07                60838.89875379 60838.91316957 34
AO-07                60838.97684863 60838.99119613 33
AO-07                60839.41479741 60839.42970605 46
AO-07                60839.49352410 60839.50700953 24
AO-07                60839.85972553 60839.86967597 9
AO-07                60839.93477285 60839.95022989 87
AO-07                60840.01534325 60840.02577969 10
AO-07                60840.37497418 60840.38655085 13
AO-07                60840.45117079 60840.46651522 73
AO-07                60840.53244734 60840.54068170 5
AO-07                60840.89400165 60840.90810243 30
AO-07                60840.97178477 60840.98640817 37
AO-07                60841.40997454 60841.42467342 40
AO-07                60841.48842290 60841.50229971 28
AO-07                60841.85537174 60841.86428752 6
AO-07                60841.92986601 60841.94528705 77
AO-07                60842.01002257 60842.02127726 12
AO-07                60842.37043858 60842.38125950 11
AO-07                60842.44621910 60842.46161698 82
AO-07                60842.52700419 60842.53638609 7
AO-07                60842.88927127 60842.90301401 26
AO-07                60842.96674263 60842.98159674 43
AO-07                60843.40517405 60843.41962023 35
AO-07                60843.48334426 60843.49756081 32
AO-07                60843.85114080 60843.85878873 4
AO-07                60843.92497801 60843.94032811 68
AO-07                60844.00475880 60844.01671187 15
AO-07                60844.36597385 60844.37590385 8
AO-07                60844.44128405 60844.45670053 88
AO-07                60844.52165308 60844.53198665 10
AO-07                60844.88457805 60844.89790200 22
AO-07                60844.96172096 60844.97676421 49
AO-07                60845.40039793 60845.41454486 30
AO-07                60845.47828626 60845.49279536 37
AO-07                60845.84718494 60845.85310322 3
AO-07                60845.92011088 60845.93535307 60
AO-07                60845.99954088 60846.01209554 17
AO-07                60846.36160343 60846.37046140 6
AO-07                60846.43636535 60846.45176613 79
AO-07                60846.51636794 60846.52750991 12
AO-07                60846.87991934 60846.89276384 19
AO-07                60846.95671884 60846.97191162 56
AO-07                60847.39564949 60847.40944551 26
AO-07                60847.47324746 60847.48800540 42
AO-07                60847.91526208 60847.93036173 53
AO-07                60847.99436128 60848.00743638 20
AO-07                60848.35736827 60848.36489098 4
AO-07                60848.43146371 60848.44681387 70
AO-07                60848.51113345 60848.52297203 15
AO-07                60848.87529979 60848.88759542 16
AO-07                60848.95173560 60848.96704023 64
AO-07                60849.03421692 60849.04054343 3
AO-07                60849.39093034 60849.40431955 23
AO-07                60849.46822680 60849.48319277 48
AO-07                60849.91043418 60849.92535372 46
AO-07                60849.98921460 60850.00274045 24
AO-07                60850.35336235 60850.35909616 2
AO-07                60850.42657964 60850.44184364 61
AO-07                60850.50593975 60850.51838359 17
AO-07                60850.87072542 60850.88239163 14
AO-07                60850.94677080 60850.96215099 72
AO-07                60851.02850353 60851.03645370 5
AO-07                60851.38624476 60851.39916416 19
AO-07                60851.46322347 60851.47835846 55
AO-07                60851.90562831 60851.92032830 40
AO-07                60851.98409688 60851.99801215 27
AO-07                60852.42171411 60852.43685516 54
AO-07                60852.50078009 60852.51375218 20
AO-07                60852.86620409 60852.87714496 11
AO-07                60852.94182419 60852.95724461 82
AO-07                60853.02297634 60853.03217266 7
LO-19                60833.01125581 60833.01692918 4
LO-19                60833.39430671 60833.40142918 8
LO-19                60833.46152855 60833.47170430 53
LO-19                60833.91769836 60833.92745845 30
LO-19                60833.98690207 60833.99572184 17
LO-19                60834.43871517 60834.44895281 60
LO-19                60834.50915167 60834.51581402 7
LO-19                60834.89585850 60834.90384374 12
LO-19                60834.96346339 60834.97357896 42
LO-19                60835.41635945 60835.42572322 23
LO-19                60835.48518170 60835.49433759 21
LO-19                60835.94053909 60835.95092966 76
LO-19                60836.01166244 60836.01731840 4
LO-19                60836.39469691 60836.40181236 8
LO-19                60836.46191945 60836.47208706 53
LO-19                60836.91808341 60836.92785065 30
LO-19                60836.98728766 60836.99611311 17
LO-19                60837.43910414 60837.44933478 60
LO-19                60837.50954354 60837.51619297 7
LO-19                60837.89624176 60837.90423542 12
LO-19                60837.96384788 60837.97396898 42
LO-19                60838.41674667 60838.42610417 23
LO-19                60838.48557018 60838.49471735 21
LO-19                60838.94092240 60838.95131849 76
LO-19                60839.01204552 60839.01770723 4
LO-19                60839.39508266 60839.40219194 8
LO-19                60839.46230574 60839.47246634 53
LO-19                60839.91846548 60839.92823838 30
LO-19                60839.98767007 60839.99650019 17
LO-19                60840.43948856 60840.44971325 60
LO-19                60840.50993033 60840.51656890 7
LO-19                60840.89662230 60840.90462238 12
LO-19                60840.96422924 60840.97435470 42
LO-19                60841.41712937 60841.42648162 23
LO-19                60841.48595388 60841.49509382 21
LO-19                60841.94130266 60841.95170291 76
LO-19                60842.01242550 60842.01809178 4
LO-19                60842.39546391 60842.40256803 8
LO-19                60842.46268737 60842.47284225 53
LO-19                60842.91884460 60842.92862157 30
LO-19                60842.98804933 60842.99688297 17
LO-19                60843.43986838 60843.45008831 60
LO-19                60843.51031197 60843.51694194 7
LO-19                60843.89700012 60843.90500452 12
LO-19                60843.96460748 60843.97473604 42
LO-19                60844.41750751 60844.42685565 23
LO-19                60844.48633277 60844.49546710 21
LO-19                60844.94167986 60844.95208284 76
LO-19                60845.01280243 60845.01847192 4
LO-19                60845.39584059 60845.40294075 8
LO-19                60845.46306431 60845.47321488 53
LO-19                60845.91922077 60845.92900012 30
LO-19                60845.98842546 60845.99726136 17
LO-19                60846.44024358 60846.45046006 60
LO-19                60846.51068841 60846.51731221 7
LO-19                60846.89737523 60846.90538176 12
LO-19                60846.96498261 60846.97511291 42
LO-19                60847.41788109 60847.42722637 23
LO-19                60847.48670681 60847.49583729 21
LO-19                60847.94205401 60847.95245821 76
LO-19                60848.01317632 60848.01884758 4
LO-19                60848.39621271 60848.40331021 8
LO-19                60848.46343654 60848.47358433 53
LO-19                60848.91959399 60848.92937398 30
LO-19                60848.98879845 60848.99763530 17
LO-19                60849.44061415 60849.45082858 60
LO-19                60849.51105961 60849.51767982 7
LO-19                60849.89774762 60849.90575404 12
LO-19                60849.96535462 60849.97548527 42
LO-19                60850.41825009 60850.42759384 23
LO-19                60850.48707600 60850.49620446 21
LO-19                60850.94242509 60850.95282897 76
LO-19                60851.01354717 60851.01921867 4
LO-19                60851.39658026 60851.40367647 8
LO-19                60851.46380407 60851.47395065 53
LO-19                60851.91996422 60851.92974310 30
LO-19                60851.98916827 60851.99800472 17
LO-19                60852.44098012 60852.45119393 60
LO-19                60852.51142558 60852.51804484 7
LO-19                60852.89811723 60852.90612133 12
LO-19                60852.96572347 60852.97585305 42
LO-19                60853.41861454 60853.42795813 23
LO-19                60853.48744035 60853.49656868 21
LO-19                60853.94279304 60853.95319509 76
LO-19                60854.01391492 60854.01958515 4
LO-19                60854.39694328 60854.40403960 8
LO-19                60854.46416692 60854.47431391 53
LO-19                60854.92033140 60854.93010745 30
LO-19                60854.98953489 60854.99836960 17
LO-19                60855.44134150 60855.45155616 60
LO-19                60855.51178634 60855.51840734 7
LO-19                60855.89848400 60855.90648360 12
LO-19                60855.96608911 60855.97621625 42
LO-19                60856.41897449 60856.42831927 23
LO-19                60856.48779991 60856.49693000 21
LO-19                60856.94315781 60856.95355654 76
LO-19                60857.01427951 60857.01994701 4
LO-19                60857.39730181 60857.40439962 8
LO-19                60857.46452514 60857.47467414 53
FO-29                60833.05142221 60833.05720253 3
FO-29                60833.11980775 60833.13417049 60
FO-29                60833.19365915 60833.20558484 18
FO-29                60833.60458828 60833.61449139 28
FO-29                60833.67794485 60833.68679243 16
FO-29                60834.08266007 60834.09491035 20
FO-29                60834.15439578 60834.16865209 54
FO-29                60834.56856603 60834.57420080 4
FO-29                60834.63876487 60834.64938944 72
FO-29                60835.11619925 60835.13045677 55
FO-29                60835.18987395 60835.20208254 19
FO-29                60835.60091729 60835.61072132 25
FO-29                60835.67405293 60835.68322902 18
FO-29                60836.07917968 60836.09107569 18
FO-29                60836.15071595 60836.16501660 59
FO-29                60836.22728790 60836.23323787 3
FO-29                60836.56516208 60836.57018084 3
FO-29                60836.63499356 60836.64570958 79
FO-29                60837.11260584 60837.12672681 50
FO-29                60837.18610804 60837.19855666 21
FO-29                60837.59724941 60837.60695211 23
FO-29                60837.67016796 60837.67966039 21
FO-29                60838.07572348 60838.08721641 16
FO-29                60838.14704973 60838.16136456 63
FO-29                60838.22320429 60838.23007328 4
FO-29                60838.56182503 60838.56610653 2
FO-29                60838.63122375 60838.64203162 81
FO-29                60839.10902522 60839.12298010 46
FO-29                60839.18235987 60839.19500841 23
FO-29                60839.59358566 60839.60318349 20
FO-29                60839.66628995 60839.67608784 24
FO-29                60840.07229339 60840.08333018 14
FO-29                60840.14339687 60840.15769617 68
FO-29                60840.21920470 60840.22681888 5
FO-29                60840.62745603 60840.63835551 75
FO-29                60840.70314636 60840.70832026 3
FO-29                60841.10546046 60841.11921660 42
FO-29                60841.17862805 60841.19143879 25
FO-29                60841.58992715 60841.59941506 18
FO-29                60841.66241844 60841.67251215 27
FO-29                60842.06889239 60842.07941405 12
FO-29                60842.13975641 60842.15401165 73
FO-29                60842.21526451 60842.22349822 6
FO-29                60842.62369068 60842.63468122 67
FO-29                60842.69897035 60842.70505585 5
FO-29                60843.10191033 60843.11543591 38
FO-29                60843.17491130 60843.18784911 27
FO-29                60843.58627531 60843.59564627 17
FO-29                60843.65855345 60843.66893401 31
FO-29                60844.06552318 60844.07546408 10
FO-29                60844.13612802 60844.15031120 78
FO-29                60844.21136953 60844.22012498 7
FO-29                60844.61992881 60844.63100860 60
FO-29                60844.69485992 60844.70172915 7
FO-29                60845.09837484 60845.11163770 34
FO-29                60845.17120843 60845.18423983 30
FO-29                60845.58263125 60845.59187640 15
FO-29                60845.65469505 60845.66535358 35
FO-29                60846.06219120 60846.07147477 9
FO-29                60846.13251114 60846.14659505 80
FO-29                60846.20751056 60846.21670791 8
FO-29                60846.61617111 60846.62733741 54
FO-29                60846.69076973 60846.69836317 8
FO-29                60847.09485401 60847.10782157 31
FO-29                60847.16751830 60847.18061204 32
FO-29                60847.57899630 60847.58810435 14
FO-29                60847.65084344 60847.66177153 40
FO-29                60848.05890384 60848.06743823 7
FO-29                60848.12890521 60848.14286364 79
FO-29                60848.20368112 60848.21325328 9
FO-29                60848.61241838 60848.62366733 49
FO-29                60848.68673848 60848.69496411 10
FO-29                60849.09134799 60849.10398687 28
FO-29                60849.16383982 60849.17696655 35
FO-29                60849.57537229 60849.58432937 12
FO-29                60849.64699887 60849.65818773 45
FO-29                60850.05567282 60850.06334193 6
FO-29                60850.12530965 60850.13911700 75
FO-29                60850.19987635 60850.20976547 11
FO-29                60850.60867146 60850.61999792 44
FO-29                60850.68273551 60850.69154193 12
FO-29                60851.08785703 60851.10013318 25
FO-29                60851.16017194 60851.17330414 37
FO-29                60851.57176110 60851.58054991 11
FO-29                60851.64316169 60851.65460227 50
FO-29                60852.05251944 60852.05916416 4
FO-29                60852.12172395 60852.13535550 69
FO-29                60852.19609243 60852.20624829 12
FO-29                60852.60493140 60852.61632865 40
FO-29                60852.67875634 60852.68810140 14
FO-29                60853.08438155 60853.09625966 22
FO-29                60853.15651363 60853.16962560 40
FO-29                60853.56816479 60853.57676435 10
FO-29                60853.63933229 60853.65101501 56
FO-29                60854.04948571 60854.05486051 3
FO-29                60854.11814743 60854.13157939 64
FO-29                60854.19232625 60854.20270464 13
FO-29                60854.60119880 60854.61265889 37
FO-29                60854.67479793 60854.68464547 17
SO-50                60833.05071175 60833.05929622 28
SO-50                60833.12059131 60833.12801858 12
SO-50                60833.55505464 60833.56476856 82
SO-50                60833.62688417 60833.63153041 3
SO-50                60834.06346198 60834.07260000 87
SO-50                60834.49973755 60834.50749619 12
SO-50                60834.56827908 60834.57760908 34
SO-50                60835.00826104 60835.01538439 11
SO-50                60835.07671864 60835.08543069 30
SO-50                60835.51205686 60835.52135198 33
SO-50                60835.58205675 60835.58988192 13
SO-50                60836.02047765 60836.02920562 32
SO-50                60836.09060019 60836.09770736 10
SO-50                60836.45795316 60836.46265127 3
SO-50                60836.52489092 60836.53460551 86
SO-50                60837.03329145 60837.04243063 80
SO-50                60837.46942452 60837.47748636 14
SO-50                60837.53817256 60837.54736721 30
SO-50                60837.97791992 60837.98536753 13
SO-50                60838.04661338 60838.05518616 26
SO-50                60838.48182162 60838.49123182 38
SO-50                60838.55204492 60838.55952826 11
SO-50                60838.99022813 60838.99907669 38
SO-50                60839.06060324 60839.06734989 9
SO-50                60839.42742733 60839.43284213 4
SO-50                60839.49470851 60839.50440605 75
SO-50                60839.93614877 60839.94066474 3
SO-50                60840.00310340 60840.01222552 68
SO-50                60840.43910156 60840.44743008 16
SO-50                60840.50804932 60840.51708777 26
SO-50                60840.94757012 60840.95530306 15
SO-50                60841.01649266 60841.02490453 22
SO-50                60841.45156888 60841.46107350 44
SO-50                60841.52202758 60841.52912637 9
SO-50                60841.95996244 60841.96890990 44
SO-50                60842.03060357 60842.03694266 7
SO-50                60842.39693464 60842.40294151 6
SO-50                60842.46450766 60842.47417037 64
SO-50                60842.90558198 60842.91079175 4
SO-50                60842.97289763 60842.98198486 57
SO-50                60843.40876629 60843.41732958 19
SO-50                60843.47791006 60843.48677018 23
SO-50                60843.91721103 60843.92519391 18
SO-50                60843.98635687 60843.99458539 19
SO-50                60844.42129815 60844.43087766 50
SO-50                60844.49200801 60844.49867273 7
SO-50                60844.92967994 60844.93870614 52
SO-50                60845.00060632 60845.00648056 6
SO-50                60845.36647672 60845.37297042 7
SO-50                60845.43428934 60845.44389862 55
SO-50                60845.87504890 60845.88082919 6
SO-50                60845.94267414 60845.95170879 49
SO-50                60846.37841691 60846.38718657 21
SO-50                60846.44775533 60846.45641431 20
SO-50                60846.88684030 60846.89504210 20
SO-50                60846.95620682 60846.96422812 17
SO-50                60847.39100894 60847.40064485 59
SO-50                60847.46199138 60847.46816184 6
SO-50                60847.89938015 60847.90846600 61
SO-50                60847.97061841 60847.97595613 4
SO-50                60848.33600018 60848.34293263 8
SO-50                60848.40405122 60848.41359089 47
SO-50                60848.84455474 60848.85079867 7
SO-50                60848.91243434 60848.92139739 42
SO-50                60849.34805225 60849.35700272 24
SO-50                60849.41758589 60849.42601913 17
SO-50                60849.85645639 60849.86484928 23
SO-50                60849.92604333 60849.93383190 15
SO-50                60850.36070113 60850.37037555 68
SO-50                60850.43206707 60850.43758405 5
SO-50                60850.86906264 60850.87818996 72
SO-50                60850.94074417 60850.94535519 3
SO-50                60851.30552320 60851.31283874 10
SO-50                60851.37379460 60851.38324719 41
SO-50                60851.81403562 60851.82070372 9
SO-50                60851.88217561 60851.89105066 36
SO-50                60852.31767163 60852.32677888 28
SO-50                60852.38740274 60852.39558384 15
SO-50                60852.82605799 60852.83461681 27
SO-50                60852.89586749 60852.90339580 13
SO-50                60853.33037414 60853.34007016 78
SO-50                60853.40209713 60853.40692780 3
SO-50                60853.83872708 60853.84787843 83
SO-50                60853.91083891 60853.91465464 2
SO-50                60854.27504109 60854.28269354 12
SO-50                60854.34351964 60854.35286748 36
SO-50                60854.78351951 60854.79055447 11
SO-50                60854.85189941 60854.86066834 31
SO-50                60855.28727395 60855.29651624 31
SO-50                60855.35720703 60855.36510727 13
SO-50                60855.79564408 60855.80434577 31
SO-50                60855.86568070 60855.87291816 11
SO-50                60856.23322196 60856.23763746 3
SO-50                60856.30002802 60856.30972901 87
SO-50                60856.37218154 60856.37616446 2
SO-50                60856.80837322 60856.81753176 84
SO-50                60857.24455046 60857.25250024 13
SO-50                60857.31322657 60857.32245166 31
SO-50                60857.75300040 60857.76035555 12
HO-68                60833.29270059 60833.30620073 60
HO-68                60833.36861690 60833.37926720 14
HO-68                60833.78872064 60833.80212871 60
HO-68                60833.86481273 60833.87527186 14
HO-68                60834.28109159 60834.29423792 42
HO-68                60834.35630606 60834.36812393 22
HO-68                60834.77712676 60834.79018255 42
HO-68                60834.85242586 60834.86410766 21
HO-68                60835.26960276 60835.28215778 29
HO-68                60835.34414939 60835.35679072 31
HO-68                60835.76565956 60835.77813242 30
HO-68                60835.84021845 60835.85275058 30
HO-68                60836.25826197 60836.26993815 20
HO-68                60836.33211228 60836.34530955 44
HO-68                60836.75434420 60836.76595972 20
HO-68                60836.82814845 60836.84124872 43
HO-68                60837.24712055 60837.25753472 13
HO-68                60837.32017761 60837.33370417 63
HO-68                60837.39868978 60837.40374223 2
HO-68                60837.74321933 60837.75362652 13
HO-68                60837.81619488 60837.82962869 62
HO-68                60838.23628205 60838.24484908 7
HO-68                60838.30833785 60838.32198806 88
HO-68                60838.38542274 60838.39366486 7
HO-68                60838.73238964 60838.74104980 8
HO-68                60838.80434780 60838.81790579 86
HO-68                60838.88179504 60838.88965305 6
HO-68                60839.22605427 60839.23156786 3
HO-68                60839.29659286 60839.31016726 67
HO-68                60839.37277187 60839.38292223 12
HO-68                60839.72210209 60839.72798190 3
HO-68                60839.79260559 60839.80608743 68
HO-68                60839.86899919 60839.87892522 11
HO-68                60840.28494777 60840.29824137 47
HO-68                60840.36039479 60840.37185913 19
HO-68                60840.78097272 60840.79417468 48
HO-68                60840.85653362 60840.86784562 18
HO-68                60841.27341571 60841.28620278 33
HO-68                60841.34819075 60841.36058445 28
HO-68                60841.76945941 60841.78216184 34
HO-68                60841.84427072 60841.85654781 27
HO-68                60842.26202030 60842.27403413 23
HO-68                60842.33611549 60842.34915018 39
HO-68                60842.75808790 60842.77003438 23
HO-68                60842.83215646 60842.84509201 38
HO-68                60843.25080294 60843.26170050 15
HO-68                60843.32414700 60843.33758492 56
HO-68                60843.74689488 60843.75776267 16
HO-68                60843.82016409 60843.83351042 55
HO-68                60844.23984277 60844.24912855 9
HO-68                60844.31227545 60844.32590530 79
HO-68                60844.38975326 60844.39712082 5
HO-68                60844.73594337 60844.74528424 10
HO-68                60844.80828091 60844.82182178 77
HO-68                60844.88619723 60844.89307908 4
HO-68                60845.22933245 60845.23612246 4
HO-68                60845.30049781 60845.31411965 75
HO-68                60845.37695857 60845.38653926 10
HO-68                60845.72541515 60845.73243955 5
HO-68                60845.79650220 60845.81003588 77
HO-68                60845.87322024 60845.88254014 10
HO-68                60846.28881781 60846.30222978 53
HO-68                60846.36450425 60846.37556807 16
HO-68                60846.78483097 60846.79815594 54
HO-68                60846.86066256 60846.87155936 16
HO-68                60847.27724516 60847.29023084 37
HO-68                60847.35224780 60847.36435778 24
HO-68                60847.77327427 60847.78617884 38
HO-68                60847.84833828 60847.86032756 23
HO-68                60848.26579960 60848.27810901 26
HO-68                60848.34013184 60848.35297350 35
HO-68                60848.76185069 60848.77409318 26
HO-68                60848.83617685 60848.84892130 34
HO-68                60849.25451559 60849.26583691 18
HO-68                60849.32812856 60849.34145044 50
HO-68                60849.75059038 60849.76187592 18
HO-68                60849.82414452 60849.83738044 48
HO-68                60850.24345430 60850.25335851 11
HO-68                60850.31622463 60850.32980825 70
HO-68                60850.39417681 60850.40047690 4
HO-68                60850.73954175 60850.74947935 12
HO-68                60850.81222459 60850.82572718 69
HO-68                60850.89072181 60850.89637999 3
HO-68                60851.23275617 60851.24053998 6
HO-68                60851.30441484 60851.31805794 84
HO-68                60851.38118392 60851.39011054 8
HO-68                60851.72883765 60851.73679255 6
HO-68                60851.80040980 60851.81397412 85
HO-68                60851.87748469 60851.88610796 8
HO-68                60852.29270123 60852.30620351 60
HO-68                60852.36863714 60852.37924753 14
HO-68                60852.78870144 60852.80212663 61
HO-68                60852.86481611 60852.87524557 13
HO-68                60853.28108987 60853.29424246 42
HO-68                60853.35632176 60853.36810900 21
HO-68                60853.77710318 60853.79018381 43
HO-68                60853.85242286 60853.86408806 21
HO-68                60854.26959812 60854.28216444 29
HO-68                60854.34416186 60854.35677898 31
AO-73                60833.30681809 60833.31518360 32
AO-73                60833.37354067 60833.37984877 9
AO-73                60833.80810142 60833.81616602 38
AO-73                60833.87537342 60833.88042048 5
AO-73                60834.30569776 60834.31402486 30
AO-73                60834.37232646 60834.37878964 9
AO-73                60834.80697251 60834.81499257 36
AO-73                60834.87412516 60834.87936255 6
AO-73                60835.30456274 60835.31284679 29
AO-73                60835.37109843 60835.37771022 10
AO-73                60835.80582801 60835.81380064 33
AO-73                60835.87286401 60835.87828342 6
AO-73                60836.30341316 60836.31164928 27
AO-73                60836.36985642 60836.37661061 11
AO-73                60836.80466800 60836.81259015 31
AO-73                60836.87158929 60836.87718334 7
AO-73                60837.30224913 60837.31043218 26
AO-73                60837.36860013 60837.37549090 11
AO-73                60837.80349261 60837.81136103 29
AO-73                60837.87030090 60837.87606261 7
AO-73                60838.30107080 60838.30919536 24
AO-73                60838.36732982 60838.37435116 12
AO-73                60838.80230195 60838.81011318 28
AO-73                60838.86899862 60838.87492146 8
AO-73                60839.29987830 60839.30793866 23
AO-73                60839.36604524 60839.37319149 13
AO-73                60839.80109614 60839.80884653 26
AO-73                60839.86768719 60839.87376761 9
AO-73                60840.29867178 60840.30666193 22
AO-73                60840.36474632 60840.37201189 14
AO-73                60840.79987556 60840.80756096 24
AO-73                60840.86635665 60840.87258616 9
AO-73                60841.29745140 60841.30536498 20
AO-73                60841.36343300 60841.37081242 15
AO-73                60841.79863986 60841.80625631 23
AO-73                60841.86501174 60841.87138491 10
AO-73                60842.29621736 60842.30404764 19
AO-73                60842.36210522 60842.36959292 16
AO-73                60842.79738946 60842.80493256 21
AO-73                60842.86365237 60842.87016392 11
AO-73                60843.29496983 60843.30270969 18
AO-73                60843.36076853 60843.36836082 17
AO-73                60843.79612453 60843.80358971 20
AO-73                60843.86227844 60843.86892330 12
AO-73                60844.29370905 60844.30135085 17
AO-73                60844.35941174 60844.36710185 18
AO-73                60844.79484525 60844.80222723 19
AO-73                60844.86088984 60844.86766314 13
AO-73                60845.29243530 60845.29997117 16
AO-73                60845.35804038 60845.36582314 19
AO-73                60845.79355182 60845.80084514 17
AO-73                60845.85948660 60845.86638353 14
AO-73                60846.29114856 60846.29856996 15
AO-73                60846.35665441 60846.36452463 21
AO-73                60846.79224449 60846.79944326 16
AO-73                60846.85806866 60846.86508455 15
AO-73                60847.28984954 60847.29714708 14
AO-73                60847.35525382 60847.36320635 22
AO-73                60847.79092348 60847.79802136 15
AO-73                60847.85663596 60847.86376625 16
AO-73                60848.28853841 60848.29570222 13
AO-73                60848.35383857 60848.36186832 23
AO-73                60848.78958909 60848.79657925 14
AO-73                60848.85518850 60848.86242865 17
AO-73                60849.28721549 60849.29423499 12
AO-73                60849.35240865 60849.36051053 25
AO-73                60849.78824162 60849.79511662 13
AO-73                60849.85372627 60849.86107180 18
AO-73                60850.28588125 60850.29274493 11
AO-73                60850.35096406 60850.35913298 27
AO-73                60850.78688142 60850.79363316 12
AO-73                60850.85224922 60850.85969555 20
AO-73                60851.28453637 60851.29123151 10
AO-73                60851.34950478 60851.35773567 29
AO-73                60851.78550879 60851.79212854 11
AO-73                60851.85075739 60851.85830028 21
AO-73                60852.28318115 60852.28969412 9
AO-73                60852.34798793 60852.35631526 31
AO-73                60852.78412431 60852.79060235 10
AO-73                60852.84925078 60852.85688582 23
AO-73                60853.28181643 60853.28813204 8
AO-73                60853.34649911 60853.35487845 33
AO-73                60853.78272843 60853.78905412 10
AO-73                60853.84772942 60853.85545223 25
AO-73                60854.28044313 60854.28654438 8
AO-73                60854.34499561 60854.35342184 36
AO-73                60854.78132175 60854.78748329 9
AO-73                60854.84619329 60854.85399941 27
AO-73                60855.27906227 60855.28493015 7
AO-73                60855.34347745 60855.35194540 38
AO-73                60855.77990492 60855.78588927 8
AO-73                60855.84460120 60855.85252438 29
AO-73                60856.27767521 60856.28328771 6
AO-73                60856.34194462 60856.35044913 41
AO-73                60856.77847903 60856.78427109 7
AO-73                60856.84303564 60856.85103324 32
AO-73                60857.27628365 60857.28161563 5
AO-73                60857.34039717 60857.34893299 45
AO-73                60857.77704458 60857.78262807 6
TITA                 60833.08798580 60833.09538122 21
TITA                 60833.15391655 60833.16019897 10
TITA                 60833.58306108 60833.59030802 15
TITA                 60833.64831806 60833.65576908 18
TITA                 60834.08157477 60834.08851842 15
TITA                 60834.14696097 60834.15385549 15
TITA                 60834.57672179 60834.58334624 11
TITA                 60834.64147677 60834.64933191 25
TITA                 60835.07523296 60835.08157037 10
TITA                 60835.14007248 60835.14742114 21
TITA                 60835.57048008 60835.57626555 7
TITA                 60835.63463600 60835.64281991 35
TITA                 60836.06898919 60836.07450934 7
TITA                 60836.13319485 60836.14090869 30
TITA                 60836.56439927 60836.56900230 4
TITA                 60836.62787384 60836.63624649 51
TITA                 60837.06290561 60837.06727280 4
TITA                 60837.12640155 60837.13433367 43
TITA                 60837.62114585 60837.62961234 75
TITA                 60838.11964757 60838.12769843 66
TITA                 60838.61444851 60838.62291937 75
TITA                 60839.11292908 60839.12100590 82
TITA                 60839.60778586 60839.61616766 51
TITA                 60839.67494566 60839.67955373 4
TITA                 60840.10624835 60840.11425692 54
TITA                 60840.17393732 60840.17731624 2
TITA                 60840.60115921 60840.60935537 35
TITA                 60840.66767396 60840.67343961 7
TITA                 60841.09960647 60841.10745037 36
TITA                 60841.16644721 60841.17135312 5
TITA                 60841.59457340 60841.60247845 25
TITA                 60841.66054926 60841.66714543 11
TITA                 60842.09300773 60842.10058278 25
TITA                 60842.15921107 60842.16512204 8
TITA                 60842.58803657 60842.59552973 18
TITA                 60842.65351878 60842.66073762 15
TITA                 60843.08645979 60843.09364790 18
TITA                 60843.15209613 60843.15873256 13
TITA                 60843.58156165 60843.58849647 13
TITA                 60843.64654565 60843.65422907 21
TITA                 60844.07997448 60844.08663401 12
TITA                 60844.14506275 60844.15223728 18
TITA                 60844.57517204 60844.58135656 8
TITA                 60844.63957885 60844.64763930 30
TITA                 60845.07357373 60845.07952059 8
TITA                 60845.13808984 60845.14565810 26
TITA                 60845.56891335 60845.57406408 5
TITA                 60845.63269407 60845.64098382 43
TITA                 60846.06730095 60846.07226486 5
TITA                 60846.13112430 60846.13900518 37
TITA                 60846.56291155 60846.56649079 2
TITA                 60846.62584578 60846.63426456 63
TITA                 60847.06127239 60847.06474844 2
TITA                 60847.12424219 60847.13229136 56
TITA                 60847.61903033 60847.62748436 86
TITA                 60848.11739814 60848.12551791 85
TITA                 60848.61225004 60848.62064401 59
TITA                 60848.67972229 60848.68368366 3
TITA                 60849.11059286 60849.11868661 63
TITA                 60849.60550603 60849.61374235 40
TITA                 60849.67224159 60849.67757615 6
TITA                 60850.10382691 60850.11179718 42
TITA                 60850.17091529 60850.17543732 4
TITA                 60850.59880252 60850.60677597 28
TITA                 60850.66495908 60850.67123621 9
TITA                 60851.09710368 60851.10484712 29
TITA                 60851.16350173 60851.16917988 7
TITA                 60851.59214671 60851.59973842 20
TITA                 60851.65779031 60851.66476243 13
TITA                 60852.09042969 60852.09783123 20
TITA                 60852.15623919 60852.16273372 11
TITA                 60852.58555049 60852.59261878 14
TITA                 60852.65068883 60852.65817726 19
TITA                 60853.08381499 60853.09073973 14
TITA                 60853.14907130 60853.15616844 16
TITA                 60853.57903453 60853.58539702 9
TITA                 60853.64364163 60853.65150763 27
TITA                 60854.07727772 60854.08355581 10
TITA                 60854.14197110 60854.14951184 23
TITA                 60854.57263819 60854.57803389 6
TITA                 60854.63659593 60854.64476157 38
TITA                 60855.07085228 60855.07624619 6
TITA                 60855.13488290 60855.14277663 34
TITA                 60855.56646113 60855.57042852 3
TITA                 60855.62963142 60855.63795182 56
TITA                 60856.06461863 60856.06873027 3
TITA                 60856.12788081 60856.13597751 50
TITA                 60856.62270172 60856.63107888 83
TITA                 60857.12091918 60857.12911659 77
TITA                 60857.61580836 60857.62414409 65
TITA                 60858.11399753 60858.12219634 70
TITA                 60858.60895220 60858.61714671 43
TITA                 60858.67585213 60858.68079419 5
TITA                 60859.10711607 60859.11521706 46
TITA                 60859.17434816 60859.17869631 4
TITA                 60859.60213717 60859.61008368 29
TITA                 60859.66841591 60859.67440229 8
TITA                 60860.10027770 60860.10817680 31
TITA                 60860.16677998 60860.17237792 7
NOAA-15              60833.00224090 60833.01270596 75
NOAA-15              60833.45773586 60833.46653286 15
NOAA-15              60833.52618618 60833.53627520 34
NOAA-15              60833.98421818 60833.99455490 52
NOAA-15              60834.05485645 60834.06216154 9
NOAA-15              60834.44085870 60834.44724768 6
NOAA-15              60834.50787172 60834.51844605 70
NOAA-15              60834.96650957 60834.97613057 25
NOAA-15              60835.03579554 60835.04501892 20
NOAA-15              60835.48981874 60835.50032633 57
NOAA-15              60835.56047696 60835.56768966 8
NOAA-15              60835.94920875 60835.95735057 12
NOAA-15              60836.01722706 60836.02739922 41
NOAA-15              60836.47204620 60836.48191392 28
NOAA-15              60836.54144401 60836.55064588 19
NOAA-15              60836.93267979 60836.93786992 4
NOAA-15              60836.99897566 60837.00946618 85
NOAA-15              60837.07126865 60837.07539797 2
NOAA-15              60837.45464693 60837.46313174 13
NOAA-15              60837.52288118 60837.53309745 38
NOAA-15              60837.98100886 60837.99126755 46
NOAA-15              60838.05139228 60838.05912670 10
NOAA-15              60838.43794223 60838.44367441 4
NOAA-15              60838.50461219 60838.51521241 79
NOAA-15              60838.96335865 60838.97278842 22
NOAA-15              60839.03242993 60839.04187675 23
NOAA-15              60839.48660324 60839.49704056 50
NOAA-15              60839.55699053 60839.56467601 10
NOAA-15              60839.94614860 60839.95392441 10
NOAA-15              60840.01392032 60840.02419352 46
NOAA-15              60840.46888469 60840.47856941 24
NOAA-15              60840.53808446 60840.54751617 21
NOAA-15              60840.92987671 60840.93419512 2
NOAA-15              60840.99571699 60841.00621083 85
NOAA-15              60841.06754354 60841.07261609 3
NOAA-15              60841.45156989 60841.45970082 11
NOAA-15              60841.51957690 60841.52989909 43
NOAA-15              60841.97779891 60841.98796396 40
NOAA-15              60842.04790892 60842.05606209 12
NOAA-15              60842.43508694 60842.44002116 3
NOAA-15              60842.50135239 60842.51195959 88
NOAA-15              60842.57315188 60842.57804828 3
NOAA-15              60842.96021067 60842.96942707 20
NOAA-15              60843.02906611 60843.03871446 25
NOAA-15              60843.48338856 60843.49373526 44
NOAA-15              60843.55354989 60843.56162335 11
NOAA-15              60843.94310282 60843.95046827 9
NOAA-15              60844.01061257 60844.02097114 53
NOAA-15              60844.46572742 60844.47520221 22
NOAA-15              60844.53472828 60844.54436276 24
NOAA-15              60844.99245701 60845.00293925 75
NOAA-15              60845.06390166 60845.06973141 5
NOAA-15              60845.44850771 60845.45623695 10
NOAA-15              60845.51627292 60845.52668064 49
NOAA-15              60845.97458897 60845.98464363 35
NOAA-15              60846.04446683 60846.05296640 14
NOAA-15              60846.49809255 60846.50868757 81
NOAA-15              60846.56952323 60846.57518470 4
NOAA-15              60846.95706677 60846.96604529 17
NOAA-15              60847.02570355 60847.03553281 29
NOAA-15              60847.48017498 60847.49040979 39
NOAA-15              60847.55012055 60847.55853833 13
NOAA-15              60847.94007646 60847.94697783 7
NOAA-15              60848.00730371 60848.01773217 60
NOAA-15              60848.46257546 60848.47181124 19
NOAA-15              60848.53137444 60848.54118653 27
NOAA-15              60848.98919506 60848.99965195 66
NOAA-15              60849.06030985 60849.06677757 6
NOAA-15              60849.44546487 60849.45273566 8
NOAA-15              60849.51296891 60849.52344232 56
NOAA-15              60849.97137978 60849.98130619 31
NOAA-15              60850.04103260 60850.04984450 16
NOAA-15              60850.49483261 60850.50539632 71
NOAA-15              60850.56594785 60850.57224572 6
NOAA-15              60850.95392887 60850.96264209 15
NOAA-15              60851.02234213 60851.03233238 33
NOAA-15              60851.47696282 60851.48706393 34
NOAA-15              60851.54670000 60851.55542361 15
NOAA-15              60851.93707570 60851.94344645 6
NOAA-15              60852.00399404 60852.01447672 69
NOAA-15              60852.45942995 60852.46839507 17
NOAA-15              60852.52802204 60852.53798831 31
NOAA-15              60852.98593329 60852.99634847 57
NOAA-15              60853.05675183 60853.06377093 8
NOAA-15              60853.44244710 60853.44919100 7
NOAA-15              60853.50966446 60853.52018463 64
NOAA-15              60853.96817221 60853.97795099 28
NOAA-15              60854.03760440 60854.04669831 18
NOAA-15              60854.49157069 60854.50208586 62
NOAA-15              60854.56240761 60854.56924964 7
NOAA-15              60854.95079897 60854.95921543 13
NOAA-15              60855.01898124 60855.02911359 37
NOAA-15              60855.47375245 60855.48369712 30
NOAA-15              60855.54328575 60855.55228133 17
NOAA-15              60855.93411135 60855.93986378 4
NOAA-15              60856.00068372 60856.01120501 79
NOAA-15              60856.45629241 60856.46495245 15
NOAA-15              60856.52467060 60856.53476879 35
NOAA-15              60856.98267125 60856.99302849 50
NOAA-18              60833.14029326 60833.15120053 68
NOAA-18              60833.21200978 60833.21895449 7
NOAA-18              60833.60054113 60833.60873979 11
NOAA-18              60833.66905772 60833.67966980 47
NOAA-18              60834.13145114 60834.14217355 47
NOAA-18              60834.20239412 60834.21067302 11
NOAA-18              60834.59225547 60834.59915102 7
NOAA-18              60834.66002682 60834.67082920 67
NOAA-18              60835.12268341 60835.13308067 34
NOAA-18              60835.19298749 60835.20220051 17
NOAA-18              60835.58431639 60835.58922169 3
NOAA-18              60835.65105845 60835.66191841 87
NOAA-18              60835.72330701 60835.72879804 4
NOAA-18              60836.11399976 60836.12391472 24
NOAA-18              60836.18370466 60836.19359871 24
NOAA-18              60836.64215140 60836.65293946 62
NOAA-18              60836.71352652 60836.72077171 8
NOAA-18              60837.10541587 60837.11466226 17
NOAA-18              60837.17451748 60837.18489798 33
NOAA-18              60837.63331010 60837.64389123 43
NOAA-18              60837.70402966 60837.71246076 12
NOAA-18              60838.09695899 60838.10529843 12
NOAA-18              60838.16541056 60838.17611564 46
NOAA-18              60838.62454102 60838.63476903 31
NOAA-18              60838.69468357 60838.70397981 18
NOAA-18              60839.08868200 60839.09577374 7
NOAA-18              60839.15637568 60839.16726209 66
NOAA-18              60839.61585562 60839.62556313 22
NOAA-18              60839.68544353 60839.69537595 25
NOAA-18              60840.08071317 60840.08596064 3
NOAA-18              60840.14740884 60840.15834326 88
NOAA-18              60840.21988630 60840.22532440 4
NOAA-18              60840.60727314 60840.61625633 15
NOAA-18              60840.67628693 60840.68667447 36
NOAA-18              60841.13850934 60841.14936169 63
NOAA-18              60841.21005795 60841.21728627 8
NOAA-18              60841.59882810 60841.60681639 10
NOAA-18              60841.66720148 60841.67789007 51
NOAA-18              60842.12967947 60842.14031683 44
NOAA-18              60842.20048235 60842.20895476 12
NOAA-18              60842.59059146 60842.59717450 6
NOAA-18              60842.65818066 60842.66903150 72
NOAA-18              60843.12092571 60843.13120475 31
NOAA-18              60843.19110104 60843.20044819 18
NOAA-18              60843.58276776 60843.58712341 2
NOAA-18              60843.64922213 60843.66010342 81
NOAA-18              60843.72125459 60843.72722122 5
NOAA-18              60844.11225900 60844.12201718 22
NOAA-18              60844.18183633 60844.19182002 25
NOAA-18              60844.64032508 60844.65110721 57
NOAA-18              60844.71154449 60844.71911211 9
NOAA-18              60845.10369700 60845.11273851 16
NOAA-18              60845.17266347 60845.18309716 35
NOAA-18              60845.63149504 60845.64204111 40
NOAA-18              60845.70208377 60845.71075474 14
NOAA-18              60846.09527128 60846.10334030 11
NOAA-18              60846.16356890 60846.17429523 50
NOAA-18              60846.62273918 60846.63289934 29
NOAA-18              60846.69276066 60846.70224103 20
NOAA-18              60847.08704402 60847.09376240 6
NOAA-18              60847.15454511 60847.16542356 71
NOAA-18              60847.61407024 60847.62367129 20
NOAA-18              60847.68353723 60847.69361134 27
NOAA-18              60848.07918649 60848.08383432 3
NOAA-18              60848.14558925 60848.15648731 82
NOAA-18              60848.21784403 60848.22369672 4
NOAA-18              60848.60550980 60848.61433725 14
NOAA-18              60848.67439382 60848.68488790 38
NOAA-18              60849.13670083 60849.14748836 58
NOAA-18              60849.20805833 60849.21557909 8
NOAA-18              60849.59709698 60849.60486017 9
NOAA-18              60849.66531969 60849.67608396 55
NOAA-18              60850.12788336 60850.13842554 41
NOAA-18              60850.19854784 60850.20719935 13
NOAA-18              60850.58891665 60850.59515746 5
NOAA-18              60850.65630937 60850.66720713 78
NOAA-18              60850.72922121 60850.73334924 2
NOAA-18              60851.11914424 60851.12929385 29
NOAA-18              60851.18918992 60851.19866072 19
NOAA-18              60851.64736128 60851.65826136 76
NOAA-18              60851.71919395 60851.72560033 6
NOAA-18              60852.11049512 60852.12008382 21
NOAA-18              60852.17994231 60852.19000728 27
NOAA-18              60852.63847488 60852.64924735 53
NOAA-18              60852.70954354 60852.71741945 10
NOAA-18              60853.10195662 60853.11077765 14
NOAA-18              60853.17078313 60853.18126297 38
NOAA-18              60853.62965698 60853.64016247 37
NOAA-18              60853.70011608 60853.70901864 15
NOAA-18              60854.09356508 60854.10134182 9
NOAA-18              60854.16170036 60854.17244195 54
NOAA-18              60854.62091546 60854.63100046 27
NOAA-18              60854.69081487 60854.70047334 21
NOAA-18              60855.08539608 60855.09170256 5
NOAA-18              60855.15268761 60855.16355248 77
NOAA-18              60855.61226456 60855.62174880 19
NOAA-18              60855.68160772 60855.69181822 30
NOAA-18              60856.14374268 60856.15459900 76
NOAA-18              60856.21578976 60856.22202059 5
NOAA-19              60833.07629402 60833.08629614 27
NOAA-19              60833.14623287 60833.15576328 20
NOAA-19              60833.60450994 60833.61547317 71
NOAA-19              60833.67616722 60833.68300050 7
NOAA-19              60834.06782136 60834.07724004 19
NOAA-19              60834.13716721 60834.14725592 28
NOAA-19              60834.59580103 60834.60661213 50
NOAA-19              60834.66674415 60834.67491753 11
NOAA-19              60835.05946059 60835.06808590 13
NOAA-19              60835.12818531 60835.13866246 40
NOAA-19              60835.58715974 60835.59768136 36
NOAA-19              60835.65751872 60835.66664177 16
NOAA-19              60836.05125109 60836.05879748 9
NOAA-19              60836.11927655 60836.12999559 57
NOAA-19              60836.57859416 60836.58867424 26
NOAA-19              60836.64840762 60836.65823353 22
NOAA-19              60837.04327656 60837.04929270 5
NOAA-19              60837.11043538 60837.12126266 80
NOAA-19              60837.18352320 60837.18761743 2
NOAA-19              60837.57011894 60837.57957775 18
NOAA-19              60837.63938384 60837.64972263 31
NOAA-19              60838.10166014 60838.11246757 73
NOAA-19              60838.17360237 60838.17999083 6
NOAA-19              60838.56175887 60838.57036906 13
NOAA-19              60838.63043267 60838.64112619 44
NOAA-19              60839.09295076 60839.10361115 51
NOAA-19              60839.16407697 60839.17192912 10
NOAA-19              60839.55356028 60839.56100387 8
NOAA-19              60839.62154613 60839.63245445 62
NOAA-19              60840.08431252 60840.09469117 36
NOAA-19              60840.15478281 60840.16365093 15
NOAA-19              60840.54563049 60840.55137641 4
NOAA-19              60840.61272036 60840.62371343 86
NOAA-19              60840.68517931 60840.69034153 3
NOAA-19              60841.07575357 60841.08570178 26
NOAA-19              60841.14562235 60841.15523326 21
NOAA-19              60841.60395512 60841.61490580 68
NOAA-19              60841.67549328 60841.68253849 7
NOAA-19              60842.06728704 60842.07663176 19
NOAA-19              60842.13656207 60842.14671136 30
NOAA-19              60842.59525005 60842.60603129 48
NOAA-19              60842.66611913 60842.67441999 11
NOAA-19              60843.05893624 60843.06746064 13
NOAA-19              60843.12758401 60843.13810508 42
NOAA-19              60843.58661382 60843.59708639 34
NOAA-19              60843.65690556 60843.66612094 17
NOAA-19              60844.05074318 60844.05814914 8
NOAA-19              60844.11867834 60844.12942650 59
NOAA-19              60844.57805456 60844.58806375 25
NOAA-19              60844.64780212 60844.65769392 23
NOAA-19              60845.04280109 60845.04860563 4
NOAA-19              60845.10983991 60845.12068243 84
NOAA-19              60845.18274490 60845.18722158 2
NOAA-19              60845.56958832 60845.57894953 18
NOAA-19              60845.63878380 60845.64916673 32
NOAA-19              60846.10106750 60846.11187641 70
NOAA-19              60846.17290007 60846.17950887 6
NOAA-19              60846.56124161 60846.56971889 12
NOAA-19              60846.62983683 60846.64055540 45
NOAA-19              60847.09236112 60847.10300894 49
NOAA-19              60847.16340109 60847.17141043 10
NOAA-19              60847.55306527 60847.56032305 7
NOAA-19              60847.62095399 60847.63186965 64
NOAA-19              60848.08372680 60848.09407743 35
NOAA-19              60848.15412111 60848.16310874 16
NOAA-19              60848.54518228 60848.55064026 4
NOAA-19              60848.61213168 60848.62311502 88
NOAA-19              60848.68446301 60848.68988625 4
NOAA-19              60849.07517307 60849.08507550 25
NOAA-19              60849.14496943 60849.15467323 22
NOAA-19              60849.60337030 60849.61429381 65
NOAA-19              60849.67481929 60849.68202752 7
NOAA-19              60850.06671409 60850.07599118 18
NOAA-19              60850.13591513 60850.14613647 31
NOAA-19              60850.59466919 60850.60540538 46
NOAA-19              60850.66546436 60850.67387786 12
NOAA-19              60851.05837409 60851.06680248 12
NOAA-19              60851.12694149 60851.13751726 44
NOAA-19              60851.58603822 60851.59644578 33
NOAA-19              60851.65626178 60851.66555605 17
NOAA-19              60852.05019902 60852.05746678 8
NOAA-19              60852.11803949 60852.12882651 62
NOAA-19              60852.57748614 60852.58740686 24
NOAA-19              60852.64716553 60852.65711044 24
NOAA-19              60853.04229300 60853.04788103 4
NOAA-19              60853.10920434 60853.12007099 87
NOAA-19              60853.18193322 60853.18678749 3
NOAA-19              60853.56902954 60853.57827380 17
NOAA-19              60853.63815236 60853.64856694 34
NOAA-19              60854.10043499 60854.11125374 67
NOAA-19              60854.17215692 60854.17899628 7
NOAA-19              60854.56069774 60854.56901942 11
NOAA-19              60854.62920962 60854.63994067 47
NOAA-19              60855.09173263 60855.10237489 47
NOAA-19              60855.16268393 60855.17086167 11
NOAA-19              60855.55254690 60855.55958941 7
NOAA-19              60855.62033024 60855.63124078 67
NOAA-19              60856.08310292 60856.09343146 34
NOAA-19              60856.15341877 60856.16253634 16
METOA                60833.17261116 60833.18289069 68
METOA                60833.24150547 60833.24789509 6
METOA                60833.68098156 60833.68916505 74
METOA                60834.12534316 60834.13244846 8
METOA                60834.19061688 60834.20083955 57
METOA                60834.63373797 60834.63837486 4
METOA                60834.69904865 60834.70702629 39
METOA                60835.14232011 60835.15130340 19
METOA                60835.20891073 60835.21850654 27
METOA                60835.65057280 60835.65747794 14
METOA                60835.71748113 60835.72452411 16
METOA                60836.15978090 60836.16972556 39
METOA                60836.22756929 60836.23579980 13
METOA                60836.66803718 60836.67594938 34
METOA                60836.73638655 60836.74143590 5
METOA                60837.11380200 60837.11809724 2
METOA                60837.17756813 60837.18785451 81
METOA                60837.24692879 60837.25239272 4
METOA                60837.68585899 60837.69404944 85
METOA                60838.13001115 60838.13764396 10
METOA                60838.19563533 60838.20571953 47
METOA                60838.63821433 60838.64363395 6
METOA                60838.70398281 60838.71181955 31
METOA                60839.14712302 60839.15635061 22
METOA                60839.21400184 60839.22328838 23
METOA                60839.65524693 60839.66251581 17
METOA                60839.72249254 60839.72920022 13
METOA                60840.16466225 60840.17467680 46
METOA                60840.23281070 60840.24043395 10
METOA                60840.67279545 60840.68087670 43
METOA                60840.74159456 60840.74587018 3
METOA                60841.11818428 60841.12348174 4
METOA                60841.18251125 60841.19272323 81
METOA                60841.25248913 60841.25664383 2
METOA                60841.69067649 60841.69888814 67
METOA                60842.13469706 60842.14271215 12
METOA                60842.20064043 60842.21050283 39
METOA                60842.64268998 60842.64879215 9
METOA                60842.70889537 60842.71656887 25
METOA                60843.15191874 60843.16129450 26
METOA                60843.21908672 60843.22796548 19
METOA                60843.65987440 60843.66749843 22
METOA                60843.72745037 60843.73382128 10
METOA                60844.16952868 60844.17953190 55
METOA                60844.23803953 60844.24493673 8
METOA                60844.67749761 60844.68575743 56
METOA                60845.12266497 60845.12865453 5
METOA                60845.18743688 60845.19749734 68
METOA                60845.63063107 60845.63451725 3
METOA                60845.69543327 60845.70368227 52
METOA                60846.13938564 60846.14766553 15
METOA                60846.20563009 60846.21518858 32
METOA                60846.64714982 60846.65386806 11
METOA                60846.71370993 60846.72126934 21
METOA                60847.15670027 60847.16613954 31
METOA                60847.22416657 60847.23253388 15
METOA                60847.66445597 60847.67242833 27
METOA                60847.73235481 60847.73837865 8
METOA                60848.17437472 60848.18429321 65
METOA                60848.24330982 60848.24928310 5
METOA                60848.68214637 60848.69059195 71
METOA                60849.12718757 60849.13367138 7
METOA                60849.19234095 60849.20217799 55
METOA                60849.63477311 60849.63983982 5
METOA                60849.70013467 60849.70843162 42
METOA                60850.14406471 60850.15251336 17
METOA                60850.21063964 60850.21977396 26
METOA                60850.65158688 60850.65887134 15
METOA                60850.71847029 60850.72592299 18
METOA                60851.16146031 60851.17089025 36
METOA                60851.22927887 60851.23698508 12
METOA                60851.66899386 60851.67730571 35
METOA                60851.73722167 60851.74288334 7
METOA                60852.17919564 60852.18896361 76
METOA                60852.24866608 60852.25342472 3
METOA                60852.68674531 60852.69537932 81
METOA                60853.13172197 60853.13856022 8
METOA                60853.19721908 60853.20676688 45
METOA                60853.63898730 60853.64499650 7
METOA                60853.70478476 60853.71313463 35
METOA                60854.14872455 60854.15726358 20
METOA                60854.21559051 60854.22426310 21
METOA                60854.65599886 60854.66380670 19
METOA                60854.72317667 60854.73051993 15
METOA                60855.16619164 60855.17555137 42
METOA                60855.23435782 60855.24131625 9
METOA                60855.67349102 60855.68212974 44
METOA                60855.74205536 60855.74732190 5
METOA                60856.12004426 60856.12390876 2
METOA                60856.18398394 60856.19354653 77
METOA                60856.69129944 60856.70011730 70
METOA                60857.13624854 60857.14333887 10
METOA                60857.20206690 60857.21126626 36
METOA                60857.64322710 60857.65003615 10
METOA                60857.70942756 60857.71779200 29
METOA                60858.15335582 60858.16192351 23
METOA                60858.22051901 60858.22865339 17
METOA                60858.66038510 60858.66867598 24
METOA                60858.72784491 60858.73507063 13
METOB                60833.07004422 60833.08067740 66
METOB                60833.14139591 60833.14808618 6
METOB                60833.52792877 60833.53558114 9
METOB                60833.59584542 60833.60639436 52
METOB                60834.05588599 60834.06614394 37
METOB                60834.12605440 60834.13469369 14
METOB                60834.51498626 60834.51982603 3
METOB                60834.58141157 60834.59212261 88
METOB                60834.65337003 60834.65857642 4
METOB                60835.04193602 60835.05142656 21
METOB                60835.11112718 60835.12089940 25
METOB                60835.56713928 60835.57767430 50
METOB                60835.63777732 60835.64557690 10
METOB                60836.02826800 60836.03646380 12
METOB                60836.09644278 60836.10685737 44
METOB                60836.55304744 60836.56304015 28
METOB                60836.62273699 60836.63199592 19
METOB                60837.01507723 60837.02107098 5
METOB                60837.08195029 60837.09262656 78
METOB                60837.53918321 60837.54818072 16
METOB                60837.60796783 60837.61810402 32
METOB                60838.06763436 60838.07823014 60
METOB                60838.13877651 60838.14584685 8
METOB                60838.52566296 60838.53298769 8
METOB                60838.59339197 60838.60398916 57
METOB                60839.05350248 60839.06366839 34
METOB                60839.12351173 60839.13237122 15
METOB                60839.57898241 60839.58968774 81
METOB                60839.65068557 60839.65642481 4
METOB                60840.03958939 60840.04891653 19
METOB                60840.10862710 60840.11853014 27
METOB                60840.56473523 60840.57520963 46
METOB                60840.63521184 60840.64329305 11
METOB                60841.02597628 60841.03390261 10
METOB                60841.09397365 60841.10445421 48
METOB                60841.55067403 60841.56054213 26
METOB                60841.62022206 60841.62965169 20
METOB                60842.01290321 60842.01839729 4
METOB                60842.07950797 60842.09019503 85
METOB                60842.15202147 60842.15641958 2
METOB                60842.53685211 60842.54563851 15
METOB                60842.60548533 60842.61571917 35
METOB                60843.06521856 60843.07577168 55
METOB                60843.13616595 60843.14358326 9
METOB                60843.52340692 60843.53036975 7
METOB                60843.59093551 60843.60157158 63
METOB                60844.05111669 60844.06118090 31
METOB                60844.12096913 60844.13003329 17
METOB                60844.57655028 60844.58724058 74
METOB                60844.64802448 60844.65423326 5
METOB                60845.03724231 60845.04639289 18
METOB                60845.10612464 60845.11614824 30
METOB                60845.56232870 60845.57273244 42
METOB                60845.63264914 60845.64099016 12
METOB                60846.02368950 60846.03132292 9
METOB                60846.09150129 60846.10203969 52
METOB                60846.54829931 60846.55803016 24
METOB                60846.61770586 60846.62729274 22
METOB                60847.01075982 60847.01567927 3
METOB                60847.07706240 60847.08775233 88
METOB                60847.14924490 60847.15431377 3
METOB                60847.53452321 60847.54307919 13
METOB                60847.60300032 60847.61332109 39
METOB                60848.06279976 60848.07330192 50
METOB                60848.13353106 60848.14130030 10
METOB                60848.52116371 60848.52772424 6
METOB                60848.58847580 60848.59914160 69
METOB                60849.04872895 60849.05868128 28
METOB                60849.11842622 60849.12768081 19
METOB                60849.57411513 60849.58478106 68
METOB                60849.64537997 60849.65200845 6
METOB                60850.03489562 60850.04385490 16
METOB                60850.10361972 60850.11375389 32
METOB                60850.55991980 60850.57024242 38
METOB                60850.63008846 60850.63866913 14
METOB                60851.02140968 60851.02872305 8
METOB                60851.08902574 60851.09961347 58
METOB                60851.54592383 60851.55550392 22
METOB                60851.61518801 60851.62491942 24
METOB                60852.00866285 60852.01290056 2
METOB                60852.07461353 60852.08529840 81
METOB                60852.14651012 60852.15215052 4
METOB                60852.53219740 60852.54050193 12
METOB                60852.60051223 60852.61091016 42
METOB                60853.06037818 60853.07082047 45
METOB                60853.13093114 60853.13899430 11
METOB                60853.51893817 60853.52504691 5
METOB                60853.58601283 60853.59669924 76
METOB                60854.04633986 60854.05616924 26
METOB                60854.11588262 60854.12531379 20
METOB                60854.57167519 60854.58230915 62
METOB                60854.64274734 60854.64975500 7
METOB                60855.03255008 60855.04130229 15
METOB                60855.10111223 60855.11134731 35
METOB                60855.55750866 60855.56773914 35
METOB                60855.62752871 60855.63633084 15
METOB                60856.01913852 60856.02610091 7
METOB                60856.08654707 60856.09717581 63
METOB                60856.54354799 60856.55296301 20
