iss                  60833.83128003 60833.83692268 8
iss                  60833.89715797 60833.90382832 16
iss                  60833.96367128 60833.97034078 16
iss                  60834.03057701 60834.03622153 8
iss                  60834.79734014 60834.80235688 6
iss                  60834.86290522 60834.86942847 14
iss                  60834.92929433 60834.93604390 17
iss                  60834.99607771 60835.00215556 11
iss                  60835.76356654 60835.76764306 4
iss                  60835.82868756 60835.83497965 12
iss                  60835.89492258 60835.90169200 17
iss                  60835.96160290 60835.96798137 13
iss                  60836.02883277 60836.03327436 4
iss                  60836.79452351 60836.80047363 10
iss                  60836.86056017 60836.86729093 17
iss                  60836.92713996 60836.93372027 15
iss                  60836.99414491 60836.99940039 7
iss                  60837.76043563 60837.76589426 8
iss                  60837.82621426 60837.83284362 15
iss                  60837.89268290 60837.89938719 16
iss                  60837.95953847 60837.96534725 9
iss                  60838.72646618 60838.73120856 5
iss                  60838.79189503 60838.79834964 14
iss                  60838.85823024 60838.86499321 17
iss                  60838.92497163 60838.93116519 11
iss                  60838.99243021 60838.99609240 3
iss                  60839.69270534 60839.69633757 3
iss                  60839.75761657 60839.76380435 11
iss                  60839.82378409 60839.83054622 17
iss                  60839.89042450 60839.89688238 14
iss                  60839.95755885 60839.96231916 5
iss                  60840.72340009 60840.72919711 9
iss                  60840.78934968 60840.79605118 16
iss                  60840.85588686 60840.86251775 15
iss                  60840.92282820 60840.92829949 7
iss                  60841.68927205 60841.69450714 7
iss                  60841.75493531 60841.76150996 15
iss                  60841.82135438 60841.82808496 16
iss                  60841.88816128 60841.89412094 10
iss                  60842.65528654 60842.65969058 4
iss                  60842.72055247 60842.72692074 13
iss                  60842.78682690 60842.79359406 17
iss                  60842.85352587 60842.85982418 12
iss                  60842.92083990 60842.92495514 3
iss                  60843.68621708 60843.69227708 11
iss                  60843.75230769 60843.75905200 17
iss                  60843.81890602 60843.82543350 14
iss                  60843.88595549 60843.89100262 6
iss                  60844.65195369 60844.65756500 8
iss                  60844.71780315 60844.72446272 16
iss                  60844.78429381 60844.79096592 16
iss                  60844.85117569 60844.85684351 8
iss                  60845.61779498 60845.62275751 6
iss                  60845.68332274 60845.68982686 14
iss                  60845.74968650 60845.75643385 17
iss                  60845.81644591 60845.82254228 11
iss                  60846.58381389 60846.58779285 3
iss                  60846.64887970 60846.65514102 12
iss                  60846.71508525 60846.72184628 17
iss                  60846.78174085 60846.78813207 13
iss                  60846.84893397 60846.85344144 4
iss                  60847.61449372 60847.62039623 10
iss                  60847.68049455 60847.68720915 16
iss                  60847.74704798 60847.75363445 15
iss                  60847.81402114 60847.81932565 7
iss                  60848.58018893 60848.58557467 7
iss                  60848.64592204 60848.65252527 15
iss                  60848.71236144 60848.71906461 16
iss                  60848.77918751 60848.78503231 9
iss                  60849.54601222 60849.55063948 5
iss                  60849.61137856 60849.61779383 13
iss                  60849.67768005 60849.68443376 17
iss                  60849.74439256 60849.75061065 12
iss                  60849.81178948 60849.81558835 3
iss                  60850.51206929 60850.51549743 2
iss                  60850.57687922 60850.58300954 11
iss                  60850.64300629 60850.64974980 17
iss                  60850.70961694 60850.71608860 14
iss                  60850.77670661 60850.78155712 5
iss                  60851.54244692 60851.54816028 9
iss                  60851.60834594 60851.61501755 16
iss                  60851.67485085 60851.68148509 15
iss                  60851.74175479 60851.74728925 8
iss                  60852.50811143 60852.51322247 6
iss                  60852.57370793 60852.58023850 14
iss                  60852.64009037 60852.64681380 17
iss                  60852.70686312 60852.71286590 10
iss                  60853.47393557 60853.47814390 4
iss                  60853.53910488 60853.54541019 12
iss                  60853.60533583 60853.61208472 17
iss                  60853.67200133 60853.67832616 12
iss                  60853.73924815 60853.74352097 4
iss                  60854.50455554 60854.51052480 10
iss                  60854.57059109 60854.57730460 17
iss                  60854.63715439 60854.64369375 14
iss                  60854.70415427 60854.70930566 6
iss                  60855.47008269 60855.47556648 8
iss                  60855.53586328 60855.54247705 15
iss                  60855.60231506 60855.60898548 16
AO-07                60833.08514267 60833.10063246 89
AO-07                60833.16446271 60833.17926851 35
AO-07                60833.24668644 60833.25778964 10
AO-07                60833.57760203 60833.59010424 15
AO-07                60833.65621579 60833.67139743 47
AO-07                60833.73479146 60833.75016325 72
AO-07                60833.81293488 60833.82729878 36
AO-07                60833.89027410 60833.90386333 26
AO-07                60833.96688417 60833.98097804 32
AO-07                60834.04374647 60834.05894957 59
AO-07                60834.12200393 60834.13745315 61
AO-07                60834.20253546 60834.21610439 21
AO-07                60834.28683655 60834.29416980 4
AO-07                60834.53606542 60834.54531509 6
AO-07                60834.61440339 60834.62857099 27
AO-07                60834.69305427 60834.70855087 74
AO-07                60834.77147635 60834.78644628 50
AO-07                60834.84928177 60834.86316009 29
AO-07                60834.92621321 60834.93987690 27
AO-07                60835.00278380 60835.01741174 41
AO-07                60835.08017862 60835.09568154 85
AO-07                60835.15938781 60835.17430247 38
AO-07                60835.24137440 60835.25285235 11
AO-07                60835.57265417 60835.58485049 14
AO-07                60835.65125175 60835.66635063 44
AO-07                60835.72984254 60835.74525113 76
AO-07                60835.80802644 60835.82246426 37
AO-07                60835.88542529 60835.89902718 27
AO-07                60835.96206156 60835.97608551 31
AO-07                60836.03886971 60836.05400865 56
AO-07                60836.11700931 60836.13248951 65
AO-07                60836.19736374 60836.21114361 23
AO-07                60836.28132264 60836.28931455 4
AO-07                60836.53117347 60836.53987499 5
AO-07                60836.60944208 60836.62342732 25
AO-07                60836.68809429 60836.70357368 70
AO-07                60836.76654293 60836.78157910 53
AO-07                60836.84440067 60836.85833535 30
AO-07                60836.92138531 60836.93501695 27
AO-07                60836.99794565 60837.01249339 39
AO-07                60837.07525321 60837.09072708 81
AO-07                60837.15431972 60837.16933642 41
AO-07                60837.23608247 60837.24791052 13
AO-07                60837.56770971 60837.57957898 13
AO-07                60837.64628754 60837.66129343 41
AO-07                60837.72489185 60837.74033211 80
AO-07                60837.80311447 60837.81762719 39
AO-07                60837.88057272 60837.89419376 27
AO-07                60837.95723953 60837.97119710 30
AO-07                60838.03399865 60838.04907024 53
AO-07                60838.11202388 60838.12752678 69
AO-07                60838.19220612 60838.20618172 25
AO-07                60838.27584463 60838.28443307 5
AO-07                60838.52629705 60838.53440212 4
AO-07                60838.60448198 60838.61827038 23
AO-07                60838.68313337 60838.69858784 65
AO-07                60838.76160694 60838.77670666 55
AO-07                60838.83951548 60838.85351069 31
AO-07                60838.91655517 60838.93016103 27
AO-07                60838.99311071 60839.00757863 38
AO-07                60839.07033522 60839.08577435 77
AO-07                60839.14926263 60839.16437056 43
AO-07                60839.23080961 60839.24296488 14
AO-07                60839.56276916 60839.57428880 11
AO-07                60839.64132327 60839.65622558 38
AO-07                60839.71993952 60839.73540598 84
AO-07                60839.79819910 60839.81278727 40
AO-07                60839.87571627 60839.88936282 27
AO-07                60839.95241769 60839.96631288 30
AO-07                60840.02913303 60840.04413444 51
AO-07                60840.10704742 60840.12256508 73
AO-07                60840.18706213 60840.20121894 26
AO-07                60840.27040250 60840.27954160 6
AO-07                60840.52144077 60840.52889138 4
AO-07                60840.59952286 60840.61309971 21
AO-07                60840.67817189 60840.69359313 62
AO-07                60840.75666850 60840.77182884 58
AO-07                60840.83462626 60840.84868575 32
AO-07                60840.91172250 60840.92530905 26
AO-07                60840.98827861 60841.00266747 36
AO-07                60841.06542443 60841.08082348 73
AO-07                60841.14421625 60841.15940500 46
AO-07                60841.22555491 60841.23801601 15
AO-07                60841.55783324 60841.56897896 10
AO-07                60841.63635907 60841.65114671 36
AO-07                60841.71498564 60841.73047252 88
AO-07                60841.79328044 60841.80794395 42
AO-07                60841.87085584 60841.88453406 27
AO-07                60841.94759569 60841.96143288 29
AO-07                60842.02427255 60842.03920152 49
AO-07                60842.10207969 60842.11760451 77
AO-07                60842.18193133 60842.19625547 28
AO-07                60842.26499008 60842.27463765 7
AO-07                60842.51665571 60842.52333468 3
AO-07                60842.59456360 60842.60791457 20
AO-07                60842.67320945 60842.68858934 58
AO-07                60842.75172774 60842.76694537 61
AO-07                60842.82973306 60842.84386016 33
AO-07                60842.90688705 60842.92046088 26
LO-19                60833.09113335 60833.10153792 63
LO-19                60833.16038613 60833.17055368 35
LO-19                60833.23183894 60833.23921203 8
LO-19                60833.59143888 60833.59920582 9
LO-19                60833.66015650 60833.67038840 39
LO-19                60833.72916687 60833.73952011 56
LO-19                60833.79809628 60833.80722016 20
LO-19                60833.86657685 60833.87417743 10
LO-19                60833.93417543 60833.94150921 9
LO-19                60834.00105987 60834.00981040 16
LO-19                60834.06849376 60834.07867431 42
LO-19                60834.13722509 60834.14769375 55
LO-19                60834.20785125 60834.21654131 14
LO-19                60834.56893147 60834.57488496 5
LO-19                60834.63732049 60834.64706232 25
LO-19                60834.70628953 60834.71678849 84
LO-19                60834.77527899 60834.78490716 27
LO-19                60834.84396299 60834.85200527 12
LO-19                60834.91190129 60834.91908635 9
LO-19                60834.97892538 60834.98708148 13
LO-19                60835.04602929 60835.05581598 29
LO-19                60835.11426823 60835.12481769 86
LO-19                60835.18416362 60835.19377160 22
LO-19                60835.25670042 60835.26202419 4
LO-19                60835.61453105 60835.62348125 16
LO-19                60835.68341336 60835.69387879 62
LO-19                60835.75242925 60835.76247603 38
LO-19                60835.82125978 60835.82982927 15
LO-19                60835.88947487 60835.89678016 9
LO-19                60835.95676298 60835.96443608 11
LO-19                60836.02369157 60836.03298524 22
LO-19                60836.09149374 60836.10193667 63
LO-19                60836.16077561 60836.17094234 35
LO-19                60836.23223184 60836.23959985 8
LO-19                60836.59183294 60836.59958904 9
LO-19                60836.66054948 60836.67077194 39
LO-19                60836.72955969 60836.73990346 56
LO-19                60836.79848923 60836.80760330 20
LO-19                60836.86696985 60836.87456068 10
LO-19                60836.93456758 60836.94189363 9
LO-19                60837.00145077 60837.01019638 16
LO-19                60837.06888406 60837.07906118 42
LO-19                60837.13761541 60837.14808090 55
LO-19                60837.20824240 60837.21692803 14
LO-19                60837.56932560 60837.57526565 5
LO-19                60837.63771236 60837.64744441 25
LO-19                60837.70668104 60837.71717049 84
LO-19                60837.77567059 60837.78528892 27
LO-19                60837.84435482 60837.85238692 12
LO-19                60837.91229273 60837.91946870 9
LO-19                60837.97931559 60837.98746542 13
LO-19                60838.04641864 60838.05620108 29
LO-19                60838.11465739 60838.12520326 86
LO-19                60838.18455325 60838.19415700 22
LO-19                60838.25709270 60838.26240740 4
LO-19                60838.61492194 60838.62386177 16
LO-19                60838.68380361 60838.69425942 62
LO-19                60838.75281950 60838.76285644 38
LO-19                60838.82165030 60838.83020947 15
LO-19                60838.88986541 60838.89716062 9
LO-19                60838.95715252 60838.96481793 11
LO-19                60839.02408005 60839.03336848 22
LO-19                60839.09188181 60839.10232058 63
LO-19                60839.16116388 60839.17132630 35
LO-19                60839.23262149 60839.23998282 8
LO-19                60839.59222314 60839.59996769 9
LO-19                60839.66093851 60839.67115115 39
LO-19                60839.72994857 60839.74028254 56
LO-19                60839.79887836 60839.80798212 20
LO-19                60839.86735928 60839.87493945 10
LO-19                60839.93495642 60839.94227339 9
LO-19                60840.00183844 60840.01057768 16
LO-19                60840.06927111 60840.07944338 42
LO-19                60840.13800243 60840.14846337 55
LO-19                60840.20863023 60840.21730999 14
LO-19                60840.56971594 60840.57564163 5
LO-19                60840.63810023 60840.64782215 25
LO-19                60840.70706856 60840.71754824 84
LO-19                60840.77605830 60840.78566642 27
LO-19                60840.84474295 60840.85276420 12
LO-19                60840.91268074 60840.91984647 9
LO-19                60840.97970251 60840.98784470 13
LO-19                60841.04680472 60841.05658151 29
LO-19                60841.11504325 60841.12558416 86
LO-19                60841.18493953 60841.19453769 22
LO-19                60841.25748182 60841.26278557 4
LO-19                60841.61530881 60841.62423790 16
LO-19                60841.68418982 60841.69463561 62
LO-19                60841.75320576 60841.76323264 38
LO-19                60841.82203700 60841.83058538 15
LO-19                60841.89025240 60841.89753660 9
LO-19                60841.95753870 60841.96519515 10
LO-19                60842.02446523 60842.03374706 21
LO-19                60842.09226656 60842.10269985 63
LO-19                60842.16154879 60842.17170559 35
LO-19                60842.23300779 60842.24036096 8
LO-19                60842.59260931 60842.60034191 9
LO-19                60842.66132345 60842.67152612 39
LO-19                60842.73033340 60842.74065745 56
FO-29                60833.25691564 60833.26767733 13
FO-29                60833.32999044 60833.34354149 40
FO-29                60833.40318020 60833.41702876 73
FO-29                60833.47620253 60833.48878451 31
FO-29                60833.54873792 60833.55953567 17
FO-29                60833.62041862 60833.63046348 14
FO-29                60833.69152867 60833.70240205 22
FO-29                60833.76316770 60833.77513192 49
FO-29                60833.83621303 60833.84819993 50
FO-29                60833.91128770 60833.92125851 15
FO-29                60834.21877222 60834.22652641 5
FO-29                60834.29153560 60834.30410199 23
FO-29                60834.36471297 60834.37871972 65
FO-29                60834.43785168 60834.45130874 48
FO-29                60834.51068237 60834.52246785 23
FO-29                60834.58282927 60834.59314651 15
FO-29                60834.65412523 60834.66452540 17
FO-29                60834.72534726 60834.73689967 31
FO-29                60834.79757942 60834.80983489 73
FO-29                60834.87150649 60834.88294594 28
FO-29                60834.94792010 60834.95582137 7
FO-29                60835.25315977 60835.26389714 12
FO-29                60835.32623618 60835.33986435 39
FO-29                60835.39942686 60835.41343430 76
FO-29                60835.47245142 60835.48525619 33
FO-29                60835.54499751 60835.55603764 18
FO-29                60835.61670032 60835.62693704 15
FO-29                60835.68781071 60835.69882275 22
FO-29                60835.75940710 60835.77151908 48
FO-29                60835.83237878 60835.84457739 53
FO-29                60835.90733923 60835.91765750 16
FO-29                60836.21502296 60836.22267458 5
FO-29                60836.28778415 60836.30037270 22
FO-29                60836.36096285 60836.37508178 63
FO-29                60836.43410262 60836.44774682 51
FO-29                60836.50693841 60836.51895912 24
FO-29                60836.57910243 60836.58964123 15
FO-29                60836.65041465 60836.66097379 17
FO-29                60836.72161472 60836.73330294 31
FO-29                60836.79378775 60836.80621663 72
FO-29                60836.86762595 60836.87932991 31
FO-29                60836.94388165 60836.95226340 8
FO-29                60837.24941119 60837.26010787 12
FO-29                60837.32248914 60837.33617903 37
FO-29                60837.39568087 60837.40983237 79
FO-29                60837.46870765 60837.48172225 34
FO-29                60837.54126373 60837.55253708 18
FO-29                60837.61298700 60837.62341275 15
FO-29                60837.68409708 60837.69524798 22
FO-29                60837.75565097 60837.76791096 47
FO-29                60837.82854978 60837.84095876 56
FO-29                60837.90339998 60837.91405710 17
FO-29                60837.98141022 60837.98649104 2
FO-29                60838.21128199 60838.21881216 4
FO-29                60838.28404007 60838.29663444 21
FO-29                60838.35722017 60838.37143586 61
FO-29                60838.43036113 60838.44417769 53
FO-29                60838.50320183 60838.51544544 25
FO-29                60838.57538175 60838.58613521 16
FO-29                60838.64670895 60838.65742516 17
FO-29                60838.71788694 60838.72971054 30
FO-29                60838.79000116 60838.80260235 71
FO-29                60838.86375196 60838.87571646 33
FO-29                60838.93985563 60838.94869252 9
FO-29                60839.24567030 60839.25630860 11
FO-29                60839.31874985 60839.33248480 36
FO-29                60839.39194252 60839.40622243 82
FO-29                60839.46497160 60839.47818137 36
FO-29                60839.53753713 60839.54903291 19
FO-29                60839.60927944 60839.61988928 15
FO-29                60839.68038860 60839.69167673 22
FO-29                60839.75190007 60839.76430674 46
FO-29                60839.82472669 60839.83734324 59
FO-29                60839.89947019 60839.91045691 19
FO-29                60839.97721392 60839.98304923 3
FO-29                60840.20755013 60840.21493800 4
FO-29                60840.28030367 60840.29288650 21
FO-29                60840.35348520 60840.36778099 59
FO-29                60840.42662747 60840.44060057 55
FO-29                60840.49947301 60840.51192583 26
FO-29                60840.57166790 60840.58262733 16
FO-29                60840.64300895 60840.65387877 17
FO-29                60840.71416471 60840.72612154 30
FO-29                60840.78622035 60840.79899162 70
FO-29                60840.85988550 60840.87210498 35
FO-29                60840.93584922 60840.94512255 10
FO-29                60841.24193754 60841.25249878 11
FO-29                60841.31501814 60841.32878099 35
FO-29                60841.38821207 60841.40260356 84
FO-29                60841.46124356 60841.47463292 37
FO-29                60841.53381820 60841.54552410 20
FO-29                60841.60557837 60841.61636576 16
FO-29                60841.67668606 60841.68810793 22
FO-29                60841.74815513 60841.76070552 44
FO-29                60841.82091017 60841.83373047 62
FO-29                60841.89555012 60841.90685652 20
FO-29                60841.97306449 60841.97957077 4
FO-29                60842.20382825 60842.21105084 4
FO-29                60842.27657526 60842.28912815 20
SO-50                60833.33237752 60833.34037990 16
SO-50                60833.40054715 60833.40997956 53
SO-50                60833.46989697 60833.47954935 69
SO-50                60833.53965184 60833.54933228 57
SO-50                60833.60929034 60833.61905946 89
SO-50                60833.67876974 60833.68806231 33
SO-50                60833.74859267 60833.75545049 9
SO-50                60834.27813285 60834.28343093 5
SO-50                60834.34483850 60834.35357546 25
SO-50                60834.41352163 60834.42310480 75
SO-50                60834.48309338 60834.49274611 60
SO-50                60834.55284471 60834.56256672 63
SO-50                60834.62240732 60834.63212638 67
SO-50                60834.69190750 60834.70068822 22
SO-50                60834.76223790 60834.76705304 3
SO-50                60835.28990872 60835.29696267 10
SO-50                60835.35751688 60835.36671405 37
SO-50                60835.42660081 60835.43624452 82
SO-50                60835.49630549 60835.50596673 57
SO-50                60835.56600660 60835.57576855 75
SO-50                60835.63550966 60835.64506910 46
SO-50                60835.70510988 60835.71307167 14
SO-50                60836.30211639 60836.31024737 17
SO-50                60836.37036575 60836.37983074 55
SO-50                60836.43975192 60836.44940865 68
SO-50                60836.50950963 60836.51919878 58
SO-50                60836.57913700 60836.58890701 86
SO-50                60836.64861544 60836.65785350 31
SO-50                60836.71848465 60836.72512376 8
SO-50                60837.24774430 60837.25335865 5
SO-50                60837.31460293 60837.32342305 26
SO-50                60837.38334822 60837.39294835 78
SO-50                60837.45294344 60837.46260031 59
SO-50                60837.52268978 60837.53242145 64
SO-50                60837.59224242 60837.60194964 64
SO-50                60837.66175063 60837.67044033 21
SO-50                60837.73220331 60837.73660707 3
SO-50                60838.25959003 60838.26683045 11
SO-50                60838.32729915 60838.33654802 40
SO-50                60838.39643068 60838.40608221 80
SO-50                60838.46614696 60838.47581460 57
SO-50                60838.53583843 60838.54560741 77
SO-50                60838.60533530 60838.61486351 44
SO-50                60838.67495790 60838.68277568 13
SO-50                60839.27183443 60839.28008556 18
SO-50                60839.34016010 60839.34965484 58
SO-50                60839.40958053 60839.41924133 66
SO-50                60839.47933981 60839.48903785 59
SO-50                60839.54895613 60839.55872556 83
SO-50                60839.61843463 60839.62761417 30
SO-50                60839.68835558 60839.69476122 7
SO-50                60840.21734556 60840.22324752 6
SO-50                60840.28434507 60840.29324273 28
SO-50                60840.35314976 60840.36276512 81
SO-50                60840.42276657 60840.43242776 59
SO-50                60840.49250712 60840.50224824 66
SO-50                60840.56205024 60840.57174339 61
SO-50                60840.63156798 60840.64016114 19
SO-50                60840.70216735 60840.70610530 2
SO-50                60841.22925287 60841.23666694 12
SO-50                60841.29705788 60841.30635454 42
SO-50                60841.36623477 60841.37589326 78
SO-50                60841.43596106 60841.44563540 57
SO-50                60841.50564258 60841.51541777 79
SO-50                60841.57513401 60841.58462793 42
SO-50                60841.64478152 60841.65244697 12
SO-50                60842.24153128 60842.24989469 19
SO-50                60842.30993005 60842.31945191 62
SO-50                60842.37938269 60842.38904735 65
SO-50                60842.44914234 60842.45884942 59
SO-50                60842.51874774 60842.52851507 80
SO-50                60842.58822739 60842.59734429 28
SO-50                60842.65820586 60842.66436210 6
SO-50                60843.18693428 60843.19309977 7
SO-50                60843.25406446 60843.26303425 29
SO-50                60843.32292613 60843.33255511 84
SO-50                60843.39256269 60843.40222839 58
SO-50                60843.46229674 60843.47204700 67
SO-50                60843.53183090 60843.54150760 58
SO-50                60843.60135967 60843.60985062 18
SO-50                60844.19889660 60844.20647263 13
SO-50                60844.26679291 60844.27613369 44
SO-50                60844.33601297 60844.34567766 75
SO-50                60844.40574775 60844.41542909 57
SO-50                60844.47541908 60844.48519956 82
SO-50                60844.54490585 60844.55436232 39
SO-50                60844.61458101 60844.62208563 11
SO-50                60845.14508843 60845.14919057 3
SO-50                60845.21120651 60845.21967500 20
SO-50                60845.27967545 60845.28922199 65
SO-50                60845.34915831 60845.35882671 63
SO-50                60845.41891723 60845.42863342 60
SO-50                60845.48851189 60845.49827549 77
SO-50                60845.55799380 60845.56704386 26
SO-50                60845.62803674 60845.63392539 6
SO-50                60846.15650890 60846.16291673 7
SO-50                60846.22376096 60846.23279790 31
SO-50                60846.29267719 60846.30231835 86
SO-50                60846.36233174 60846.37200218 58
HO-68                60833.11911883 60833.12807696 8
HO-68                60833.43386304 60833.44417661 11
HO-68                60833.50876719 60833.52204797 39
HO-68                60833.58379388 60833.59747040 76
HO-68                60833.65856307 60833.67122692 33
HO-68                60833.73268879 60833.74417589 20
HO-68                60833.80593219 60833.81746390 20
HO-68                60833.87891093 60833.89164141 34
HO-68                60833.95276985 60833.96643668 81
HO-68                60834.02834253 60834.04146698 36
HO-68                60834.10644180 60834.11633178 10
HO-68                60834.42209774 60834.43156691 9
HO-68                60834.49691866 60834.50994307 33
HO-68                60834.57195523 60834.58569052 87
HO-68                60834.64678833 60834.65966247 37
HO-68                60834.72104261 60834.73266410 21
HO-68                60834.79441181 60834.80583432 20
HO-68                60834.86735533 60834.87987771 31
HO-68                60834.94101018 60834.95460314 70
HO-68                60835.01626763 60835.02961867 43
HO-68                60835.09388654 60835.10455265 13
HO-68                60835.41037393 60835.41883741 6
HO-68                60835.48507405 60835.49777509 27
HO-68                60835.56011176 60835.57386644 81
HO-68                60835.63499938 60835.64807305 41
HO-68                60835.70937267 60835.72115744 22
HO-68                60835.78287905 60835.79422885 19
HO-68                60835.85581836 60835.86813111 28
HO-68                60835.92929074 60835.94277666 60
HO-68                60836.00424995 60836.01776913 51
HO-68                60836.08142728 60836.09275055 16
HO-68                60836.39871689 60836.40595906 4
HO-68                60836.47323562 60836.48553975 23
HO-68                60836.54826436 60836.56199571 69
HO-68                60836.62319790 60836.63645446 47
HO-68                60836.69767984 60836.70965083 24
HO-68                60836.77132998 60836.78264665 19
HO-68                60836.84429540 60836.85640340 26
HO-68                60836.91760888 60836.93095862 52
HO-68                60836.99228631 60837.00591981 61
HO-68                60837.06905380 60837.08093204 20
HO-68                60837.14927355 60837.15521779 3
HO-68                60837.38722857 60837.39287133 2
HO-68                60837.46140391 60837.47323166 19
HO-68                60837.53641450 60837.55007582 59
HO-68                60837.61138550 60837.62480354 54
HO-68                60837.68596544 60837.69813909 26
HO-68                60837.75976139 60837.77108600 19
HO-68                60837.83278152 60837.84469626 24
HO-68                60837.90596172 60837.91915047 46
HO-68                60837.98037388 60837.99407205 72
HO-68                60838.05675806 60838.06910191 24
HO-68                60838.13623280 60838.14365848 5
HO-68                60838.44958605 60838.46084438 15
HO-68                60838.52456344 60838.53810409 49
HO-68                60838.59956366 60838.61311721 62
HO-68                60838.67423100 60838.68661714 29
HO-68                60838.74817094 60838.75954432 19
HO-68                60838.82127163 60838.83301121 22
HO-68                60838.89434613 60838.90735376 40
HO-68                60838.96851003 60838.98222713 83
HO-68                60839.04453415 60839.05726354 28
HO-68                60839.12338186 60839.13198388 7
HO-68                60839.43778516 60839.44836984 12
HO-68                60839.51271244 60839.52607767 41
HO-68                60839.58773382 60839.60139264 72
HO-68                60839.66247825 60839.67508009 32
HO-68                60839.73655713 60839.74801820 20
HO-68                60839.80976059 60839.82134944 21
HO-68                60839.88275868 60839.89556990 36
HO-68                60839.95669225 60839.97038628 85
HO-68                60840.03237668 60840.04541968 34
HO-68                60840.11067651 60840.12025395 9
HO-68                60840.42600877 60840.43579723 10
HO-68                60840.50086307 60840.51399335 35
HO-68                60840.57589730 60840.58962720 83
HO-68                60840.65070895 60840.66352328 35
HO-68                60840.72491932 60840.73650351 21
HO-68                60840.79824339 60840.80971171 20
HO-68                60840.87119556 60840.88380101 32
HO-68                60840.94491809 60840.95855076 73
HO-68                60841.02028133 60841.03357218 40
HO-68                60841.09805871 60841.10848647 12
HO-68                60841.41426818 60841.42311163 7
HO-68                60841.48901699 60841.50184730 29
HO-68                60841.56405529 60841.57781841 85
HO-68                60841.63892486 60841.65194279 40
HO-68                60841.71325760 60841.72499561 22
HO-68                60841.78671536 60841.79809816 19
HO-68                60841.85965261 60841.87204853 29
HO-68                60841.93318504 60841.94672185 63
HO-68                60842.00824435 60842.02172293 48
HO-68                60842.08556807 60842.09669105 15
HO-68                60842.40258340 60842.41028943 5
HO-68                60842.47717614 60842.48963564 24
HO-68                60842.55220938 60842.56596380 73
HO-68                60842.62712768 60842.64033436 45
HO-68                60842.70157268 60842.71348947 23
HO-68                60842.77517232 60842.78650821 19
AO-73                60833.08669097 60833.09306666 9
AO-73                60833.49649275 60833.50371123 13
AO-73                60833.56224804 60833.57087146 66
AO-73                60833.62831324 60833.63629720 26
AO-73                60833.69434665 60833.70044074 8
AO-73                60833.76002299 60833.76399315 3
AO-73                60833.82440351 60833.82853109 3
AO-73                60833.88800383 60833.89427748 9
AO-73                60833.95232956 60833.96031489 31
AO-73                60834.01799177 60834.02630621 49
AO-73                60834.08550051 60834.09195297 10
AO-73                60834.49534548 60834.50252855 13
AO-73                60834.56109125 60834.56972443 64
AO-73                60834.62715283 60834.63517620 27
AO-73                60834.69318545 60834.69933880 9
AO-73                60834.75887062 60834.76289188 3
AO-73                60834.82327971 60834.82739723 3
AO-73                60834.88688034 60834.89312633 9
AO-73                60834.95118608 60834.95915931 30
AO-73                60835.01681930 60835.02515173 51
AO-73                60835.08428395 60835.09081109 10
AO-73                60835.49418164 60835.50132744 12
AO-73                60835.55991755 60835.56855978 62
AO-73                60835.62597542 60835.63403810 28
AO-73                60835.69200716 60835.69822029 9
AO-73                60835.75770085 60835.76177488 3
AO-73                60835.82213864 60835.82624759 3
AO-73                60835.88574019 60835.89195873 9
AO-73                60835.95002591 60835.95798704 30
AO-73                60836.01562990 60836.02398049 53
AO-73                60836.08305039 60836.08965219 10
AO-73                60836.49300126 60836.50010781 12
AO-73                60836.55872697 60836.56737747 60
AO-73                60836.62478104 60836.63288286 28
AO-73                60836.69081183 60836.69708513 9
AO-73                60836.75651375 60836.76064175 3
AO-73                60836.82098032 60836.82508214 3
AO-73                60836.88458341 60836.89077467 9
AO-73                60836.94884908 60836.95679810 29
AO-73                60837.01442360 60837.02279247 55
AO-73                60837.08179988 60837.08847626 11
AO-73                60837.49180442 60837.49886959 12
AO-73                60837.55751954 60837.56617743 58
AO-73                60837.62356972 60837.63171043 29
AO-73                60837.68959949 60837.69593326 9
AO-73                60837.75530938 60837.75949264 3
AO-73                60837.81980479 60837.82390089 3
AO-73                60837.88341005 60837.88957415 9
AO-73                60837.94765563 60837.95559247 28
AO-73                60838.01320046 60838.02158768 57
AO-73                60838.08053248 60838.08728328 11
AO-73                60838.49059118 60838.49761267 11
AO-73                60838.55629530 60838.56495963 56
AO-73                60838.62234150 60838.63052075 30
AO-73                60838.68837000 60838.69476465 10
AO-73                60838.75408779 60838.75832746 3
AO-73                60838.81861205 60838.82270381 3
AO-73                60838.88222014 60838.88835715 9
AO-73                60838.94644562 60838.95437014 28
AO-73                60839.01196053 60839.02036609 59
AO-73                60839.07924825 60839.08607323 11
AO-73                60839.48936158 60839.49633699 11
AO-73                60839.55505427 60839.56372399 54
AO-73                60839.62109639 60839.62931377 31
AO-73                60839.68712376 60839.69357923 10
AO-73                60839.75284903 60839.75714615 3
AO-73                60839.81740214 60839.82149089 3
AO-73                60839.88101370 60839.88712368 9
AO-73                60839.94521908 60839.95313110 27
AO-73                60840.01070385 60840.01912769 61
AO-73                60840.07794724 60840.08484610 12
AO-73                60840.48811567 60840.49504245 11
AO-73                60840.55379649 60840.56247047 52
AO-73                60840.61983443 60840.62808944 32
AO-73                60840.68586062 60840.69237695 10
AO-73                60840.75159316 60840.75594864 3
AO-73                60840.81617508 60840.82026212 3
AO-73                60840.87979077 60840.88587373 8
AO-73                60840.94397606 60840.95187534 26
AO-73                60841.00943046 60841.01787247 63
AO-73                60841.07662948 60841.08360186 12
AO-73                60841.48685352 60841.49372895 10
AO-73                60841.55252198 60841.56119900 51
AO-73                60841.61855564 60841.62684772 33
AO-73                60841.68458062 60841.69115777 10
AO-73                60841.75032022 60841.75473488 4
AO-73                60841.81493090 60841.81901747 3
AO-73                60841.87855140 60841.88460728 8
AO-73                60841.94271661 60841.95060284 26
AO-73                60842.00814044 60842.01660041 66
AO-73                60842.07529503 60842.08234051 13
AO-73                60842.48557501 60842.49239639 10
AO-73                60842.55123077 60842.55990953 49
AO-73                60842.61726006 60842.62558854 34
AO-73                60842.68328377 60842.68992162 11
AO-73                60842.74903027 60842.75350481 4
AO-73                60842.81366963 60842.81775692 3
AO-73                60842.87729560 60842.88332430 8
AO-73                60842.94144076 60842.94931359 25
TITA                 60833.10421895 60833.10804589 3
TITA                 60833.16750378 60833.17330803 8
TITA                 60833.23130448 60833.23894941 25
TITA                 60833.29635560 60833.30458187 66
TITA                 60833.36311704 60833.36992189 12
TITA                 60833.77139979 60833.77748966 8
TITA                 60833.83656448 60833.84487448 40
TITA                 60833.90219878 60833.91034072 38
TITA                 60833.96786752 60833.97443432 11
TITA                 60834.03332797 60834.03769793 4
TITA                 60834.09777512 60834.10148300 3
TITA                 60834.16106366 60834.16664846 7
TITA                 60834.22476330 60834.23227291 22
TITA                 60834.28966380 60834.29791548 79
TITA                 60834.35621202 60834.36330973 15
TITA                 60834.76483200 60834.77046375 6
TITA                 60834.82989490 60834.83811849 34
TITA                 60834.89551282 60834.90375794 44
TITA                 60834.96117617 60834.96797021 13
TITA                 60835.02667843 60835.03127906 4
TITA                 60835.09128094 60835.09492621 2
TITA                 60835.15461765 60835.15998249 6
TITA                 60835.21822427 60835.22558578 19
TITA                 60835.28297812 60835.29123562 84
TITA                 60835.34932365 60835.35667575 17
TITA                 60835.75828384 60835.76337512 5
TITA                 60835.82321853 60835.83133010 28
TITA                 60835.88881068 60835.89714176 53
TITA                 60835.95447245 60835.96148411 14
TITA                 60836.02000942 60836.02485116 5
TITA                 60836.08475788 60836.08837835 2
TITA                 60836.14816429 60836.15331102 6
TITA                 60836.21168667 60836.21888795 17
TITA                 60836.27629813 60836.28454263 71
TITA                 60836.34244985 60836.35002157 20
TITA                 60836.75176964 60836.75620879 3
TITA                 60836.81653610 60836.82450826 24
TITA                 60836.88209864 60836.89049814 63
TITA                 60836.94775670 60836.95497530 16
TITA                 60837.01332211 60837.01841191 5
TITA                 60837.07820445 60837.08183950 2
TITA                 60837.14170191 60837.14663529 5
TITA                 60837.20515008 60837.21217989 15
TITA                 60837.26962346 60837.27783681 60
TITA                 60837.33558883 60837.34334900 24
TITA                 60837.40386912 60837.40808630 3
TITA                 60837.74531840 60837.74893457 2
TITA                 60837.80984837 60837.81765172 21
TITA                 60837.87537693 60837.88382655 75
TITA                 60837.94102918 60837.94844304 18
TITA                 60838.00661783 60838.01195968 6
TITA                 60838.07162049 60838.07530918 2
TITA                 60838.13522872 60838.13995629 4
TITA                 60838.19861393 60838.20546198 13
TITA                 60838.26295374 60838.27111845 50
TITA                 60838.32873942 60838.33665891 29
TITA                 60838.39666284 60838.40157644 4
TITA                 60838.80315417 60838.81075896 18
TITA                 60838.86860076 60838.87712329 88
TITA                 60838.93429016 60838.94188648 20
TITA                 60838.99989756 60839.00549246 7
TITA                 60839.06500008 60839.06877920 3
TITA                 60839.12874259 60839.13327555 4
TITA                 60839.19207758 60839.19873457 12
TITA                 60839.25628861 60839.26438782 42
TITA                 60839.32190051 60839.32995225 34
TITA                 60839.38951573 60839.39500443 6
TITA                 60839.79645914 60839.80382850 15
TITA                 60839.86186063 60839.87039432 77
TITA                 60839.92753988 60839.93530544 23
TITA                 60839.99316212 60839.99900878 8
TITA                 60840.05835716 60840.06226106 3
TITA                 60840.12224125 60840.12659466 4
TITA                 60840.18554044 60840.19199808 11
TITA                 60840.24962774 60840.25764517 36
TITA                 60840.31507119 60840.32322978 41
TITA                 60840.38241055 60840.38838718 8
TITA                 60840.78976295 60840.79685777 13
TITA                 60840.85511173 60840.86363570 64
TITA                 60840.92077856 60840.92869906 27
TITA                 60840.98641221 60840.99250742 9
TITA                 60841.05168685 60841.05574562 3
TITA                 60841.11572221 60841.11991529 3
TITA                 60841.17900151 60841.18525298 10
TITA                 60841.24297077 60841.25089075 31
TITA                 60841.30824480 60841.31648596 49
TITA                 60841.37533763 60841.38173433 9
TITA                 60841.78306789 60841.78984428 11
TITA                 60841.84835445 60841.85684679 53
TITA                 60841.91400642 60841.92206687 31
TITA                 60841.97964834 60841.98598689 10
TITA                 60842.04499094 60842.04922986 3
TITA                 60842.10918287 60842.11323928 3
TITA                 60842.17245992 60842.17849987 9
TITA                 60842.23631736 60842.24412482 27
TITA                 60842.30143237 60842.30973367 60
TITA                 60842.36829065 60842.37505155 12
TITA                 60842.77637689 60842.78278438 9
TITA                 60842.84158916 60842.85002687 44
NOAA-15              60833.08560973 60833.09512831 24
NOAA-15              60833.15385610 60833.16446720 73
NOAA-15              60833.22372059 60833.23382531 30
NOAA-15              60833.29589511 60833.30276500 7
NOAA-15              60833.65643074 60833.66521842 14
NOAA-15              60833.72564661 60833.73625999 53
NOAA-15              60833.79503164 60833.80539656 44
NOAA-15              60833.86426813 60833.87318467 17
NOAA-15              60833.93295006 60833.94040893 9
NOAA-15              60834.00068272 60834.00823574 10
NOAA-15              60834.06788731 60834.07703238 19
NOAA-15              60834.13585647 60834.14630801 52
NOAA-15              60834.20525476 60834.21568734 43
NOAA-15              60834.27670850 60834.28481801 11
NOAA-15              60834.63842147 60834.64619185 9
NOAA-15              60834.70749645 60834.71787980 37
NOAA-15              60834.77687238 60834.78745413 60
NOAA-15              60834.84617781 60834.85553932 21
NOAA-15              60834.91505666 60834.92280332 10
NOAA-15              60834.98305261 60834.99037914 9
NOAA-15              60835.05025520 60835.05896030 15
NOAA-15              60835.11794788 60835.12815532 38
NOAA-15              60835.18692257 60835.19753514 61
NOAA-15              60835.25776618 60835.26678377 16
NOAA-15              60835.62052891 60835.62689513 5
NOAA-15              60835.68936263 60835.69935979 26
NOAA-15              60835.75870804 60835.76940886 83
NOAA-15              60835.82805956 60835.83783356 27
NOAA-15              60835.89709601 60835.90522030 12
NOAA-15              60835.96536639 60835.97259870 9
NOAA-15              60836.03265616 60836.04092888 13
NOAA-15              60836.10012827 60836.11001380 29
NOAA-15              60836.16871299 60836.17937507 86
NOAA-15              60836.23897941 60836.24869765 23
NOAA-15              60836.31188393 60836.31735849 4
NOAA-15              60836.60296294 60836.60715572 2
NOAA-15              60836.67125299 60836.68068399 19
NOAA-15              60836.74054334 60836.75125249 71
NOAA-15              60836.80992076 60836.82005328 34
NOAA-15              60836.87907899 60836.88763507 14
NOAA-15              60836.94756794 60836.95489422 9
NOAA-15              60837.01511227 60837.02294685 11
NOAA-15              60837.08238462 60837.09188968 23
NOAA-15              60837.15061684 60837.16121250 69
NOAA-15              60837.22039078 60837.23057587 32
NOAA-15              60837.29242751 60837.29956019 7
NOAA-15              60837.65318649 60837.66182952 13
NOAA-15              60837.72238316 60837.73297636 50
NOAA-15              60837.79176759 60837.80218687 46
NOAA-15              60837.86101676 60837.87002395 18
NOAA-15              60837.92973434 60837.93724956 9
NOAA-15              60837.99751018 60838.00502947 10
NOAA-15              60838.06470831 60838.07378986 18
NOAA-15              60838.13262576 60838.14305221 49
NOAA-15              60838.20194718 60838.21243270 46
NOAA-15              60838.27328657 60838.28158951 12
NOAA-15              60838.63518994 60838.64275982 8
NOAA-15              60838.70423333 60838.71457046 35
NOAA-15              60838.77360533 60838.78422477 63
NOAA-15              60838.84291938 60838.85236686 22
NOAA-15              60838.91182691 60838.91964743 11
NOAA-15              60838.97986970 60838.98718417 9
NOAA-15              60839.04708131 60839.05572243 15
NOAA-15              60839.11473128 60839.12489919 37
NOAA-15              60839.18363508 60839.19427674 65
NOAA-15              60839.25434405 60839.26354350 17
NOAA-15              60839.61732499 60839.62340331 5
NOAA-15              60839.68610116 60839.69602228 25
NOAA-15              60839.75543880 60839.76615834 87
NOAA-15              60839.82479543 60839.83464661 28
NOAA-15              60839.89385411 60839.90206339 12
NOAA-15              60839.96212854 60839.96941731 9
NOAA-15              60840.02948605 60840.03769750 12
NOAA-15              60840.09692407 60840.10675853 28
NOAA-15              60840.16544391 60840.17611389 89
NOAA-15              60840.23562015 60840.24544574 24
NOAA-15              60840.30834935 60840.31418399 4
NOAA-15              60840.66799528 60840.67731501 18
NOAA-15              60840.73727267 60840.74797933 67
NOAA-15              60840.80665206 60840.81684969 36
NOAA-15              60840.87582692 60840.88447280 15
NOAA-15              60840.94435676 60840.95172036 9
NOAA-15              60841.01193721 60841.01972388 11
NOAA-15              60841.07919074 60841.08863632 22
NOAA-15              60841.14736468 60841.15794942 65
NOAA-15              60841.21705611 60841.22731724 34
NOAA-15              60841.28896007 60841.29634195 8
NOAA-15              60841.64993629 60841.65842399 12
NOAA-15              60841.71911196 60841.72967893 47
NOAA-15              60841.78849524 60841.79896465 49
NOAA-15              60841.85775635 60841.86685266 18
NOAA-15              60841.92650832 60841.93408242 10
NOAA-15              60841.99432816 60842.00181668 9
NOAA-15              60842.06152240 60842.07053957 18
NOAA-15              60842.12938909 60842.13978813 47
NOAA-15              60842.19863444 60842.20916937 49
NOAA-15              60842.26986224 60842.27834990 12
NOAA-15              60842.63195425 60842.63930903 8
NOAA-15              60842.70096275 60842.71124678 33
NOAA-18              60833.08855636 60833.09638172 10
NOAA-18              60833.15674948 60833.16493228 11
NOAA-18              60833.22467932 60833.23439082 22
NOAA-18              60833.29341106 60833.30430445 62
NOAA-18              60833.36364805 60833.37430952 37
NOAA-18              60833.43607601 60833.44402638 9
NOAA-18              60833.80070506 60833.80939054 12
NOAA-18              60833.87051974 60833.88131439 47
NOAA-18              60833.94052759 60833.95124230 50
NOAA-18              60834.01038763 60834.01976985 19
NOAA-18              60834.07970175 60834.08766775 11
NOAA-18              60834.14805357 60834.15608275 11
NOAA-18              60834.21594591 60834.22544667 20
NOAA-18              60834.28452593 60834.29532593 53
NOAA-18              60834.35454021 60834.36533571 44
NOAA-18              60834.42662813 60834.43512346 11
NOAA-18              60834.79180201 60834.79996711 10
NOAA-18              60834.86154667 60834.87221720 40
NOAA-18              60834.93155169 60834.94236370 58
NOAA-18              60835.00144916 60835.01103752 21
NOAA-18              60835.07086294 60835.07895403 11
NOAA-18              60835.13933895 60835.14724991 10
NOAA-18              60835.20722419 60835.21651027 18
NOAA-18              60835.27566419 60835.28634902 46
NOAA-18              60835.34546451 60835.35635859 52
NOAA-18              60835.41724092 60835.42620634 14
NOAA-18              60835.78292258 60835.79048178 8
NOAA-18              60835.85257646 60835.86308623 33
NOAA-18              60835.92257352 60835.93346035 68
NOAA-18              60835.99250242 60836.00229160 24
NOAA-18              60836.06200677 60836.07024713 12
NOAA-18              60836.13061255 60836.13843452 10
NOAA-18              60836.19851194 60836.20758256 16
NOAA-18              60836.26682472 60836.27737442 40
NOAA-18              60836.33641956 60836.34737895 62
NOAA-18              60836.40786956 60836.41727578 17
NOAA-18              60836.77407630 60836.78092366 6
NOAA-18              60836.84361030 60836.85391950 28
NOAA-18              60836.91359367 60836.92453119 79
NOAA-18              60836.98354841 60836.99353014 27
NOAA-18              60837.05313425 60837.06154421 13
NOAA-18              60837.12187184 60837.12963661 10
NOAA-18              60837.18980673 60837.19866511 15
NOAA-18              60837.25800634 60837.26840256 35
NOAA-18              60837.32740412 60837.33839749 73
NOAA-18              60837.39857729 60837.40833082 20
NOAA-18              60837.47269094 60837.47741002 2
NOAA-18              60837.76527957 60837.77127507 4
NOAA-18              60837.83464931 60837.84471537 24
NOAA-18              60837.90461275 60837.91557521 87
NOAA-18              60837.97458805 60837.98475140 30
NOAA-18              60838.04424656 60838.05284234 14
NOAA-18              60838.11311539 60838.12085610 10
NOAA-18              60838.18110589 60838.18975884 14
NOAA-18              60838.24920777 60838.25943442 31
NOAA-18              60838.31841705 60838.32941485 86
NOAA-18              60838.38932736 60838.39937623 23
NOAA-18              60838.46289547 60838.46871216 4
NOAA-18              60838.75656448 60838.76150204 3
NOAA-18              60838.82569492 60838.83547140 20
NOAA-18              60838.89563124 60838.90659135 75
NOAA-18              60838.96562216 60838.97595380 34
NOAA-18              60839.03534496 60839.04413864 15
NOAA-18              60839.10434145 60839.11209228 10
NOAA-18              60839.17240691 60839.18086514 13
NOAA-18              60839.24042760 60839.25047051 27
NOAA-18              60839.30945726 60839.32043165 82
NOAA-18              60839.38011682 60839.39041384 28
NOAA-18              60839.45323073 60839.45992390 6
NOAA-18              60839.81674677 60839.82618485 17
NOAA-18              60839.88665007 60839.89757854 64
NOAA-18              60839.95665153 60839.96713587 39
NOAA-18              60840.02643072 60840.03543028 16
NOAA-18              60840.09554923 60840.10334392 10
NOAA-18              60840.16370652 60840.17198528 12
NOAA-18              60840.23166429 60840.24151182 24
NOAA-18              60840.30052373 60840.31144847 70
NOAA-18              60840.37094336 60840.38144523 33
NOAA-18              60840.44365910 60840.45108166 8
NOAA-18              60840.80781124 60840.81685220 14
NOAA-18              60840.87766958 60840.88853563 54
NOAA-18              60840.94767688 60840.95829645 45
NOAA-18              60841.01750510 60841.02671487 18
NOAA-18              60841.08673837 60841.09460928 10
NOAA-18              60841.15500197 60841.16312048 11
NOAA-18              60841.22291614 60841.23255917 22
NOAA-18              60841.29161542 60841.30246590 60
NOAA-18              60841.36180497 60841.37247166 38
NOAA-18              60841.43415663 60841.44219730 10
NOAA-18              60841.79888995 60841.80746943 12
NOAA-18              60841.86869057 60841.87946140 45
NOAA-18              60841.93869889 60841.94943417 52
NOAA-18              60842.00856930 60842.01798957 20
NOAA-18              60842.07790899 60842.08588606 11
NOAA-18              60842.14629036 60842.15427183 11
NOAA-18              60842.21418124 60842.22361355 20
NOAA-18              60842.28273130 60842.29348453 52
NOAA-18              60842.35269994 60842.36349403 46
NOAA-18              60842.42472116 60842.43329333 12
NOAA-19              60833.09283609 60833.10076243 10
NOAA-19              60833.16073751 60833.16994999 17
NOAA-19              60833.22912755 60833.23974836 43
NOAA-19              60833.29882439 60833.30974863 57
NOAA-19              60833.37040682 60833.37962102 15
NOAA-19              60833.73643887 60833.74366434 7
NOAA-19              60833.80602531 60833.81651981 30
NOAA-19              60833.87601480 60833.88705155 76
NOAA-19              60833.94595843 60833.95599822 26
NOAA-19              60834.01551387 60834.02400213 13
NOAA-19              60834.08421746 60834.09213143 10
NOAA-19              60834.15217375 60834.16119182 16
NOAA-19              60834.22045061 60834.23093817 37
NOAA-19              60834.28995034 60834.30093018 68
NOAA-19              60834.36125263 60834.37084341 18
NOAA-19              60834.72777316 60834.73422230 5
NOAA-19              60834.79721891 60834.80749272 26
NOAA-19              60834.86719153 60834.87826535 88
NOAA-19              60834.93715749 60834.94738347 29
NOAA-19              60835.00678636 60835.01545713 14
NOAA-19              60835.07561605 60835.08350534 10
NOAA-19              60835.14361806 60835.15244445 15
NOAA-19              60835.21179326 60835.22213140 33
NOAA-19              60835.28110428 60835.29211026 79
NOAA-19              60835.35214110 60835.36205504 22
NOAA-19              60835.42595426 60835.43127582 3
NOAA-19              60835.71916977 60835.72467652 3
NOAA-19              60835.78841847 60835.79842752 22
NOAA-19              60835.85836759 60835.86945210 80
NOAA-19              60835.92835078 60835.93875059 33
NOAA-19              60835.99804524 60836.00691094 15
NOAA-19              60836.06699876 60836.07489513 10
NOAA-19              60836.13506501 60836.14370878 14
NOAA-19              60836.20315421 60836.21332859 29
NOAA-19              60836.27228514 60836.28328949 88
NOAA-19              60836.34306935 60836.35325801 25
NOAA-19              60836.41639416 60836.42268687 5
NOAA-19              60836.77962319 60836.78932168 19
NOAA-19              60836.84954361 60836.86061077 68
NOAA-19              60836.91953927 60836.93009829 38
NOAA-19              60836.98929172 60836.99836076 16
NOAA-19              60837.05836460 60837.06629973 10
NOAA-19              60837.12651193 60837.13498604 13
NOAA-19              60837.19453204 60837.20453055 26
NOAA-19              60837.26349187 60837.27446846 76
NOAA-19              60837.33403479 60837.34445398 30
NOAA-19              60837.40694079 60837.41402974 7
NOAA-19              60837.77083904 60837.78017231 16
NOAA-19              60837.84072000 60837.85174029 58
NOAA-19              60837.91072364 60837.92142496 43
NOAA-19              60837.98052672 60837.98980436 18
NOAA-19              60838.04971307 60838.05771784 11
NOAA-19              60838.11795610 60838.12627734 12
NOAA-19              60838.18592518 60838.19573810 23
NOAA-19              60838.25472349 60838.26564775 66
NOAA-19              60838.32503531 60838.33564436 35
NOAA-19              60838.39756813 60838.40532917 9
NOAA-19              60838.76206688 60838.77097561 13
NOAA-19              60838.83189759 60838.84283951 49
NOAA-19              60838.90190454 60838.91272969 50
NOAA-19              60838.97175182 60838.98123891 19
NOAA-19              60839.04104412 60839.04914739 11
NOAA-19              60839.10939482 60839.11758368 11
NOAA-19              60839.17733193 60839.18695215 21
NOAA-19              60839.24597901 60839.25682794 56
NOAA-19              60839.31606911 60839.32683012 42
NOAA-19              60839.38825729 60839.39659210 11
NOAA-19              60839.75331042 60839.76172699 11
NOAA-19              60839.82307700 60839.83390716 41
NOAA-19              60839.89308258 60839.90401125 58
NOAA-19              60839.96296785 60839.97266235 21
NOAA-19              60840.03235808 60840.04058609 11
NOAA-19              60840.10082549 60840.10890587 11
NOAA-19              60840.16875037 60840.17817364 19
NOAA-19              60840.23725742 60840.24800959 49
NOAA-19              60840.30713459 60840.31801232 49
NOAA-19              60840.37900811 60840.38783903 13
NOAA-19              60840.74457479 60840.75242010 9
NOAA-19              60840.81425911 60840.82494186 35
NOAA-19              60840.88425834 60840.89526860 67
NOAA-19              60840.95417584 60840.96407261 24
NOAA-19              60841.02365558 60841.03203139 12
NOAA-19              60841.09224562 60841.10024446 10
NOAA-19              60841.16017845 60841.16940362 17
NOAA-19              60841.22855766 60841.23919333 42
NOAA-19              60841.29823038 60841.30919173 59
NOAA-19              60841.36977629 60841.37907109 16
NOAA-19              60841.73586782 60841.74304569 7
NOAA-19              60841.80544476 60841.81594195 30
NOAA-19              60841.87543239 60841.88650071 78
NOAA-19              60841.94537671 60841.95546781 27
NOAA-19              60842.01493751 60842.02348060 13
NOAA-19              60842.08365306 60842.09159965 10
NOAA-19              60842.15161393 60842.16064296 16
NOAA-19              60842.21987862 60842.23037970 37
NOAA-19              60842.28935522 60842.30036908 69
NOAA-19              60842.36062314 60842.37028764 19
NOAA-19              60842.43494896 60842.43924955 2
NOAA-19              60842.72720233 60842.73358977 5
METOA                60833.12395988 60833.12953904 5
METOA                60833.18929704 60833.19556276 7
METOA                60833.25424851 60833.26247311 17
METOA                60833.31997030 60833.32969171 49
METOA                60833.38716265 60833.39690881 41
METOA                60833.45636541 60833.46379591 10
METOA                60833.80798245 60833.81187430 2
METOA                60833.87419175 60833.88233212 21
METOA                60833.94133262 60833.95021325 73
METOA                60834.00852588 60834.01652530 20
METOA                60834.07550477 60834.08181731 8
METOA                60834.14168067 60834.14710488 5
METOA                60834.20675123 60834.21343528 9
METOA                60834.27182664 60834.28047964 21
METOA                60834.33788117 60834.34772529 70
METOA                60834.40553062 60834.41489865 28
METOA                60834.47547467 60834.48152948 5
METOA                60834.82554432 60834.83117052 5
METOA                60834.89219369 60834.90070250 31
METOA                60834.95938933 60834.96811231 50
METOA                60835.02657068 60835.03409185 15
METOA                60835.09341818 60835.09924568 6
METOA                60835.15927425 60835.16475856 5
METOA                60835.22420225 60835.23135799 11
METOA                60835.28942871 60835.29849952 28
METOA                60835.35590034 60835.36575061 76
METOA                60835.42408660 60835.43284921 19
METOA                60835.49503166 60835.49895543 2
METOA                60835.84333953 60835.85008363 10
METOA                60835.91021764 60835.91892993 47
METOA                60835.97745056 60835.98591151 34
METOA                60836.04459376 60836.05158931 12
METOA                60836.11126040 60836.11669272 5
METOA                60836.17678639 60836.18249956 6
METOA                60836.24167575 60836.24931704 13
METOA                60836.30716039 60836.31652213 38
METOA                60836.37403189 60836.38376213 53
METOA                60836.44277785 60836.45074601 13
METOA                60836.86123692 60836.86875588 15
METOA                60836.92825499 60836.93702753 71
METOA                60836.99550609 60837.00361232 25
METOA                60837.06258652 60837.06903410 9
METOA                60837.12901416 60837.13418989 5
METOA                60837.19424975 60837.20032415 7
METOA                60837.25919315 60837.26730067 17
METOA                60837.32498379 60837.33454438 53
METOA                60837.39228864 60837.40175316 36
METOA                60837.46169052 60837.46855812 8
METOA                60837.81292267 60837.81696821 3
METOA                60837.87919246 60837.88724075 22
METOA                60837.94634598 60837.95500835 68
METOA                60838.01355158 60838.02122312 18
METOA                60838.08053756 60838.08644711 7
METOA                60838.14666816 60838.15176412 5
METOA                60838.21168058 60838.21820485 8
METOA                60838.27677153 60838.28530007 22
METOA                60838.34290774 60838.35256124 74
METOA                60838.41072248 60838.41971256 25
METOA                60838.48090434 60838.48619057 4
METOA                60838.83049900 60838.83618173 6
METOA                60838.89717930 60838.90556705 33
METOA                60838.96438729 60838.97286828 45
METOA                60839.03158188 60839.03875431 14
METOA                60839.09843128 60839.10385532 6
METOA                60839.16422441 60839.16942982 5
METOA                60839.22911530 60839.23613142 11
METOA                60839.29442442 60839.30330805 29
METOA                60839.36094031 60839.37056756 70
METOA                60839.42927346 60839.43763032 17
METOA                60839.84828833 60839.85503631 10
METOA                60839.91518763 60839.92375264 51
METOA                60839.98243322 60839.99062917 31
METOA                60840.04959030 60840.05621866 10
METOA                60840.11624897 60840.12129054 5
METOA                60840.18170815 60840.18719073 5
METOA                60840.24657918 60840.25409006 13
METOA                60840.31212347 60840.32132039 40
METOA                60840.37909288 60840.38855751 47
METOA                60840.44801611 60840.45548743 11
METOA                60840.86617385 60840.87365845 16
METOA                60840.93320916 60840.94180998 77
METOA                60841.00047365 60841.00829279 22
METOA                60841.06756792 60841.07363342 8
METOA                60841.13397179 60841.13878598 4
METOA                60841.19913445 60841.20502152 7
METOA                60841.26409239 60841.27206955 17
METOA                60841.32995693 60841.33932808 57
METOA                60841.39737187 60841.40652367 32
METOA                60841.46699340 60841.47322460 6
METOA                60841.81777867 60841.82201193 3
METOA                60841.88411518 60841.89209779 24
METOA                60841.95128376 60841.95975169 61
METOA                60842.01850428 60842.02586779 16
METOA                60842.08550201 60842.09102094 6
METOA                60842.15158932 60842.15636832 4
METOA                60842.21654255 60842.22291040 8
METOA                60842.28166430 60842.29005595 23
METOA                60842.34788691 60842.35732820 78
METOA                60842.41583290 60842.42445325 22
METOB                60833.08647960 60833.09431691 11
METOB                60833.15396227 60833.16342450 21
METOB                60833.22229511 60833.23297603 59
METOB                60833.29210419 60833.30261538 39
METOB                60833.36405642 60833.37197764 10
METOB                60833.72677363 60833.73515805 11
METOB                60833.79619295 60833.80681796 44
METOB                60833.86583702 60833.87645717 52
METOB                60833.93536484 60833.94466509 19
METOB                60834.00439502 60834.01216863 10
METOB                60834.07246153 60834.08012628 10
METOB                60834.13995731 60834.14906818 18
METOB                60834.20804643 60834.21856260 46
METOB                60834.27750712 60834.28820732 51
METOB                60834.34894116 60834.35767397 13
METOB                60834.71250493 60834.71996761 8
METOB                60834.78178889 60834.79217710 33
METOB                60834.85142051 60834.86217629 67
METOB                60834.92099721 60834.93063463 23
METOB                60834.99017226 60834.99819762 11
METOB                60835.05845166 60835.06597386 9
METOB                60835.12597161 60835.13473413 15
METOB                60835.19385678 60835.20415474 37
METOB                60835.26299054 60835.27379271 67
METOB                60835.33392814 60835.34333620 18
METOB                60835.69832468 60835.70458968 5
METOB                60835.76739631 60835.77744566 25
METOB                60835.83700141 60835.84782928 86
METOB                60835.90661314 60835.91656354 28
METOB                60835.97590921 60835.98423609 13
METOB                60836.04440398 60836.05186866 9
METOB                60836.11200307 60836.12042754 13
METOB                60836.17972140 60836.18975540 30
METOB                60836.24854941 60836.25937455 87
METOB                60836.31906291 60836.32896785 23
METOB                60836.39219351 60836.39794199 4
METOB                60836.68437442 60836.68892477 2
METOB                60836.75301872 60836.76261516 19
METOB                60836.82258210 60836.83341203 73
METOB                60836.89221617 60836.90244512 34
METOB                60836.96161120 60836.97027169 14
METOB                60837.03031206 60837.03780865 9
METOB                60837.09804057 60837.10615371 12
METOB                60837.16563477 60837.17536744 24
METOB                60837.23417932 60837.24495536 73
METOB                60837.30429946 60837.31457996 31
METOB                60837.37674021 60837.38380646 7
METOB                60837.73866687 60837.74767434 15
METOB                60837.80816493 60837.81892021 56
METOB                60837.87780939 60837.88827326 43
METOB                60837.94728368 60837.95629274 17
METOB                60838.01617253 60838.02378824 9
METOB                60838.08407195 60838.09191817 10
METOB                60838.15159047 60838.16099428 20
METOB                60838.21987609 60838.23053751 57
METOB                60838.28962858 60838.30017859 40
METOB                60838.36149029 60838.36955531 10
METOB                60838.72435106 60838.73260753 11
METOB                60838.79375285 60838.80434904 42
METOB                60838.86339554 60838.87404343 54
METOB                60838.93293173 60838.94228907 20
METOB                60839.00198593 60839.00979860 10
METOB                60839.07008500 60839.07772548 10
METOB                60839.13758087 60839.14663966 17
METOB                60839.20563558 60839.21612328 44
METOB                60839.27504314 60839.28576773 53
METOB                60839.34640094 60839.35524832 14
METOB                60839.71009169 60839.71738958 7
METOB                60839.77934880 60839.78969290 32
METOB                60839.84897711 60839.85975092 70
METOB                60839.91855994 60839.92825123 24
METOB                60839.98775519 60839.99582845 11
METOB                60840.05606835 60840.06357915 9
METOB                60840.12359721 60840.13230843 15
METOB                60840.19145342 60840.20171533 35
METOB                60840.26053735 60840.27135098 70
METOB                60840.33140538 60840.34090381 19
METOB                60840.69592953 60840.70197444 4
METOB                60840.76495723 60840.77494494 24
METOB                60840.83455645 60840.84539162 88
METOB                60840.90417228 60840.91417161 29
METOB                60840.97348497 60840.98186582 13
METOB                60841.04201275 60841.04947994 9
METOB                60841.10962901 60841.11800532 13
METOB                60841.17732471 60841.18731626 29
METOB                60841.24610631 60841.25693110 89
METOB                60841.31655551 60841.32653045 24
METOB                60841.38956498 60841.39555498 4
METOB                60841.75058125 60841.76009639 19
METOB                60841.82013594 60841.83096140 70
METOB                60841.88977224 60841.90004354 35
METOB                60841.95918065 60841.96789841 15
METOB                60842.02791215 60842.03542523 9
METOB                60842.09566500 60842.10373582 11
METOB                60842.16324383 60842.17292904 24
METOB                60842.23174564 60842.24251057 70
METOB                60842.30180582 60842.31213866 32
METOB                60842.37414910 60842.38139507 7
METOB                60842.73623271 60842.74513542 14
