iss                  60832.94164617 60832.94918690 85
iss                  60833.01021811 60833.01406797 3
iss                  60833.50028342 60833.50569592 8
iss                  60833.56605048 60833.57357310 52
iss                  60833.63498321 60833.63965162 4
iss                  60833.84129620 60833.84539110 3
iss                  60833.90723806 60833.91465738 41
iss                  60833.97486346 60833.98077728 10
iss                  60834.53157895 60834.53910739 66
iss                  60834.59965924 60834.60560299 9
iss                  60834.87290662 60834.87989940 21
iss                  60834.93996569 60834.94690760 21
iss                  60835.49730921 60835.50448564 28
iss                  60835.56458834 60835.57139187 16
iss                  60835.83862924 60835.84489997 11
iss                  60835.90527882 60835.91271204 46
iss                  60836.46329154 60836.46964610 13
iss                  60836.52972296 60836.53705627 31
iss                  60836.59933404 60836.60275506 2
iss                  60836.80447222 60836.80962492 6
iss                  60836.87072221 60836.87826114 72
iss                  60836.93889790 60836.94362212 5
iss                  60837.42961190 60837.43442760 5
iss                  60837.49504700 60837.50260023 69
iss                  60837.56368003 60837.56881905 6
iss                  60837.77051699 60837.77396218 2
iss                  60837.83625955 60837.84357765 32
iss                  60837.90366819 60837.91000600 13
iss                  60838.46056191 60838.46800837 48
iss                  60838.52836793 60838.53463163 11
iss                  60838.80187341 60838.80866208 17
iss                  60838.86877546 60838.87593793 27
iss                  60839.42629246 60839.43324363 22
iss                  60839.49328944 60839.50029967 20
iss                  60839.76754988 60839.77349447 9
iss                  60839.83406017 60839.84157409 63
iss                  60840.39231101 60840.39822291 10
iss                  60840.45841055 60840.46584614 39
iss                  60840.52764875 60840.53174763 3
iss                  60840.73336570 60840.73802630 4
iss                  60840.79946055 60840.80696424 53
iss                  60840.86731696 60840.87273509 7
iss                  60841.35878975 60841.36268687 3
iss                  60841.42372167 60841.43126808 86
iss                  60841.49205417 60841.49762445 7
iss                  60841.76494891 60841.77212241 25
iss                  60841.83215672 60841.83885361 17
iss                  60842.38923063 60842.39654325 36
iss                  60842.45674954 60842.46330496 14
iss                  60842.73049349 60842.73704140 14
iss                  60842.79725817 60842.80459580 36
iss                  60843.35497508 60843.36162244 17
iss                  60843.42166472 60843.42885253 25
iss                  60843.69614775 60843.70169562 7
iss                  60843.76251096 60843.77006412 87
iss                  60843.83102282 60843.83497751 3
iss                  60844.32106481 60844.32638781 7
iss                  60844.38677561 60844.39427866 53
iss                  60844.45566320 60844.46035355 4
iss                  60844.66195857 60844.66600790 3
iss                  60844.72786787 60844.73529226 40
iss                  60844.79545019 60844.80143521 10
iss                  60845.35207927 60845.35957364 63
iss                  60845.42010637 60845.42607003 9
iss                  60845.69330847 60845.70028655 20
iss                  60845.76032718 60845.76732090 22
iss                  60846.31759187 60846.32470696 27
iss                  60846.38480696 60846.39162275 17
iss                  60846.65880591 60846.66503268 11
iss                  60846.72541457 60846.73287910 49
iss                  60847.28336943 60847.28961121 12
iss                  60847.34971753 60847.35704894 32
iss                  60847.41923734 60847.42277145 2
iss                  60847.62443010 60847.62949316 6
iss                  60847.69063266 60847.69817859 68
iss                  60847.75871322 60847.76362574 5
iss                  60848.24951756 60848.25410225 5
iss                  60848.31482258 60848.32235148 74
iss                  60848.38336882 60848.38858614 6
iss                  60848.65594599 60848.66324085 30
iss                  60848.72328510 60848.72973532 14
iss                  60849.28012506 60849.28751293 44
iss                  60849.34783810 60849.35415735 12
iss                  60849.62133799 60849.62806482 16
iss                  60849.68817849 60849.69540738 29
iss                  60850.24565388 60850.25249182 20
iss                  60850.31254314 60850.31958430 21
iss                  60850.58679695 60850.59262753 9
iss                  60850.65324530 60850.66078484 70
iss                  60851.21149426 60851.21719261 9
iss                  60851.27745156 60851.28488743 43
iss                  60851.34655821 60851.35082965 4
iss                  60851.55240929 60851.55687140 4
iss                  60851.61842685 60851.62591363 48
iss                  60851.68616467 60851.69180898 8
iss                  60852.17788645 60852.18128107 2
iss                  60852.24255550 60852.25006149 78
iss                  60852.31076240 60852.31645218 8
iss                  60852.58369698 60852.59080533 23
AO-07                60832.91794545 60832.93307726 57
AO-07                60832.99706048 60833.01071297 23
AO-07                60833.42564185 60833.43987693 30
AO-07                60833.50362761 60833.51841713 45
AO-07                60833.58455204 60833.59122564 3
AO-07                60833.87777918 60833.89084521 21
AO-07                60833.95439694 60833.96979355 66
AO-07                60834.03660210 60834.04526033 6
AO-07                60834.38596811 60834.39557777 7
AO-07                60834.46186198 60834.47724299 73
AO-07                60834.54095700 60834.55355589 19
AO-07                60834.83976815 60834.84753659 5
AO-07                60834.91308324 60834.92809898 50
AO-07                60834.99191119 60835.00591756 27
AO-07                60835.42082719 60835.43474836 26
AO-07                60835.49863666 60835.51360102 51
AO-07                60835.57920138 60835.58699992 5
AO-07                60835.87313525 60835.88577729 19
AO-07                60835.94942938 60835.96487690 74
AO-07                60836.03105720 60836.04080135 8
AO-07                60836.38151649 60836.39002086 5
AO-07                60836.45694639 60836.47227236 65
AO-07                60836.53588975 60836.54890841 21
AO-07                60836.83555208 60836.84218466 3
AO-07                60836.90827044 60836.92310741 45
AO-07                60836.98678640 60837.00110150 31
AO-07                60837.41603328 60837.42959182 23
AO-07                60837.49365450 60837.50876525 57
AO-07                60837.57392992 60837.58267708 6
AO-07                60837.86852140 60837.88069454 16
AO-07                60837.94448069 60837.95995013 82
AO-07                60838.02561030 60838.03625335 10
AO-07                60838.37721462 60838.38431337 4
AO-07                60838.45204177 60838.46728284 58
AO-07                60838.53083574 60838.54423370 24
AO-07                60838.83149156 60838.83669754 2
AO-07                60838.90347806 60838.91810703 40
AO-07                60838.98168750 60838.99626712 35
AO-07                60839.41126330 60839.42440414 20
AO-07                60839.48868108 60839.50391066 64
AO-07                60839.56871213 60839.57828269 8
AO-07                60839.86394032 60839.87559483 14
AO-07                60839.93955065 60839.95501373 89
AO-07                60840.02023668 60840.03164008 12
AO-07                60840.44714872 60840.46227391 51
AO-07                60840.52579373 60840.53953323 27
AO-07                60840.89870686 60840.91309728 35
AO-07                60840.97661266 60840.99141634 39
AO-07                60841.40652124 60841.41918170 17
AO-07                60841.48371642 60841.49903748 72
AO-07                60841.56353380 60841.57383135 10
AO-07                60841.85939543 60841.87047520 12
AO-07                60841.93463916 60841.95006809 81
AO-07                60842.01492123 60842.02697643 14
AO-07                60842.44226589 60842.45724479 45
AO-07                60842.52076278 60842.53480876 31
AO-07                60842.89395112 60842.90807809 31
AO-07                60842.97156042 60842.98655064 45
AO-07                60843.40181860 60843.41391940 15
AO-07                60843.47876056 60843.49414595 80
AO-07                60843.55838575 60843.56933224 12
AO-07                60843.85489108 60843.86533199 10
AO-07                60843.92974620 60843.94511350 73
AO-07                60844.00965385 60844.02227234 17
AO-07                60844.43739832 60844.45219489 40
AO-07                60844.51574215 60844.53006150 35
AO-07                60844.88922468 60844.90304883 28
AO-07                60844.96652964 60844.98167159 50
AO-07                60845.39714846 60845.40861046 12
AO-07                60845.47381404 60845.48923620 88
AO-07                60845.55326264 60845.56479220 14
AO-07                60845.85043358 60845.86015931 8
AO-07                60845.92487188 60845.94015016 65
AO-07                60846.00442743 60846.01753482 20
AO-07                60846.43254533 60846.44712279 35
AO-07                60846.51073130 60846.52529248 39
AO-07                60846.88452240 60846.89800885 25
AO-07                60846.96151937 60846.97678002 57
AO-07                60847.04460622 60847.05151354 3
AO-07                60847.39252690 60847.40324522 10
AO-07                60847.46887666 60847.48430827 83
AO-07                60847.54816006 60847.56021558 16
AO-07                60847.84609244 60847.85495124 7
AO-07                60847.92001931 60847.93517821 58
AO-07                60847.99923673 60848.01276911 23
AO-07                60848.42770861 60848.44202718 31
AO-07                60848.50572980 60848.52050256 44
AO-07                60848.58673469 60848.59317948 3
AO-07                60848.87984573 60848.89295701 22
AO-07                60848.95652891 60848.97187691 64
AO-07                60849.03887405 60849.04722993 5
AO-07                60849.38796766 60849.39780949 8
AO-07                60849.46394905 60849.47936207 75
AO-07                60849.54307503 60849.55560609 18
AO-07                60849.84176218 60849.84969041 5
AO-07                60849.91518325 60849.93019767 51
AO-07                60849.99407779 60850.00797899 26
AO-07                60850.42289023 60850.43690631 27
AO-07                60850.50073739 60850.51569260 49
LO-19                60832.94436462 60832.95474721 70
LO-19                60833.01501482 60833.02225803 8
LO-19                60833.45779327 60833.46797738 46
LO-19                60833.52727089 60833.53567979 14
LO-19                60833.92192582 60833.93171240 30
LO-19                60833.99095119 60834.00035035 22
LO-19                60834.43538170 60834.44458117 20
LO-19                60834.50394277 60834.51373160 32
LO-19                60834.90002729 60834.90835701 14
LO-19                60834.96760373 60834.97790472 50
LO-19                60835.41354645 60835.42045477 7
LO-19                60835.48092871 60835.49126912 75
LO-19                60835.55160437 60835.55719039 5
LO-19                60835.87904071 60835.88438451 4
LO-19                60835.94473611 60835.95513910 70
LO-19                60836.01540394 60836.02264937 8
LO-19                60836.45818518 60836.46836022 46
LO-19                60836.52766431 60836.53606095 14
LO-19                60836.92231287 60836.93210303 30
LO-19                60836.99133888 60837.00074043 22
LO-19                60837.43577219 60837.44496276 20
LO-19                60837.50433383 60837.51411245 32
LO-19                60837.90041306 60837.90874642 14
LO-19                60837.96799015 60837.97829348 50
LO-19                60838.41393609 60838.42083447 7
LO-19                60838.48131790 60838.49164917 75
LO-19                60838.55199745 60838.55756636 4
LO-19                60838.87936126 60838.88477235 4
LO-19                60838.94512016 60838.95552648 70
LO-19                60839.01578994 60839.02303623 8
LO-19                60839.45857273 60839.46873941 46
LO-19                60839.52805320 60839.53643846 14
LO-19                60839.92269696 60839.93248903 30
LO-19                60839.99172343 60840.00112604 22
LO-19                60840.43615832 60840.44534048 20
LO-19                60840.50472061 60840.51448961 32
LO-19                60840.90079604 60840.90913102 14
LO-19                60840.96837346 60840.97867771 50
LO-19                60841.41432140 60841.42121026 7
LO-19                60841.48170263 60841.49202551 75
LO-19                60841.55238568 60841.55793903 4
LO-19                60841.87974308 60841.88515560 4
LO-19                60841.94550233 60841.95590928 70
LO-19                60842.01617282 60842.02341854 8
LO-19                60842.45895583 60842.46911468 46
LO-19                60842.52843747 60842.53681248 14
LO-19                60842.92307807 60842.93287033 30
LO-19                60842.99210483 60843.00150711 22
LO-19                60843.43654000 60843.44571445 20
LO-19                60843.50510263 60843.51486320 32
LO-19                60843.90117621 60843.90951074 14
LO-19                60843.96875363 60843.97905737 50
LO-19                60844.41470226 60844.42158228 7
LO-19                60844.48208283 60844.49239825 75
LO-19                60844.55276892 60844.55830861 4
LO-19                60844.88012261 60844.88553344 4
LO-19                60844.94588140 60844.95628744 70
LO-19                60845.01655254 60845.02379625 8
LO-19                60845.45933442 60845.46948633 46
LO-19                60845.52881702 60845.53718311 14
LO-19                60845.92345617 60845.93324691 30
LO-19                60845.99248304 60846.00188361 22
LO-19                60846.43691718 60846.44608481 20
LO-19                60846.50548002 60846.51523334 32
LO-19                60846.90155351 60846.90988557 14
LO-19                60846.96913062 60846.97943242 50
LO-19                60847.41507860 60847.42195070 7
LO-19                60847.48245843 60847.49276751 75
LO-19                60847.55314703 60847.55867527 4
LO-19                60847.88049978 60847.88590584 4
LO-19                60847.94625734 60847.95666094 70
LO-19                60848.01692906 60848.02416932 8
LO-19                60848.45970843 60848.46985448 46
LO-19                60848.52919178 60848.53755050 14
LO-19                60848.92383119 60848.93361874 30
LO-19                60848.99285799 60849.00225549 22
LO-19                60849.43728979 60849.44645165 20
LO-19                60849.50585272 60849.51560014 32
LO-19                60849.90192787 60849.91025549 14
LO-19                60849.96950437 60849.97980284 50
LO-19                60850.41545034 60850.42231564 7
LO-19                60850.48282939 60850.49313339 75
LO-19                60850.55351991 60850.55903915 4
LO-19                60850.88093815 60850.88627364 4
LO-19                60850.94663123 60850.95702977 70
LO-19                60851.01730229 60851.02453775 8
LO-19                60851.46007783 60851.47021925 46
LO-19                60851.52956169 60851.53791476 14
LO-19                60851.92420306 60851.93398582 30
LO-19                60851.99322963 60852.00262277 22
LO-19                60852.43765781 60852.44681510 20
LO-19                60852.50622069 60852.51596370 32
LO-19                60852.90229920 60852.91062053 14
LO-19                60852.96987481 60852.98016863 50
LO-19                60853.41581744 60853.42267722 7
LO-19                60853.48319569 60853.49349599 75
LO-19                60853.55388748 60853.55940042 4
LO-19                60853.88131033 60853.88663527 4
LO-19                60853.94700067 60853.95739393 70
FO-29                60833.11609482 60833.12938837 28
FO-29                60833.18865255 60833.20267922 48
FO-29                60833.26408415 60833.27078936 4
FO-29                60833.60875651 60833.61906805 30
FO-29                60833.68191555 60833.69176586 22
FO-29                60834.07955846 60834.08865130 7
FO-29                60834.15024043 60834.16472639 69
FO-29                60834.22389606 60834.23595225 19
FO-29                60834.57229996 60834.57965104 8
FO-29                60834.64287690 60834.65394087 76
FO-29                60834.71891483 60834.72455316 4
FO-29                60835.11248658 60835.12562466 26
FO-29                60835.18493382 60835.19910013 52
FO-29                60835.26010889 60835.26759195 5
FO-29                60835.60506026 60835.61536168 27
FO-29                60835.67802076 60835.68817988 25
FO-29                60836.07614306 60836.08466104 6
FO-29                60836.14657471 60836.16105216 64
FO-29                60836.22012534 60836.23247697 21
FO-29                60836.56874496 60836.57586222 7
FO-29                60836.63909173 60836.65028546 76
FO-29                60836.71473817 60836.72121646 5
FO-29                60837.10889440 60837.12184228 24
FO-29                60837.18122754 60837.19550496 56
FO-29                60837.25618699 60837.26433647 6
FO-29                60837.60136811 60837.61165990 25
FO-29                60837.67413400 60837.68459318 28
FO-29                60838.07277833 60838.08061791 5
FO-29                60838.14292161 60838.15736247 59
FO-29                60838.21637035 60838.22898141 23
FO-29                60838.56520206 60838.57207233 6
FO-29                60838.63531059 60838.64663387 73
FO-29                60838.71061761 60838.71783181 7
FO-29                60839.10531905 60839.11804059 22
FO-29                60839.17753345 60839.19189401 60
FO-29                60839.25230637 60839.26103417 7
FO-29                60839.59768092 60839.60796233 23
FO-29                60839.67025531 60839.68100630 32
FO-29                60840.06947746 60840.07650636 4
FO-29                60840.13928089 60840.15365697 55
FO-29                60840.21263020 60840.22546597 25
FO-29                60840.56172694 60840.56828127 5
FO-29                60840.63153584 60840.64298583 68
FO-29                60840.70651352 60840.71441661 9
FO-29                60841.10176125 60841.11421805 20
FO-29                60841.17385125 60841.18826690 65
FO-29                60841.24845930 60841.25769216 8
FO-29                60841.59399994 60841.60426849 22
FO-29                60841.66638483 60841.67741906 35
FO-29                60842.06626738 60842.07229889 3
FO-29                60842.13565281 60842.14993536 51
FO-29                60842.20890408 60842.22193134 27
FO-29                60842.55821615 60842.56448357 5
FO-29                60842.62776468 60842.63934101 62
FO-29                60842.70246585 60842.71097419 10
FO-29                60843.09822215 60843.11037341 18
FO-29                60843.17018058 60843.18462376 69
FO-29                60843.24464043 60843.25431528 9
FO-29                60843.59032586 60843.60057777 20
FO-29                60843.66252275 60843.67383180 40
FO-29                60844.13203504 60844.14619714 47
FO-29                60844.20519119 60844.21837752 29
FO-29                60844.55472612 60844.56067828 4
FO-29                60844.62399983 60844.63569900 57
FO-29                60844.69844588 60844.70751321 12
FO-29                60845.09470238 60845.10650516 16
FO-29                60845.16652137 60845.18096447 74
FO-29                60845.24084579 60845.25090680 10
FO-29                60845.58665994 60845.59688947 19
FO-29                60845.65866936 60845.67024439 44
FO-29                60846.12843134 60846.14244226 43
FO-29                60846.20149077 60846.21480511 31
FO-29                60846.55126090 60846.55686130 3
FO-29                60846.62024197 60846.63205930 53
FO-29                60846.69444965 60846.70403741 14
FO-29                60847.09120352 60847.10261146 15
FO-29                60847.16287276 60847.17728906 78
FO-29                60847.23707229 60847.24746953 12
FO-29                60847.58300331 60847.59320280 18
FO-29                60847.65482498 60847.66665663 49
FO-29                60848.12483989 60848.13867011 40
FO-29                60848.19780204 60848.21121450 33
FO-29                60848.54782621 60848.55302746 3
FO-29                60848.61649170 60848.62842133 49
FO-29                60848.69047465 60848.70054927 16
FO-29                60849.08772735 60849.09869006 13
FO-29                60849.15923455 60849.17359760 81
FO-29                60849.23331742 60849.24400542 13
FO-29                60849.57935691 60849.58951682 16
FO-29                60849.65099000 60849.66306829 54
FO-29                60850.12126114 60850.13488047 36
FO-29                60850.19412425 60850.20760611 36
FO-29                60850.54443023 60850.54916874 2
FO-29                60850.61274994 60850.62478445 45
FO-29                60850.68651904 60850.69705079 19
FO-29                60851.08428386 60851.09473808 11
FO-29                60851.15560628 60851.16989035 81
FO-29                60851.22957904 60851.24051657 14
FO-29                60851.57572225 60851.58583052 15
SO-50                60833.05623852 60833.06096864 4
SO-50                60833.12293005 60833.13219588 85
SO-50                60833.19430880 60833.20040646 6
SO-50                60833.48229906 60833.48966763 10
SO-50                60833.55082634 60833.56056114 70
SO-50                60833.62262345 60833.62664563 2
SO-50                60834.06759643 60834.07531066 15
SO-50                60834.13619012 60834.14515217 33
SO-50                60834.49481396 60834.50377084 23
SO-50                60834.56413022 60834.57323303 27
SO-50                60835.07991568 60835.08886031 38
SO-50                60835.14994831 60835.15783711 14
SO-50                60835.44002155 60835.44481542 3
SO-50                60835.50762601 60835.51730665 53
SO-50                60835.57786588 60835.58529896 11
SO-50                60836.02572860 60836.03109127 5
SO-50                60836.09277097 60836.10204079 76
SO-50                60836.16440664 60836.17009675 5
SO-50                60836.45203791 60836.45969752 11
SO-50                60836.52068179 60836.53037559 61
SO-50                60837.03728443 60837.04524583 17
SO-50                60837.10608720 60837.11495248 29
SO-50                60837.46459510 60837.47369937 25
SO-50                60837.53402371 60837.54296672 24
SO-50                60838.04968154 60838.05872246 44
SO-50                60838.11991580 60838.12758490 13
SO-50                60838.40963246 60838.41498207 4
SO-50                60838.47743312 60838.48715765 60
SO-50                60838.54783976 60838.55491060 9
SO-50                60838.99524641 60839.00113851 6
SO-50                60839.06259365 60839.07185361 67
SO-50                60839.13450381 60839.13973867 4
SO-50                60839.42176012 60839.42968308 13
SO-50                60839.49051557 60839.50015400 53
SO-50                60840.00696127 60840.01514151 19
SO-50                60840.07596655 60840.08472073 26
SO-50                60840.43435489 60840.44358973 28
SO-50                60840.50389830 60840.51266204 21
SO-50                60841.01943046 60841.02855092 51
SO-50                60841.08986862 60841.09729847 11
SO-50                60841.37924874 60841.38508059 5
SO-50                60841.44721786 60841.45697254 69
SO-50                60841.51780675 60841.52447185 8
SO-50                60841.96477745 60841.97112354 8
SO-50                60842.03239790 60842.04163456 58
SO-50                60842.10460654 60842.10932536 3
SO-50                60842.39146422 60842.39962614 14
SO-50                60842.46032782 60842.46989642 46
SO-50                60842.97662540 60842.98499917 22
SO-50                60843.04582802 60843.05445727 23
SO-50                60843.40409298 60843.41344250 32
SO-50                60843.47375461 60843.48231878 19
SO-50                60843.98916200 60843.99834619 59
SO-50                60844.05980749 60844.06697668 10
SO-50                60844.34886213 60844.35511983 6
SO-50                60844.41698042 60844.42675156 78
SO-50                60844.48783383 60844.49397689 6
SO-50                60844.93431305 60844.94105408 9
SO-50                60845.00218362 60845.01138380 50
SO-50                60845.07482236 60845.07884489 2
SO-50                60845.36114927 60845.36952786 16
SO-50                60845.43011871 60845.43960284 41
SO-50                60845.94627554 60845.95482003 25
SO-50                60846.01567176 60846.02416173 21
SO-50                60846.37380903 60846.38325818 35
SO-50                60846.44359338 60846.45193609 17
SO-50                60846.95887551 60846.96810867 68
SO-50                60847.02973334 60847.03661886 9
SO-50                60847.31846738 60847.32510519 7
SO-50                60847.38672057 60847.39649495 87
SO-50                60847.45780895 60847.46342159 5
SO-50                60847.90384754 60847.91093552 11
SO-50                60847.97195049 60847.98110148 44
SO-50                60848.33081449 60848.33938932 18
SO-50                60848.39988825 60848.40927319 36
SO-50                60848.91591066 60848.92460503 28
SO-50                60848.98549793 60848.99383405 19
SO-50                60849.34350288 60849.35303724 40
SO-50                60849.41341549 60849.42151319 15
SO-50                60849.86239826 60849.86619661 2
SO-50                60849.92857163 60849.93783873 77
SO-50                60849.99964735 60850.00622374 7
SO-50                60850.28806090 60850.29504068 8
SO-50                60850.35643833 60850.36620290 81
SO-50                60850.42779976 60850.43279433 4
SO-50                60850.87337681 60850.88077168 12
SO-50                60850.94169861 60850.95078770 39
SO-50                60851.30045922 60851.30921139 20
SO-50                60851.36963702 60851.37890738 32
SO-50                60851.88552988 60851.89435502 32
SO-50                60851.95530671 60851.96347404 17
SO-50                60852.24587204 60852.24984075 2
SO-50                60852.31317447 60852.32278007 45
SO-50                60852.38322204 60852.39104902 13
SO-50                60852.83165452 60852.83623802 3
SO-50                60852.89824824 60852.90753668 86
SO-50                60852.96955109 60852.97578969 6
SO-50                60853.25763966 60853.26493195 9
SO-50                60853.32613479 60853.33587555 72
HO-68                60833.28910592 60833.30144883 25
HO-68                60833.36348757 60833.37666541 45
HO-68                60833.44112770 60833.44624567 2
HO-68                60833.72225683 60833.73000813 6
HO-68                60833.79327458 60833.80670348 62
HO-68                60833.86930617 60833.88057658 17
HO-68                60834.27767028 60834.28910459 18
HO-68                60834.35158175 60834.36507952 61
HO-68                60834.42830506 60834.43603522 6
HO-68                60834.71209003 60834.71720775 2
HO-68                60834.78168272 60834.79480080 45
HO-68                60834.85694660 60834.86915232 24
HO-68                60835.26640194 60835.27655109 11
HO-68                60835.33972995 60835.35338698 82
HO-68                60835.41587660 60835.42534354 10
HO-68                60835.77020172 60835.78284181 33
HO-68                60835.84474860 60835.85760736 34
HO-68                60836.25541645 60836.26367829 6
HO-68                60836.32793371 60836.34159029 74
HO-68                60836.40363102 60836.41438576 15
HO-68                60836.75884491 60836.77082037 24
HO-68                60836.83268330 60836.84597141 47
HO-68                60837.24504625 60837.25012698 2
HO-68                60837.31619773 60837.32968790 54
HO-68                60837.39149944 60837.40323714 22
HO-68                60837.74762398 60837.75872379 17
HO-68                60837.82073448 60837.83426164 66
HO-68                60837.89922744 60837.90631493 5
HO-68                60838.30452762 60838.31767360 39
HO-68                60838.37945045 60838.39193583 30
HO-68                60838.73658309 60838.74652784 12
HO-68                60838.80889338 60838.82248890 88
HO-68                60838.88614223 60838.89551405 9
HO-68                60839.29294162 60839.30553466 28
HO-68                60839.36746788 60839.38050416 40
HO-68                60839.72577221 60839.73418245 7
HO-68                60839.79715701 60839.81065932 69
HO-68                60839.87347137 60839.88434479 15
HO-68                60840.28146144 60840.29324868 20
HO-68                60840.35554328 60840.36895570 55
HO-68                60840.43251866 60840.43950578 5
HO-68                60840.71539372 60840.72155927 4
HO-68                60840.78552801 60840.79877547 50
HO-68                60840.86104589 60840.87297236 22
HO-68                60841.27012796 60841.28077488 13
HO-68                60841.34367337 60841.35729886 75
HO-68                60841.41999594 60841.42893827 9
HO-68                60841.77400680 60841.78683642 37
HO-68                60841.84879655 60841.86146477 31
HO-68                60842.25902917 60842.26803112 8
HO-68                60842.33185799 60842.34553748 82
HO-68                60842.40769944 60842.41805908 13
HO-68                60842.76260541 60842.77483782 27
HO-68                60842.83668793 60842.84985768 42
HO-68                60843.24836350 60843.25479767 3
HO-68                60843.32010090 60843.33367142 60
HO-68                60843.39553399 60843.40696972 19
HO-68                60843.75133254 60843.76276934 20
HO-68                60843.82470029 60843.83817181 59
HO-68                60843.90378185 60843.90973912 3
HO-68                60844.30840639 60844.32169618 44
HO-68                60844.38345946 60844.39571711 27
HO-68                60844.74022709 60844.75061177 14
HO-68                60844.81282269 60844.82641992 80
HO-68                60844.89044626 60844.89916252 8
HO-68                60845.29679037 60845.30960151 32
HO-68                60845.37145570 60845.38432757 36
HO-68                60845.72932740 60845.73832681 9
HO-68                60845.80105036 60845.81460955 76
HO-68                60845.87766269 60845.88809104 13
HO-68                60846.28527075 60846.29736909 23
HO-68                60846.35951216 60846.37281766 49
HO-68                60846.43679069 60846.44290706 3
HO-68                60846.71879291 60846.72582655 5
HO-68                60846.78938473 60846.80274443 56
HO-68                60846.86516383 60846.87677776 19
HO-68                60847.27388116 60847.28496575 16
HO-68                60847.34762395 60847.36119689 67
HO-68                60847.42414116 60847.43249633 7
HO-68                60847.77782461 60847.79082497 41
HO-68                60847.85285927 60847.86531137 27
HO-68                60848.26269060 60848.27232824 10
HO-68                60848.33578982 60848.34947073 89
HO-68                60848.41178363 60848.42170666 12
HO-68                60848.76638056 60848.77884779 30
HO-68                60848.84070520 60848.85373558 38
HO-68                60849.25183055 60849.25930754 5
HO-68                60849.32401232 60849.33764040 67
HO-68                60849.39957984 60849.41068175 17
HO-68                60849.75506555 60849.76680515 22
HO-68                60849.82867760 60849.84207499 53
HO-68                60850.31229522 60850.32570300 49
HO-68                60850.38747746 60850.39948080 24
HO-68                60850.74389414 60850.75468156 16
HO-68                60850.81676302 60850.83034479 72
HO-68                60850.89480579 60850.90276042 6
HO-68                60851.30065126 60851.31365056 35
HO-68                60851.37545129 60851.38813551 33
HO-68                60851.73291612 60851.74244735 10
AO-73                60833.30391935 60833.31049365 9
AO-73                60833.36892343 60833.37736265 40
AO-73                60833.81215227 60833.82013120 34
AO-73                60833.87894050 60833.88521866 9
AO-73                60834.30282775 60834.30928692 9
AO-73                60834.36776268 60834.37624621 42
AO-73                60834.81102381 60834.81896150 32
AO-73                60834.87771822 60834.88411647 10
AO-73                60835.30172316 60835.30805855 8
AO-73                60835.36658601 60835.37511140 45
AO-73                60835.80987930 60835.81777395 30
AO-73                60835.87648050 60835.88299575 11
AO-73                60836.30060598 60836.30680814 8
AO-73                60836.36539343 60836.37395814 48
AO-73                60836.80871919 60836.81656848 29
AO-73                60836.87522733 60836.88185652 11
AO-73                60837.29947662 60837.30553522 7
AO-73                60837.36418500 60837.37278636 51
AO-73                60837.80754357 60837.81534506 27
AO-73                60837.87395865 60837.88069885 12
AO-73                60838.29833562 60838.30423932 7
AO-73                60838.36296077 60838.37159597 54
AO-73                60838.80635255 60838.81410363 26
AO-73                60838.87267457 60838.87952276 13
AO-73                60839.29718352 60839.30291955 6
AO-73                60839.36172083 60839.37038694 57
AO-73                60839.80514586 60839.81284413 24
AO-73                60839.87137509 60839.87832828 14
AO-73                60840.29602107 60840.30157550 6
AO-73                60840.36046505 60840.36915917 61
AO-73                60840.80392436 60840.81156643 23
AO-73                60840.87006013 60840.87711546 15
AO-73                60841.29484937 60841.30020608 5
AO-73                60841.35919364 60841.36791261 65
AO-73                60841.80268822 60841.81027057 22
AO-73                60841.86872975 60841.87588430 15
AO-73                60842.29366895 60842.29881020 5
AO-73                60842.35790660 60842.36664718 70
AO-73                60842.80143675 60842.80895640 20
AO-73                60842.86738397 60842.87463481 16
AO-73                60843.29248148 60843.29738649 4
AO-73                60843.35660397 60843.36536279 74
AO-73                60843.80017051 60843.80762403 19
AO-73                60843.86602282 60843.87336700 18
AO-73                60844.29128850 60844.29593299 4
AO-73                60844.35528579 60844.36405939 79
AO-73                60844.42312043 60844.42694628 2
AO-73                60844.79888963 60844.80627299 18
AO-73                60844.86464630 60844.87208071 19
AO-73                60845.29009269 60845.29444734 3
AO-73                60845.35395211 60845.36273688 84
AO-73                60845.42165187 60845.42579228 3
AO-73                60845.79759429 60845.80490335 17
AO-73                60845.86325447 60845.87077631 20
AO-73                60846.28889718 60846.29292609 3
AO-73                60846.35260297 60846.36139520 88
AO-73                60846.42017892 60846.42460812 3
AO-73                60846.79628465 60846.80351498 16
AO-73                60846.86184737 60846.86945361 21
AO-73                60847.28770696 60847.29136375 2
AO-73                60847.35123843 60847.36003425 84
AO-73                60847.41869932 60847.42339604 4
AO-73                60847.79496089 60847.80210777 15
AO-73                60847.86042503 60847.86811266 23
AO-73                60848.34985856 60848.35865397 79
AO-73                60848.41721143 60848.42215765 4
AO-73                60848.79362323 60848.80068156 14
AO-73                60848.85898749 60848.86675336 24
AO-73                60849.34846335 60849.35725426 74
AO-73                60849.41571396 60849.42089398 5
AO-73                60849.79227188 60849.79923620 14
AO-73                60849.85753498 60849.86537576 26
AO-73                60850.34705059 60850.35583503 69
AO-73                60850.41420627 60850.41960614 6
AO-73                60850.79090707 60850.79777149 13
AO-73                60850.85606718 60850.86397985 28
AO-73                60851.34562472 60851.35439621 64
AO-73                60851.41268727 60851.41829466 6
AO-73                60851.78952908 60851.79628721 12
AO-73                60851.85458431 60851.86256562 30
AO-73                60852.34418369 60852.35293769 60
AO-73                60852.41115654 60852.41696013 7
AO-73                60852.78813817 60852.79478315 11
AO-73                60852.85308643 60852.86113304 32
AO-73                60853.34272757 60853.35145939 55
AO-73                60853.40961358 60853.41560297 7
AO-73                60853.78673468 60853.79325903 10
AO-73                60853.85157360 60853.85968210 34
AO-73                60854.34125641 60854.34996119 51
AO-73                60854.40805798 60854.41422372 8
AO-73                60854.78531896 60854.79171456 10
AO-73                60854.85004586 60854.85821278 37
AO-73                60855.33977030 60855.34844300 48
AO-73                60855.40648941 60855.41282244 9
AO-73                60855.78389140 60855.79014939 9
AO-73                60855.84850329 60855.85672506 40
AO-73                60856.33826931 60856.34690470 44
AO-73                60856.40490758 60856.41139947 9
AO-73                60856.78245246 60856.78856312 8
TITA                 60833.09201680 60833.09937677 20
TITA                 60833.15764614 60833.16464033 15
TITA                 60833.58088751 60833.58469069 2
TITA                 60833.64425888 60833.65272316 85
TITA                 60833.71166863 60833.71534831 2
TITA                 60834.08560441 60834.09256151 15
TITA                 60834.15075710 60834.15816068 21
TITA                 60834.63760338 60834.64606360 69
TITA                 60834.70445411 60834.70941778 5
TITA                 60835.07924626 60835.08568704 11
TITA                 60835.14391666 60835.15162278 29
TITA                 60835.63096853 60835.63934817 48
TITA                 60835.69740055 60835.70328184 8
TITA                 60836.07295845 60836.07873821 8
TITA                 60836.13707547 60836.14503090 40
TITA                 60836.62435506 60836.63257476 34
TITA                 60836.69043147 60836.69701838 11
TITA                 60837.06677109 60837.07168603 5
TITA                 60837.13031282 60837.13839596 58
TITA                 60837.61776705 60837.62573972 25
TITA                 60837.68351592 60837.69065896 15
TITA                 60838.06075518 60838.06445881 2
TITA                 60838.12358495 60838.13171780 85
TITA                 60838.61120999 60838.61883712 19
TITA                 60838.67664420 60838.68422702 20
TITA                 60839.11689023 60839.12499797 67
TITA                 60839.18455483 60839.18867854 3
TITA                 60839.60469319 60839.61185795 14
TITA                 60839.66979581 60839.67771865 27
TITA                 60840.11022919 60840.11823680 46
TITA                 60840.17718056 60840.18249965 6
TITA                 60840.59823191 60840.60478680 10
TITA                 60840.66292766 60840.67114367 36
TITA                 60841.10360334 60841.11143346 33
TITA                 60841.16997659 60841.17614114 9
TITA                 60841.59185244 60841.59759648 7
TITA                 60841.65612294 60841.66451264 51
TITA                 60842.09701565 60842.10458567 24
TITA                 60842.16287408 60842.16967156 13
TITA                 60842.58561232 60842.59022860 4
TITA                 60842.64933723 60842.65782431 72
TITA                 60843.09047140 60843.09768963 18
TITA                 60843.15584327 60843.16312101 18
TITA                 60843.64257020 60843.65107956 80
TITA                 60843.70962781 60843.71413344 4
TITA                 60844.08397748 60844.09073822 13
TITA                 60844.14886793 60844.15650535 25
TITA                 60844.63581976 60844.64427806 57
TITA                 60844.70241165 60844.70796647 6
TITA                 60845.07754682 60845.08372008 9
TITA                 60845.14193865 60845.14983469 35
TITA                 60845.62909235 60845.63741822 40
TITA                 60845.69530443 60845.70164596 9
TITA                 60846.07120132 60846.07661408 6
TITA                 60846.13500719 60846.14311198 50
TITA                 60846.62238936 60846.63049698 29
TITA                 60846.68826218 60846.69521696 13
TITA                 60847.06498674 60847.06937513 4
TITA                 60847.12815445 60847.13634716 73
TITA                 60847.61571624 60847.62350922 21
TITA                 60847.68127001 60847.68870812 18
TITA                 60848.12133684 60848.12953934 77
TITA                 60848.18930920 60848.19294549 2
TITA                 60848.60908053 60848.61644696 16
TITA                 60848.67430504 60848.68211786 24
TITA                 60849.11455386 60849.12268943 53
TITA                 60849.18172396 60849.18676584 5
TITA                 60849.60249571 60849.60929689 11
TITA                 60849.66736604 60849.67546065 32
TITA                 60850.10780668 60850.11579708 37
TITA                 60850.17436004 60850.18035595 8
TITA                 60850.59598381 60850.60203637 8
TITA                 60850.66040575 60850.66873830 45
TITA                 60851.10109806 60851.10886065 27
TITA                 60851.16711623 60851.17381704 12
TITA                 60851.58958990 60851.59461930 5
TITA                 60851.65350891 60851.66195991 64
TITA                 60852.09443147 60852.10187691 20
TITA                 60852.15995376 60852.16718785 17
TITA                 60852.64663155 60852.65512353 86
TITA                 60852.71386983 60852.71793027 3
TITA                 60853.08781386 60853.09483988 15
TITA                 60853.15285258 60853.16048811 23
TITA                 60853.63977156 60853.64822920 63
TITA                 60853.70648923 60853.71173006 6
TITA                 60854.08125589 60854.08774016 11
TITA                 60854.14580146 60854.15372979 32
TITA                 60854.63293465 60854.64127565 44
TITA                 60854.69924621 60854.70534646 8
TITA                 60855.07477552 60855.08056060 7
TITA                 60855.13875118 60855.14691681 46
TITA                 60855.62612215 60855.63426010 31
TITA                 60855.69207995 60855.69884144 12
TITA                 60856.06840783 60856.07326735 5
TITA                 60856.13178143 60856.14006008 67
TITA                 60856.61933921 60856.62717778 23
TITA                 60856.68496427 60856.69224259 16
TITA                 60857.06224075 60857.06577147 2
TITA                 60857.12484881 60857.13315908 84
NOAA-15              60832.93958487 60832.94635882 7
NOAA-15              60833.00642486 60833.01695237 86
NOAA-15              60833.07829154 60833.08417684 5
NOAA-15              60833.45533126 60833.46052168 3
NOAA-15              60833.52219348 60833.53281867 74
NOAA-15              60833.59255903 60833.60002191 9
NOAA-15              60833.98845349 60833.99876927 49
NOAA-15              60834.05874504 60834.06716327 13
NOAA-15              60834.50421909 60834.51450922 38
NOAA-15              60834.57382089 60834.58293980 18
NOAA-15              60834.97076566 60834.98041595 26
NOAA-15              60835.03987108 60835.04959692 26
NOAA-15              60835.48646418 60835.49588268 20
NOAA-15              60835.55535289 60835.56544489 34
NOAA-15              60835.95341984 60835.96185086 14
NOAA-15              60836.02137483 60836.03174813 49
NOAA-15              60836.46905380 60836.47681463 10
NOAA-15              60836.53707067 60836.54763895 65
NOAA-15              60836.60837960 60836.61350068 4
NOAA-15              60836.93657863 60836.94292964 6
NOAA-15              60837.00317405 60837.01370247 85
NOAA-15              60837.07471305 60837.08118917 6
NOAA-15              60837.45247829 60837.45680256 2
NOAA-15              60837.51895315 60837.52955659 66
NOAA-15              60837.58916928 60837.59699334 10
NOAA-15              60837.98524823 60837.99548876 44
NOAA-15              60838.05531869 60838.06403522 15
NOAA-15              60838.50101011 60838.51119369 34
NOAA-15              60838.57048853 60838.57982313 21
NOAA-15              60838.96761195 60838.97710140 23
NOAA-15              60839.03651942 60839.04640670 29
NOAA-15              60839.48330081 60839.49250025 18
NOAA-15              60839.55205489 60839.56226660 38
NOAA-15              60839.95033471 60839.95848824 12
NOAA-15              60840.01807623 60840.02851750 56
NOAA-15              60840.46597627 60840.47332458 8
NOAA-15              60840.53380023 60840.54440831 73
NOAA-15              60840.60486778 60840.61060656 5
NOAA-15              60840.93361788 60840.93946663 5
NOAA-15              60840.99992163 60841.01043962 76
NOAA-15              60841.07116476 60841.07815638 7
NOAA-15              60841.51571035 60841.52627561 59
NOAA-15              60841.58578525 60841.59393607 12
NOAA-15              60841.98204187 60841.99219516 39
NOAA-15              60842.05189815 60842.06088612 17
NOAA-15              60842.49780038 60842.50785744 30
NOAA-15              60842.56715556 60842.57668481 23
NOAA-15              60842.96445942 60842.97377221 21
NOAA-15              60843.03316838 60843.04320092 32
NOAA-15              60843.48014126 60843.48909264 16
NOAA-15              60843.54875454 60843.55906875 42
NOAA-15              60843.94725615 60843.95510641 11
NOAA-15              60844.01477677 60844.02527322 63
NOAA-15              60844.46291756 60844.46979402 7
NOAA-15              60844.53052688 60844.54115892 82
NOAA-15              60844.60138588 60844.60765901 6
NOAA-15              60844.93074210 60844.93596194 4
NOAA-15              60844.99666905 60845.00716372 68
NOAA-15              60845.06763861 60845.07508655 9
NOAA-15              60845.51246308 60845.52297543 52
NOAA-15              60845.58240514 60845.59085217 14
NOAA-15              60845.97883532 60845.98888804 35
NOAA-15              60846.04848274 60846.05771750 19
NOAA-15              60846.49459039 60846.50450003 27
NOAA-15              60846.56382142 60846.57352526 25
NOAA-15              60846.96130897 60846.97042773 19
NOAA-15              60847.02981783 60847.03997989 36
NOAA-15              60847.47698682 60847.48565854 14
NOAA-15              60847.54545128 60847.55585163 48
NOAA-15              60847.94418626 60847.95170327 9
NOAA-15              60848.01147623 60848.02201552 71
NOAA-15              60848.08399950 60848.08869011 3
NOAA-15              60848.45988444 60848.46621548 5
NOAA-15              60848.52725070 60848.53789064 87
NOAA-15              60848.59789172 60848.60467027 7
NOAA-15              60848.92785887 60848.93239991 3
NOAA-15              60848.99341457 60849.00387437 60
NOAA-15              60849.06412949 60849.07198476 10
NOAA-15              60849.50921550 60849.51965547 46
NOAA-15              60849.57902742 60849.58774289 15
NOAA-15              60849.97562899 60849.98556705 31
NOAA-15              60850.04507132 60850.05452991 21
NOAA-15              60850.49138067 60850.50112064 24
NOAA-15              60850.56048559 60850.57034486 28
NOAA-15              60850.95816164 60850.96706696 17
NOAA-15              60851.02646772 60851.03674375 41
NOAA-15              60851.47383892 60851.48219574 12
NOAA-15              60851.54214511 60851.55261521 53
NOAA-15              60851.94112773 60851.94827664 8
NOAA-15              60852.00817503 60852.01874391 80
NOAA-15              60852.08027612 60852.08577503 4
NOAA-15              60852.45688822 60852.46257744 4
NOAA-15              60852.52397148 60852.53460336 80
NOAA-15              60852.59444302 60852.60164102 8
NOAA-15              60852.99015936 60853.00057173 53
NOAA-15              60853.06060225 60853.06885735 12
NOAA-15              60853.50596598 60853.51631575 41
NOAA-15              60853.57565082 60853.58460931 17
NOAA-15              60853.97242353 60853.98223171 28
NOAA-18              60833.07824849 60833.08352105 4
NOAA-18              60833.14457489 60833.15544565 63
NOAA-18              60833.21592186 60833.22416141 11
NOAA-18              60833.66521396 60833.67598129 56
NOAA-18              60833.73583742 60833.74436352 13
NOAA-18              60834.13574845 60834.14642395 46
NOAA-18              60834.20645447 60834.21558658 16
NOAA-18              60834.65634156 60834.66690418 40
NOAA-18              60834.72661176 60834.73586954 18
NOAA-18              60835.12699118 60835.13736163 34
NOAA-18              60835.19711399 60835.20690771 21
NOAA-18              60835.64752121 60835.65775216 30
NOAA-18              60835.71744925 60835.72727616 24
NOAA-18              60836.11830828 60836.12825514 25
NOAA-18              60836.18787330 60836.19815173 29
NOAA-18              60836.63876060 60836.64851572 22
NOAA-18              60836.70833770 60836.71859806 33
NOAA-18              60837.10970834 60837.11909795 19
NOAA-18              60837.17871669 60837.18933468 40
NOAA-18              60837.63007566 60837.63917985 16
NOAA-18              60837.69927013 60837.70984399 45
NOAA-18              60838.10120511 60838.10987853 14
NOAA-18              60838.16963464 60838.18046605 55
NOAA-18              60838.62149196 60838.62971765 11
NOAA-18              60838.69024280 60838.70101965 61
NOAA-18              60838.76229108 60838.76729238 3
NOAA-18              60839.09282142 60839.10057658 10
NOAA-18              60839.16062153 60839.17155231 75
NOAA-18              60839.23350970 60839.23909077 4
NOAA-18              60839.61305956 60839.62007839 7
NOAA-18              60839.68125413 60839.69212824 84
NOAA-18              60839.75264462 60839.75930239 6
NOAA-18              60840.08459250 60840.09115124 6
NOAA-18              60840.15167452 60840.16259720 80
NOAA-18              60840.22363622 60840.23087636 7
NOAA-18              60840.60490171 60840.61013569 3
NOAA-18              60840.67230456 60840.68317072 72
NOAA-18              60840.74323408 60840.75105765 10
NOAA-18              60841.07670479 60841.08150021 3
NOAA-18              60841.14279426 60841.15360257 59
NOAA-18              60841.21400080 60841.22241835 12
NOAA-18              60841.66339410 60841.67414609 52
NOAA-18              60841.73394052 60841.74265542 14
NOAA-18              60842.13397884 60842.14456850 43
NOAA-18              60842.20455867 60842.21381578 17
NOAA-18              60842.65452983 60842.66505116 38
NOAA-18              60842.72472613 60842.73413609 19
NOAA-18              60843.12523351 60843.13549303 32
NOAA-18              60843.19523677 60843.20511585 23
NOAA-18              60843.64571734 60843.65587950 28
NOAA-18              60843.71557167 60843.72552109 26
NOAA-18              60844.11656424 60844.12637233 24
NOAA-18              60844.18601088 60844.19634264 31
NOAA-18              60844.63696722 60844.64662107 20
NOAA-18              60844.70646637 60844.71682351 35
NOAA-18              60845.10798057 60845.11719873 17
NOAA-18              60845.17686681 60845.18751052 43
NOAA-18              60845.62829711 60845.63725864 15
NOAA-18              60845.69740397 60845.70805149 48
NOAA-18              60846.09949780 60846.10795912 13
NOAA-18              60846.16779595 60846.17862843 59
NOAA-18              60846.61973582 60846.62776237 10
NOAA-18              60846.68838143 60846.69921006 66
NOAA-18              60846.76026464 60846.76570564 4
NOAA-18              60847.09114219 60847.09862999 9
NOAA-18              60847.15879342 60847.16970212 81
NOAA-18              60847.23146276 60847.23741967 5
NOAA-18              60847.61134176 60847.61807250 6
NOAA-18              60847.67939746 60847.69030184 88
NOAA-18              60847.75067482 60847.75764241 7
NOAA-18              60848.08295686 60848.08916211 5
NOAA-18              60848.14985652 60848.16073493 75
NOAA-18              60848.22165480 60848.22913741 8
NOAA-18              60848.60327191 60848.60802820 3
NOAA-18              60848.67045295 60848.68132745 67
NOAA-18              60848.74129211 60848.74935506 11
NOAA-18              60849.07516510 60849.07941850 2
NOAA-18              60849.14098669 60849.15172831 55
NOAA-18              60849.21205430 60849.22064156 13
NOAA-18              60849.66154808 60849.67228542 49
NOAA-18              60849.73201510 60849.74092200 15
NOAA-18              60850.13218214 60850.14268186 40
NOAA-18              60850.20263588 60850.21201289 18
NOAA-18              60850.65269057 60850.66317188 35
NOAA-18              60850.72281188 60850.73237762 21
NOAA-18              60851.12344902 60851.13359353 30
NOAA-18              60851.19333172 60851.20329287 24
NOAA-18              60851.64388679 60851.65398015 26
NOAA-18              60851.71366564 60851.72374101 28
NOAA-18              60852.11479376 60852.12445834 22
NOAA-18              60852.18412013 60852.19450306 33
NOAA-18              60852.63514830 60852.64469860 19
NOAA-18              60852.70456687 60852.71502388 38
NOAA-18              60853.10622700 60853.11526776 16
NOAA-18              60853.17498826 60853.18565645 45
NOAA-18              60853.62649467 60853.63530821 14
NOAA-18              60853.69551023 60853.70623366 51
NOAA-18              60854.09776592 60854.10600723 12
NOAA-18              60854.16592839 60854.17676128 63
NOAA-19              60833.08057395 60833.09062500 28
NOAA-19              60833.15036809 60833.16037740 26
NOAA-19              60833.60105499 60833.61115262 25
NOAA-19              60833.67075935 60833.68102306 30
NOAA-19              60834.07208896 60834.08165194 21
NOAA-19              60834.14133498 60834.15174335 35
NOAA-19              60834.59249310 60834.60202342 18
NOAA-19              60834.66183904 60834.67245179 40
NOAA-19              60835.06369153 60835.07262365 16
NOAA-19              60835.13237802 60835.14305520 48
NOAA-19              60835.58401727 60835.59278439 13
NOAA-19              60835.65295852 60835.66381049 55
NOAA-19              60835.72525734 60835.72970896 2
NOAA-19              60836.05539927 60836.06352499 11
NOAA-19              60836.12349026 60836.13432045 66
NOAA-19              60836.19695255 60836.20135706 2
NOAA-19              60836.57566171 60836.58339992 9
NOAA-19              60836.64411544 60836.65510293 75
NOAA-19              60836.71568147 60836.72198442 5
NOAA-19              60837.04724314 60837.05432749 7
NOAA-19              60837.11466781 60837.12554381 88
NOAA-19              60837.18702333 60837.19350606 6
NOAA-19              60837.56750082 60837.57379467 5
NOAA-19              60837.63530963 60837.64633080 82
NOAA-19              60837.70638688 60837.71395683 9
NOAA-19              60838.03934207 60838.04496956 4
NOAA-19              60838.10591047 60838.11672794 68
NOAA-19              60838.17747291 60838.18529861 9
NOAA-19              60838.62654280 60838.63749394 60
NOAA-19              60838.69722468 60838.70575605 13
NOAA-19              60839.09721531 60839.10787373 50
NOAA-19              60839.16808978 60839.17691599 14
NOAA-19              60839.61781491 60839.62859019 44
NOAA-19              60839.68814844 60839.69743074 17
NOAA-19              60840.08858610 60840.09898040 37
NOAA-19              60840.15887126 60840.16841761 19
NOAA-19              60840.60913539 60840.61961499 32
NOAA-19              60840.67913546 60840.68900575 23
NOAA-19              60841.08002765 60841.09004522 27
NOAA-19              60841.14975673 60841.15983707 27
NOAA-19              60841.60051080 60841.61056076 24
NOAA-19              60841.67017316 60841.68049603 31
NOAA-19              60842.07154701 60842.08106290 20
NOAA-19              60842.14072822 60842.15119235 36
NOAA-19              60842.59195443 60842.60141466 18
NOAA-19              60842.66125427 60842.67191097 42
NOAA-19              60843.06315560 60843.07202413 15
NOAA-19              60843.13177487 60843.14249466 49
NOAA-19              60843.58348687 60843.59215547 12
NOAA-19              60843.65237475 60843.66325636 57
NOAA-19              60843.72456217 60843.72930018 3
NOAA-19              60844.05487192 60844.06291277 11
NOAA-19              60844.12289016 60844.13375103 68
NOAA-19              60844.19617773 60844.20093862 3
NOAA-19              60844.57514581 60844.58274468 8
NOAA-19              60844.64353255 60844.65453574 77
NOAA-19              60844.71502863 60844.72151838 6
NOAA-19              60845.04672886 60845.05369830 7
NOAA-19              60845.11407047 60845.12496594 88
NOAA-19              60845.18631418 60845.19301602 6
NOAA-19              60845.56701384 60845.57309829 5
NOAA-19              60845.63472791 60845.64575057 79
NOAA-19              60845.70575133 60845.71345980 9
NOAA-19              60846.03885284 60846.04431267 4
NOAA-19              60846.10531589 60846.11614182 66
NOAA-19              60846.17676086 60846.18477875 10
NOAA-19              60846.62596219 60846.63690046 58
NOAA-19              60846.69659811 60846.70523637 13
NOAA-19              60847.09662350 60847.10727937 48
NOAA-19              60847.16742162 60847.17637306 15
NOAA-19              60847.61723592 60847.62798300 42
NOAA-19              60847.68752707 60847.69689242 18
NOAA-19              60848.08799786 60848.09837763 35
NOAA-19              60848.15821278 60848.16785922 20
NOAA-19              60848.60855902 60848.61899328 31
NOAA-19              60848.67851727 60848.68845106 24
NOAA-19              60849.07944352 60849.08943361 26
NOAA-19              60849.14910511 60849.15926602 28
NOAA-19              60849.59993839 60849.60992312 23
NOAA-19              60849.66955698 60849.67992634 32
NOAA-19              60850.07096807 60850.08044168 20
NOAA-19              60850.14008180 60850.15061030 38
NOAA-19              60850.59138816 60850.60075895 17
NOAA-19              60850.66063942 60850.67132706 43
NOAA-19              60851.06258354 60851.07139198 15
NOAA-19              60851.13113266 60851.14190278 52
NOAA-19              60851.58293042 60851.59147789 12
NOAA-19              60851.65176086 60851.66265878 59
NOAA-19              60851.72384745 60851.72883926 3
NOAA-19              60852.05430950 60852.06226732 10
NOAA-19              60852.12225159 60852.13314996 71
NOAA-19              60852.19537026 60852.20048192 3
NOAA-19              60852.57460632 60852.58203792 8
NOAA-19              60852.64291958 60852.65392472 80
NOAA-19              60852.71434923 60852.72100663 6
NOAA-19              60853.04618122 60853.05303481 7
NOAA-19              60853.11343530 60853.12435609 85
NOAA-19              60853.18556677 60853.19249394 7
NOAA-19              60853.56650931 60853.57234389 4
METOA                60833.11316514 60833.11779843 3
METOA                60833.17681161 60833.18699268 61
METOA                60833.24529760 60833.25296717 10
METOA                60833.67768070 60833.68511896 18
METOA                60833.74474380 60833.75211624 18
METOA                60834.12953225 60834.13692041 10
METOA                60834.19477405 60834.20500237 68
METOA                60834.26502170 60834.26957267 3
METOA                60834.69537080 60834.70351857 40
METOA                60834.76332514 60834.76921949 8
METOA                60835.14659442 60835.15549070 19
METOA                60835.21301261 60835.22282953 34
METOA                60835.71329539 60835.72158657 77
METOA                60836.16404472 60836.17379968 36
METOA                60836.23157615 60836.24042058 18
METOA                60836.66509992 60836.67137436 9
METOA                60836.73141498 60836.73935095 32
METOA                60837.11770788 60837.12304022 4
METOA                60837.18179308 60837.19192074 72
METOA                60837.25064867 60837.25762025 8
METOA                60837.68251142 60837.69010015 21
METOA                60837.74979694 60837.75678136 15
METOA                60838.13427769 60838.14196921 11
METOA                60838.19981375 60838.20986976 57
METOA                60838.70024567 60838.70840588 50
METOA                60838.76848078 60838.77372052 6
METOA                60839.15143251 60839.16045276 22
METOA                60839.21811979 60839.22762580 28
METOA                60839.65289361 60839.65713513 3
METOA                60839.71820154 60839.72639069 63
METOA                60840.16894866 60840.17869770 42
METOA                60840.23681397 60840.24511508 14
METOA                60840.66979012 60840.67642792 11
METOA                60840.73639574 60840.74407085 26
METOA                60841.12229334 60841.12813158 5
METOA                60841.18675364 60841.19676041 81
METOA                60841.25603929 60841.26212458 6
METOA                60841.68727744 60841.69502935 26
METOA                60841.75478136 60841.76138239 12
METOA                60842.13901558 60842.14691695 13
METOA                60842.20483315 60842.21464725 47
METOA                60842.70505206 60842.71324507 63
METOA                60842.77360193 60842.77813416 4
METOA                60843.15625137 60843.16532408 25
METOA                60843.22321105 60843.23232684 24
METOA                60843.65734188 60843.66236670 5
METOA                60843.72303809 60843.73114783 50
METOA                60844.17382782 60844.18350868 49
METOA                60844.24201513 60844.24970041 11
METOA                60844.67442625 60844.68142207 14
METOA                60844.74126553 60844.74873981 22
METOA                60845.12689118 60845.13310066 6
METOA                60845.19168879 60845.20151350 77
METOA                60845.26150774 60845.26643843 3
METOA                60845.69197892 60845.69990998 32
METOA                60845.75970822 60845.76593566 10
METOA                60846.14373588 60846.15177135 15
METOA                60846.20982825 60846.21933603 38
METOA                60846.70979075 60846.71803918 80
METOA                60846.77870582 60846.78244705 3
METOA                60847.16104405 60847.17010929 29
METOA                60847.22832127 60847.23692957 19
METOA                60847.66178342 60847.66749352 7
METOA                60847.72780615 60847.73586073 41
METOA                60848.17867774 60848.18823600 57
METOA                60848.24722065 60848.25416661 9
METOA                60848.67900792 60848.68636119 17
METOA                60848.74606779 60848.75336346 18
METOA                60849.13148199 60849.13796509 8
METOA                60849.19659335 60849.20618278 65
METOA                60849.69661740 60849.70474434 39
METOA                60849.76457415 60849.77043629 8
METOA                60850.14842966 60850.15653921 17
METOA                60850.21483323 60850.22393561 31
METOA                60850.71446559 60850.72278991 82
METOA                60851.16580369 60851.17481322 33
METOA                60851.23337399 60851.24143790 16
METOA                60851.66620272 60851.67253625 9
METOA                60851.73250786 60851.74053091 34
METOA                60852.11976872 60852.12362808 2
METOA                60852.18349167 60852.19288363 67
METOA                60852.25244209 60852.25849948 6
METOA                60852.68353641 60852.69124752 21
METOA                60852.75080479 60852.75794280 16
METOA                60853.13605159 60853.14273744 9
METOA                60853.20146177 60853.21077161 54
METOA                60853.70119607 60853.70953320 49
METOA                60853.76938241 60853.77488480 6
METOA                60854.15308874 60854.16122717 19
METOA                60854.21976627 60854.22845263 26
METOA                60854.65374563 60854.65825101 3
METOA                60854.71907572 60854.72749760 67
METOA                60855.17052358 60855.17944105 37
METOA                60855.23840591 60855.24584849 12
METOA                60855.67059276 60855.67750508 12
METOA                60855.73718675 60855.74516179 29
METOA                60856.12411887 60856.12849866 3
METOA                60856.18826400 60856.19745611 76
METOA                60856.25770603 60856.26267022 4
METOB                60833.00845986 60833.01320792 3
METOB                60833.07429263 60833.08490761 61
METOB                60833.14526275 60833.15328792 11
METOB                60833.59205453 60833.60263931 50
METOB                60833.66220274 60833.67085915 14
METOB                60834.06015736 60834.07039584 36
METOB                60834.13010024 60834.13946368 19
METOB                60834.57786319 60834.58798772 30
METOB                60834.64745243 60834.65711673 24
METOB                60835.04621164 60835.05577183 22
METOB                60835.11525337 60835.12541236 31
METOB                60835.56382752 60835.57311920 18
METOB                60835.63283987 60835.64315124 38
METOB                60836.03249397 60836.04100510 14
METOB                60836.10061893 60836.11120902 53
METOB                60836.55002637 60836.55795530 10
METOB                60836.61833764 60836.62899831 64
METOB                60836.68993965 60836.69505700 3
METOB                60837.01909155 60837.02601820 7
METOB                60837.08616578 60837.09688680 88
METOB                60837.15819568 60837.16445915 5
METOB                60837.53668127 60837.54226885 4
METOB                60837.60393724 60837.61467289 77
METOB                60837.67461668 60837.68204132 9
METOB                60838.00634898 60838.01053476 2
METOB                60838.07188460 60838.08246017 56
METOB                60838.14265375 60838.15096423 12
METOB                60838.58964105 60838.60017547 46
METOB                60838.65969822 60838.66854328 16
METOB                60839.05777604 60839.06793043 34
METOB                60839.12757346 60839.13709286 21
METOB                60839.57546992 60839.58549104 28
METOB                60839.64497138 60839.65476049 26
METOB                60840.04386151 60840.05328525 21
METOB                60840.11276199 60840.12301270 34
METOB                60840.56146313 60840.57058138 16
METOB                60840.63037604 60840.64076219 41
METOB                60841.03018432 60841.03848959 12
METOB                60841.09815613 60841.10878770 57
METOB                60841.54771068 60841.55535576 9
METOB                60841.61588876 60841.62657989 70
METOB                60841.68731305 60841.69288543 4
METOB                60842.01684563 60842.02345211 6
METOB                60842.08372877 60842.09444705 86
METOB                60842.15553143 60842.16219948 6
METOB                60842.53449059 60842.53952941 3
METOB                60842.60150333 60842.61222607 72
METOB                60842.67207362 60842.67976516 10
METOB                60843.06947308 60843.08000305 51
METOB                60843.14007755 60843.14862268 13
METOB                60843.58722358 60843.59769886 42
METOB                60843.65719103 60843.66621287 17
METOB                60844.05539198 60844.06545488 31
METOB                60844.12504524 60844.13471006 22
METOB                60844.57307370 60844.58298071 25
METOB                60844.64248632 60844.65239129 28
METOB                60845.04150981 60845.05078772 19
METOB                60845.11026782 60845.12060263 37
METOB                60845.55909806 60845.56802748 15
METOB                60845.62790788 60845.63836080 45
METOB                60846.02787555 60846.03596099 11
METOB                60846.09569001 60846.10635644 62
METOB                60846.54540019 60846.55273418 8
METOB                60846.61343531 60846.62414937 75
METOB                60846.68470034 60846.69068234 5
METOB                60847.01460769 60847.02086611 6
METOB                60847.08128837 60847.09199755 79
METOB                60847.15287902 60847.15991470 7
METOB                60847.53234048 60847.53673132 2
METOB                60847.59906509 60847.60976700 66
METOB                60847.66953075 60847.67747132 11
METOB                60848.06705845 60848.07753590 47
METOB                60848.13750274 60848.14626638 14
METOB                60848.58480226 60848.59520964 39
METOB                60848.65468088 60848.66386849 18
METOB                60849.05300547 60849.06296908 29
METOB                60849.12251541 60849.13231548 24
METOB                60849.57067479 60849.58045640 24
METOB                60849.63999713 60849.65000922 30
METOB                60850.03915695 60850.04827895 18
METOB                60850.10777088 60850.11818191 40
METOB                60850.55673261 60850.56545714 14
METOB                60850.62543495 60850.63594707 49
METOB                60851.02556843 60851.03341872 10
METOB                60851.09322061 60851.10391518 68
METOB                60851.16618033 60851.17071112 2
METOB                60851.54309693 60851.55008848 7
METOB                60851.61097722 60851.62170669 81
METOB                60851.68209724 60851.68845179 6
METOB                60852.01237241 60852.01825758 5
METOB                60852.07884482 60852.08953824 73
METOB                60852.15023556 60852.15760759 8
METOB                60852.59662238 60852.60729558 61
METOB                60852.66698730 60852.67516075 12
METOB                60853.06464071 60853.07505900 44
METOB                60853.13492858 60853.14389586 16
METOB                60853.58237722 60853.59270742 36
METOB                60853.65216745 60853.66150995 20
METOB                60854.05061677 60854.06047283 27
