iss                  60866.53228102 60866.53973130 85
iss                  60866.60133964 60866.60502437 3
iss                  60866.94393245 60866.95114745 29
iss                  60867.01145919 60867.01736229 9
iss                  60867.49725432 60867.50445712 33
iss                  60867.56498254 60867.57077720 9
iss                  60867.90907209 60867.91549734 13
iss                  60867.97576332 60867.98278534 23
iss                  60868.46251568 60868.46889369 14
iss                  60868.52916940 60868.53604820 20
iss                  60868.87452504 60868.87939787 5
iss                  60868.94036209 60868.94783940 59
iss                  60869.42817083 60869.43284866 5
iss                  60869.49367407 60869.50105401 48
iss                  60869.90516604 60869.91259508 48
iss                  60869.97327479 60869.97813338 5
iss                  60870.45843745 60870.46583224 58
iss                  60870.52680138 60870.53166278 5
iss                  60870.87012946 60870.87704894 20
iss                  60870.93724815 60870.94377432 14
iss                  60871.42346214 60871.43035857 22
iss                  60871.49067385 60871.49706253 13
iss                  60871.83533343 60871.84113485 9
iss                  60871.90163407 60871.90893345 34
iss                  60872.38877867 60872.39453106 9
iss                  60872.45494622 60872.46212494 29
iss                  60872.80098492 60872.80460054 2
iss                  60872.86626143 60872.87376777 83
iss                  60873.41950199 60873.42694779 80
iss                  60873.48865107 60873.49214586 2
iss                  60873.83107990 60873.83830678 30
iss                  60873.89864490 60873.90445356 9
iss                  60874.38431244 60874.39153650 35
iss                  60874.45208541 60874.45780418 8
iss                  60874.79606442 60874.80251911 13
iss                  60874.86277715 60874.86975320 22
iss                  60875.34941194 60875.35583656 14
iss                  60875.41609956 60875.42294466 19
iss                  60875.76136046 60875.76628279 5
iss                  60875.82721634 60875.83467179 57
iss                  60876.31490121 60876.31966137 5
iss                  60876.38044159 60876.38781207 46
iss                  60876.79186614 60876.79928640 49
iss                  60876.85999955 60876.86477442 5
iss                  60877.34504771 60877.35244835 60
iss                  60877.41343397 60877.41824311 5
iss                  60877.75667929 60877.76359529 20
iss                  60877.82380245 60877.83029055 14
iss                  60878.30991879 60878.31683032 22
iss                  60878.37713847 60878.38350960 13
iss                  60878.72173589 60878.72753205 9
iss                  60878.78803240 60878.79530974 34
iss                  60879.27508507 60879.28085605 9
iss                  60879.34125359 60879.34842972 29
iss                  60879.68724720 60879.69083971 2
iss                  60879.75250939 60879.75999812 83
iss                  60880.30565747 60880.31310635 80
iss                  60880.37479680 60880.37829369 2
iss                  60880.71718121 60880.72438681 30
iss                  60880.78473129 60880.79052748 9
iss                  60881.27032033 60881.27754546 35
iss                  60881.33807511 60881.34380884 8
iss                  60881.68202312 60881.68844288 13
iss                  60881.74871376 60881.75568052 22
iss                  60882.23527752 60882.24169112 14
iss                  60882.30193967 60882.30880133 19
iss                  60882.64718594 60882.65203908 5
iss                  60882.71300714 60882.72044781 58
iss                  60883.20063588 60883.20534940 5
iss                  60883.26613592 60883.27351807 47
iss                  60883.67751426 60883.68490694 47
iss                  60883.74560329 60883.75042179 5
iss                  60884.23059999 60884.23800048 58
iss                  60884.29893452 60884.30381715 5
iss                  60884.64218800 60884.64905468 19
iss                  60884.70926974 60884.71577748 15
iss                  60885.19533438 60885.20222334 22
iss                  60885.26250299 60885.26892426 13
iss                  60885.60711368 60885.61281970 8
iss                  60885.67336072 60885.68063814 35
iss                  60886.16037427 60886.16607821 9
iss                  60886.22648025 60886.23368774 30
iss                  60886.57253193 60886.57591446 2
iss                  60886.63769940 60886.64516574 79
iss                  60887.19074819 60887.19820643 85
iss                  60887.25977740 60887.26346729 3
iss                  60887.60223586 60887.60938885 28
iss                  60887.66971785 60887.67558611 9
iss                  60888.15527933 60888.16248279 33
iss                  60888.22295302 60888.22879006 9
iss                  60888.56694794 60888.57326995 13
iss                  60888.63357303 60888.64056882 23
iss                  60889.12011475 60889.12645542 14
iss                  60889.18669146 60889.19361692 20
iss                  60889.53200301 60889.53666597 5
iss                  60889.59773466 60889.60516868 63
iss                  60890.08538076 60890.08990716 4
iss                  60890.15075912 60890.15817044 52
iss                  60890.56211022 60890.56945754 43
AO-07                60866.07709884 60866.07846369 3
AO-07                60866.43382480 60866.44514145 13
AO-07                60866.50951049 60866.52490335 81
AO-07                60866.59085511 60866.60019236 7
AO-07                60866.94631266 60866.95710194 10
AO-07                60867.02227112 60867.03772854 86
AO-07                60867.10245292 60867.11278532 10
AO-07                60867.46852940 60867.48299731 37
AO-07                60867.54673400 60867.56100595 32
AO-07                60867.98118390 60867.99565023 34
AO-07                60868.05929349 60868.07371285 35
AO-07                60868.42932913 60868.43992320 10
AO-07                60868.50458047 60868.51997824 90
AO-07                60868.58541602 60868.59574726 9
AO-07                60868.94183223 60868.95170516 8
AO-07                60869.01734054 60869.03280806 84
AO-07                60869.09721724 60869.10831500 12
AO-07                60869.46377139 60869.47795677 32
AO-07                60869.54165564 60869.55620416 36
AO-07                60869.97639533 60869.99055968 29
AO-07                60870.05426250 60870.06894218 40
AO-07                60870.42489643 60870.43465690 8
AO-07                60870.49966938 60870.51503944 80
AO-07                60870.58005775 60870.59122070 12
AO-07                60870.93744516 60870.94621275 6
AO-07                60871.01242436 60871.02786875 75
AO-07                60871.09202331 60871.10378887 14
AO-07                60871.45903973 60871.47289983 28
AO-07                60871.53660066 60871.55138137 42
AO-07                60871.97163181 60871.98544288 26
AO-07                60872.04924679 60872.06414828 45
AO-07                60872.42060632 60872.42932845 6
AO-07                60872.49478046 60872.51008722 71
AO-07                60872.57476137 60872.58663197 14
AO-07                60872.93319216 60872.94057813 4
AO-07                60873.00752308 60873.02291051 67
AO-07                60873.08686326 60873.09921556 17
AO-07                60873.45433635 60873.46782511 25
AO-07                60873.53156766 60873.54653930 47
AO-07                60873.96689647 60873.98029691 22
AO-07                60874.04424570 60874.05933210 52
AO-07                60874.41636636 60874.42390630 4
AO-07                60874.48990809 60874.50512172 63
AO-07                60874.56951483 60874.58199334 17
AO-07                60874.92920140 60874.93468669 2
AO-07                60875.00263744 60875.01793311 59
AO-07                60875.08173164 60875.09460140 20
AO-07                60875.44966337 60875.46273053 21
AO-07                60875.52655556 60875.54167977 54
AO-07                60875.96219325 60875.97511864 19
AO-07                60876.03925878 60876.05449473 59
AO-07                60876.12079717 60876.12766023 4
AO-07                60876.41229577 60876.41833358 3
AO-07                60876.48505577 60876.50014290 56
AO-07                60876.56430991 60876.57731347 20
AO-07                60876.99776849 60877.01293610 52
AO-07                60877.07662449 60877.08995093 23
AO-07                60877.44502435 60877.45761388 18
AO-07                60877.52156355 60877.53680362 62
AO-07                60877.60448279 60877.61056759 3
AO-07                60877.95752716 60877.96990293 16
AO-07                60878.03428574 60878.04963698 67
AO-07                60878.11530066 60878.12350289 5
AO-07                60878.48022425 60878.49515065 49
AO-07                60878.55914076 60878.57259867 23
AO-07                60878.99291467 60879.00791874 45
AO-07                60879.07153891 60879.08526822 26
AO-07                60879.44042312 60879.45247184 16
AO-07                60879.51659107 60879.53191194 70
AO-07                60879.59868799 60879.60647729 5
AO-07                60879.95290527 60879.96464349 13
AO-07                60880.02932644 60880.04475945 75
AO-07                60880.10992354 60880.11921061 7
AO-07                60880.47541420 60880.49014445 43
AO-07                60880.55400305 60880.56785345 27
AO-07                60880.98808194 60881.00288039 40
AO-07                60881.06647269 60881.08055575 30
AO-07                60881.43586534 60881.44729993 13
AO-07                60881.51163776 60881.52700552 79
AO-07                60881.59310252 60881.60218003 7
AO-07                60881.94833726 60881.95933109 11
AO-07                60882.02438115 60882.03986259 84
AO-07                60882.10462453 60882.11482462 9
AO-07                60882.47062068 60882.48512401 38
AO-07                60882.54889350 60882.56308171 31
AO-07                60882.98326714 60882.99781965 35
AO-07                60883.06142417 60883.07581605 34
AO-07                60883.43135773 60883.44209185 11
AO-07                60883.50670344 60883.52208497 88
AO-07                60883.58764176 60883.59775795 9
AO-07                60883.94384133 60883.95395209 9
AO-07                60884.01944963 60884.03494670 86
AO-07                60884.09938200 60884.11036694 12
AO-07                60884.46585705 60884.48008847 33
AO-07                60884.54380963 60884.55828629 35
AO-07                60884.97847561 60884.99273503 30
AO-07                60885.05639206 60885.07105090 39
AO-07                60885.42691063 60885.43683847 9
AO-07                60885.50178798 60885.51715073 82
LO-19                60866.50427517 60866.51454819 56
LO-19                60866.57468213 60866.58188476 8
LO-19                60867.02232437 60867.03261767 73
LO-19                60867.09290573 60867.09908435 6
LO-19                60867.48199065 60867.49134560 23
LO-19                60867.55067980 60867.56011964 23
LO-19                60867.99980079 60868.00947227 29
LO-19                60868.06889510 60868.07777123 18
LO-19                60868.46040255 60868.46759715 8
LO-19                60868.52740673 60868.53770960 58
LO-19                60868.97783184 60868.98570943 11
LO-19                60869.04557764 60869.05563007 44
LO-19                60869.50462600 60869.51488955 56
LO-19                60869.57503219 60869.58222695 8
LO-19                60870.02266476 60870.03296412 73
LO-19                60870.09324271 60870.09943402 6
LO-19                60870.48234112 60870.49168468 23
LO-19                60870.55102854 60870.56046034 23
LO-19                60871.00014014 60871.00981734 29
LO-19                60871.06923276 60871.07811784 18
LO-19                60871.46075391 60871.46793271 8
LO-19                60871.52775452 60871.53804852 58
LO-19                60871.97817015 60871.98605312 11
LO-19                60872.04591469 60872.05597490 44
LO-19                60872.50497304 60872.51522651 56
LO-19                60872.57537823 60872.58256492 8
LO-19                60873.02300095 60873.03330742 73
LO-19                60873.09357489 60873.09978117 6
LO-19                60873.48268784 60873.49201931 23
LO-19                60873.55137331 60873.56079678 23
LO-19                60874.00047538 60874.01015918 29
LO-19                60874.06956602 60874.07846153 18
LO-19                60874.46110166 60874.46826369 8
LO-19                60874.52809838 60874.53838317 58
LO-19                60874.97850446 60874.98639350 11
LO-19                60875.04624750 60875.05631662 44
LO-19                60875.50531617 60875.51555917 56
LO-19                60875.57572010 60875.58289881 8
LO-19                60876.02333303 60876.03364750 73
LO-19                60876.09390242 60876.10012571 6
LO-19                60876.48303069 60876.49234961 23
LO-19                60876.55171399 60876.56112907 23
LO-19                60877.00080665 60877.01049771 29
LO-19                60877.06989501 60877.07880220 18
LO-19                60877.46144564 60877.46859023 8
LO-19                60877.52843820 60877.53871363 58
LO-19                60877.97883490 60877.98673049 11
LO-19                60878.04657618 60878.05665517 44
LO-19                60878.50565527 60878.51588763 56
LO-19                60878.57605763 60878.58322875 8
LO-19                60879.02366115 60879.03398429 73
LO-19                60879.09422548 60879.10046753 6
LO-19                60879.48336955 60879.49267569 23
LO-19                60879.55205045 60879.56145733 23
LO-19                60880.00113405 60880.01083284 29
LO-19                60880.07021987 60880.07913979 18
LO-19                60880.46178573 60880.46891249 8
LO-19                60880.52877365 60880.53904003 58
LO-19                60880.97916162 60880.98706397 11
LO-19                60881.04690111 60881.05699046 45
LO-19                60881.50599023 60881.51621202 56
LO-19                60881.57639067 60881.58355489 8
LO-19                60882.02398540 60882.03431769 73
LO-19                60882.09454422 60882.10080650 6
LO-19                60882.48370431 60882.49299768 23
LO-19                60882.55238257 60882.56178167 23
LO-19                60883.00145771 60883.01116448 29
LO-19                60883.07054072 60883.07947419 18
LO-19                60883.46212177 60883.46923061 8
LO-19                60883.52910504 60883.53936248 58
LO-19                60883.97948476 60883.98739381 11
LO-19                60884.04722198 60884.05732239 45
LO-19                60884.50632094 60884.51653245 55
LO-19                60884.57671909 60884.58387738 8
LO-19                60885.02430593 60885.03464761 73
LO-19                60885.09485884 60885.10114247 6
LO-19                60885.48403484 60885.49331571 22
LO-19                60885.55271044 60885.56210223 23
LO-19                60886.00177777 60886.01149251 29
LO-19                60886.07085771 60886.07980529 18
LO-19                60886.46245365 60886.46954475 8
LO-19                60886.52943202 60886.53968112 58
LO-19                60886.97980446 60886.98771988 11
LO-19                60887.04753914 60887.05765086 45
LO-19                60887.50664731 60887.51684905 55
LO-19                60887.57704273 60887.58419638 8
LO-19                60888.02462284 60888.03497393 72
LO-19                60888.09516951 60888.10147529 6
LO-19                60888.48436108 60888.49362991 22
LO-19                60888.55303354 60888.56241913 23
LO-19                60889.00209433 60889.01181681 29
LO-19                60889.07117096 60889.08013297 19
LO-19                60889.46278126 60889.46985507 8
LO-19                60889.52975449 60889.53999605 59
LO-19                60889.98012086 60889.98804203 11
LO-19                60890.04785269 60890.05797574 45
LO-19                60890.50696924 60890.51716194 55
LO-19                60890.57736149 60890.58451204 8
LO-19                60891.02493625 60891.03529653 72
FO-29                60866.13764021 60866.14881060 18
FO-29                60866.20939622 60866.22234555 49
FO-29                60866.68592134 60866.69851128 56
FO-29                60866.75978038 60866.76988036 14
FO-29                60867.17107780 60867.18419294 52
FO-29                60867.24506811 60867.25593746 16
FO-29                60867.64870493 60867.65907088 16
FO-29                60867.72056788 60867.73295167 46
FO-29                60868.13402726 60868.14510370 17
FO-29                60868.20558287 60868.21878362 54
FO-29                60868.68234953 60868.69468545 50
FO-29                60868.75605973 60868.76626824 15
FO-29                60869.16736291 60869.18055936 48
FO-29                60869.24113372 60869.25248748 19
FO-29                60869.64526385 60869.65509849 14
FO-29                60869.71693058 60869.72921257 50
FO-29                60870.13044040 60870.14138666 16
FO-29                60870.20178370 60870.21521359 60
FO-29                60870.27900868 60870.28393972 2
FO-29                60870.67878360 60870.69084732 45
FO-29                60870.75234434 60870.76263973 16
FO-29                60871.16366216 60871.17691867 45
FO-29                60871.23722244 60871.24901970 21
FO-29                60871.64184108 60871.65109983 12
FO-29                60871.71329509 60871.72546252 54
FO-29                60872.12687425 60872.13765773 14
FO-29                60872.19799891 60872.21163497 65
FO-29                60872.27461840 60872.28094160 4
FO-29                60872.67522135 60872.68699726 40
FO-29                60872.74863281 60872.75899641 18
FO-29                60873.15997637 60873.17326996 41
FO-29                60873.23333277 60873.24553533 24
FO-29                60873.63843986 60873.64707142 10
FO-29                60873.70966063 60873.72170233 59
FO-29                60873.78581799 60873.79029600 2
FO-29                60874.12333036 60874.13391512 13
FO-29                60874.19422896 60874.20804726 71
FO-29                60874.27038685 60874.27779588 5
FO-29                60874.67166260 60874.68313550 36
FO-29                60874.74492411 60874.75533982 19
FO-29                60875.15630605 60875.16961232 39
FO-29                60875.22946353 60875.24203516 26
FO-29                60875.63506632 60875.64300739 8
FO-29                60875.70602659 60875.71793275 64
FO-29                60875.78184568 60875.78695086 3
FO-29                60876.11981117 60876.13015650 12
FO-29                60876.19047359 60876.20444993 77
FO-29                60876.26624811 60876.27456271 7
FO-29                60876.66810723 60876.67926216 32
FO-29                60876.74121663 60876.75167098 21
FO-29                60877.15265210 60877.16594482 36
FO-29                60877.22561385 60877.23851980 29
FO-29                60877.63172862 60877.63889919 6
FO-29                60877.70239220 60877.71415455 69
FO-29                60877.77791954 60877.78354654 3
FO-29                60878.11631870 60878.12637954 11
FO-29                60878.18673328 60878.20084252 81
FO-29                60878.26217579 60878.27126766 8
FO-29                60878.66455532 60878.67537731 28
FO-29                60878.73750957 60878.74799158 23
FO-29                60879.14901486 60879.16226649 33
FO-29                60879.22178300 60879.23498932 32
FO-29                60879.62844082 60879.63473234 5
FO-29                60879.69875709 60879.71036847 73
FO-29                60879.77402384 60879.78009867 4
FO-29                60880.11285563 60880.12258131 10
FO-29                60880.18300825 60880.19722418 82
FO-29                60880.25815469 60880.26792476 10
FO-29                60880.66100730 60880.67148085 25
FO-29                60880.73380204 60880.74430265 25
FO-29                60881.14539517 60881.15857640 31
FO-29                60881.21797041 60881.23144412 36
FO-29                60881.62522987 60881.63047927 3
FO-29                60881.69512090 60881.70657521 74
FO-29                60881.77011741 60881.77661940 5
FO-29                60882.10942517 60882.11875814 8
FO-29                60882.17929871 60882.19359475 79
FO-29                60882.25417568 60882.26454252 11
FO-29                60882.65746310 60882.66757263 22
FO-29                60882.73009327 60882.74060534 27
FO-29                60883.14179378 60883.15487355 29
FO-29                60883.21417560 60883.22788430 39
FO-29                60883.69148300 60883.70277543 72
FO-29                60883.76625770 60883.77311048 6
FO-29                60884.10603163 60884.11490567 7
FO-29                60884.17560487 60884.18995355 74
FO-29                60884.25023256 60884.26112674 13
FO-29                60884.65392399 60884.66365224 19
FO-29                60884.72638261 60884.73690076 29
FO-29                60885.13821136 60885.15115673 26
FO-29                60885.21039815 60885.22430987 43
FO-29                60885.68784359 60885.69896977 66
FO-29                60885.76240911 60885.76957937 7
FO-29                60886.10268062 60886.11101782 6
FO-29                60886.17192690 60886.18629998 69
FO-29                60886.24632088 60886.25768139 15
FO-29                60886.65039040 60886.65971911 17
FO-29                60886.72266950 60886.73318994 32
FO-29                60887.13464870 60887.14742538 24
SO-50                60866.25817756 60866.26686765 29
SO-50                60866.32804725 60866.33570652 13
SO-50                60866.69111344 60866.69871939 11
SO-50                60866.75960705 60866.76907571 42
SO-50                60867.27082670 60867.28004116 87
SO-50                60867.34282235 60867.34727021 3
SO-50                60867.70338194 60867.71257339 29
SO-50                60867.77310771 60867.78134462 16
SO-50                60868.21553636 60868.22283193 12
SO-50                60868.28398211 60868.29281230 31
SO-50                60868.64903899 60868.65357553 3
SO-50                60868.71609554 60868.72581391 79
SO-50                60868.78758432 60868.79264169 4
SO-50                60869.22764611 60869.23646229 34
SO-50                60869.29773040 60869.30513421 12
SO-50                60869.66052888 60869.66841630 13
SO-50                60869.72918541 60869.73855636 37
SO-50                60870.17380411 60870.17786501 2
SO-50                60870.24035307 60870.24957162 79
SO-50                60870.67285824 60870.68216700 32
SO-50                60870.74275253 60870.75073110 14
SO-50                60871.18490435 60871.19248359 14
SO-50                60871.25356633 60871.26228326 27
SO-50                60871.61826781 60871.62345547 4
SO-50                60871.68561130 60871.69533236 87
SO-50                60871.75746067 60871.76177713 3
SO-50                60872.19709752 60872.20602159 38
SO-50                60872.26740111 60872.27452294 10
SO-50                60872.62993025 60872.63806950 14
SO-50                60872.69874394 60872.70800148 32
SO-50                60873.14293140 60873.14772157 4
SO-50                60873.20986040 60873.21906885 69
SO-50                60873.64231478 60873.65172376 37
SO-50                60873.71238351 60873.72007633 12
SO-50                60874.15426190 60874.16209263 16
SO-50                60874.22313256 60874.23172072 24
SO-50                60874.58751901 60874.59325330 5
SO-50                60874.65510619 60874.66481586 80
SO-50                60875.16653117 60875.17554580 44
SO-50                60875.23706084 60875.24387148 9
SO-50                60875.59931601 60875.60768063 16
SO-50                60875.66828270 60875.67741093 28
SO-50                60876.11213778 60876.11748710 5
SO-50                60876.17934975 60876.18853306 60
SO-50                60876.61175089 60876.62124422 42
SO-50                60876.68200212 60876.68937908 10
SO-50                60877.12360716 60877.13166125 18
SO-50                60877.19268082 60877.20112426 21
SO-50                60877.55677845 60877.56298364 6
SO-50                60877.62457995 60877.63426463 70
SO-50                60878.13594657 60878.14503562 51
SO-50                60878.20671148 60878.21317777 7
SO-50                60878.56868472 60878.57725111 18
SO-50                60878.63780221 60878.64678453 25
SO-50                60879.08131737 60879.08717561 6
SO-50                60879.14881861 60879.15796439 52
SO-50                60879.58116630 60879.59072888 47
SO-50                60879.65161031 60879.65863694 9
SO-50                60880.09293857 60880.10119086 20
SO-50                60880.16221162 60880.17049367 19
SO-50                60880.52603777 60880.53265502 7
SO-50                60880.59403257 60880.60367879 61
SO-50                60881.10534327 60881.11449153 59
SO-50                60881.17635564 60881.18243909 6
SO-50                60881.53803577 60881.54678207 21
SO-50                60881.60730268 60881.61612181 22
SO-50                60882.05050658 60882.05680313 7
SO-50                60882.11826804 60882.12736296 45
SO-50                60882.55056072 60882.56017815 54
SO-50                60882.62121087 60882.62784740 7
SO-50                60883.06225488 60883.07068270 23
SO-50                60883.13172523 60883.13982864 17
SO-50                60883.49530172 60883.50227613 8
SO-50                60883.56346524 60883.57305848 54
SO-50                60884.07472090 60884.08391391 68
SO-50                60884.14599692 60884.15165153 5
SO-50                60884.50736728 60884.51627474 23
SO-50                60884.57678456 60884.58542283 20
SO-50                60885.01969739 60885.02637673 9
SO-50                60885.08769799 60885.09672886 40
SO-50                60885.51993397 60885.52959241 61
SO-50                60885.59087596 60885.59700537 6
SO-50                60886.03155505 60886.04013780 26
SO-50                60886.10122209 60886.10912874 15
SO-50                60886.46454322 60886.47184484 10
SO-50                60886.53287558 60886.54240376 47
SO-50                60887.04407914 60887.05330311 78
SO-50                60887.11564063 60887.12080936 4
SO-50                60887.47668004 60887.48572961 26
SO-50                60887.54624835 60887.55468684 18
SO-50                60887.98888470 60887.99590141 10
SO-50                60888.05710854 60888.06606213 35
SO-50                60888.48928574 60888.49897199 69
SO-50                60888.56048076 60888.56610753 5
SO-50                60889.00083822 60889.00955697 30
SO-50                60889.07070275 60889.07839337 13
SO-50                60889.43377306 60889.44136756 11
SO-50                60889.50226488 60889.51171469 41
SO-50                60890.01341772 60890.02265942 86
HO-68                60866.32017777 60866.33189682 21
HO-68                60866.39394371 60866.40714694 45
HO-68                60866.81023079 60866.81887118 7
HO-68                60866.88254288 60866.89618302 89
HO-68                60866.95917545 60866.96802933 8
HO-68                60867.30905048 60867.31964726 14
HO-68                60867.38198877 60867.39549435 63
HO-68                60867.46108831 60867.46611150 2
HO-68                60867.79991491 60867.80553173 3
HO-68                60867.87079232 60867.88435212 66
HO-68                60867.94670921 60867.95718804 14
HO-68                60868.29817533 60868.30720771 9
HO-68                60868.37014520 60868.38375259 88
HO-68                60868.44760290 60868.45593052 7
HO-68                60868.85912825 60868.87241099 46
HO-68                60868.93444257 60868.94608426 21
HO-68                60869.28778295 60869.29442228 4
HO-68                60869.35841178 60869.37192892 68
HO-68                60869.43481517 60869.44506280 12
HO-68                60869.84756582 60869.86035067 33
HO-68                60869.92231013 60869.93479192 29
HO-68                60870.34678803 60870.36002513 48
HO-68                60870.42234056 60870.43388694 19
HO-68                60870.83612740 60870.84815255 23
HO-68                60870.91028109 60870.92334958 41
HO-68                60871.33528563 60871.34803728 34
HO-68                60871.41006768 60871.42251765 28
HO-68                60871.82485350 60871.83578028 15
HO-68                60871.89834013 60871.91177932 58
HO-68                60871.97650475 60871.98165987 2
HO-68                60872.32392176 60872.33595451 24
HO-68                60872.39794669 60872.41100867 40
HO-68                60872.81382171 60872.82315923 9
HO-68                60872.88648025 60872.90009405 81
HO-68                60872.96341077 60872.97153957 7
HO-68                60873.31271924 60873.32375418 17
HO-68                60873.38595206 60873.39938937 56
HO-68                60873.80323027 60873.81009355 4
HO-68                60873.87470116 60873.88829974 74
HO-68                60873.95084584 60873.96081983 12
HO-68                60874.30174618 60874.31139058 11
HO-68                60874.37407112 60874.38767699 79
HO-68                60874.45197893 60874.45943212 5
HO-68                60874.86300621 60874.87639654 52
HO-68                60874.93852065 60874.94979460 18
HO-68                60875.29111211 60875.29875558 6
HO-68                60875.36229873 60875.37588090 76
HO-68                60875.43903018 60875.44872379 10
HO-68                60875.85140719 60875.86437820 37
HO-68                60875.92634655 60875.93856107 26
HO-68                60876.35063793 60876.36400470 54
HO-68                60876.42646713 60876.43763439 17
HO-68                60876.83992308 60876.85222959 26
HO-68                60876.91428419 60876.92716678 37
HO-68                60877.33909258 60877.35204662 38
HO-68                60877.41413310 60877.42632305 25
HO-68                60877.82858667 60877.83992200 18
HO-68                60877.90231384 60877.91563808 52
HO-68                60878.32767862 60878.33999818 27
HO-68                60878.40196414 60878.41485757 35
HO-68                60878.81745949 60878.82739787 11
HO-68                60878.89042654 60878.90399087 73
HO-68                60878.96770145 60878.97498403 5
HO-68                60879.31641398 60879.32784187 19
HO-68                60879.38992844 60879.40327338 50
HO-68                60879.80667947 60879.81452212 6
HO-68                60879.87861937 60879.89223324 82
HO-68                60879.95500947 60879.96441491 10
HO-68                60880.30535599 60880.31554206 13
HO-68                60880.37800970 60880.39159137 71
HO-68                60880.45645437 60880.46283514 4
HO-68                60880.86689563 60880.88036731 59
HO-68                60880.94261580 60880.95347919 16
HO-68                60881.29458432 60881.30302077 7
HO-68                60881.36620035 60881.37982317 84
HO-68                60881.44328724 60881.45234289 9
HO-68                60881.85526116 60881.86838913 41
HO-68                60881.93039544 60881.94231004 23
HO-68                60882.28441052 60882.29004487 3
HO-68                60882.35450176 60882.36797425 61
HO-68                60882.43061965 60882.44135643 14
HO-68                60882.84373483 60882.85628702 29
HO-68                60882.91829739 60882.93096677 33
HO-68                60883.34291511 60883.35604470 43
HO-68                60883.41821755 60883.43011042 22
HO-68                60883.83234293 60883.84403786 20
HO-68                60883.90629676 60883.91948171 46
HO-68                60884.33145402 60884.34402860 31
HO-68                60884.40599713 60884.41869216 31
HO-68                60884.82113454 60884.83159653 13
HO-68                60884.89438140 60884.90787359 65
HO-68                60884.97207187 60884.97833841 4
HO-68                60885.32013252 60885.33191213 22
HO-68                60885.39391854 60885.40714552 44
HO-68                60885.81021115 60885.81886498 8
HO-68                60885.88254644 60885.89615296 88
HO-68                60885.95920595 60885.96796726 8
HO-68                60886.30899919 60886.31966736 15
HO-68                60886.38196105 60886.39549512 63
AO-73                60866.36316317 60866.37082723 20
AO-73                60866.42912847 60866.43633216 15
AO-73                60866.85819016 60866.86462984 9
AO-73                60866.92306104 60866.93128355 31
AO-73                60867.36151044 60867.36908009 18
AO-73                60867.42734130 60867.43469693 16
AO-73                60867.85658783 60867.86279406 8
AO-73                60867.92132463 60867.92959757 34
AO-73                60868.35984561 60868.36731214 17
AO-73                60868.42554187 60868.43304025 18
AO-73                60868.85497890 60868.86093009 7
AO-73                60868.91957370 60868.92789111 37
AO-73                60869.35816927 60869.36552270 16
AO-73                60869.42373022 60869.43136266 19
AO-73                60869.85336499 60869.85903608 6
AO-73                60869.91780825 60869.92616416 40
AO-73                60870.35648182 60870.36371158 14
AO-73                60870.42190586 60870.42966414 21
AO-73                60870.85174826 60870.85711007 5
AO-73                60870.91602829 60870.92441673 44
AO-73                60871.35478373 60871.36187838 13
AO-73                60871.42006888 60871.42794472 23
AO-73                60871.85013161 60871.85514903 5
AO-73                60871.91423385 60871.92264878 49
AO-73                60872.35307554 60872.36002264 12
AO-73                60872.41821920 60872.42620454 25
AO-73                60872.84851921 60872.85314845 4
AO-73                60872.91242493 60872.92086029 54
AO-73                60873.35135781 60873.35814378 11
AO-73                60873.41635678 60873.42444366 27
AO-73                60873.84691734 60873.85110203 3
AO-73                60873.91060156 60873.91905123 59
AO-73                60874.34963127 60874.35624114 10
AO-73                60874.41448158 60874.42266214 30
AO-73                60874.84533656 60874.84899875 2
AO-73                60874.90876382 60874.91722155 66
AO-73                60875.34789675 60875.35431394 9
AO-73                60875.41259356 60875.42086004 33
AO-73                60875.90691168 60875.91537122 73
AO-73                60876.34615505 60876.35236122 8
AO-73                60876.41065050 60876.41903409 36
AO-73                60876.90504541 60876.91350017 80
AO-73                60877.34440774 60877.35038186 7
AO-73                60877.40873662 60877.41719093 40
AO-73                60877.90316281 60877.91160834 84
AO-73                60878.34265602 60878.34837421 6
AO-73                60878.40680994 60878.41532724 44
AO-73                60878.90126777 60878.90969565 80
AO-73                60879.34090214 60879.34633660 6
AO-73                60879.40487050 60879.41344302 49
AO-73                60879.89935866 60879.90776201 72
AO-73                60880.33914840 60880.34426628 5
AO-73                60880.40291831 60880.41153821 54
AO-73                60880.89743558 60880.90580733 65
AO-73                60880.96522597 60880.96904130 3
AO-73                60881.33739846 60881.34215982 4
AO-73                60881.40095343 60881.40961284 61
AO-73                60881.89549866 60881.90383148 58
AO-73                60881.96306772 60881.96731776 3
AO-73                60882.33565755 60882.34001176 3
AO-73                60882.39897593 60882.40766686 68
AO-73                60882.89354804 60882.90183434 51
AO-73                60882.96091760 60882.96555049 4
AO-73                60883.33393383 60883.33781371 2
AO-73                60883.39698587 60883.40570023 75
AO-73                60883.89158387 60883.89981575 46
AO-73                60883.95876967 60883.96374547 5
AO-73                60884.39498333 60884.40371289 84
AO-73                60884.88960634 60884.89777555 41
AO-73                60884.95662020 60884.96190641 6
AO-73                60885.39296843 60885.40170478 88
AO-73                60885.88761564 60885.89571356 37
AO-73                60885.95446632 60885.96003610 7
AO-73                60886.39094040 60886.39967582 79
AO-73                60886.88561202 60886.89362954 33
AO-73                60886.95230630 60886.95813641 8
AO-73                60887.38890078 60887.39762592 71
AO-73                60887.45715663 60887.46100885 2
AO-73                60887.88359575 60887.89152324 29
AO-73                60887.95013870 60887.95620894 9
AO-73                60888.38684906 60888.39555498 64
AO-73                60888.45481457 60888.45920956 3
AO-73                60888.88156710 60888.88939440 26
AO-73                60888.94796241 60888.95425450 10
AO-73                60889.38478568 60889.39346289 57
AO-73                60889.45249420 60889.45735477 4
AO-73                60889.87952642 60889.88724267 24
AO-73                60889.94577657 60889.95227422 11
AO-73                60890.38271000 60890.39134951 51
AO-73                60890.45018546 60890.45545460 5
AO-73                60890.87747412 60890.88506761 21
AO-73                60890.94358582 60890.95027581 12
AO-73                60891.38062328 60891.38921469 45
AO-73                60891.44788196 60891.45351523 6
AO-73                60891.87541064 60891.88286909 19
AO-73                60891.94137903 60891.94824560 14
AO-73                60892.37852490 60892.38705825 41
AO-73                60892.44557990 60892.45154064 7
AO-73                60892.87333633 60892.88064615 17
TITA                 60866.15496433 60866.16118206 9
TITA                 60866.21953141 60866.22740096 28
TITA                 60866.65564541 60866.66294408 17
TITA                 60866.72100934 60866.72827096 17
TITA                 60867.14843467 60867.15362745 5
TITA                 60867.21240122 60867.22050419 41
TITA                 60867.64892613 60867.65566027 12
TITA                 60867.71373886 60867.72145049 23
TITA                 60868.14214093 60868.14579357 2
TITA                 60868.20530543 60868.21353953 61
TITA                 60868.64229893 60868.64827663 8
TITA                 60868.70648393 60868.71455350 33
TITA                 60869.19824028 60869.20650969 84
TITA                 60869.63581108 60869.64074678 5
TITA                 60869.69931851 60869.70759557 49
TITA                 60870.19120892 60870.19941522 58
TITA                 60870.25845420 60870.26250914 3
TITA                 60870.69219747 60870.70057884 74
TITA                 60871.18421254 60871.19225453 38
TITA                 60871.25079166 60871.25612464 6
TITA                 60871.68511772 60871.69350612 74
TITA                 60872.17725596 60872.18502351 26
TITA                 60872.24330290 60872.24952581 10
TITA                 60872.67808065 60872.68637816 49
TITA                 60872.74528578 60872.75005376 4
TITA                 60873.17034719 60873.17771466 19
TITA                 60873.23591668 60873.24279801 14
TITA                 60873.67108844 60873.67919367 34
TITA                 60873.73758271 60873.74351415 8
TITA                 60874.16350040 60874.17031448 13
TITA                 60874.22859062 60874.23596008 20
TITA                 60874.66414524 60874.67194895 24
TITA                 60874.73004483 60874.73680331 12
TITA                 60875.15673983 60875.16279898 8
TITA                 60875.22127150 60875.22903344 28
TITA                 60875.65725970 60875.66463713 17
TITA                 60875.72260232 60875.72996719 17
TITA                 60876.15011596 60876.15511754 5
TITA                 60876.21403465 60876.22203462 41
TITA                 60876.65044500 60876.65724560 12
TITA                 60876.71523242 60876.72304122 24
TITA                 60877.20683386 60877.21496605 62
TITA                 60877.64372527 60877.64975178 8
TITA                 60877.70787866 60877.71603798 34
TITA                 60878.19966512 60878.20783058 84
TITA                 60878.63714987 60878.64210733 5
TITA                 60878.70061568 60878.70897306 51
TITA                 60879.19253187 60879.20062872 56
TITA                 60879.25975478 60879.26374305 3
TITA                 60879.69339817 60879.70184844 77
TITA                 60880.18543548 60880.19335861 37
TITA                 60880.25197872 60880.25726331 6
TITA                 60880.68622321 60880.69466681 72
TITA                 60881.17838130 60881.18601567 25
TITA                 60881.24438226 60881.25056306 10
TITA                 60881.67909245 60881.68742871 48
TITA                 60881.74618960 60881.75119184 5
TITA                 60882.17137828 60882.17859142 17
TITA                 60882.23689073 60882.24373121 14
TITA                 60882.67200842 60882.68013255 33
TITA                 60882.73841085 60882.74452246 8
TITA                 60883.16444237 60883.17107062 12
TITA                 60883.22946092 60883.23678759 20
TITA                 60883.66497583 60883.67277412 23
TITA                 60883.73078753 60883.73769162 13
TITA                 60884.15760201 60884.16342502 8
TITA                 60884.22203953 60884.22975406 29
TITA                 60884.65800425 60884.66534568 16
TITA                 60884.72325590 60884.73073911 18
TITA                 60885.15091915 60885.15559216 4
TITA                 60885.21470133 60885.22264701 43
TITA                 60885.65110855 60885.65783301 11
TITA                 60885.71579570 60885.72369857 26
TITA                 60886.20740059 60886.21546891 67
TITA                 60886.64431646 60886.65020998 7
TITA                 60886.70835100 60886.71658107 37
TITA                 60887.20013297 60887.20822241 79
TITA                 60887.63768759 60887.64241761 4
TITA                 60887.70099790 60887.70940175 55
TITA                 60888.19290293 60888.20090768 51
TITA                 60888.25999070 60888.26416794 3
TITA                 60888.69369120 60888.70216216 83
TITA                 60889.18571216 60889.19352233 33
TITA                 60889.25213901 60889.25755346 7
TITA                 60889.68642813 60889.69486457 66
TITA                 60889.75422048 60889.75796869 2
TITA                 60890.17856687 60890.18606078 23
TITA                 60890.24445903 60890.25073896 10
TITA                 60890.67921132 60890.68750902 44
TITA                 60890.74612479 60890.75142904 6
TITA                 60891.17147769 60891.17851314 16
TITA                 60891.23686933 60891.24378260 15
TITA                 60891.67204389 60891.68009321 30
TITA                 60891.73828621 60891.74461328 9
TITA                 60892.16446358 60892.17086095 11
TITA                 60892.22934491 60892.23672325 22
TITA                 60892.66493164 60892.67261191 21
TITA                 60892.73058865 60892.73765085 14
TITA                 60893.15756010 60893.16306875 7
NOAA-15              60866.12945847 60866.13745474 11
NOAA-15              60866.52145825 60866.53035452 17
NOAA-15              60866.58989469 60866.59997523 33
NOAA-15              60867.04155105 60867.05114792 23
NOAA-15              60867.11067554 60867.12020960 23
NOAA-15              60867.50451740 60867.51133237 7
NOAA-15              60867.57152952 60867.58207836 69
NOAA-15              60868.02417871 60868.03219804 11
NOAA-15              60868.09222295 60868.10254705 47
NOAA-15              60868.55345922 60868.56394032 59
NOAA-15              60868.62431125 60868.63156152 8
NOAA-15              60869.00764305 60869.01237846 3
NOAA-15              60869.07401225 60869.08456805 85
NOAA-15              60869.14527416 60869.15098574 5
NOAA-15              60869.53568936 60869.54556946 29
NOAA-15              60869.60514288 60869.61437000 19
NOAA-15              60870.05603171 60870.06629712 42
NOAA-15              60870.12598419 60870.13431915 13
NOAA-15              60870.51829055 60870.52691370 15
NOAA-15              60870.58649697 60870.59671509 38
NOAA-15              60871.03833016 60871.04770190 21
NOAA-15              60871.10727506 60871.11698427 26
NOAA-15              60871.50147871 60871.50777153 6
NOAA-15              60871.56818475 60871.57876977 78
NOAA-15              60872.02105215 60872.02864706 9
NOAA-15              60872.08886635 60872.09925852 53
NOAA-15              60872.55016443 60872.56058876 52
NOAA-15              60872.62074161 60872.62845467 10
NOAA-15              60873.07069426 60873.08122479 76
NOAA-15              60873.14167727 60873.14798549 6
NOAA-15              60873.53245169 60873.54217079 26
NOAA-15              60873.60168261 60873.61115330 21
NOAA-15              60874.05275590 60874.06289751 36
NOAA-15              60874.12252256 60874.13115535 15
NOAA-15              60874.51513331 60874.52344878 13
NOAA-15              60874.58310173 60874.59343627 43
NOAA-15              60875.03511283 60875.04423186 18
NOAA-15              60875.10387368 60875.11373766 30
NOAA-15              60875.49849412 60875.50415919 4
NOAA-15              60875.56484116 60875.57544422 88
NOAA-15              60875.63693155 60875.64191981 3
NOAA-15              60876.01794468 60876.02505695 8
NOAA-15              60876.08550715 60876.09595097 61
NOAA-15              60876.54687170 60876.55721999 45
NOAA-15              60876.61715924 60876.62531414 12
NOAA-15              60877.06737399 60877.07786287 66
NOAA-15              60877.13810816 60877.14493382 7
NOAA-15              60877.52921867 60877.53875279 23
NOAA-15              60877.59822801 60877.60791436 24
NOAA-15              60878.04947934 60878.05947772 32
NOAA-15              60878.11906430 60878.12796539 17
NOAA-15              60878.51198819 60878.51995738 11
NOAA-15              60878.57970839 60878.59013914 49
NOAA-15              60879.03190035 60879.04073646 16
NOAA-15              60879.10047100 60879.11047059 34
NOAA-15              60879.49554834 60879.50047762 3
NOAA-15              60879.56149904 60879.57210147 82
NOAA-15              60879.63317551 60879.63896630 5
NOAA-15              60880.01486238 60880.02142098 6
NOAA-15              60880.08214512 60880.09262480 69
NOAA-15              60880.54358111 60880.55383346 40
NOAA-15              60880.61362247 60880.62213919 13
NOAA-15              60881.06404885 60881.07448214 58
NOAA-15              60881.13452580 60881.14184237 9
NOAA-15              60881.52599131 60881.53531442 20
NOAA-15              60881.59477823 60881.60465394 28
NOAA-15              60882.04620274 60882.05603742 28
NOAA-15              60882.11560793 60882.12475120 19
NOAA-15              60882.50885879 60882.51643641 9
NOAA-15              60882.57631702 60882.58682370 56
NOAA-15              60883.02869439 60883.03721435 14
NOAA-15              60883.09706607 60883.10718375 38
NOAA-15              60883.55815876 60883.56874129 72
NOAA-15              60883.62948015 60883.63593463 6
NOAA-15              60884.01181643 60884.01772859 5
NOAA-15              60884.07878023 60884.08928057 79
NOAA-15              60884.15060912 60884.15502594 3
NOAA-15              60884.54029339 60884.55042876 35
NOAA-15              60884.61009762 60884.61893512 15
NOAA-15              60885.06072338 60885.07108308 51
NOAA-15              60885.13098780 60885.13871182 10
NOAA-15              60885.52277082 60885.53185448 18
NOAA-15              60885.59133256 60885.60137264 31
NOAA-15              60886.04292669 60886.05257617 25
NOAA-15              60886.11215224 60886.12151388 22
NOAA-15              60886.50574915 60886.51288167 8
NOAA-15              60886.57292748 60886.58349025 64
NOAA-15              60887.02549718 60887.03366337 12
NOAA-15              60887.09365871 60887.10387767 43
NOAA-15              60887.55481972 60887.56536347 63
NOAA-15              60887.62582551 60887.63284454 7
NOAA-15              60888.00882436 60888.01396130 3
NOAA-15              60888.07541228 60888.08591813 88
NOAA-15              60888.14686700 60888.15210676 4
NOAA-15              60888.53700906 60888.54700518 31
NOAA-15              60888.60658280 60888.61570416 18
NOAA-15              60889.05739588 60889.06766537 44
NOAA-15              60889.12745910 60889.13554894 12
NOAA-15              60889.51955861 60889.52837135 16
NOAA-18              60866.15903484 60866.16443768 3
NOAA-18              60866.22615643 60866.23712165 86
NOAA-18              60866.29799843 60866.30416475 5
NOAA-18              60866.69212207 60866.70248830 36
NOAA-18              60866.76255366 60866.77161206 16
NOAA-18              60867.21723087 60867.22812903 62
NOAA-18              60867.28836602 60867.29602581 9
NOAA-18              60867.68341024 60867.69334399 26
NOAA-18              60867.75322484 60867.76297626 22
NOAA-18              60868.20835986 60868.21906499 44
NOAA-18              60868.27894981 60868.28766333 14
NOAA-18              60868.67479204 60868.68412809 19
NOAA-18              60868.74399806 60868.75424612 31
NOAA-18              60869.19955529 60869.20992464 31
NOAA-18              60869.26965225 60869.27915330 19
NOAA-18              60869.66628818 60869.67482260 13
NOAA-18              60869.73485653 60869.74543977 44
NOAA-18              60870.19082562 60870.20069860 23
NOAA-18              60870.26044134 60870.27053048 27
NOAA-18              60870.65793558 60870.66539346 9
NOAA-18              60870.72579081 60870.73656810 63
NOAA-18              60871.18218912 60871.19137034 16
NOAA-18              60871.25130017 60871.26181446 37
NOAA-18              60871.64980520 60871.65576357 5
NOAA-18              60871.71679601 60871.72763773 88
NOAA-18              60871.78950981 60871.79473656 3
NOAA-18              60872.17367690 60872.18190959 11
NOAA-18              60872.24221940 60872.25301724 52
NOAA-18              60872.70787117 60872.71865180 67
NOAA-18              60872.77959610 60872.78666863 7
NOAA-18              60873.16535087 60873.17225539 6
NOAA-18              60873.23319418 60873.24414567 73
NOAA-18              60873.30576163 60873.31031043 3
NOAA-18              60873.69901638 60873.70961077 47
NOAA-18              60873.76995934 60873.77829803 12
NOAA-18              60874.15737675 60874.16223953 3
NOAA-18              60874.22422313 60874.23520343 81
NOAA-18              60874.29588916 60874.30246326 6
NOAA-18              60874.69023671 60874.70051212 33
NOAA-18              60874.76052690 60874.76975376 17
NOAA-18              60875.21530560 60875.22619119 57
NOAA-18              60875.28630778 60875.29425827 10
NOAA-18              60875.68154061 60875.69135003 24
NOAA-18              60875.75121870 60875.76109207 24
NOAA-18              60876.20644785 60876.21710672 41
NOAA-18              60876.27692097 60876.28585340 15
NOAA-18              60876.67294190 60876.68211317 17
NOAA-18              60876.74200803 60876.75234095 34
NOAA-18              60877.19765661 60877.20794422 29
NOAA-18              60877.26764313 60877.27731122 21
NOAA-18              60877.66446427 60877.67278082 12
NOAA-18              60877.73288004 60877.74351658 48
NOAA-18              60878.18894358 60878.19869309 21
NOAA-18              60878.25844698 60878.26866176 29
NOAA-18              60878.65615011 60878.66331298 8
NOAA-18              60878.72382655 60878.73462869 68
NOAA-18              60879.18032927 60879.18933428 15
NOAA-18              60879.24931784 60879.25992249 40
NOAA-18              60879.64808991 60879.65361293 4
NOAA-18              60879.71484343 60879.72568299 86
NOAA-18              60879.78729615 60879.79302670 4
NOAA-18              60880.17184961 60880.17983325 10
NOAA-18              60880.24024761 60880.25110374 56
NOAA-18              60880.70593033 60880.71668205 61
NOAA-18              60880.77746973 60880.78486544 8
NOAA-18              60881.16357882 60881.17011571 6
NOAA-18              60881.23123236 60881.24221183 79
NOAA-18              60881.30354542 60881.30867711 3
NOAA-18              60881.69708803 60881.70762578 43
NOAA-18              60881.76787527 60881.77644615 13
NOAA-18              60882.22227135 60882.23324962 75
NOAA-18              60882.29374511 60882.30071551 7
NOAA-18              60882.68832243 60882.69851079 31
NOAA-18              60882.75847058 60882.76786921 19
NOAA-18              60883.21336418 60883.22421713 53
NOAA-18              60883.28423671 60883.29244950 11
NOAA-18              60883.67964301 60883.68933037 22
NOAA-18              60883.74918248 60883.75918271 26
NOAA-18              60884.20451838 60884.21511140 38
NOAA-18              60884.27487628 60884.28400507 16
NOAA-18              60884.67106520 60884.68007149 16
NOAA-18              60884.73998779 60884.75041118 37
NOAA-18              60885.19574143 60885.20592565 27
NOAA-18              60885.26561669 60885.27543183 23
NOAA-18              60885.66261583 60885.67071075 11
NOAA-18              60885.73087341 60885.74156905 52
NOAA-18              60886.18704655 60886.19664768 19
NOAA-18              60886.25643454 60886.26675624 31
NOAA-18              60886.65433699 60886.66120023 7
NOAA-18              60886.72183244 60886.73266501 74
NOAA-18              60887.17845689 60887.18725585 13
NOAA-18              60887.24731700 60887.25799375 43
NOAA-18              60887.64636911 60887.65141613 3
NOAA-18              60887.71286138 60887.72370399 80
NOAA-18              60887.78507191 60887.79127240 5
NOAA-18              60888.17001422 60888.17770943 9
NOAA-18              60888.23825726 60888.24915359 61
NOAA-18              60888.70396061 60888.71468793 57
NOAA-18              60888.77529049 60888.78303393 9
NOAA-19              60866.16696656 60866.17759346 40
NOAA-19              60866.23744815 60866.24634721 15
NOAA-19              60866.63343279 60866.64273319 18
NOAA-19              60866.70251490 60866.71293946 34
NOAA-19              60867.15834833 60867.16858623 29
NOAA-19              60867.22833337 60867.23795263 21
NOAA-19              60867.62509621 60867.63357315 12
NOAA-19              60867.69354368 60867.70427396 48
NOAA-19              60868.14979109 60868.15949229 21
NOAA-19              60868.21929801 60868.22945328 29
NOAA-19              60868.61691366 60868.62428659 8
NOAA-19              60868.68464481 60868.69554642 67
NOAA-19              60869.14133022 60869.15029289 15
NOAA-19              60869.21032790 60869.22086588 40
NOAA-19              60869.60896113 60869.61479117 4
NOAA-19              60869.67581431 60869.68676241 88
NOAA-19              60869.74828682 60869.75407744 4
NOAA-19              60870.13300042 60870.14095459 10
NOAA-19              60870.20141519 60870.21220089 55
NOAA-19              60870.66705175 60870.67792458 63
NOAA-19              60870.73862212 60870.74607095 8
NOAA-19              60871.12487324 60871.13140602 6
NOAA-19              60871.19255600 60871.20346406 78
NOAA-19              60871.26493589 60871.26985389 3
NOAA-19              60871.65835765 60871.66903298 45
NOAA-19              60871.72918499 60871.73781043 13
NOAA-19              60872.11716164 60872.12142966 2
NOAA-19              60872.18374955 60872.19465839 76
NOAA-19              60872.25527312 60872.26206495 7
NOAA-19              60872.64973722 60872.66008497 32
NOAA-19              60872.71993465 60872.72939400 18
NOAA-19              60873.17499538 60873.18578402 54
NOAA-19              60873.24591241 60873.25396104 11
NOAA-19              60873.64119908 60873.65107446 24
NOAA-19              60873.71079919 60873.72086903 26
NOAA-19              60874.16630059 60874.17683828 39
NOAA-19              60874.23670227 60874.24567612 15
NOAA-19              60874.63275693 60874.64199030 17
NOAA-19              60874.70175562 60874.71225977 36
NOAA-19              60875.15767222 60875.16781465 28
NOAA-19              60875.22759366 60875.23726210 22
NOAA-19              60875.62443418 60875.63281205 12
NOAA-19              60875.69279093 60875.70358073 50
NOAA-19              60876.14912263 60876.15870196 20
NOAA-19              60876.21856237 60876.22874574 30
NOAA-19              60876.61626438 60876.62350056 8
NOAA-19              60876.68389783 60876.69484058 71
NOAA-19              60877.14067341 60877.14948007 14
NOAA-19              60877.20959513 60877.22014279 41
NOAA-19              60877.60835831 60877.61396237 4
NOAA-19              60877.67507284 60877.68604447 84
NOAA-19              60877.74739473 60877.75349995 5
NOAA-19              60878.13236293 60878.14011170 9
NOAA-19              60878.20068486 60878.21146317 58
NOAA-19              60878.66631584 60878.67719467 60
NOAA-19              60878.73774724 60878.74544201 9
NOAA-19              60879.12427305 60879.13051481 5
NOAA-19              60879.19182780 60879.20271214 81
NOAA-19              60879.26408189 60879.26925599 3
NOAA-19              60879.65762784 60879.66829090 43
NOAA-19              60879.72836157 60879.73714758 14
NOAA-19              60880.18302380 60880.19389233 73
NOAA-19              60880.25446051 60880.26141026 7
NOAA-19              60880.64901447 60880.65933008 31
NOAA-19              60880.71912603 60880.72870866 19
NOAA-19              60881.17427234 60881.18500349 52
NOAA-19              60881.24511754 60881.25327445 11
NOAA-19              60881.64048493 60881.65030560 23
NOAA-19              60881.71000108 60881.72016567 27
NOAA-19              60882.16558143 60882.17604236 37
NOAA-19              60882.23591705 60882.24496613 16
NOAA-19              60882.63205412 60882.64120536 16
NOAA-19              60882.70096565 60882.71154108 37
NOAA-19              60883.15695854 60883.16700220 26
NOAA-19              60883.22681432 60883.23653297 23
NOAA-19              60883.62374654 60883.63200712 11
NOAA-19              60883.69200777 60883.70284792 53
NOAA-19              60884.14841707 60884.15787043 19
NOAA-19              60884.21778691 60884.22799983 31
NOAA-19              60884.61560054 60884.62266765 7
NOAA-19              60884.68312080 60884.69409470 74
NOAA-19              60885.13998042 60885.14862509 13
NOAA-19              60885.20882261 60885.21938174 43
NOAA-19              60885.60774073 60885.61307911 4
NOAA-19              60885.67430176 60885.68528598 81
NOAA-19              60885.74648024 60885.75287472 5
NOAA-19              60886.13169109 60886.13922468 8
NOAA-19              60886.19991441 60886.21068740 61
NOAA-19              60886.66555102 60886.67642364 58
NOAA-19              60886.73687299 60886.74476729 9
NOAA-19              60887.12364408 60887.12957400 4
NOAA-19              60887.19105952 60887.20192227 84
NOAA-19              60887.26319049 60887.26861716 4
NOAA-19              60887.65686950 60887.66750704 41
NOAA-19              60887.72750936 60887.73644299 14
NOAA-19              60888.18225804 60888.19308837 69
NOAA-19              60888.25360711 60888.26071814 7
NOAA-19              60888.64826389 60888.65853256 30
NOAA-19              60888.71828811 60888.72798195 20
METOA                60866.25994113 60866.26918667 76
METOA                60866.32922023 60866.33332211 3
METOA                60866.70840250 60866.71511130 10
METOA                60866.77447625 60866.78282190 29
METOA                60867.21208526 60867.21865960 8
METOA                60867.27787513 60867.28695670 44
METOA                60867.72552705 60867.73355761 23
METOA                60867.79296198 60867.80012781 13
METOA                60868.22911179 60868.23746822 19
METOA                60868.29609640 60868.30439300 21
METOA                60868.74306203 60868.75166780 55
METOA                60868.81213215 60868.81678762 4
METOA                60869.24657235 60869.25579614 41
METOA                60869.31463044 60869.32138727 9
METOA                60869.69622275 60869.70067993 3
METOA                60869.76091880 60869.76951491 56
METOA                60870.19985463 60870.20403234 2
METOA                60870.26431243 60870.27378967 80
METOA                60870.71275389 60870.71962662 12
METOA                60870.77913960 60870.78708875 24
METOA                60871.21618829 60871.22354491 11
METOA                60871.28228713 60871.29147919 38
METOA                60871.72995897 60871.73798457 27
METOA                60871.79773188 60871.80426636 10
METOA                60872.23334532 60872.24218865 24
METOA                60872.30055352 60872.30882644 18
METOA                60872.74755033 60872.75602612 66
METOA                60873.25087123 60873.26041544 51
METOA                60873.31916330 60873.32569605 8
METOA                60873.70035878 60873.70530122 5
METOA                60873.76546061 60873.77380389 45
METOA                60874.20365338 60874.20916451 5
METOA                60874.26865539 60874.27832639 71
METOA                60874.71705241 60874.72408074 14
METOA                60874.78374805 60874.79129048 19
METOA                60875.22030647 60875.22832066 14
METOA                60875.28671078 60875.29593972 33
METOA                60875.73433131 60875.74235617 32
METOA                60875.80246743 60875.80831842 7
METOA                60876.23756522 60876.24682788 29
METOA                60876.30498433 60876.31319028 16
METOA                60876.75197667 60876.76033059 80
METOA                60877.25514791 60877.26496139 62
METOA                60877.32368252 60877.32992216 7
METOA                60877.70446388 60877.70984238 6
METOA                60877.76994031 60877.77803804 36
METOA                60878.20757453 60878.21407637 7
METOA                60878.27297323 60878.28279211 61
METOA                60878.72129335 60878.72848072 16
METOA                60878.78829930 60878.79543182 15
METOA                60879.22443004 60879.23299467 17
METOA                60879.29102761 60879.30031994 29
METOA                60879.73864047 60879.74667815 38
METOA                60879.80717535 60879.81227952 5
METOA                60880.24177127 60880.25138393 35
METOA                60880.30936104 60880.31748038 14
METOA                60880.75633787 60880.76458654 78
METOA                60881.25940552 60881.26943017 74
METOA                60881.32819961 60881.33405277 5
METOA                60881.70852759 60881.71431693 8
METOA                60881.77435537 60881.78222241 30
METOA                60882.21155296 60882.21883211 9
METOA                60882.27726885 60882.28718214 52
METOA                60882.72547384 60882.73283226 19
METOA                60882.79279190 60882.79951653 12
METOA                60883.22855320 60883.23757044 20
METOA                60883.29536427 60883.30462727 25
METOA                60883.74288448 60883.75095536 46
METOA                60883.81187059 60883.81613720 3
METOA                60884.24596335 60884.25585477 41
METOA                60884.31375601 60884.32168419 12
METOA                60884.76063270 60884.76879856 64
METOA                60885.19920475 60885.20406996 3
METOA                60885.26364235 60885.27381805 85
METOA                60885.33273012 60885.33807066 4
METOA                60885.71254445 60885.71873373 9
METOA                60885.77874422 60885.78636435 25
METOA                60886.21556111 60886.22345702 11
METOA                60886.28154453 60886.29149203 45
METOA                60886.72959254 60886.73713945 23
METOA                60886.79722547 60886.80354835 10
METOA                60887.23267180 60887.24204918 24
METOA                60887.29968300 60887.30885204 22
METOA                60887.74706284 60887.75519161 57
METOA                60888.25014072 60888.26023826 49
METOA                60888.31814149 60888.32579680 11
METOA                60888.70007436 60888.70416946 3
METOA                60888.76485978 60888.77297032 51
METOA                60889.20297818 60889.20886285 5
METOA                60889.26786128 60889.27812182 80
METOA                60889.33729938 60889.34194850 3
METOA                60889.71651226 60889.72309834 12
METOA                60889.78302610 60889.79046182 21
METOA                60890.21958355 60890.22796359 14
METOA                60890.28580174 60890.29571771 39
METOA                60890.73365034 60890.74140566 27
METOA                60890.80160111 60890.80752976 8
METOA                60891.23678243 60891.24643166 28
METOA                60891.30398619 60891.31298917 20
METOB                60866.11463809 60866.12385263 18
METOB                60866.18359705 60866.19366913 31
METOB                60866.57965402 60866.58566059 5
METOB                60866.64638627 60866.65709568 85
METOB                60866.71889089 60866.72368948 3
METOB                60867.10095014 60867.10869033 9
METOB                60867.16901560 60867.17957337 54
METOB                60867.63209151 60867.64266699 56
METOB                60867.70306729 60867.71067261 9
METOB                60868.08787614 60868.09291296 3
METOB                60868.15457973 60868.16528699 86
METOB                60868.22611409 60868.23193519 5
METOB                60868.61798515 60868.62809322 32
METOB                60868.68785260 60868.69702673 18
METOB                60869.14028553 60869.15081971 50
METOB                60869.21074153 60869.21878498 11
METOB                60869.60409983 60869.61335138 19
METOB                60869.67298913 60869.68307681 30
METOB                60870.12615362 60870.13616007 28
METOB                60870.19579610 60870.20515800 20
METOB                60870.59051203 60870.59837609 10
METOB                60870.65835166 60870.66892589 53
METOB                60871.11222929 60871.12126761 16
METOB                60871.18107340 60871.19124517 34
METOB                60871.57742749 60871.58296312 4
METOB                60871.64390384 60871.65461603 88
METOB                60871.71609174 60871.72150963 4
METOB                60872.09862395 60872.10603607 8
METOB                60872.16651487 60872.17711571 59
METOB                60872.62963722 60872.64016313 51
METOB                60872.70039236 60872.70833875 10
METOB                60873.08573317 60873.09006752 2
METOB                60873.15210040 60873.16279862 80
METOB                60873.22343232 60873.22969591 6
METOB                60873.61556205 60873.62556302 29
METOB                60873.68526956 60873.69462850 19
METOB                60874.13782876 60874.14830004 45
METOB                60874.20814566 60874.21644269 12
METOB                60874.60171647 60874.61078825 17
METOB                60874.67044542 60874.68064011 33
METOB                60875.12372483 60875.13360517 26
METOB                60875.19324139 60875.20276064 22
METOB                60875.58818854 60875.59576159 9
METOB                60875.65583878 60875.66646002 58
METOB                60876.10984041 60876.11866639 15
METOB                60876.17854634 60876.18880817 37
METOB                60876.57523785 60876.58022452 3
METOB                60876.64141908 60876.65212508 81
METOB                60876.71332769 60876.71927986 5
METOB                60877.09630675 60877.10335724 7
METOB                60877.16401011 60877.17464576 65
METOB                60877.62718063 60877.63764756 46
METOB                60877.69775290 60877.70598249 12
METOB                60878.14961722 60878.16029798 73
METOB                60878.22076339 60878.22742622 7
METOB                60878.61313791 60878.62302054 27
METOB                60878.68268664 60878.69221587 21
METOB                60879.13536865 60879.14576782 41
METOB                60879.20555022 60879.21408286 14
METOB                60879.59933435 60879.60821069 16
METOB                60879.66790000 60879.67819091 36
METOB                60880.12129413 60880.13103626 24
METOB                60880.19068401 60880.20034916 24
METOB                60880.58587232 60880.59312721 8
METOB                60880.65332355 60880.66398257 64
METOB                60881.10745285 60881.11604794 13
METOB                60881.17601528 60881.18635853 41
METOB                60881.57309011 60881.57743046 2
METOB                60881.63893172 60881.64962271 74
METOB                60881.71058820 60881.71701108 6
METOB                60882.09400087 60882.10065090 6
METOB                60882.16150122 60882.17216357 71
METOB                60882.62472215 60882.63512049 42
METOB                60882.69511771 60882.70360758 13
METOB                60883.14713012 60883.15778509 67
METOB                60883.21807264 60883.22513270 8
METOB                60883.61071307 60883.62046543 25
METOB                60883.68010351 60883.68978913 23
METOB                60884.13290554 60884.14322276 38
METOB                60884.20295443 60884.21170636 15
METOB                60884.59695438 60884.60561830 14
METOB                60884.66535279 60884.67572940 40
METOB                60885.11886184 60885.12845308 22
METOB                60885.18812364 60885.19792391 26
METOB                60885.58356546 60885.59047080 7
METOB                60885.65080599 60885.66149345 70
METOB                60886.10506747 60886.11341152 12
METOB                60886.17348031 60886.18389623 44
METOB                60886.63644248 60886.64710881 68
METOB                60886.70786672 60886.71470958 7
METOB                60887.09171099 60887.09791300 5
METOB                60887.15898813 60887.16966924 78
METOB                60887.23106367 60887.23566900 3
METOB                60887.62226197 60887.63258150 39
METOB                60887.69248554 60887.70121501 14
METOB                60888.14463702 60888.15525998 61
METOB                60888.21541831 60888.22281265 9
METOB                60888.60828791 60888.61789734 23
METOB                60888.67751985 60888.68734858 25
