iss                  60833.01809036 60833.02556131 66
iss                  60833.08614504 60833.09209643 9
iss                  60833.35902877 60833.36619422 26
iss                  60833.42624154 60833.43294864 17
iss                  60833.98384669 60833.99098037 28
iss                  60834.05112691 60834.05789698 17
iss                  60834.32474131 60834.33131047 14
iss                  60834.39154003 60834.39885928 36
iss                  60834.94984864 60834.95619046 13
iss                  60835.01630177 60835.02358453 31
iss                  60835.08578504 60835.08942615 2
iss                  60835.29054672 60835.29618219 8
iss                  60835.35697971 60835.36450555 85
iss                  60835.42545957 60835.42945862 3
iss                  60835.91617482 60835.92103991 5
iss                  60835.98165835 60835.98915947 69
iss                  60836.05024543 60836.05544130 6
iss                  60836.25647075 60836.26075626 4
iss                  60836.32251535 60836.32992014 41
iss                  60836.39010515 60836.39606835 10
iss                  60836.94720014 60836.95460542 49
iss                  60837.01499773 60837.02125399 11
iss                  60837.28812585 60837.29511122 21
iss                  60837.35517768 60837.36212791 21
iss                  60837.91295191 60837.91988616 22
iss                  60837.97996458 60837.98693939 20
iss                  60838.25378327 60838.26006931 12
iss                  60838.32045103 60838.32786857 47
iss                  60838.87898256 60838.88492283 10
iss                  60838.94512066 60838.95251301 39
iss                  60839.01427569 60839.01851712 3
iss                  60839.21954431 60839.22476894 6
iss                  60839.28584811 60839.29335771 72
iss                  60839.35395342 60839.35877774 5
iss                  60839.84544301 60839.84947980 3
iss                  60839.91045979 60839.91796950 88
iss                  60839.97876833 60839.98437117 8
iss                  60840.18546235 60840.18912903 3
iss                  60840.25133297 60840.25861812 32
iss                  60840.31871144 60840.32507489 13
iss                  60840.87599137 60840.88328645 36
iss                  60840.94351767 60840.95006011 14
iss                  60841.21687009 60841.22365149 17
iss                  60841.28378657 60841.29093719 27
iss                  60841.84175123 60841.84841677 17
iss                  60841.90847183 60841.91562971 25
iss                  60842.18249581 60842.18844453 9
iss                  60842.24903039 60842.25650943 65
iss                  60842.80784078 60842.81325121 8
iss                  60842.87361289 60842.88108658 53
iss                  60842.94244957 60842.94723694 5
iss                  60843.14822232 60843.15295838 5
iss                  60843.21438331 60843.22183944 52
iss                  60843.28218116 60843.28766296 8
iss                  60843.83894037 60843.84641966 65
iss                  60843.90696227 60843.91294631 10
iss                  60844.17981770 60844.18694184 25
iss                  60844.24700126 60844.25370125 17
iss                  60844.80447074 60844.81159922 27
iss                  60844.87170847 60844.87851352 17
iss                  60845.14530164 60845.15181186 14
iss                  60845.21206831 60845.21937468 37
iss                  60845.77025614 60845.77656206 13
iss                  60845.83665251 60845.84396567 32
iss                  60845.90606905 60845.90981954 3
iss                  60846.11088228 60846.11643005 8
iss                  60846.17727857 60846.18477917 89
iss                  60846.24568310 60846.24979110 3
iss                  60846.73638644 60846.74114317 5
iss                  60846.80178335 60846.80930232 73
iss                  60846.87030388 60846.87559191 6
iss                  60847.07659103 60847.08073724 3
iss                  60847.14258622 60847.14994738 39
iss                  60847.21012002 60847.21613947 10
iss                  60847.76710542 60847.77450562 46
iss                  60847.83483006 60847.84116608 12
iss                  60848.10797079 60848.11488681 20
iss                  60848.17497209 60848.18194856 22
iss                  60848.73264632 60848.73953617 21
iss                  60848.79957382 60848.80661258 21
iss                  60849.07340422 60849.07958643 11
iss                  60849.14002265 60849.14743874 51
iss                  60849.69848340 60849.70430649 10
iss                  60849.76451088 60849.77194514 43
iss                  60849.83355626 60849.83798143 4
iss                  60850.03894790 60850.04401729 6
iss                  60850.10519620 60850.11267469 65
iss                  60850.17319342 60850.17820171 6
iss                  60850.66480945 60850.66853501 3
iss                  60850.72963648 60850.73715666 80
iss                  60850.79783868 60850.80358518 8
iss                  60851.00467132 60851.00808156 2
iss                  60851.07045803 60851.07767783 29
iss                  60851.13775800 60851.14421849 14
iss                  60851.69496200 60851.70222185 33
iss                  60851.76237479 60851.76902991 15
iss                  60852.03577298 60852.04244755 16
iss                  60852.10262221 60852.10981655 30
iss                  60852.66052970 60852.66708743 15
AO-07                60832.90590410 60832.92114156 52
AO-07                60832.98452101 60832.99840380 28
AO-07                60833.35783306 60833.37235283 38
AO-07                60833.43588381 60833.45060601 38
AO-07                60833.86520794 60833.87807739 18
AO-07                60833.94246670 60833.95789776 71
AO-07                60834.02219027 60834.03275675 10
AO-07                60834.31836751 60834.32983938 13
AO-07                60834.39383664 60834.40928607 84
AO-07                60834.47427335 60834.48614030 14
AO-07                60834.90100521 60834.91611239 46
AO-07                60834.97949835 60834.99367520 31
AO-07                60835.35305983 60835.36734593 34
AO-07                60835.43081735 60835.44574739 43
AO-07                60835.86049645 60835.87282033 15
AO-07                60835.93751463 60835.95300462 79
AO-07                60836.01706230 60836.02824247 12
AO-07                60836.31382676 60836.32472595 11
AO-07                60836.38892990 60836.40433979 76
AO-07                60836.46898522 60836.48144663 16
AO-07                60836.89613728 60836.91106218 41
AO-07                60836.97448547 60836.98892399 35
AO-07                60837.34831482 60837.36233004 30
AO-07                60837.42577280 60837.44087522 48
AO-07                60837.85581546 60837.86751827 13
AO-07                60837.93257158 60837.94809311 87
AO-07                60838.01195649 60838.02368974 14
AO-07                60838.30932645 60838.31958958 10
AO-07                60838.38404171 60838.39938523 68
AO-07                60838.46374008 60838.47671833 19
AO-07                60838.89128351 60838.90598973 36
AO-07                60838.96948186 60838.98415105 40
AO-07                60839.05068122 60839.05636192 2
AO-07                60839.34359296 60839.35730463 27
AO-07                60839.42074916 60839.43599078 54
AO-07                60839.50410160 60839.51059127 3
AO-07                60839.85117961 60839.86216241 11
AO-07                60839.92763737 60839.94316326 83
AO-07                60840.00686913 60840.01910230 17
AO-07                60840.30487292 60840.31442448 8
AO-07                60840.37917222 60840.39442255 61
AO-07                60840.45853225 60840.47196107 22
AO-07                60840.88644542 60840.90089395 32
AO-07                60840.96448715 60840.97935745 44
AO-07                60841.04526145 60841.05223372 4
AO-07                60841.33889515 60841.35226880 24
AO-07                60841.41574565 60841.43109496 61
AO-07                60841.49830656 60841.50635610 5
AO-07                60841.84660173 60841.85674004 8
AO-07                60841.92271260 60841.93821497 75
AO-07                60842.00179767 60842.01448336 19
AO-07                60842.30053595 60842.30922447 6
AO-07                60842.37432467 60842.38945181 54
AO-07                60842.45335743 60842.46717878 25
AO-07                60842.88162493 60842.89577295 28
AO-07                60842.95950107 60842.97454370 50
AO-07                60843.03995141 60843.04797814 5
AO-07                60843.33422336 60843.34722203 21
AO-07                60843.41076169 60843.42618855 69
AO-07                60843.49269418 60843.50195071 7
AO-07                60843.84210097 60843.85123095 6
AO-07                60843.91779773 60843.93324805 67
AO-07                60843.99674019 60844.00983538 21
AO-07                60844.29620949 60844.30397236 5
AO-07                60844.36949372 60844.38447313 49
AO-07                60844.44821234 60844.46237502 29
AO-07                60844.87682386 60844.89062470 24
AO-07                60844.95452348 60844.96971033 56
AO-07                60845.03470945 60845.04363614 7
AO-07                60845.32957931 60845.34216277 18
AO-07                60845.40579682 60845.42127220 77
AO-07                60845.48719790 60845.49743965 9
AO-07                60845.83772059 60845.84559997 4
AO-07                60845.91289330 60845.92826218 60
AO-07                60845.99169521 60846.00516046 24
AO-07                60846.29197626 60846.29864706 3
AO-07                60846.36468236 60846.37948606 43
AO-07                60846.44309439 60846.45755232 32
AO-07                60846.87204503 60846.88544636 21
AO-07                60846.94955428 60846.96485785 62
AO-07                60847.02951493 60847.03922840 8
AO-07                60847.32496452 60847.33708962 16
AO-07                60847.40085076 60847.41634643 85
AO-07                60847.48178514 60847.49285437 11
AO-07                60847.83351753 60847.83977179 3
AO-07                60847.90800003 60847.92325688 53
AO-07                60847.98666161 60848.00046001 27
AO-07                60848.28788546 60848.29319995 2
AO-07                60848.35989144 60848.37449082 39
AO-07                60848.43800156 60848.45271271 37
AO-07                60848.86729185 60848.88023493 18
AO-07                60848.94459350 60848.95998661 70
AO-07                60849.02435595 60849.03476752 10
AO-07                60849.32038203 60849.33200058 14
AO-07                60849.39592332 60849.41141168 86
AO-07                60849.47643708 60849.48821322 13
AO-07                60849.90311671 60849.91823154 47
AO-07                60849.98163848 60849.99573567 31
AO-07                60850.35511552 60850.36948695 34
LO-19                60832.86842986 60832.87300750 5
LO-19                60832.93390561 60832.94431014 88
LO-19                60833.00417506 60833.01078535 7
LO-19                60833.33297296 60833.33745370 3
LO-19                60833.39826005 60833.40849060 60
LO-19                60833.46860621 60833.47627252 10
LO-19                60833.91122366 60833.92129848 38
LO-19                60833.98047056 60833.98936728 18
LO-19                60834.37591596 60834.38540823 26
LO-19                60834.44469663 60834.45421661 25
LO-19                60834.88889128 60834.89777405 17
LO-19                60834.95724026 60834.96727476 40
LO-19                60835.35411766 60835.36199142 12
LO-19                60835.42144034 60835.43169433 58
LO-19                60835.86723880 60835.87340649 5
LO-19                60835.93429106 60835.94470384 88
LO-19                60836.00455829 60836.01117900 7
LO-19                60836.33335878 60836.33783974 3
LO-19                60836.39864780 60836.40887554 60
LO-19                60836.46899571 60836.47665586 10
LO-19                60836.91160662 60836.92169145 38
LO-19                60836.98085348 60836.98975928 18
LO-19                60837.37630173 60837.38579235 26
LO-19                60837.44508369 60837.45459977 25
LO-19                60837.88927248 60837.89816664 17
LO-19                60837.95762231 60837.96766561 40
LO-19                60838.35450137 60838.36237479 12
LO-19                60838.42182538 60838.43207685 58
LO-19                60838.86761662 60838.87380037 5
LO-19                60838.93467201 60838.94509367 88
LO-19                60839.00493799 60839.01156911 7
LO-19                60839.33373985 60839.33822291 3
LO-19                60839.39903093 60839.40925727 60
LO-19                60839.46938009 60839.47703635 10
LO-19                60839.91198630 60839.92208041 38
LO-19                60839.98123298 60839.99014755 18
LO-19                60840.37668296 60840.38617329 26
LO-19                60840.44546591 60840.45497988 25
LO-19                60840.88965055 60840.89855504 17
LO-19                60840.95800100 60840.96805260 40
LO-19                60841.35488057 60841.36275503 12
LO-19                60841.42220573 60841.43245623 58
LO-19                60841.86799167 60841.87418965 5
LO-19                60841.93504968 60841.94547950 88
LO-19                60842.00531429 60842.01195551 7
LO-19                60842.33411619 60842.33860327 3
LO-19                60842.39940947 60842.40963585 60
LO-19                60842.46975938 60842.47741406 10
LO-19                60842.91236279 60842.92246522 38
LO-19                60842.98160914 60842.99053196 18
LO-19                60843.37705966 60843.38655108 26
LO-19                60843.44584333 60843.45535697 25
LO-19                60843.89002557 60843.89893911 17
LO-19                60843.95837642 60843.96843559 40
LO-19                60844.35525528 60844.36313219 12
LO-19                60844.42258142 60844.43283252 58
LO-19                60844.86836408 60844.87457416 5
LO-19                60844.93542415 60844.94586121 88
LO-19                60845.00568731 60845.01233806 7
LO-19                60845.33448788 60845.33898083 3
LO-19                60845.39978346 60845.41001132 60
LO-19                60845.47013361 60845.47778903 10
LO-19                60845.91273617 60845.92284579 38
LO-19                60845.98198206 60845.99091240 18
LO-19                60846.37743189 60846.38692576 26
LO-19                60846.44621598 60846.45573110 25
LO-19                60846.89039763 60846.89931873 17
LO-19                60846.95874865 60846.96881448 40
LO-19                60847.35562557 60847.36350629 12
LO-19                60847.42295250 60847.43320577 58
LO-19                60847.86873392 60847.87495377 5
LO-19                60847.93579547 60847.94623869 88
LO-19                60848.00605715 60848.01271662 7
LO-19                60848.33485501 60848.33935559 3
LO-19                60848.40015294 60848.41038369 60
LO-19                60848.47050283 60848.47816129 10
LO-19                60848.91310648 60848.92322198 38
LO-19                60848.98235180 60848.99128874 18
LO-19                60849.37779971 60849.38729734 26
LO-19                60849.44658393 60849.45610228 25
LO-19                60849.89076677 60849.89969379 17
LO-19                60849.95911772 60849.96918915 40
LO-19                60850.35599152 60850.36387732 12
LO-19                60850.42331904 60850.43357597 58
LO-19                60850.86910128 60850.87532833 5
LO-19                60850.93616370 60850.94661185 88
LO-19                60851.00642388 60851.01309104 7
LO-19                60851.33521770 60851.33972749 3
LO-19                60851.40051799 60851.41075299 60
LO-19                60851.47086713 60851.47853083 10
LO-19                60851.91347377 60851.92359370 38
LO-19                60851.98271841 60851.99166087 18
LO-19                60852.37816319 60852.38766583 26
LO-19                60852.44694725 60852.45647050 25
LO-19                60852.89113302 60852.90006417 17
LO-19                60852.95948368 60852.96955952 40
LO-19                60853.35635322 60853.36424526 12
LO-19                60853.42368111 60853.43394313 58
LO-19                60853.86946620 60853.87569771 5
FO-29                60833.05394285 60833.06681016 30
FO-29                60833.12619646 60833.13995675 43
FO-29                60833.59792958 60833.60817919 37
FO-29                60833.67129720 60833.68030185 17
FO-29                60834.01800226 60834.02733271 9
FO-29                60834.08775408 60834.10177583 72
FO-29                60834.16217147 60834.17369888 16
FO-29                60834.56077733 60834.56816726 8
FO-29                60834.63241496 60834.64295355 63
FO-29                60834.70772888 60834.71213270 2
FO-29                60835.05045605 60835.06301426 27
FO-29                60835.12252545 60835.13626125 46
FO-29                60835.59426091 60835.60436109 33
FO-29                60835.66751505 60835.67667851 19
FO-29                60836.01469945 60836.02341314 8
FO-29                60836.08417528 60836.09802532 66
FO-29                60836.15839189 60836.17007743 17
FO-29                60836.55725352 60836.56416279 7
FO-29                60836.62868676 60836.63923035 70
FO-29                60836.70375175 60836.70875557 3
FO-29                60837.04698366 60837.05920401 25
FO-29                60837.11886609 60837.13255314 49
FO-29                60837.19668068 60837.20194193 2
FO-29                60837.59058924 60837.60054129 29
FO-29                60837.66372835 60837.67305334 21
FO-29                60838.01143189 60838.01945824 7
FO-29                60838.08060759 60838.09426303 61
FO-29                60838.15462840 60838.16643856 19
FO-29                60838.55374788 60838.56013499 6
FO-29                60838.62495332 60838.63550752 79
FO-29                60838.69980023 60838.70534523 4
FO-29                60839.04352553 60839.05537895 23
FO-29                60839.11521750 60839.12883292 53
FO-29                60839.19256952 60839.19861405 3
FO-29                60839.58691508 60839.59671989 26
FO-29                60839.65993730 60839.66942717 23
FO-29                60840.00827398 60840.01546118 5
FO-29                60840.07705297 60840.09048912 56
FO-29                60840.15087939 60840.16278351 20
FO-29                60840.55026732 60840.55607747 4
FO-29                60840.62121521 60840.63178546 88
FO-29                60840.69586584 60840.70191097 5
FO-29                60841.04008170 60841.05153871 20
FO-29                60841.11157883 60841.12510112 57
FO-29                60841.18853462 60841.19520796 4
FO-29                60841.58323924 60841.59289696 24
FO-29                60841.65614220 60841.66580053 26
FO-29                60842.00510860 60842.01140476 4
FO-29                60842.07350548 60842.08670386 52
FO-29                60842.14714334 60842.15911345 22
FO-29                60842.54682991 60842.55197949 3
FO-29                60842.61747284 60842.62806467 83
FO-29                60842.69194404 60842.69845840 6
FO-29                60843.03665232 60843.04768274 18
FO-29                60843.10794916 60843.12135825 61
FO-29                60843.18452579 60843.19174791 5
FO-29                60843.57956207 60843.58907244 21
FO-29                60843.65234347 60843.66217388 29
FO-29                60844.00202590 60844.00726403 3
FO-29                60844.06996707 60844.08290752 47
FO-29                60844.14341884 60844.15542945 23
FO-29                60844.54344052 60844.54782237 2
FO-29                60844.61372658 60844.62434493 74
FO-29                60844.68800077 60844.69499400 8
FO-29                60845.03323774 60845.04381032 16
FO-29                60845.10432763 60845.11760488 65
FO-29                60845.18058436 60845.18824170 6
FO-29                60845.57588479 60845.58524618 19
FO-29                60845.64854177 60845.65854756 32
FO-29                60846.06643739 60846.07910019 43
FO-29                60846.13970456 60846.15173256 25
FO-29                60846.60997739 60846.62062659 66
FO-29                60846.68409576 60846.69151573 9
FO-29                60847.02983083 60847.03992051 14
FO-29                60847.10071364 60847.11384157 69
FO-29                60847.17667538 60847.18470044 6
FO-29                60847.57220804 60847.58141790 17
FO-29                60847.64473715 60847.65492185 36
FO-29                60848.06291591 60848.07528256 39
FO-29                60848.13599921 60848.14802377 27
FO-29                60848.60622343 60848.61690968 59
FO-29                60848.68019685 60848.68802840 10
FO-29                60849.02644793 60849.03601205 12
FO-29                60849.09710589 60849.11006890 72
FO-29                60849.17279277 60849.18112997 7
FO-29                60849.56853265 60849.57758698 16
FO-29                60849.64093040 60849.65129687 40
FO-29                60850.05940182 60850.07145456 35
FO-29                60850.13230160 60850.14430402 29
FO-29                60850.60246937 60850.61319423 53
FO-29                60850.67630344 60850.68453345 12
FO-29                60851.02308302 60851.03208299 11
FO-29                60851.09350377 60851.10628748 75
FO-29                60851.16893167 60851.17753491 8
FO-29                60851.56486002 60851.57375321 14
FO-29                60851.63712210 60851.64767290 45
FO-29                60852.05589485 60852.06761653 32
FO-29                60852.12861053 60852.14057425 31
FO-29                60852.59871397 60852.60948005 48
SO-50                60832.97639249 60832.98499755 27
SO-50                60833.04596014 60833.05400710 18
SO-50                60833.56144728 60833.57090005 48
SO-50                60833.63177692 60833.63973669 13
SO-50                60833.92134690 60833.92650056 4
SO-50                60833.98927826 60833.99839042 69
SO-50                60834.06002807 60834.06573723 6
SO-50                60834.50683206 60834.51351764 8
SO-50                60834.57441786 60834.58401604 65
SO-50                60834.64636530 60834.65196026 5
SO-50                60834.93355066 60834.94108565 13
SO-50                60835.00241748 60835.01131631 42
SO-50                60835.51870222 60835.52739349 22
SO-50                60835.58784000 60835.59688708 27
SO-50                60835.94619648 60835.95491633 30
SO-50                60836.01588916 60836.02372063 16
SO-50                60836.53124822 60836.54076137 56
SO-50                60836.60177993 60836.60948910 12
SO-50                60836.89101564 60836.89661669 5
SO-50                60836.95910791 60836.96823381 80
SO-50                60837.03009761 60837.03527221 5
SO-50                60837.47643877 60837.48351008 10
SO-50                60837.54427330 60837.55383217 57
SO-50                60837.61650782 60837.62159840 4
SO-50                60837.90330031 60837.91105504 15
SO-50                60837.97227708 60837.98108430 36
SO-50                60838.48842157 60838.49727944 25
SO-50                60838.55775259 60838.56666038 24
SO-50                60838.91597884 60838.92479776 34
SO-50                60838.98580189 60838.99339318 14
SO-50                60839.50103227 60839.51058982 64
SO-50                60839.57176897 60839.57920675 10
SO-50                60839.86067935 60839.86667591 6
SO-50                60839.92891539 60839.93804125 87
SO-50                60840.00018732 60840.00473047 3
SO-50                60840.44604381 60840.45345418 11
SO-50                60840.51411024 60840.52361670 50
SO-50                60840.58666111 60840.59117577 3
SO-50                60840.87303046 60840.88098381 16
SO-50                60840.94211597 60840.95081585 32
SO-50                60841.45812617 60841.46712975 28
SO-50                60841.52764760 60841.53640153 21
SO-50                60841.88573905 60841.89464250 39
SO-50                60841.95569951 60841.96302389 12
SO-50                60842.40457701 60842.40884253 3
SO-50                60842.47079750 60842.48038576 73
SO-50                60842.54174492 60842.54888834 9
SO-50                60842.83033337 60842.83668308 7
SO-50                60842.89870045 60842.90781291 78
SO-50                60842.97032144 60842.97408763 2
SO-50                60843.41564340 60843.42335324 13
SO-50                60843.48392857 60843.49336974 44
SO-50                60843.84274040 60843.85087287 18
SO-50                60843.91193439 60843.92051057 28
SO-50                60844.42781513 60844.43694485 32
SO-50                60844.49752518 60844.50611074 19
SO-50                60844.85547711 60844.86445059 44
SO-50                60844.92558339 60844.93261085 11
SO-50                60845.37392917 60845.37892365 4
SO-50                60845.44054454 60845.45014950 83
SO-50                60845.51170891 60845.51853295 8
SO-50                60845.79997448 60845.80664186 8
SO-50                60845.86846347 60845.87754893 67
SO-50                60846.38523475 60846.39321026 15
SO-50                60846.45372802 60846.46309138 39
SO-50                60846.81242952 60846.82072304 20
SO-50                60846.88173252 60846.89016818 25
SO-50                60847.39748771 60847.40672561 36
SO-50                60847.46738555 60847.47578756 17
SO-50                60847.75772584 60847.76161996 2
SO-50                60847.82519259 60847.83422256 50
SO-50                60847.89545585 60847.90215229 9
SO-50                60848.34332472 60848.34891558 5
SO-50                60848.41027296 60848.41988132 86
SO-50                60848.48166242 60848.48813896 7
SO-50                60848.76959873 60848.77655747 10
SO-50                60848.83820548 60848.84724941 58
SO-50                60849.35481566 60849.36302701 17
SO-50                60849.42350892 60849.43278169 34
SO-50                60849.78209583 60849.79053506 23
SO-50                60849.85151100 60849.85978841 22
SO-50                60850.36714328 60850.37647262 41
SO-50                60850.43722899 60850.44543179 15
SO-50                60850.72719778 60850.73169169 3
SO-50                60850.79488562 60850.80395873 58
SO-50                60850.86531927 60850.87164546 8
SO-50                60851.31274217 60851.31883760 6
SO-50                60851.37998251 60851.38958146 77
SO-50                60851.45160743 60851.45770429 6
SO-50                60851.73920632 60851.74642641 11
SO-50                60851.80792427 60851.81691441 50
SO-50                60852.32438443 60852.33280518 19
SO-50                60852.39327094 60852.40244070 31
SO-50                60852.75174178 60852.76030957 26
SO-50                60852.82127026 60852.82937083 19
SO-50                60853.33678130 60853.34618640 47
SO-50                60853.40705580 60853.41504309 14
SO-50                60853.69668437 60853.70168680 4
SO-50                60853.76455595 60853.77365939 67
HO-68                60832.86955554 60832.87961149 13
HO-68                60833.22455617 60833.23713391 31
HO-68                60833.29890175 60833.31201419 38
HO-68                60833.70972137 60833.71690770 5
HO-68                60833.78185649 60833.79538715 65
HO-68                60833.85735223 60833.86854890 18
HO-68                60834.21323220 60834.22510350 23
HO-68                60834.28687546 60834.30034782 53
HO-68                60834.77014305 60834.78343502 47
HO-68                60834.84527182 60834.85731788 25
HO-68                60835.20204633 60835.21299802 16
HO-68                60835.27496137 60835.28861432 72
HO-68                60835.35297209 60835.36112552 6
HO-68                60835.75850207 60835.77136696 34
HO-68                60835.83326155 60835.84594893 34
HO-68                60836.19104436 60836.20079152 11
HO-68                60836.26315285 60836.27682252 85
HO-68                60836.34007428 60836.35013762 11
HO-68                60836.74694938 60836.75916724 24
HO-68                60836.82131023 60836.83445881 46
HO-68                60836.89867415 60836.90435378 3
HO-68                60837.18028109 60837.18842943 7
HO-68                60837.25144750 60837.26497730 63
HO-68                60837.32750257 60837.33887060 17
HO-68                60837.73551384 60837.74680725 17
HO-68                60837.80941248 60837.82285777 63
HO-68                60837.88598592 60837.89400094 7
HO-68                60838.16997734 60838.17576515 3
HO-68                60838.23984958 60838.25308038 46
HO-68                60838.31514329 60838.32743525 25
HO-68                60838.72424657 60838.73423437 11
HO-68                60838.79756653 60838.81115166 85
HO-68                60838.87361444 60838.88324409 11
HO-68                60839.22836004 60839.24113014 34
HO-68                60839.30294411 60839.31588308 34
HO-68                60839.71326741 60839.72133350 6
HO-68                60839.78577417 60839.79934229 72
HO-68                60839.86140240 60839.87224503 16
HO-68                60840.21699149 60840.22912141 25
HO-68                60840.29087682 60840.30424226 47
HO-68                60840.77404077 60840.78742755 53
HO-68                60840.84929317 60840.86106713 22
HO-68                60841.20575353 60841.21704315 18
HO-68                60841.27892539 60841.29253014 65
HO-68                60841.35740853 60841.36466841 5
HO-68                60841.76237174 60841.77540072 38
HO-68                60841.83725995 60841.84974337 31
HO-68                60842.19468631 60842.20487461 13
HO-68                60842.26708110 60842.28075716 87
HO-68                60842.34434220 60842.35383069 9
HO-68                60842.75078594 60842.76324842 27
HO-68                60842.82528879 60842.83829356 42
HO-68                60843.18383194 60843.19257415 8
HO-68                60843.25534064 60843.26892946 70
HO-68                60843.33167683 60843.34264166 15
HO-68                60843.73930554 60843.75094754 19
HO-68                60843.81337242 60843.82672977 57
HO-68                60843.89017409 60843.89749190 5
HO-68                60844.17336137 60844.18004251 4
HO-68                60844.24370646 60844.25704979 52
HO-68                60844.31925235 60844.33125605 22
HO-68                60844.72797218 60844.73845588 13
HO-68                60844.80150841 60844.81505939 77
HO-68                60844.87772100 60844.88684589 9
HO-68                60845.23217818 60845.24511783 38
HO-68                60845.30700227 60845.31973950 31
HO-68                60845.71687680 60845.72568772 8
HO-68                60845.78969697 60845.80328555 80
HO-68                60845.86546246 60845.87592071 14
HO-68                60846.22076691 60846.23312940 28
HO-68                60846.29489203 60846.30812644 42
HO-68                60846.70623271 60846.71240783 3
HO-68                60846.77794214 60846.79140751 59
HO-68                60846.85332136 60846.86479973 20
HO-68                60847.20947980 60847.22107603 20
HO-68                60847.28290219 60847.29643694 58
HO-68                60847.36196336 60847.36810746 3
HO-68                60847.76624861 60847.77942027 42
HO-68                60847.84126362 60847.85352348 27
HO-68                60848.19835289 60848.20894102 14
HO-68                60848.27102186 60848.28468355 79
HO-68                60848.34865580 60848.35748262 8
HO-68                60848.75463255 60848.76731301 31
HO-68                60848.82927180 60848.84211524 37
HO-68                60849.18741832 60849.19669162 10
HO-68                60849.25924605 60849.27287372 78
HO-68                60849.33587926 60849.34638789 13
HO-68                60849.74311227 60849.75506661 22
HO-68                60849.81733676 60849.83058980 51
HO-68                60849.89440652 60849.90092659 4
HO-68                60850.17681712 60850.18425735 6
HO-68                60850.24757600 60850.26101130 57
HO-68                60850.32338196 60850.33505969 19
HO-68                60850.73172172 60850.74264693 15
HO-68                60850.80545452 60850.81895559 69
HO-68                60850.88184727 60850.89041650 8
HO-68                60851.23601000 60851.24909702 42
HO-68                60851.31107690 60851.32358294 27
HO-68                60851.72053297 60851.72998799 9
AO-73                60832.87019659 60832.87546824 6
AO-73                60833.24706964 60833.25439578 14
AO-73                60833.31223344 60833.32061653 31
AO-73                60833.80199562 60833.81036619 57
AO-73                60833.86900474 60833.87441480 6
AO-73                60834.24598562 60834.25322125 13
AO-73                60834.31106850 60834.31949387 32
AO-73                60834.80085668 60834.80919774 54
AO-73                60834.86779732 60834.87334190 7
AO-73                60835.24488796 60835.25202705 13
AO-73                60835.30988811 60835.31835281 34
AO-73                60835.79970135 60835.80801076 51
AO-73                60835.86657438 60835.87224978 7
AO-73                60836.24377687 60836.25081304 12
AO-73                60836.30869231 60836.31719335 36
AO-73                60836.79852966 60836.80680521 47
AO-73                60836.86533581 60836.87113852 7
AO-73                60837.24265252 60837.24957900 11
AO-73                60837.30748112 60837.31601544 38
AO-73                60837.79734168 60837.80558104 44
AO-73                60837.86408154 60837.87000818 8
AO-73                60838.24151515 60838.24832474 11
AO-73                60838.30625457 60838.31481907 40
AO-73                60838.79613744 60838.80433819 42
AO-73                60838.86281147 60838.86885903 9
AO-73                60839.24036499 60839.24705002 10
AO-73                60839.30501268 60839.31360422 43
AO-73                60839.79491701 60839.80307659 39
AO-73                60839.86152555 60839.86769074 9
AO-73                60840.23920231 60840.24575460 10
AO-73                60840.30371183 60840.31236741 45
AO-73                60840.79368044 60840.80179620 37
AO-73                60840.86022373 60840.86650364 10
AO-73                60841.23802743 60841.24443818 9
AO-73                60841.30243924 60841.31111555 48
AO-73                60841.79242800 60841.80049692 34
AO-73                60841.85890596 60841.86529769 10
AO-73                60842.23684069 60842.24310044 8
AO-73                60842.30115142 60842.30984514 51
AO-73                60842.79115939 60842.79917869 32
AO-73                60842.85757220 60842.86407294 11
AO-73                60843.23564251 60843.24174097 8
AO-73                60843.29984840 60843.30855616 55
AO-73                60843.78987487 60843.79784142 30
AO-73                60843.85622248 60843.86282941 12
AO-73                60844.23443336 60844.24035939 7
AO-73                60844.29853020 60844.30724858 59
AO-73                60844.78857453 60844.79648502 28
AO-73                60844.85485668 60844.86156713 12
AO-73                60845.23321364 60845.23895493 6
AO-73                60845.29719686 60845.30592240 63
AO-73                60845.78725848 60845.79510939 27
AO-73                60845.85347463 60845.86028611 13
AO-73                60846.23198434 60846.23752724 6
AO-73                60846.29584841 60846.30457758 67
AO-73                60846.78592681 60846.79371442 25
AO-73                60846.85207668 60846.85898636 14
AO-73                60847.23074606 60847.23607537 5
AO-73                60847.29448489 60847.30321410 72
AO-73                60847.78457965 60847.79229998 23
AO-73                60847.85066827 60847.85767485 15
AO-73                60848.22949985 60848.23459828 5
AO-73                60848.29310633 60848.30183194 77
AO-73                60848.78321712 60848.79086595 22
AO-73                60848.84923814 60848.85633766 16
AO-73                60849.22824701 60849.23309487 4
AO-73                60849.29171278 60849.30043108 82
AO-73                60849.78183937 60849.78941212 21
AO-73                60849.84779194 60849.85498176 17
AO-73                60850.22698917 60850.23156323 4
AO-73                60850.29030428 60850.29901150 87
AO-73                60850.35888167 60850.36266582 2
AO-73                60850.78044646 60850.78793863 19
AO-73                60850.84632965 60850.85360714 18
AO-73                60851.22572868 60851.23000117 3
AO-73                60851.28888086 60851.29757316 86
AO-73                60851.35726328 60851.36139108 3
AO-73                60851.77903872 60851.78644489 18
AO-73                60851.84485129 60851.85221378 19
AO-73                60852.22446877 60852.22840533 3
AO-73                60852.28744258 60852.29611604 81
AO-73                60852.35564450 60852.36008270 3
AO-73                60852.77761627 60852.78493087 17
AO-73                60852.84335688 60852.85080150 20
AO-73                60853.22321434 60853.22677078 2
AO-73                60853.28598949 60853.29464012 75
AO-73                60853.35402211 60853.35874390 4
AO-73                60853.77617934 60853.78339637 16
AO-73                60853.84184642 60853.84937065 22
AO-73                60854.28452155 60854.29314536 70
AO-73                60854.35239402 60854.35737696 4
AO-73                60854.77472812 60854.78184115 15
AO-73                60854.84031995 60854.84792101 23
AO-73                60855.28303886 60855.29163174 65
AO-73                60855.35075836 60855.35598337 5
AO-73                60855.77326310 60855.78026496 14
AO-73                60855.83877749 60855.84645262 25
AO-73                60856.28154147 60856.29009921 60
AO-73                60856.34911407 60856.35456454 6
TITA                 60833.08178474 60833.08965302 32
TITA                 60833.14782660 60833.15417259 11
TITA                 60833.52407378 60833.52967142 6
TITA                 60833.58776304 60833.59622890 59
TITA                 60834.07524605 60834.08283899 23
TITA                 60834.14096805 60834.14784013 14
TITA                 60834.51800615 60834.52258781 4
TITA                 60834.58108201 60834.58959114 83
TITA                 60835.06873932 60835.07595617 17
TITA                 60835.13413958 60835.14142364 19
TITA                 60835.57443311 60835.58291323 71
TITA                 60835.64199183 60835.64672559 4
TITA                 60836.06227515 60836.06899363 12
TITA                 60836.12733816 60836.13493929 26
TITA                 60836.56781623 60836.57619554 50
TITA                 60836.63472712 60836.64051982 7
TITA                 60837.05587137 60837.06193352 9
TITA                 60837.12051567 60837.12839034 36
TITA                 60837.56123278 60837.56943738 36
TITA                 60837.62760054 60837.63416688 10
TITA                 60838.04956097 60838.05474176 5
TITA                 60838.11375522 60838.12178610 50
TITA                 60838.55468535 60838.56263691 27
TITA                 60838.62056805 60838.62772262 14
TITA                 60839.04342416 60839.04733611 3
TITA                 60839.10701270 60839.11512547 73
TITA                 60839.54817848 60839.55579072 20
TITA                 60839.61359583 60839.62119674 19
TITA                 60840.10028574 60840.10840912 77
TITA                 60840.16736535 60840.17147635 3
TITA                 60840.54171781 60840.54889346 15
TITA                 60840.60667519 60840.61461011 26
TITA                 60841.09357870 60841.10163649 53
TITA                 60841.16017669 60841.16535195 6
TITA                 60841.53531379 60841.54193566 11
TITA                 60841.59979808 60841.60797088 35
TITA                 60842.08689227 60842.09480573 37
TITA                 60842.15310388 60842.15906732 9
TITA                 60842.52898340 60842.53490152 8
TITA                 60842.59291585 60842.60128132 49
TITA                 60843.08023026 60843.08791342 26
TITA                 60843.14609802 60843.15267279 12
TITA                 60843.52275847 60843.52775954 5
TITA                 60843.58611192 60843.59455134 71
TITA                 60844.07359800 60844.08095403 19
TITA                 60844.13914222 60844.14619832 17
TITA                 60844.51671710 60844.52043131 2
TITA                 60844.57934194 60844.58777965 82
TITA                 60844.64728200 60844.65127236 3
TITA                 60845.06700444 60845.07391838 14
TITA                 60845.13221356 60845.13964267 23
TITA                 60845.57260519 60845.58096707 58
TITA                 60845.63978937 60845.64506618 5
TITA                 60846.06046442 60846.06679190 10
TITA                 60846.12526781 60846.13301805 31
TITA                 60846.56590264 60846.57411333 41
TITA                 60846.63249231 60846.63866765 9
TITA                 60847.05400371 60847.05954786 7
TITA                 60847.11838605 60847.12633515 44
TITA                 60847.55923651 60847.56721699 30
TITA                 60847.62531114 60847.63215652 12
TITA                 60848.04767855 60848.05212879 4
TITA                 60848.11152384 60848.11959367 63
TITA                 60848.55261048 60848.56027510 22
TITA                 60848.61820167 60848.62555278 17
TITA                 60849.10468038 60849.11279488 87
TITA                 60849.17199469 60849.17554487 2
TITA                 60849.54603088 60849.55328275 16
TITA                 60849.61115116 60849.61888122 23
TITA                 60850.09785341 60850.10593878 61
TITA                 60850.16460904 60850.16942135 5
TITA                 60850.53950608 60850.54623143 12
TITA                 60850.60414875 60850.61215280 31
TITA                 60851.09104910 60851.09902400 42
TITA                 60851.15738404 60851.16309200 8
TITA                 60851.53305182 60851.53910689 8
TITA                 60851.59714481 60851.60537100 43
TITA                 60852.08426861 60852.09204766 29
TITA                 60852.15024267 60852.15663503 11
TITA                 60852.52669625 60852.53188163 5
TITA                 60852.59022137 60852.59854653 62
TITA                 60853.07751721 60853.08500497 21
TITA                 60853.14315994 60853.15008895 15
TITA                 60853.52050428 60853.52449078 3
TITA                 60853.58333376 60853.59167870 88
TITA                 60854.07080229 60854.07788774 16
TITA                 60854.13610943 60854.14345607 21
TITA                 60854.57648090 60854.58476876 64
TITA                 60854.64389077 60854.64868383 4
TITA                 60855.06413683 60855.07068334 11
TITA                 60855.12908773 60855.13675291 28
TITA                 60855.56966342 60855.57781676 44
TITA                 60855.63642430 60855.64223992 7
TITA                 60856.05754318 60856.06336906 8
TITA                 60856.12204707 60856.12998283 40
TITA                 60856.56288320 60856.57082149 32
TITA                 60856.62909335 60856.63565230 11
TITA                 60857.05106562 60857.05589943 4
TITA                 60857.11506993 60857.12315511 58
NOAA-15              60832.92794385 60832.93561174 9
NOAA-15              60832.99598189 60833.00644233 65
NOAA-15              60833.06722096 60833.07237451 4
NOAA-15              60833.39560124 60833.40240221 7
NOAA-15              60833.46237897 60833.47301654 89
NOAA-15              60833.53399388 60833.54049175 6
NOAA-15              60833.91133661 60833.91560648 2
NOAA-15              60833.97786580 60833.98835650 66
NOAA-15              60834.04805476 60834.05582586 11
NOAA-15              60834.44443498 60834.45481859 47
NOAA-15              60834.51458232 60834.52333733 15
NOAA-15              60834.95991968 60834.96999120 34
NOAA-15              60835.02939325 60835.03863934 21
NOAA-15              60835.42677302 60835.43645632 25
NOAA-15              60835.49576858 60835.50571101 28
NOAA-15              60835.94220241 60835.95129685 18
NOAA-15              60836.01096976 60836.02107438 38
NOAA-15              60836.40945205 60836.41788707 13
NOAA-15              60836.47731169 60836.48782757 54
NOAA-15              60836.92486326 60836.93212223 8
NOAA-15              60836.99271930 60837.00321167 73
NOAA-15              60837.06373211 60837.06946529 5
NOAA-15              60837.39263515 60837.39896587 6
NOAA-15              60837.45914200 60837.46975945 80
NOAA-15              60837.53046430 60837.53745958 7
NOAA-15              60837.97462706 60837.98507618 58
NOAA-15              60838.04468324 60838.05276413 12
NOAA-15              60838.44124376 60838.45153117 42
NOAA-15              60838.51117936 60838.52019049 16
NOAA-15              60838.95671457 60838.96665671 30
NOAA-15              60839.02606921 60839.03549998 23
NOAA-15              60839.42363403 60839.43313447 23
NOAA-15              60839.49243471 60839.50250812 31
NOAA-15              60839.93904573 60839.94789178 16
NOAA-15              60840.00767595 60840.01787761 42
NOAA-15              60840.40638300 60840.41451604 12
NOAA-15              60840.47402900 60840.48458649 60
NOAA-15              60840.92180513 60840.92859532 7
NOAA-15              60840.98945087 60840.99996453 82
NOAA-15              60841.06026556 60841.06650974 6
NOAA-15              60841.38969424 60841.39549058 5
NOAA-15              60841.45590493 60841.46648701 72
NOAA-15              60841.52695767 60841.53438852 9
NOAA-15              60841.97138525 60841.98177934 52
NOAA-15              60842.04131171 60842.04967928 14
NOAA-15              60842.43805303 60842.44822810 37
NOAA-15              60842.50778238 60842.51702204 18
NOAA-15              60842.95350630 60842.96330364 27
NOAA-15              60843.02274083 60843.03234231 25
NOAA-15              60843.42049767 60843.42979527 20
NOAA-15              60843.48910218 60843.49928785 35
NOAA-15              60843.93589073 60843.94446312 14
NOAA-15              60844.00437657 60844.01466406 48
NOAA-15              60844.40332234 60844.41112255 10
NOAA-15              60844.47074625 60844.48132973 68
NOAA-15              60844.54337818 60844.54797191 3
NOAA-15              60844.91876848 60844.92502444 5
NOAA-15              60844.98617697 60844.99670120 88
NOAA-15              60845.05678103 60845.06351854 7
NOAA-15              60845.38684341 60845.39196775 4
NOAA-15              60845.45266858 60845.46319939 64
NOAA-15              60845.52346822 60845.53128398 10
NOAA-15              60845.96813837 60845.97846564 46
NOAA-15              60846.03793912 60846.04657250 15
NOAA-15              60846.43486282 60846.44490919 33
NOAA-15              60846.50438978 60846.51383284 21
NOAA-15              60846.95029553 60846.95993151 24
NOAA-15              60847.01940787 60847.02916678 28
NOAA-15              60847.41736438 60847.42643830 18
NOAA-15              60847.48577036 60847.49605072 39
NOAA-15              60847.93273937 60847.94100917 12
NOAA-15              60848.00107164 60848.01143418 53
NOAA-15              60848.40027184 60848.40770458 9
NOAA-15              60848.46746280 60848.47805757 76
NOAA-15              60848.53967270 60848.54505365 4
NOAA-15              60848.91576388 60848.92139923 4
NOAA-15              60848.98289754 60848.99342169 80
NOAA-15              60849.05333782 60849.06049140 8
NOAA-15              60849.38399147 60849.38837842 3
NOAA-15              60849.44943048 60849.45989644 57
NOAA-15              60849.51996030 60849.52815266 12
NOAA-15              60849.96488709 60849.97513482 41
NOAA-15              60850.03456470 60850.04344480 17
NOAA-15              60850.43167321 60850.44157448 30
NOAA-15              60850.50100042 60850.51062417 23
NOAA-15              60850.94708308 60850.95653967 21
NOAA-15              60851.01607023 60851.02597376 32
NOAA-15              60851.41423474 60851.42306287 16
NOAA-15              60851.48243870 60851.49279731 44
NOAA-15              60851.92959388 60851.93752781 10
NOAA-15              60851.99776130 60852.00818796 60
NOAA-15              60852.06918694 60852.07386277 3
NOAA-15              60852.39723399 60852.40426002 8
NOAA-15              60852.46417858 60852.47477029 85
NOAA-15              60852.53602832 60852.54205831 5
NOAA-15              60852.91280871 60852.91770209 3
NOAA-15              60852.97961299 60852.99012591 71
NOAA-15              60853.04990091 60853.05743483 10
NOAA-15              60853.44619172 60853.45657869 50
NOAA-18              60833.06608730 60833.07232897 5
NOAA-18              60833.13390662 60833.14492049 80
NOAA-18              60833.20490246 60833.21265063 9
NOAA-18              60833.53805981 60833.54401007 5
NOAA-18              60833.60479316 60833.61566194 69
NOAA-18              60833.67635127 60833.68427779 10
NOAA-18              60834.12498918 60834.13592037 59
NOAA-18              60834.19560847 60834.20427344 13
NOAA-18              60834.59594341 60834.60665572 50
NOAA-18              60834.66681410 60834.67573081 14
NOAA-18              60835.11611070 60835.12685204 43
NOAA-18              60835.18639437 60835.19577706 18
NOAA-18              60835.58715926 60835.59761110 37
NOAA-18              60835.65744163 60835.66707061 20
NOAA-18              60836.10728122 60836.11771056 31
NOAA-18              60836.17724007 60836.18718379 25
NOAA-18              60836.57844640 60836.58852562 28
NOAA-18              60836.64817349 60836.65832996 27
NOAA-18              60837.09850767 60837.10848764 23
NOAA-18              60837.16813430 60837.17850721 33
NOAA-18              60837.56981182 60837.57939411 21
NOAA-18              60837.63899204 60837.64952636 37
NOAA-18              60838.08980396 60838.09916960 17
NOAA-18              60838.15907056 60838.16975584 44
NOAA-18              60838.56126660 60838.57020768 15
NOAA-18              60838.62988660 60838.64067092 51
NOAA-18              60839.08119302 60839.08973332 12
NOAA-18              60839.15004529 60839.16093504 60
NOAA-18              60839.22200700 60839.22724724 4
NOAA-18              60839.55282854 60839.56095090 11
NOAA-18              60839.62085073 60839.63177038 70
NOAA-18              60839.69399151 60839.69914771 3
NOAA-18              60840.07271559 60840.08013634 8
NOAA-18              60840.14105694 60840.15204783 81
NOAA-18              60840.21240374 60840.21922341 7
NOAA-18              60840.54452919 60840.55159471 7
NOAA-18              60840.61188092 60840.62282916 87
NOAA-18              60840.68403399 60840.69100129 7
NOAA-18              60841.06446626 60841.07028230 4
NOAA-18              60841.13210592 60841.14309530 75
NOAA-18              60841.20301724 60841.21096440 10
NOAA-18              60841.53648932 60841.54207552 4
NOAA-18              60841.60297710 60841.61384960 64
NOAA-18              60841.67435178 60841.68257655 11
NOAA-18              60842.12319432 60842.13407661 55
NOAA-18              60842.19373938 60842.20255546 14
NOAA-18              60842.59413695 60842.60483238 47
NOAA-18              60842.66487473 60842.67399571 15
NOAA-18              60843.11432239 60843.12498880 40
NOAA-18              60843.18453612 60843.19403299 19
NOAA-18              60843.58536453 60843.59577645 35
NOAA-18              60843.65552426 60843.66531244 21
NOAA-18              60844.10550139 60844.11582628 29
NOAA-18              60844.17538979 60844.18541699 26
NOAA-18              60844.57666463 60844.58667880 26
NOAA-18              60844.64627334 60844.65655368 29
NOAA-18              60845.09673889 60845.10657973 22
NOAA-18              60845.16629032 60845.17671974 35
NOAA-18              60845.56804496 60845.57753371 20
NOAA-18              60845.63710627 60845.64773472 40
NOAA-18              60846.08805040 60846.09723389 16
NOAA-18              60846.15723194 60846.16794903 47
NOAA-18              60846.55951766 60846.56833123 14
NOAA-18              60846.62801351 60846.63886566 54
NOAA-18              60847.07946189 60847.08776230 11
NOAA-18              60847.14821156 60847.15910966 64
NOAA-18              60847.22003272 60847.22562536 4
NOAA-18              60847.55110253 60847.55905394 10
NOAA-18              60847.61898933 60847.62995274 74
NOAA-18              60847.69187301 60847.69754462 4
NOAA-18              60848.07102150 60848.07811501 7
NOAA-18              60848.13922812 60848.15020422 86
NOAA-18              60848.21047536 60848.21753772 7
NOAA-18              60848.54283557 60848.54966842 7
NOAA-18              60848.61003075 60848.62099980 82
NOAA-18              60848.68200291 60848.68930992 8
NOAA-18              60849.06284960 60849.06816920 3
NOAA-18              60849.13028231 60849.14123337 70
NOAA-18              60849.20111217 60849.20923893 11
NOAA-18              60849.53485243 60849.54009706 4
NOAA-18              60849.60113815 60849.61200883 60
NOAA-18              60849.67236411 60849.68084005 12
NOAA-18              60850.12137434 60850.13219583 51
NOAA-18              60850.19184856 60850.20079976 15
NOAA-18              60850.59230964 60850.60298011 44
NOAA-18              60850.66291582 60850.67222951 17
NOAA-18              60851.11251148 60851.12308812 37
NOAA-18              60851.18265503 60851.19225215 21
NOAA-18              60851.58354971 60851.59391232 33
NOAA-18              60851.65358654 60851.66352411 23
NOAA-18              60852.10369937 60852.11390391 27
NOAA-18              60852.17351590 60852.18361398 28
NOAA-18              60852.57486371 60852.58480163 25
NOAA-18              60852.64435253 60852.65474732 31
NOAA-18              60853.09494870 60853.10463269 20
NOAA-18              60853.16442220 60853.17489643 37
NOAA-18              60853.56626013 60853.57564194 18
NOAA-18              60853.63519983 60853.64591311 42
NOAA-18              60854.08627713 60854.09525719 14
NOAA-19              60833.06966112 60833.08008061 34
NOAA-19              60833.13973718 60833.14936054 22
NOAA-19              60833.54074764 60833.55108473 32
NOAA-19              60833.61069338 60833.62075041 24
NOAA-19              60834.06102296 60834.07104663 25
NOAA-19              60834.13077253 60834.14086672 29
NOAA-19              60834.53223695 60834.54213258 24
NOAA-19              60834.60164401 60834.61212408 33
NOAA-19              60835.05244749 60835.06192472 19
NOAA-19              60835.12185093 60835.13229698 39
NOAA-19              60835.52380775 60835.53313133 18
NOAA-19              60835.59267193 60835.60344341 44
NOAA-19              60836.04395389 60836.05269618 13
NOAA-19              60836.11296795 60836.12365765 53
NOAA-19              60836.18529705 60836.18949304 2
NOAA-19              60836.51547367 60836.52406938 13
NOAA-19              60836.58376959 60836.59471626 60
NOAA-19              60837.03557388 60837.04332800 9
NOAA-19              60837.10412123 60837.11495243 72
NOAA-19              60837.17573574 60837.18178339 5
NOAA-19              60837.50725748 60837.51492643 9
NOAA-19              60837.57493255 60837.58594775 82
NOAA-19              60837.64747385 60837.65381553 5
NOAA-19              60838.02737415 60838.03375174 5
NOAA-19              60838.09531057 60838.10618310 84
NOAA-19              60838.16640766 60838.17376438 8
NOAA-19              60838.49919405 60838.50566170 6
NOAA-19              60838.56615869 60838.57714091 75
NOAA-19              60838.63788515 60838.64563246 9
NOAA-19              60839.08653744 60839.09734960 62
NOAA-19              60839.15724381 60839.16556703 12
NOAA-19              60839.49147134 60839.49617191 3
NOAA-19              60839.55744903 60839.56829708 55
NOAA-19              60839.62847583 60839.63726367 13
NOAA-19              60840.07780178 60840.08844994 45
NOAA-19              60840.14816606 60840.15724445 17
NOAA-19              60840.54880233 60840.55941605 41
NOAA-19              60840.61923661 60840.62877469 18
NOAA-19              60841.06911240 60841.07947985 33
NOAA-19              60841.13915109 60841.14882252 22
NOAA-19              60841.54022345 60841.55049580 30
NOAA-19              60841.61010460 60841.62020146 25
NOAA-19              60842.06047565 60842.07043197 25
NOAA-19              60842.13018606 60842.14031590 30
NOAA-19              60842.53171840 60842.54153248 23
NOAA-19              60842.60106055 60842.61156304 34
NOAA-19              60843.05190358 60843.06129434 18
NOAA-19              60843.12126356 60843.13173410 40
NOAA-19              60843.52329639 60843.53251870 17
NOAA-19              60843.59209280 60843.60287133 46
NOAA-19              60844.04341668 60844.05204693 13
NOAA-19              60844.11237942 60844.12308319 55
NOAA-19              60844.18460638 60844.18905437 2
NOAA-19              60844.51497197 60844.52344196 12
NOAA-19              60844.58319423 60844.59413377 63
NOAA-19              60844.65674197 60844.66116346 2
NOAA-19              60845.03504860 60845.04265401 8
NOAA-19              60845.10353158 60845.11436659 75
NOAA-19              60845.17508279 60845.18129232 5
NOAA-19              60845.50676980 60845.51428014 9
NOAA-19              60845.57436063 60845.58535522 85
NOAA-19              60845.64679730 60845.65330546 6
NOAA-19              60846.02687425 60846.03303948 5
NOAA-19              60846.09471999 60846.10558589 81
NOAA-19              60846.16576782 60846.17324576 9
NOAA-19              60846.49872949 60846.50498757 5
NOAA-19              60846.56559025 60846.57653851 72
NOAA-19              60846.63723337 60846.64509075 9
NOAA-19              60847.08594602 60847.09674081 60
NOAA-19              60847.15660999 60847.16502860 13
NOAA-19              60847.49105955 60847.49544149 2
NOAA-19              60847.55688417 60847.56768478 53
NOAA-19              60847.62783773 60847.63670105 14
NOAA-19              60848.07720997 60848.08782911 44
NOAA-19              60848.14753494 60848.15669000 17
NOAA-19              60848.54824153 60848.55879368 39
NOAA-19              60848.61860773 60848.62819601 19
NOAA-19              60849.06852128 60849.07884622 32
NOAA-19              60849.13852092 60849.14825370 23
NOAA-19              60849.53966745 60849.54986277 29
NOAA-19              60849.60948234 60849.61960932 26
NOAA-19              60850.05988640 60850.06978431 24
NOAA-19              60850.12955588 60850.13973413 31
NOAA-19              60850.53116826 60850.54088785 22
NOAA-19              60850.60044337 60850.61095897 35
NOAA-19              60851.05131835 60851.06063069 17
NOAA-19              60851.12063281 60851.13114011 42
NOAA-19              60851.52275380 60851.53186114 16
NOAA-19              60851.59147978 60851.60225634 47
NOAA-19              60852.04283832 60852.05136395 12
NOAA-19              60852.11174784 60852.12247750 57
NOAA-19              60852.18387113 60852.18858609 3
NOAA-19              60852.51443971 60852.52276888 12
NOAA-19              60852.58258483 60852.59350847 65
NOAA-19              60852.65597594 60852.66067179 3
NOAA-19              60853.03448342 60853.04194544 8
NOAA-19              60853.10289914 60853.11374939 77
NOAA-19              60853.17435375 60853.18077559 6
NOAA-19              60853.50625286 60853.51358687 8
METOA                60833.10127692 60833.10717670 5
METOA                60833.16648447 60833.17669546 83
METOA                60833.23483945 60833.24154977 8
METOA                60833.61957272 60833.62732155 25
METOA                60833.68709347 60833.69401038 13
METOA                60834.11824689 60834.12653109 13
METOA                60834.18454251 60834.19457829 50
METOA                60834.63723455 60834.64552008 56
METOA                60834.70621840 60834.71110552 5
METOA                60835.13572779 60835.14526507 26
METOA                60835.20276314 60835.21217745 26
METOA                60835.58996845 60835.59528090 6
METOA                60835.65519235 60835.66352058 57
METOA                60836.15347311 60836.16362873 50
METOA                60836.22118445 60836.22944160 14
METOA                60836.60689382 60836.61399180 14
METOA                60836.67349054 60836.68131329 25
METOA                60837.10584915 60837.11263262 7
METOA                60837.17140460 60837.18169991 83
METOA                60837.23997163 60837.24621812 6
METOA                60837.62429117 60837.63235000 30
METOA                60837.69212381 60837.69881131 11
METOA                60838.12299831 60838.13175262 16
METOA                60838.18949298 60838.19949885 42
METOA                60838.64201540 60838.65048770 70
METOA                60838.71143753 60838.71571246 3
METOA                60839.14055361 60839.15035937 31
METOA                60839.20774731 60839.21700847 23
METOA                60839.59441871 60839.60047820 8
METOA                60839.66002779 60839.66843205 46
METOA                60840.15834478 60840.16862713 60
METOA                60840.22621926 60840.23416294 12
METOA                60840.61148843 60840.61905213 18
METOA                60840.67838550 60840.68616139 21
METOA                60841.11047577 60841.11792143 9
METOA                60841.17630633 60841.18661346 71
METOA                60841.24512110 60841.25076091 5
METOA                60841.62896469 60841.63733519 37
METOA                60841.69710254 60841.70355955 9
METOA                60842.12775203 60842.13685972 19
METOA                60842.19442484 60842.20432848 36
METOA                60842.58229612 60842.58664091 3
METOA                60842.64674683 60842.65541485 79
METOA                60842.71666131 60842.72021102 2
METOA                60843.14536784 60843.15535341 36
METOA                60843.21271588 60843.22174537 20
METOA                60843.59886351 60843.60559653 10
METOA                60843.66485305 60843.67330696 39
METOA                60844.09838208 60844.10354345 3
METOA                60844.16319683 60844.17353084 71
METOA                60844.23124857 60844.23877981 10
METOA                60844.61604945 60844.62406029 22
METOA                60844.68322705 60844.69096093 18
METOA                60845.11512828 60845.12306860 11
METOA                60845.18118897 60845.19143435 60
METOA                60845.25031301 60845.25515037 3
METOA                60845.63359592 60845.64227528 46
METOA                60845.70204522 60845.70826535 8
METOA                60846.13250050 60846.14185704 22
METOA                60846.19933827 60846.20906461 31
METOA                60846.58650612 60846.59190334 5
METOA                60846.65143357 60846.66029921 72
METOA                60847.15016665 60847.16024827 42
METOA                60847.21767014 60847.22638394 17
METOA                60847.60329640 60847.61064364 13
METOA                60847.66959287 60847.67813569 33
METOA                60848.10283827 60848.10882604 5
METOA                60848.16802936 60848.17833967 82
METOA                60848.23627826 60848.24328318 8
METOA                60848.62057889 60848.62901532 27
METOA                60848.68803104 60848.69572158 16
METOA                60849.11978918 60849.12808880 13
METOA                60849.18605067 60849.19616151 50
METOA                60849.63818977 60849.64716753 57
METOA                60849.70695589 60849.71291527 7
METOA                60850.13723698 60850.14674872 26
METOA                60850.20423214 60850.21370522 26
METOA                60850.59076588 60850.59703403 7
METOA                60850.65608025 60850.66513698 61
METOA                60851.15494565 60851.16504540 49
METOA                60851.22261123 60851.23092039 14
METOA                60851.60771457 60851.61562251 17
METOA                60851.67428781 60851.68291059 29
METOA                60852.10735236 60852.11392730 6
METOA                60852.17283914 60852.18305400 80
METOA                60852.24135197 60852.24765805 6
METOA                60852.62507991 60852.63391466 33
METOA                60852.69279891 60852.70043161 14
METOA                60853.12444641 60853.13299204 15
METOA                60853.19088909 60853.20079440 42
METOA                60853.57862081 60853.58307745 3
METOA                60853.64274948 60853.65200802 68
METOA                60853.71184532 60853.71750022 5
METOA                60854.14195500 60854.15153860 29
METOA                60854.20910516 60854.21824886 22
METOA                60854.59504658 60854.60206198 10
METOA                60854.66073312 60854.66992780 52
METOA                60855.15970272 60855.16974668 58
METOA                60855.22754065 60855.23535027 12
METOB                60832.99630316 60833.00215538 4
METOB                60833.06371052 60833.07442985 79
METOB                60833.13438204 60833.14178123 9
METOB                60833.46607865 60833.47107155 3
METOB                60833.53201434 60833.54265374 61
METOB                60833.60293159 60833.61108480 11
METOB                60834.04940614 60834.05994259 47
METOB                60834.11947548 60834.12828184 15
METOB                60834.51787676 60834.52814522 37
METOB                60834.58781305 60834.59723471 19
METOB                60835.03522146 60835.04527126 28
METOB                60835.10475464 60835.11450224 25
METOB                60835.50392546 60835.51352909 23
METOB                60835.57297255 60835.58316963 32
METOB                60836.02119277 60836.03038026 17
METOB                60836.09016128 60836.10050956 41
METOB                60836.49019639 60836.49877736 14
METOB                60836.55834134 60836.56895812 53
METOB                60837.00740283 60837.01518657 9
METOB                60837.07567247 60837.08633451 68
METOB                60837.14706720 60837.15263826 4
METOB                60837.47676934 60837.48381951 8
METOB                60837.54388949 60837.55463196 88
METOB                60837.61587156 60837.62228952 6
METOB                60837.99409157 60837.99944334 4
METOB                60838.06128193 60838.07198948 73
METOB                60838.13184849 60838.13950843 10
METOB                60838.46394896 60838.46841796 3
METOB                60838.52960779 60838.54020506 56
METOB                60838.60035833 60838.60875241 12
METOB                60839.04699303 60839.05747301 44
METOB                60839.11697618 60839.12595627 17
METOB                60839.51549675 60839.52567898 34
METOB                60839.58528957 60839.59485963 21
METOB                60840.03282836 60840.04276883 26
METOB                60840.10227644 60840.11213869 27
METOB                60840.50157617 60840.51104232 21
METOB                60840.57048382 60840.58076671 34
METOB                60841.01882873 60841.02783582 16
METOB                60841.08769915 60841.09811441 44
METOB                60841.48788651 60841.49626278 13
METOB                60841.55588088 60841.56653411 58
METOB                60842.00508891 60842.01257849 8
METOB                60842.07322427 60842.08391072 74
METOB                60842.14446575 60842.15043667 5
METOB                60842.47452013 60842.48125746 7
METOB                60842.54145463 60842.55218992 86
METOB                60842.61321745 60842.62001772 7
METOB                60842.99191349 60842.99668350 3
METOB                60843.05884803 60843.06953766 68
METOB                60843.12931383 60843.13721913 11
METOB                60843.52719813 60843.53774603 52
METOB                60843.59778716 60843.60640424 13
METOB                60844.04457517 60844.05499169 40
METOB                60844.11447287 60844.12361764 18
METOB                60844.51311432 60844.52320196 31
METOB                60844.58276490 60844.59247201 23
METOB                60845.03043153 60845.04025340 24
METOB                60845.09979318 60845.10976311 29
METOB                60845.49922554 60845.50854398 20
METOB                60845.56799258 60845.57835269 37
METOB                60846.01646302 60846.02527628 14
METOB                60846.08523137 60846.09570776 48
METOB                60846.48557758 60846.49373462 12
METOB                60846.55341736 60846.56409952 63
METOB                60847.00277983 60847.00994870 7
METOB                60847.07077058 60847.08147561 79
METOB                60847.14187199 60847.14820950 6
METOB                60847.47227832 60847.47867560 6
METOB                60847.53901662 60847.54973754 79
METOB                60847.61057397 60847.61772161 7
METOB                60848.05640896 60848.06707436 62
METOB                60848.12677743 60848.13491424 12
METOB                60848.52478560 60848.53527642 48
METOB                60848.59521708 60848.60404105 15
METOB                60849.04215268 60849.05249830 37
METOB                60849.11196536 60849.12126582 20
METOB                60849.51072953 60849.52071417 29
METOB                60849.58023870 60849.59007217 24
METOB                60850.02803126 60850.03772473 22
METOB                60850.09730481 60850.10737564 31
METOB                60850.49687376 60850.50603392 18
METOB                60850.56549865 60850.57592756 40
METOB                60851.01409649 60851.02270075 13
METOB                60851.08275819 60851.09328988 52
METOB                60851.48327012 60851.49119236 11
METOB                60851.55095065 60851.56165445 68
METOB                60851.62382620 60851.62858001 3
METOB                60852.00047750 60852.00729503 6
METOB                60852.06831146 60852.07902918 85
METOB                60852.13925104 60852.14596238 7
METOB                60852.47003794 60852.47607173 5
METOB                60852.53657538 60852.54727488 73
METOB                60852.60793840 60852.61540381 8
METOB                60853.05396477 60853.06459950 57
METOB                60853.12423879 60853.13259427 13
METOB                60853.52237005 60853.53279662 44
METOB                60853.59264779 60853.60166345 16
METOB                60854.03972576 60854.04999267 34
