iss                  60832.61990347 60832.62399296 15
iss                  60833.24605801 60833.25196976 10
iss                  60833.31195743 60833.31957695 87
iss                  60833.37957814 60833.38668307 21
iss                  60833.44760867 60833.45424047 14
iss                  60833.51505663 60833.52228867 24
iss                  60833.58216406 60833.58970833 58
iss                  60833.65006912 60833.65509772 6
iss                  60834.21255663 60834.21691310 4
iss                  60834.27756779 60834.28506397 47
iss                  60834.34485475 60834.35217986 27
iss                  60834.41290335 60834.41955634 14
iss                  60834.48053682 60834.48754889 19
iss                  60834.54765818 60834.55526587 78
iss                  60834.61513848 60834.62141511 12
iss                  60835.24330688 60835.25047388 26
iss                  60835.31016903 60835.31767707 39
iss                  60835.37813770 60835.38490653 15
iss                  60835.44595395 60835.45276747 16
iss                  60835.51315219 60835.52068952 46
iss                  60835.58040176 60835.58740416 22
iss                  60836.20921309 60836.21576525 15
iss                  60836.27554586 60836.28315746 64
iss                  60836.34333466 60836.35029046 18
iss                  60836.41129696 60836.41797306 14
iss                  60836.47862643 60836.48600167 30
iss                  60836.54575887 60836.55316643 38
iss                  60836.61418567 60836.61778589 2
iss                  60837.17536595 60837.18086036 8
iss                  60837.24100829 60837.24860200 72
iss                  60837.30852248 60837.31569929 22
iss                  60837.37656225 60837.38319076 14
iss                  60837.44406297 60837.45122625 22
iss                  60837.51116170 60837.51874910 72
iss                  60837.57888891 60837.58441683 8
iss                  60838.14192018 60838.14552820 3
iss                  60838.20658118 60838.21398798 39
iss                  60838.27373011 60838.28111911 30
iss                  60838.34175638 60838.34843773 14
iss                  60838.40944592 60838.41638957 18
iss                  60838.47658016 60838.48418110 65
iss                  60838.54396143 60838.55053057 15
iss                  60839.17229394 60839.17928477 22
iss                  60839.23898453 60839.24653402 46
iss                  60839.30689676 60839.31372041 16
iss                  60839.37476115 60839.38152075 15
iss                  60839.44199184 60839.44948576 39
iss                  60839.50918508 60839.51635932 26
iss                  60840.13819637 60840.14444188 12
iss                  60840.20431011 60840.21192602 77
iss                  60840.27200885 60840.27903512 19
iss                  60840.33999972 60840.34664814 14
iss                  60840.40737759 60840.41468594 27
iss                  60840.47448386 60840.48197886 47
iss                  60840.54259400 60840.54702915 4
iss                  60841.10439778 60841.10935302 6
iss                  60841.16973012 60841.17727481 58
iss                  60841.23712194 60841.24437089 25
iss                  60841.30516117 60841.31179493 14
iss                  60841.37271985 60841.37980680 21
iss                  60841.43981724 60841.44742873 87
iss                  60841.50739366 60841.51335334 10
iss                  60842.13527143 60842.14255533 31
iss                  60842.20226485 60842.20971253 34
iss                  60842.27025598 60842.27697495 15
iss                  60842.33800313 60842.34487596 17
iss                  60842.40515820 60842.41273530 54
iss                  60842.47245335 60842.47927833 18
iss                  60843.10096802 60843.10773144 18
iss                  60843.16746392 60843.17504340 54
iss                  60843.23530503 60843.24219099 17
iss                  60843.30321448 60843.30992315 15
iss                  60843.37048555 60843.37792155 34
iss                  60843.43763170 60843.44495033 32
iss                  60844.06688414 60844.07273900 10
iss                  60844.13274321 60844.14034447 85
iss                  60844.20033597 60844.20743633 21
iss                  60844.26834747 60844.27497583 14
iss                  60844.33578065 60844.34301138 24
iss                  60844.40286906 60844.41042839 60
iss                  60844.47073530 60844.47583610 6
iss                  60845.03318620 60845.03741959 4
iss                  60845.09812662 60845.10559390 46
iss                  60845.16537864 60845.17269791 27
iss                  60845.23340537 60845.24005455 14
iss                  60845.30102621 60845.30803082 19
iss                  60845.36813073 60845.37574576 76
iss                  60845.43557860 60845.44191095 13
iss                  60846.06364404 60846.07076337 25
iss                  60846.13046145 60846.13795999 40
iss                  60846.19840282 60846.20516932 15
iss                  60846.26620739 60846.27300925 16
iss                  60846.33339208 60846.34092736 45
iss                  60846.40061366 60846.40765754 22
iss                  60847.02933672 60847.03580848 14
iss                  60847.09561012 60847.10320457 67
iss                  60847.16336386 60847.17031918 18
iss                  60847.23131296 60847.23797639 14
iss                  60847.29863280 60847.30599640 30
AO-07                60832.68120099 60832.69551236 29
AO-07                60833.10369458 60833.11654860 18
AO-07                60833.18137329 60833.19681551 89
AO-07                60833.26012128 60833.27321094 22
AO-07                60833.33948573 60833.34583209 3
AO-07                60833.48824422 60833.49631825 5
AO-07                60833.56159561 60833.57551676 29
AO-07                60833.63867664 60833.65413719 69
AO-07                60833.71996733 60833.73135834 12
AO-07                60834.06439072 60834.07066403 3
AO-07                60834.13985046 60834.15472560 40
AO-07                60834.21818820 60834.23304627 47
AO-07                60834.29719519 60834.30774388 11
AO-07                60834.52209815 60834.53349349 13
AO-07                60834.59726415 60834.61242975 57
AO-07                60834.67607920 60834.69062768 33
AO-07                60835.09888417 60835.11128986 15
AO-07                60835.17642741 60835.19187671 82
AO-07                60835.25513491 60835.26850346 24
AO-07                60835.33443989 60835.34139226 4
AO-07                60835.48376700 60835.49128749 5
AO-07                60835.55686008 60835.57053326 27
AO-07                60835.63370934 60835.64919833 75
AO-07                60835.71463448 60835.72659480 13
AO-07                60836.13494922 60836.14964801 36
AO-07                60836.21321979 60836.22821484 52
AO-07                60836.29219263 60836.30315237 12
AO-07                60836.51749342 60836.52849203 12
AO-07                60836.59242070 60836.60746288 52
AO-07                60836.67098406 60836.68573386 36
AO-07                60837.09409581 60837.10599533 13
AO-07                60837.17148529 60837.18692278 75
AO-07                60837.25015052 60837.26378056 27
AO-07                60837.32940360 60837.33693095 5
AO-07                60837.47931003 60837.48624903 4
AO-07                60837.55214026 60837.56554784 24
AO-07                60837.62875777 60837.64425525 82
AO-07                60837.70934266 60837.72180500 16
AO-07                60838.13005628 60838.14455078 32
AO-07                60838.20825393 60838.22336904 57
AO-07                60838.28719263 60838.29854470 13
AO-07                60838.51289865 60838.52348797 11
AO-07                60838.58759205 60838.60249353 47
AO-07                60838.66590898 60838.68083196 40
AO-07                60838.74996232 60838.75636700 3
AO-07                60839.08933377 60839.10065987 11
AO-07                60839.16654751 60839.18195346 68
AO-07                60839.24516814 60839.25904264 29
AO-07                60839.32437477 60839.33244985 5
AO-07                60839.47487520 60839.48120069 3
AO-07                60839.54743573 60839.56056024 22
AO-07                60839.62382166 60839.63930827 90
AO-07                60839.70408684 60839.71699343 18
AO-07                60840.12517258 60840.13943260 29
AO-07                60840.20329077 60840.21850873 63
AO-07                60840.28219472 60840.29392087 15
AO-07                60840.50832759 60840.51848112 10
AO-07                60840.58277824 60840.59752177 43
AO-07                60840.66085300 60840.67592263 45
AO-07                60840.74417880 60840.75196261 4
AO-07                60841.08460478 60841.09527660 10
AO-07                60841.16161442 60841.17696842 62
AO-07                60841.24018782 60841.25428980 32
AO-07                60841.31935197 60841.32795003 6
AO-07                60841.47046540 60841.47613904 2
AO-07                60841.54274687 60841.55557082 20
AO-07                60841.61890078 60841.63435768 83
AO-07                60841.69886311 60841.71216336 20
AO-07                60842.12029925 60842.13429217 26
AO-07                60842.19833047 60842.21363395 69
AO-07                60842.27719932 60842.28928110 16
AO-07                60842.50377356 60842.51347100 8
AO-07                60842.57797930 60842.59254783 39
AO-07                60842.65581529 60842.67100671 50
AO-07                60842.73854985 60842.74742463 6
AO-07                60843.07991745 60843.08983600 8
AO-07                60843.15668643 60843.17196726 56
AO-07                60843.23520961 60843.24952212 35
AO-07                60843.31433417 60843.32343229 7
AO-07                60843.53807382 60843.55057941 18
AO-07                60843.61399495 60843.62940373 76
AO-07                60843.69366839 60843.70731782 23
AO-07                60844.11543781 60844.12912791 23
AO-07                60844.19337321 60844.20874464 75
AO-07                60844.27220609 60844.28462553 18
AO-07                60844.49929147 60844.50846005 7
AO-07                60844.57319843 60844.58757172 36
AO-07                60844.65079517 60844.66608478 55
AO-07                60844.73302237 60844.74280435 7
AO-07                60845.07528470 60845.08432350 6
AO-07                60845.15176397 60845.16694951 51
AO-07                60845.23023358 60845.24473972 39
AO-07                60845.30932063 60845.31889709 8
AO-07                60845.53341670 60845.54558604 17
AO-07                60845.60910405 60845.62444666 70
AO-07                60845.68850021 60845.70245849 26
AO-07                60846.11058964 60846.12393767 21
AO-07                60846.18841919 60846.20384074 82
AO-07                60846.26721497 60846.27995433 20
LO-19                60832.66799026 60832.67811293 37
LO-19                60833.10762328 60833.11472374 8
LO-19                60833.17541050 60833.18583559 74
LO-19                60833.24484646 60833.25332769 15
LO-19                60833.57741123 60833.58594790 15
LO-19                60833.64489602 60833.65538208 75
LO-19                60833.71602342 60833.72317559 8
LO-19                60834.15268011 60834.16274639 36
LO-19                60834.22168945 60834.23132822 28
LO-19                60834.55589289 60834.56256104 7
LO-19                60834.62217120 60834.63250376 55
LO-19                60834.69187925 60834.70102963 18
LO-19                60835.13015807 60835.13923316 18
LO-19                60835.19868112 60835.20894861 54
LO-19                60835.26863314 60835.27522943 7
LO-19                60835.59979671 60835.60949487 28
LO-19                60835.66837108 60835.67850399 36
LO-19                60836.10801733 60836.11510668 8
LO-19                60836.17580363 60836.18621895 74
LO-19                60836.24524066 60836.25370972 15
LO-19                60836.57780007 60836.58633756 15
LO-19                60836.64528509 60836.65577171 75
LO-19                60836.71641371 60836.72356455 8
LO-19                60837.15307186 60837.16312850 36
LO-19                60837.22208165 60837.23170958 28
LO-19                60837.55628084 60837.56294897 7
LO-19                60837.62255913 60837.63289189 55
LO-19                60837.69226782 60837.70141746 18
LO-19                60838.13054864 60838.13961383 18
LO-19                60838.19907160 60838.20932902 54
LO-19                60838.26902597 60838.27560740 7
LO-19                60838.60018359 60838.60988141 28
LO-19                60838.66875826 60838.67889046 36
LO-19                60839.10840732 60839.11548531 7
LO-19                60839.17619255 60839.18659826 75
LO-19                60839.24563065 60839.25408782 15
LO-19                60839.57818601 60839.58672241 15
LO-19                60839.64567104 60839.65615673 75
LO-19                60839.71680087 60839.72394880 8
LO-19                60840.15345938 60840.16350655 36
LO-19                60840.22246959 60840.23208702 28
LO-19                60840.55666611 60840.56333186 7
LO-19                60840.62294396 60840.63327536 55
LO-19                60840.69265320 60840.70180066 18
LO-19                60841.13093498 60841.13999041 18
LO-19                60841.19945780 60841.20970550 54
LO-19                60841.26941446 60841.27598158 7
LO-19                60841.60056742 60841.61026324 28
LO-19                60841.66914225 60841.67927231 36
LO-19                60842.10879310 60842.11585977 7
LO-19                60842.17657718 60842.18697365 75
LO-19                60842.24601629 60842.25446211 15
LO-19                60842.57856900 60842.58710243 15
LO-19                60842.64605381 60842.65653710 75
LO-19                60842.71718483 60842.72432834 8
LO-19                60843.15384258 60843.16388067 36
LO-19                60843.22285317 60843.23246065 28
LO-19                60843.55704861 60843.56370970 7
LO-19                60843.62332565 60843.63365414 55
LO-19                60843.69303533 60843.70217921 18
LO-19                60844.13131698 60844.14036303 18
LO-19                60844.19983961 60844.21007818 54
LO-19                60844.26979848 60844.27635212 7
LO-19                60844.60094815 60844.61064033 28
LO-19                60844.66952299 60844.67964952 36
LO-19                60845.10917454 60845.11623024 7
LO-19                60845.17695740 60845.18734523 75
LO-19                60845.24639746 60845.25483272 15
LO-19                60845.57894896 60845.58747763 15
LO-19                60845.64643334 60845.65691261 75
LO-19                60845.71756553 60845.72470315 8
LO-19                60846.15422135 60846.16425097 36
LO-19                60846.22323228 60846.23283059 28
LO-19                60846.55742826 60846.56408253 7
LO-19                60846.62370411 60846.63402825 55
LO-19                60846.69341414 60846.70255311 18
LO-19                60847.13169455 60847.14073183 18
LO-19                60847.20021695 60847.21044717 54
LO-19                60847.27017788 60847.27671917 7
LO-19                60847.60132569 60847.61101269 28
LO-19                60847.66990040 60847.68002208 36
LO-19                60848.10955152 60848.11659687 7
LO-19                60848.17733314 60848.18771312 75
LO-19                60848.24677407 60848.25519979 15
LO-19                60848.57932579 60848.58784804 15
LO-19                60848.64680955 60848.65728368 75
LO-19                60848.71794286 60848.72507325 8
LO-19                60849.15459563 60849.16461759 36
LO-19                60849.22360684 60849.23319698 28
LO-19                60849.55780493 60849.56445040 7
LO-19                60849.62407927 60849.63439769 55
LO-19                60849.69378954 60849.70292236 18
LO-19                60850.13206760 60850.14109694 18
LO-19                60850.20058974 60850.21081260 54
LO-19                60850.27055255 60850.27708290 7
LO-19                60850.60169994 60850.61138037 28
LO-19                60850.67027439 60850.68039002 36
LO-19                60851.10992394 60851.11695982 7
LO-19                60851.17770432 60851.18807745 74
FO-29                60832.81694549 60832.83029610 30
FO-29                60832.88974113 60832.90379808 59
FO-29                60832.96353413 60832.97379688 12
FO-29                60833.24468887 60833.25280400 9
FO-29                60833.31525363 60833.32659596 61
FO-29                60833.38943832 60833.39906529 16
FO-29                60833.77946687 60833.78995206 11
FO-29                60833.85134240 60833.86566667 64
FO-29                60833.92462708 60833.93751596 29
FO-29                60833.99921385 60834.00537151 3
FO-29                60834.27765013 60834.28803114 24
FO-29                60834.34993669 60834.36123045 48
FO-29                60834.42675199 60834.43220290 3
FO-29                60834.81326855 60834.82656260 28
FO-29                60834.88601027 60834.90021608 63
FO-29                60834.95973850 60834.97039065 13
FO-29                60835.24106876 60835.24912267 9
FO-29                60835.31148952 60835.32294566 57
FO-29                60835.38549590 60835.39549424 19
FO-29                60835.77586871 60835.78608177 10
FO-29                60835.84763935 60835.86200692 61
FO-29                60835.92087747 60835.93400460 31
FO-29                60835.99530494 60836.00213736 4
FO-29                60836.27395573 60836.28436914 23
FO-29                60836.34610184 60836.35760669 53
FO-29                60836.42253387 60836.42885532 5
FO-29                60836.80960332 60836.82281458 26
FO-29                60836.88228959 60836.89662154 67
FO-29                60836.95595816 60836.96696700 15
FO-29                60837.23745361 60837.24544830 8
FO-29                60837.30772946 60837.31930090 53
FO-29                60837.38156432 60837.39192207 21
FO-29                60837.77229114 60837.78218730 9
FO-29                60837.84394666 60837.85833424 57
FO-29                60837.91713907 60837.93047914 33
FO-29                60837.99143512 60837.99886312 5
FO-29                60838.27026593 60838.28071324 22
FO-29                60838.34227258 60838.35398670 57
FO-29                60838.41837581 60838.42545875 6
FO-29                60838.80595030 60838.81905119 25
FO-29                60838.87857913 60838.89301385 72
FO-29                60838.95219234 60838.96352605 16
FO-29                60839.23384433 60839.24177992 8
FO-29                60839.30397422 60839.31566121 49
FO-29                60839.37764342 60839.38834898 23
FO-29                60839.76873625 60839.77826562 8
FO-29                60839.84026445 60839.85464791 54
FO-29                60839.91341174 60839.92693943 35
FO-29                60839.98759674 60839.99555555 6
FO-29                60840.26658167 60840.27706277 21
FO-29                60840.33844950 60840.35037011 62
FO-29                60840.41426190 60840.42202891 7
FO-29                60840.80230987 60840.81527135 23
FO-29                60840.87487885 60840.88939252 76
FO-29                60840.94844036 60840.96006799 17
FO-29                60841.23024234 60841.23811674 8
FO-29                60841.30022458 60841.31202601 46
FO-29                60841.37373318 60841.38477521 26
FO-29                60841.76520698 60841.77431359 7
FO-29                60841.83659293 60841.85094754 50
FO-29                60841.90969527 60841.92338518 38
FO-29                60841.98378478 60841.99221884 7
FO-29                60842.26290389 60842.27341677 20
FO-29                60842.33463319 60842.34675647 66
FO-29                60842.41015820 60842.41857716 9
FO-29                60842.79868249 60842.81147466 21
FO-29                60842.87118867 60842.88575741 80
FO-29                60842.94470160 60842.95659283 18
FO-29                60843.22664867 60843.23445767 7
FO-29                60843.29648133 60843.30839467 44
FO-29                60843.36983365 60843.38120062 28
FO-29                60843.76170727 60843.77032632 6
FO-29                60843.83293182 60843.84723257 47
FO-29                60843.90598943 60843.91981614 40
FO-29                60843.97999568 60843.98885584 8
FO-29                60844.25923345 60844.26977488 19
FO-29                60844.33082403 60844.34314524 70
FO-29                60844.40610785 60844.41510411 10
FO-29                60844.79506860 60844.80765985 20
FO-29                60844.86750850 60844.88210805 85
FO-29                60844.94097545 60844.95310061 20
FO-29                60845.22306461 60845.23080153 7
FO-29                60845.29274527 60845.30476649 41
FO-29                60845.36594471 60845.37762511 31
FO-29                60845.75824241 60845.76629781 5
FO-29                60845.82928140 60845.84350259 44
FO-29                60845.90229395 60845.91623212 42
FO-29                60845.97622679 60845.98546844 8
FO-29                60846.25557140 60846.26613599 18
FO-29                60846.32702307 60846.33953578 73
FO-29                60846.40208339 60846.41161619 12
FO-29                60846.79146866 60846.80382605 18
FO-29                60846.86383839 60846.87844425 87
FO-29                60846.93726132 60846.94959140 21
FO-29                60847.21949129 60847.22714701 6
FO-29                60847.28901719 60847.30114072 39
FO-29                60847.36206700 60847.37404842 34
FO-29                60847.75482096 60847.76221910 4
FO-29                60847.82564158 60847.83975735 41
SO-50                60832.78851478 60832.79550644 10
SO-50                60832.85629184 60832.86569888 80
SO-50                60832.92698476 60832.93490075 13
SO-50                60832.99979953 60833.00411455 2
SO-50                60833.07132393 60833.07579329 3
SO-50                60833.14050258 60833.14870088 14
SO-50                60833.20967835 60833.21947902 81
SO-50                60833.27977246 60833.28739224 12
SO-50                60833.80059534 60833.80910420 23
SO-50                60833.86954315 60833.87876563 39
SO-50                60833.94108353 60833.94786867 8
SO-50                60834.08439965 60834.09025835 5
SO-50                60834.15346918 60834.16255104 24
SO-50                60834.22282698 60834.23242932 48
SO-50                60834.29402622 60834.29865841 3
SO-50                60834.74691927 60834.75125537 3
SO-50                60834.81318161 60834.82240760 50
SO-50                60834.88310267 60834.89176777 21
SO-50                60834.95540713 60834.96086747 4
SO-50                60835.09737825 60835.10458771 9
SO-50                60835.16646759 60835.17609739 44
SO-50                60835.23612895 60835.24499693 23
SO-50                60835.75817925 60835.76545734 12
SO-50                60835.82614218 60835.83555178 73
SO-50                60835.89695662 60835.90473447 12
SO-50                60835.96982988 60835.97398508 2
SO-50                60836.04117716 60836.04583861 3
SO-50                60836.11033020 60836.11867398 15
SO-50                60836.17952594 60836.18932755 88
SO-50                60836.24971620 60836.25705394 10
SO-50                60836.77033727 60836.77899011 26
SO-50                60836.83942879 60836.84859880 35
SO-50                60836.91108168 60836.91769536 7
SO-50                60837.05422443 60837.06028497 5
SO-50                60837.12329128 60837.13247299 26
SO-50                60837.19268298 60837.20221923 43
SO-50                60837.26416722 60837.26807588 2
SO-50                60837.71638792 60837.72133349 4
SO-50                60837.78297244 60837.79225682 57
SO-50                60837.85302130 60837.86158575 20
SO-50                60837.92541951 60837.93069561 4
SO-50                60838.06718817 60838.07457490 10
SO-50                60838.13628777 60838.14596671 48
SO-50                60838.20600534 60838.21471749 21
SO-50                60838.72783346 60838.73536937 13
SO-50                60838.79597177 60838.80537577 66
SO-50                60838.86690582 60838.87454116 11
SO-50                60838.93982827 60838.94383476 2
SO-50                60839.01099933 60839.01585585 3
SO-50                60839.08013136 60839.08861327 16
SO-50                60839.14934861 60839.15914237 83
SO-50                60839.21964446 60839.22667304 9
SO-50                60839.74006190 60839.74884365 29
SO-50                60839.80929291 60839.81840387 32
SO-50                60839.88105566 60839.88749594 7
SO-50                60840.02402100 60840.03027953 6
SO-50                60840.09308725 60840.10236120 28
SO-50                60840.16251489 60840.17197486 39
SO-50                60840.68588145 60840.69134048 5
SO-50                60840.75274346 60840.76207609 64
SO-50                60840.82291779 60840.83137623 18
SO-50                60840.89540484 60840.90049935 4
SO-50                60841.03697096 60841.04452871 10
SO-50                60841.10608224 60841.11580243 53
SO-50                60841.17586006 60841.18440167 19
SO-50                60841.69747558 60841.70524401 15
SO-50                60841.76578018 60841.77517102 59
SO-50                60841.83683187 60841.84432123 11
SO-50                60841.98079107 60841.98584409 3
SO-50                60842.04990583 60842.05851883 17
SO-50                60842.11914616 60842.12892354 75
SO-50                60842.18960631 60842.19624664 8
SO-50                60842.70976861 60842.71866561 32
SO-50                60842.77913533 60842.78818096 30
SO-50                60842.85100514 60842.85727059 6
SO-50                60842.99378941 60843.00024187 6
SO-50                60843.06285710 60843.07221576 30
SO-50                60843.13232292 60843.14169617 35
SO-50                60843.65538608 60843.66128876 6
SO-50                60843.72249435 60843.73186566 71
SO-50                60843.79279196 60843.80113933 17
SO-50                60843.86536251 60843.87027927 3
SO-50                60844.00672674 60844.01444891 11
SO-50                60844.07585106 60844.08560467 59
SO-50                60844.14569357 60844.15404915 17
SO-50                60844.66710393 60844.67508287 16
SO-50                60844.73556760 60844.74493768 53
SO-50                60844.80673485 60844.81407433 10
SO-50                60844.95055292 60844.95580303 4
SO-50                60845.01965384 60845.02839069 19
SO-50                60845.08891876 60845.09867113 68
SO-50                60845.15951348 60845.16577409 7
SO-50                60845.67945686 60845.68845607 35
SO-50                60845.74895588 60845.75793017 27
SO-50                60845.82092978 60845.82701945 6
SO-50                60845.96353024 60845.97017181 7
SO-50                60846.03260089 60846.04203681 33
SO-50                60846.10210726 60846.11138311 32
SO-50                60846.62489355 60846.63118602 7
HO-68                60832.98188075 60832.99396171 22
HO-68                60833.05630476 60833.06991158 70
HO-68                60833.13177735 60833.14228614 14
HO-68                60833.41931068 60833.43049983 18
HO-68                60833.49221039 60833.50583993 88
HO-68                60833.56879205 60833.57999850 16
HO-68                60833.97032094 60833.98154780 16
HO-68                60834.04446695 60834.05816849 88
HO-68                60834.11979796 60834.13110456 19
HO-68                60834.40813376 60834.41851932 14
HO-68                60834.48047051 60834.49400134 69
HO-68                60834.55638456 60834.56843601 22
HO-68                60834.95887952 60834.96895059 11
HO-68                60835.03265378 60835.04634040 72
HO-68                60835.10784556 60835.11982426 24
HO-68                60835.18436917 60835.18919465 2
HO-68                60835.39706492 60835.40650434 10
HO-68                60835.46881412 60835.48214064 53
HO-68                60835.54411988 60835.55679711 29
HO-68                60835.94761206 60835.95609485 7
HO-68                60836.02086911 60836.03442417 55
HO-68                60836.09591629 60836.10845122 31
HO-68                60836.17204205 60836.17868261 4
HO-68                60836.38611834 60836.39444224 7
HO-68                60836.45724160 60836.47025928 41
HO-68                60836.53197502 60836.54510164 39
HO-68                60836.93670655 60836.94278803 3
HO-68                60837.00911821 60837.02241442 42
HO-68                60837.08400810 60837.09698972 39
HO-68                60837.15987976 60837.16793302 7
HO-68                60837.37537125 60837.38230910 5
HO-68                60837.44575630 60837.45835759 32
HO-68                60837.51993533 60837.53336209 51
HO-68                60837.59861135 60837.60641485 6
HO-68                60837.99740591 60838.01030260 32
HO-68                60838.07212023 60838.08544244 50
HO-68                60838.14780096 60838.15702498 10
HO-68                60838.36478506 60838.37003929 3
HO-68                60838.43435601 60838.44643531 25
HO-68                60838.50799125 60838.52158704 67
HO-68                60838.58563031 60838.59523134 10
HO-68                60838.98574738 60838.99807622 24
HO-68                60839.06025286 60839.07381127 65
HO-68                60839.13577442 60839.14598966 13
HO-68                60839.42304709 60839.43449077 20
HO-68                60839.49613660 60839.50978231 86
HO-68                60839.57296563 60839.58382917 14
HO-68                60839.97415810 60839.98571501 18
HO-68                60840.04840736 60840.06209666 82
HO-68                60840.12378496 60840.13484320 17
HO-68                60840.41183498 60840.42252067 15
HO-68                60840.48436764 60840.49795200 75
HO-68                60840.56050168 60840.57229954 20
HO-68                60840.96267278 60840.97318665 12
HO-68                60841.03658551 60841.05029771 78
HO-68                60841.11182431 60841.12359551 22
HO-68                60841.40072740 60841.41051927 12
HO-68                60841.47268247 60841.48609888 58
HO-68                60841.54819121 60841.56068408 27
HO-68                60841.95133160 60841.96043232 8
HO-68                60842.02479067 60842.03841191 60
HO-68                60842.09988780 60842.11225330 28
HO-68                60842.17612203 60842.18221718 3
HO-68                60842.38973616 60842.39847604 8
HO-68                60842.46108093 60842.47422473 45
HO-68                60842.53600721 60842.54900638 35
HO-68                60842.94026437 60842.94731993 4
HO-68                60843.01302772 60843.02643475 46
HO-68                60843.08797286 60843.10082119 36
HO-68                60843.16391919 60843.17153362 6
HO-68                60843.37893224 60843.38637330 6
HO-68                60843.44956607 60843.46233022 35
HO-68                60843.52393268 60843.53728084 46
HO-68                60843.60303492 60843.61005702 4
HO-68                60844.00130078 60844.01435902 35
HO-68                60844.07607834 60844.08930283 46
HO-68                60844.15181771 60844.16067407 9
HO-68                60844.36826088 60844.37416315 3
HO-68                60844.43813514 60844.45041549 28
HO-68                60844.51195657 60844.52551730 61
HO-68                60844.58991141 60844.59898900 8
HO-68                60844.98962293 60845.00217343 26
HO-68                60845.06420416 60845.07769995 59
HO-68                60845.13977626 60845.14967933 12
HO-68                60845.42679407 60845.43847919 22
HO-68                60845.50007167 60845.51372234 79
HO-68                60845.57716094 60845.58764637 13
HO-68                60845.97800753 60845.98986108 20
HO-68                60846.05235125 60846.06601362 76
HO-68                60846.12777586 60846.13856897 16
HO-68                60846.41554782 60846.42651878 17
HO-68                60846.48827350 60846.50190058 81
HO-68                60846.56463517 60846.57615405 18
HO-68                60846.96647815 60846.97739475 14
HO-68                60847.04052114 60847.05424343 84
HO-68                60847.11580648 60847.12735456 20
HO-68                60847.40440292 60847.41452946 13
HO-68                60847.47655959 60847.49005520 64
HO-68                60847.55227597 60847.56456459 24
AO-73                60833.03357043 60833.04196936 35
AO-73                60833.09971843 60833.10730291 19
AO-73                60833.48257511 60833.49009771 20
AO-73                60833.54821018 60833.55609109 27
AO-73                60834.03243515 60834.04081784 33
AO-73                60834.09855327 60834.10621018 19
AO-73                60834.48146045 60834.48893360 20
AO-73                60834.54703372 60834.55495514 29
AO-73                60835.03128382 60835.03964773 32
AO-73                60835.09737173 60835.10509963 20
AO-73                60835.48033000 60835.48775188 19
AO-73                60835.54584069 60835.55380201 30
AO-73                60836.03011649 60836.03845893 30
AO-73                60836.09617386 60836.10397112 21
AO-73                60836.47918382 60836.48655267 18
AO-73                60836.54463115 60836.55263169 32
AO-73                60837.02893323 60837.03725135 29
AO-73                60837.09495967 60837.10282463 22
AO-73                60837.47802201 60837.48533595 17
AO-73                60837.54340515 60837.55144418 33
AO-73                60838.02773409 60838.03602489 28
AO-73                60838.09372921 60838.10166010 23
AO-73                60838.47684465 60838.48410168 17
AO-73                60838.54216274 60838.55023946 35
AO-73                60839.02651916 60839.03477944 27
AO-73                60839.09248249 60839.10047747 24
AO-73                60839.47565184 60839.48284982 16
AO-73                60839.54090399 60839.54901750 37
AO-73                60840.02528850 60840.03351490 26
AO-73                60840.09121954 60840.09927669 25
AO-73                60840.47444368 60840.48158030 15
AO-73                60840.53962896 60840.54777829 39
AO-73                60841.02404218 60841.03223115 24
AO-73                60841.08994038 60841.09805768 26
AO-73                60841.47322028 60841.48029309 15
AO-73                60841.53833771 60841.54652182 41
AO-73                60842.02278029 60842.03092808 23
AO-73                60842.08864505 60842.09682040 28
AO-73                60842.47198173 60842.47898812 14
AO-73                60842.53703031 60842.54524806 44
AO-73                60843.02150318 60843.02960557 22
AO-73                60843.08733949 60843.09557148 29
AO-73                60843.47072817 60843.47766533 13
AO-73                60843.53570680 60843.54395698 46
AO-73                60844.02021040 60844.02826350 21
AO-73                60844.08601188 60844.09429745 31
AO-73                60844.46945971 60844.47632463 13
AO-73                60844.53436727 60844.54264858 49
AO-73                60845.01890229 60845.02690172 20
AO-73                60845.08466815 60845.09300495 32
AO-73                60845.46817651 60845.47496595 12
AO-73                60845.53301178 60845.54132281 52
AO-73                60846.01757896 60846.02552011 19
AO-73                60846.08330833 60846.09169395 34
AO-73                60846.46687868 60846.47358919 12
AO-73                60846.53164038 60846.53997966 56
AO-73                60846.60047221 60846.60397528 2
AO-73                60847.01624051 60847.02411850 18
AO-73                60847.08193243 60847.09036436 36
AO-73                60847.46556637 60847.47219426 11
AO-73                60847.53025316 60847.53861910 59
AO-73                60847.59890829 60847.60275007 2
AO-73                60848.01488705 60848.02269676 18
AO-73                60848.08054047 60848.08901615 37
AO-73                60848.46423975 60848.47078105 10
AO-73                60848.52885018 60848.53724110 63
AO-73                60848.59734233 60848.60149328 3
AO-73                60849.01351869 60849.02125470 17
AO-73                60849.07913248 60849.08764923 40
AO-73                60849.14664741 60849.15028634 2
AO-73                60849.46289898 60849.46934942 10
AO-73                60849.52743152 60849.53584563 67
AO-73                60849.59577164 60849.60020795 3
AO-73                60850.01213557 60850.01979210 16
AO-73                60850.07770845 60850.08626357 42
AO-73                60850.14512810 60850.14903677 3
AO-73                60850.46154424 60850.46789927 9
AO-73                60850.52599723 60850.53443265 72
AO-73                60850.59419392 60850.59889617 4
AO-73                60851.01073783 60851.01830906 15
AO-73                60851.07626842 60851.08485909 44
AO-73                60851.14360105 60851.14776055 3
AO-73                60851.46017574 60851.46643042 9
AO-73                60851.52454740 60851.53300214 76
AO-73                60851.59260783 60851.59755943 4
AO-73                60852.00932561 60852.01680496 14
AO-73                60852.07476757 60852.08343225 47
AO-73                60852.14206474 60852.14645906 3
AO-73                60852.45879369 60852.46494272 8
AO-73                60852.52303800 60852.53155081 81
AO-73                60852.59101216 60852.59619871 5
AO-73                60853.00789908 60853.01527974 13
AO-73                60853.07329552 60853.08199000 50
AO-73                60853.14051800 60853.14513343 4
AO-73                60853.45739833 60853.46343598 8
AO-73                60853.52155720 60853.53008515 85
AO-73                60853.58940634 60853.59481510 6
AO-73                60854.00645845 60854.01373318 13
AO-73                60854.07180751 60854.08052878 53
TITA                 60832.76426355 60832.77120676 15
TITA                 60832.82908309 60832.83702735 38
TITA                 60833.31100968 60833.31871466 20
TITA                 60833.37642545 60833.38439467 29
TITA                 60833.75788097 60833.76441578 12
TITA                 60833.82234514 60833.83041188 51
TITA                 60834.30446989 60834.31182882 15
TITA                 60834.36970011 60834.37786907 38
TITA                 60834.75153842 60834.75758285 9
TITA                 60834.81563227 60834.82376661 70
TITA                 60834.88355794 60834.88775944 3
TITA                 60835.29795542 60835.30487508 12
TITA                 60835.36293568 60835.37129377 50
TITA                 60835.42983619 60835.43408716 3
TITA                 60835.74524591 60835.75069823 6
TITA                 60835.80889898 60835.81708993 86
TITA                 60835.87627385 60835.88149851 6
TITA                 60836.29147766 60836.29784177 9
TITA                 60836.35621994 60836.36467595 67
TITA                 60836.42282399 60836.42795731 5
TITA                 60836.73902141 60836.74374446 4
TITA                 60836.80223277 60836.81038873 64
TITA                 60836.86912024 60836.87510518 8
TITA                 60837.28505541 60837.29070899 6
TITA                 60837.34950888 60837.35801235 88
TITA                 60837.41587890 60837.42171590 8
TITA                 60837.73295662 60837.73668407 3
TITA                 60837.79559009 60837.80366028 47
TITA                 60837.86204912 60837.86862672 11
TITA                 60838.27872590 60838.28343818 4
TITA                 60838.34280296 60838.35130255 69
TITA                 60838.40897342 60838.41539093 10
TITA                 60838.78897045 60838.79690445 36
TITA                 60838.85503784 60838.86208516 15
TITA                 60839.33610314 60839.34454564 51
TITA                 60839.40209329 60839.40899667 13
TITA                 60839.78237538 60839.79012063 27
TITA                 60839.84807350 60839.85549301 19
TITA                 60840.32940793 60840.33774009 39
TITA                 60840.39523072 60840.40254165 17
TITA                 60840.77580640 60840.78330759 21
TITA                 60840.84114777 60840.84885847 25
TITA                 60841.32272433 60841.33088363 29
TITA                 60841.38838055 60841.39603092 21
TITA                 60841.76926596 60841.77646362 17
TITA                 60841.83425537 60841.84218654 33
TITA                 60842.31605306 60842.32397304 23
TITA                 60842.38154547 60842.38947513 26
TITA                 60842.76275760 60842.76958536 13
TITA                 60842.82739261 60842.83548087 44
TITA                 60843.30939868 60843.31700369 18
TITA                 60843.37471161 60843.38286285 34
TITA                 60843.75628656 60843.76266834 10
TITA                 60843.82055699 60843.82874397 61
TITA                 60843.88877476 60843.89251280 2
TITA                 60844.30276674 60844.30996919 14
TITA                 60844.36783916 60844.37619919 44
TITA                 60844.43486673 60844.43876194 3
TITA                 60844.74986078 60844.75570500 8
TITA                 60844.81370287 60844.82197449 82
TITA                 60844.88129350 60844.88623142 5
TITA                 60845.29616678 60845.30285934 10
TITA                 60845.36101607 60845.36949186 59
TITA                 60845.42771034 60845.43258447 5
TITA                 60845.74349344 60845.74868283 6
TITA                 60845.80691688 60845.81517986 73
TITA                 60845.87398162 60845.87977946 7
TITA                 60846.28961391 60846.29565822 7
TITA                 60846.35419797 60846.36273769 79
TITA                 60846.42063948 60846.42627592 7
TITA                 60846.73720952 60846.74157704 4
TITA                 60846.80015523 60846.80835746 54
TITA                 60846.86676857 60846.87322704 10
TITA                 60847.28313612 60847.28833675 5
TITA                 60847.34738516 60847.35593644 78
TITA                 60847.41361628 60847.41987462 9
TITA                 60847.79341818 60847.80150740 40
TITA                 60847.85962425 60847.86660352 14
TITA                 60848.27679635 60848.28082935 3
TITA                 60848.34057838 60848.34908738 58
TITA                 60848.40662301 60848.41339858 12
TITA                 60848.78670580 60848.79462930 31
TITA                 60848.85253255 60848.85992457 18
TITA                 60849.33377661 60849.34218917 43
TITA                 60849.39965001 60849.40685803 15
TITA                 60849.78002000 60849.78772222 24
TITA                 60849.84548343 60849.85320000 23
TITA                 60850.32698571 60850.33523973 33
TITA                 60850.39269119 60850.40025908 19
TITA                 60850.77336299 60850.78078462 19
TITA                 60850.83847063 60850.84643575 31
TITA                 60851.32020667 60851.32823609 25
TITA                 60851.38574279 60851.39360620 24
TITA                 60851.76673747 60851.77381367 15
TITA                 60851.83148980 60851.83963609 41
TITA                 60852.31344374 60852.32117398 19
TITA                 60852.37880833 60852.38690853 31
TITA                 60852.76014817 60852.76680564 12
TITA                 60852.82453798 60852.83280395 55
NOAA-15              60832.65968533 60832.66968051 34
NOAA-15              60832.72892397 60832.73892554 30
NOAA-15              60833.16997846 60833.17845453 12
NOAA-15              60833.23854995 60833.24919823 79
NOAA-15              60833.30857053 60833.31647083 11
NOAA-15              60833.64208493 60833.65135111 21
NOAA-15              60833.71047472 60833.72093540 52
NOAA-15              60833.78297639 60833.78845462 4
NOAA-15              60834.15259075 60834.15902968 5
NOAA-15              60834.22043187 60834.23104660 61
NOAA-15              60834.29009927 60834.29921618 18
NOAA-15              60834.62475445 60834.63291348 12
NOAA-15              60834.69226192 60834.70284147 89
NOAA-15              60834.76333538 60834.77124606 10
NOAA-15              60835.20240770 60835.21266469 35
NOAA-15              60835.27174455 60835.28169217 30
NOAA-15              60835.60775163 60835.61430498 6
NOAA-15              60835.67426751 60835.68466203 52
NOAA-15              60835.74426852 60835.75358594 19
NOAA-15              60836.18451284 60836.19401730 20
NOAA-15              60836.25347755 60836.26393549 50
NOAA-15              60836.32386668 60836.33037167 6
NOAA-15              60836.65649095 60836.66640230 31
NOAA-15              60836.72559052 60836.73570853 33
NOAA-15              60837.16681888 60837.17502463 11
NOAA-15              60837.23528974 60837.24596096 86
NOAA-15              60837.30524253 60837.31339761 12
NOAA-15              60837.63894346 60837.64805483 19
NOAA-15              60837.70718268 60837.71769633 58
NOAA-15              60837.77937689 60837.78542482 5
NOAA-15              60838.14952894 60838.15546797 4
NOAA-15              60838.21718527 60838.22776813 55
NOAA-15              60838.28679393 60838.29608889 20
NOAA-15              60838.62166055 60838.62959244 11
NOAA-15              60838.68900661 60838.69958454 82
NOAA-15              60838.75987994 60838.76809645 12
NOAA-15              60839.19917834 60839.20934084 32
NOAA-15              60839.26845434 60839.27851976 33
NOAA-15              60839.33946000 60839.34388129 3
NOAA-15              60839.60472612 60839.61093981 6
NOAA-15              60839.67104759 60839.68138925 47
NOAA-15              60839.74088374 60839.75038656 21
NOAA-15              60840.18130982 60840.19063839 18
NOAA-15              60840.25019969 60840.26072192 56
NOAA-15              60840.32049748 60840.32734964 7
NOAA-15              60840.65330753 60840.66311340 28
NOAA-15              60840.72225543 60840.73247938 36
NOAA-15              60841.16366275 60841.17156796 10
NOAA-15              60841.23202419 60841.24270696 86
NOAA-15              60841.30191195 60841.31030454 13
NOAA-15              60841.63580057 60841.64474690 17
NOAA-15              60841.70388805 60841.71444597 64
NOAA-15              60841.77580542 60841.78235422 6
NOAA-15              60842.14649570 60842.15185340 3
NOAA-15              60842.21393391 60842.22447231 50
NOAA-15              60842.28348406 60842.29294380 22
NOAA-15              60842.61856781 60842.62625798 10
NOAA-15              60842.68574846 60842.69631695 75
NOAA-15              60842.75643007 60842.76492803 13
NOAA-15              60843.19594544 60843.20599815 29
NOAA-15              60843.26515887 60843.27533034 36
NOAA-15              60843.33600259 60843.34095974 3
NOAA-15              60843.60170892 60843.60755447 5
NOAA-15              60843.66782502 60843.67810580 43
NOAA-15              60843.73749937 60843.74717332 23
NOAA-15              60844.17810570 60844.18723784 17
NOAA-15              60844.24691660 60844.25749135 61
NOAA-15              60844.31713038 60844.32430307 8
NOAA-15              60844.65012200 60844.65981351 26
NOAA-15              60844.71891876 60844.72923841 40
NOAA-15              60845.16051230 60845.16808224 9
NOAA-15              60845.22875338 60845.23943594 79
NOAA-15              60845.29857833 60845.30719192 15
NOAA-15              60845.63265717 60845.64142724 16
NOAA-15              60845.70059105 60845.71118445 71
NOAA-15              60845.77225461 60845.77925021 7
NOAA-15              60846.14350647 60846.14816965 3
NOAA-15              60846.21067795 60846.22115875 45
NOAA-15              60846.28016949 60846.28978091 24
NOAA-15              60846.61547714 60846.62290904 9
NOAA-15              60846.68248769 60846.69303851 68
NOAA-15              60846.75295181 60846.76174399 15
NOAA-15              60847.19270925 60847.20263612 26
NOAA-15              60847.26185807 60847.27212376 39
NOAA-15              60847.33256491 60847.33799532 4
NOAA-15              60847.59870320 60847.60414555 4
NOAA-15              60847.66460022 60847.67481138 39
NOAA-15              60847.73411527 60847.74394641 26
NOAA-15              60848.17490104 60848.18381438 15
NOAA-15              60848.24362788 60848.25424386 67
NOAA-15              60848.31376371 60848.32123316 9
NOAA-15              60848.64693516 60848.65650231 24
NOAA-15              60848.71558065 60848.72598529 44
NOAA-15              60848.78868632 60848.79306692 2
NOAA-15              60849.15737016 60849.16456445 7
NOAA-15              60849.22547734 60849.23614762 72
NOAA-15              60849.29524122 60849.30405999 16
NOAA-15              60849.62951375 60849.63809506 15
NOAA-15              60849.69729192 60849.70791164 78
NOAA-18              60832.79495999 60832.80480656 24
NOAA-18              60832.86413140 60832.87494227 48
NOAA-18              60832.93759106 60832.94289818 3
NOAA-18              60833.31006039 60833.31768089 8
NOAA-18              60833.37887576 60833.38977588 76
NOAA-18              60833.44928645 60833.45821684 16
NOAA-18              60833.78633351 60833.79572295 19
NOAA-18              60833.85508151 60833.86601496 63
NOAA-18              60833.92769056 60833.93453990 6
NOAA-18              60834.30155156 60834.30795597 5
NOAA-18              60834.36993328 60834.38076320 58
NOAA-18              60834.44018404 60834.44963335 20
NOAA-18              60834.77777056 60834.78661260 15
NOAA-18              60834.84608645 60834.85706481 81
NOAA-18              60834.91803156 60834.92598097 9
NOAA-18              60835.29330706 60835.29792676 2
NOAA-18              60835.36101373 60835.37169411 44
NOAA-18              60835.43110629 60835.44098708 25
NOAA-18              60835.76927782 60835.77746964 11
NOAA-18              60835.83714430 60835.84809383 78
NOAA-18              60835.90849294 60835.91731036 13
NOAA-18              60836.35211763 60836.36256505 34
NOAA-18              60836.42204993 60836.43228239 32
NOAA-18              60836.49368251 60836.49815469 3
NOAA-18              60836.76086633 60836.76828425 8
NOAA-18              60836.82825409 60836.83910330 61
NOAA-18              60836.89909715 60836.90856146 18
NOAA-18              60837.34325409 60837.35337095 26
NOAA-18              60837.41301299 60837.42352194 41
NOAA-18              60837.48426106 60837.49008100 5
NOAA-18              60837.75255407 60837.75903894 6
NOAA-18              60837.81941568 60837.83009381 47
NOAA-18              60837.88979203 60837.89975721 23
NOAA-18              60838.33442813 60838.34410409 20
NOAA-18              60838.40399440 60838.41470795 53
NOAA-18              60838.47493679 60838.48183462 7
NOAA-18              60838.74443028 60838.74969886 4
NOAA-18              60838.81063090 60838.82106535 36
NOAA-18              60838.88056371 60838.89091018 30
NOAA-18              60839.32564977 60839.33475330 15
NOAA-18              60839.39499390 60839.40584116 69
NOAA-18              60839.46572095 60839.47346927 10
NOAA-18              60839.80189844 60839.81201729 29
NOAA-18              60839.87140309 60839.88202857 39
NOAA-18              60840.31693558 60840.32530067 11
NOAA-18              60840.38601165 60840.39692185 87
NOAA-18              60840.45655485 60840.46501340 13
NOAA-18              60840.79322228 60840.80294808 23
NOAA-18              60840.86230393 60840.87311790 51
NOAA-18              60840.93556784 60840.94120838 4
NOAA-18              60841.30831279 60841.31571651 8
NOAA-18              60841.37704874 60841.38794945 72
NOAA-18              60841.44742520 60841.45648127 17
NOAA-18              60841.78460562 60841.79385521 18
NOAA-18              60841.85326198 60841.86418214 67
NOAA-18              60841.92572321 60841.93279568 7
NOAA-18              60842.29983834 60842.30594088 5
NOAA-18              60842.36810689 60842.37892248 55
NOAA-18              60842.43832424 60842.44788181 21
NOAA-18              60842.77605370 60842.78473440 14
NOAA-18              60842.84427443 60842.85522401 86
NOAA-18              60842.91609571 60842.92420652 10
NOAA-18              60843.35918860 60843.36983844 42
NOAA-18              60843.42924721 60843.43922048 27
NOAA-18              60843.76757412 60843.77557914 11
NOAA-18              60843.83533955 60843.84624535 74
NOAA-18              60843.90657816 60843.91551513 14
NOAA-18              60844.35029441 60844.36069347 32
NOAA-18              60844.42019112 60844.43050130 34
NOAA-18              60844.49172405 60844.49653674 3
NOAA-18              60844.75917904 60844.76637826 8
NOAA-18              60844.82645651 60844.83724730 57
NOAA-18              60844.89719848 60844.90675052 19
NOAA-18              60845.34143421 60845.35148201 25
NOAA-18              60845.41115421 60845.42172705 43
NOAA-18              60845.48230216 60845.48841700 5
NOAA-18              60845.75088967 60845.75711133 5
NOAA-18              60845.81762542 60845.82823034 44
NOAA-18              60845.88790628 60845.89793348 24
NOAA-18              60846.33261341 60846.34219579 19
NOAA-18              60846.40213558 60846.41289914 56
NOAA-18              60846.47302689 60846.48013720 8
NOAA-18              60846.74280344 60846.74773546 3
NOAA-18              60846.80884814 60846.81919432 34
NOAA-18              60846.87868881 60846.88907555 32
NOAA-18              60847.32384290 60847.33282245 14
NOAA-18              60847.39313508 60847.40401862 73
NOAA-18              60847.46381956 60847.47174828 10
NOAA-18              60847.80012373 60847.81013840 27
NOAA-18              60847.86953760 60847.88018428 41
NOAA-18              60848.31514102 60848.32334266 10
NOAA-18              60848.38415306 60848.39508548 87
NOAA-18              60848.45465846 60848.46327271 14
NOAA-18              60848.79145629 60848.80106089 21
NOAA-18              60848.86044688 60848.87126490 54
NOAA-18              60848.93352360 60848.93948070 4
NOAA-18              60849.30653888 60849.31372233 7
NOAA-18              60849.37519066 60849.38609896 68
NOAA-18              60849.44553184 60849.45472314 18
NOAA-19              60832.73138307 60832.73982365 13
NOAA-19              60832.79945187 60832.81036633 87
NOAA-19              60832.87106317 60832.87945449 11
NOAA-19              60833.31441925 60833.32509607 38
NOAA-19              60833.38440382 60833.39466304 30
NOAA-19              60833.45612643 60833.46032942 2
NOAA-19              60833.72308084 60833.73082402 10
NOAA-19              60833.79069304 60833.80154570 68
NOAA-19              60833.86175130 60833.87089745 16
NOAA-19              60834.30570056 60834.31609018 29
NOAA-19              60834.37552120 60834.38607890 38
NOAA-19              60834.44683244 60834.45245777 4
NOAA-19              60834.71486452 60834.72177587 7
NOAA-19              60834.78198446 60834.79270646 52
NOAA-19              60834.85256705 60834.86227574 20
NOAA-19              60835.29701526 60835.30701665 23
NOAA-19              60835.36665643 60835.37744168 49
NOAA-19              60835.43765205 60835.44439803 6
NOAA-19              60835.70675876 60835.71265592 5
NOAA-19              60835.77332602 60835.78384882 41
NOAA-19              60835.84346320 60835.85360705 26
NOAA-19              60836.28837163 60836.29786639 17
NOAA-19              60836.35780901 60836.36875283 63
NOAA-19              60836.42858510 60836.43621413 9
NOAA-19              60836.69887112 60836.70341152 3
NOAA-19              60836.76472021 60836.77497272 32
NOAA-19              60836.83442902 60836.84490095 34
NOAA-19              60837.27978198 60837.28862561 13
NOAA-19              60837.34897907 60837.36001270 81
NOAA-19              60837.41957047 60837.42793762 12
NOAA-19              60837.75616650 60837.76607718 25
NOAA-19              60837.82545727 60837.83616406 45
NOAA-19              60837.89921833 60837.90388283 3
NOAA-19              60838.27126663 60838.27927221 9
NOAA-19              60838.34016722 60838.35122103 79
NOAA-19              60838.41059355 60838.41958387 15
NOAA-19              60838.74766813 60838.75716021 20
NOAA-19              60838.81654297 60838.82740084 58
NOAA-19              60838.88936857 60838.89577566 5
NOAA-19              60839.26286307 60839.26976629 6
NOAA-19              60839.33137476 60839.34237677 62
NOAA-19              60839.40164592 60839.41116236 20
NOAA-19              60839.73922955 60839.74821881 16
NOAA-19              60839.80768273 60839.81861454 76
NOAA-19              60839.87980899 60839.88741870 8
NOAA-19              60840.25465664 60840.26001827 3
NOAA-19              60840.32260405 60840.33347799 47
NOAA-19              60840.39272238 60840.40267898 25
NOAA-19              60840.73085648 60840.73924846 12
NOAA-19              60840.79887436 60840.80980738 84
NOAA-19              60840.87038721 60840.87893308 12
NOAA-19              60841.31385530 60841.32452162 37
NOAA-19              60841.38381967 60841.39413800 31
NOAA-19              60841.45546892 60841.45991242 2
NOAA-19              60841.72255723 60841.73024130 9
NOAA-19              60841.79011662 60841.80098087 66
NOAA-19              60841.86111433 60841.87036095 16
NOAA-19              60842.30513646 60842.31550317 28
NOAA-19              60842.37493580 60842.38554242 39
NOAA-19              60842.44616760 60842.45200438 4
NOAA-19              60842.71434636 60842.72118417 7
NOAA-19              60842.78140915 60842.79213583 51
NOAA-19              60842.85193594 60842.86172884 21
NOAA-19              60843.29645181 60843.30641615 22
NOAA-19              60843.36606964 60843.37689394 50
NOAA-19              60843.43703077 60843.44391799 7
NOAA-19              60843.70624900 60843.71205208 4
NOAA-19              60843.77275206 60843.78327243 40
NOAA-19              60843.84283639 60843.85305118 27
NOAA-19              60844.28781003 60844.29725103 17
NOAA-19              60844.35722077 60844.36819381 65
NOAA-19              60844.42796901 60844.43571572 9
NOAA-19              60844.69837847 60844.70278800 2
NOAA-19              60844.76414775 60844.77439070 31
NOAA-19              60844.83380550 60844.84433703 35
NOAA-19              60845.27922409 60845.28799327 13
NOAA-19              60845.34838939 60845.35944237 83
NOAA-19              60845.41895685 60845.42742347 12
NOAA-19              60845.75559562 60845.76548906 25
NOAA-19              60845.82483635 60845.83559286 46
NOAA-19              60845.89844986 60845.90342344 3
NOAA-19              60846.27071569 60846.27861936 9
NOAA-19              60846.33957624 60846.35063927 77
NOAA-19              60846.40998086 60846.41905552 16
NOAA-19              60846.74709937 60846.75656596 20
NOAA-19              60846.81592421 60846.82682277 60
NOAA-19              60846.88864863 60846.89526414 6
NOAA-19              60847.26232554 60847.26908607 6
NOAA-19              60847.33078282 60847.34178335 60
NOAA-19              60847.40103321 60847.41062084 20
NOAA-19              60847.73866347 60847.74761810 15
NOAA-19              60847.80706584 60847.81802993 78
NOAA-19              60847.87911125 60847.88688118 9
NOAA-19              60848.25414986 60848.25929251 3
NOAA-19              60848.32201116 60848.33287254 46
NOAA-19              60848.39210906 60848.40212488 25
NOAA-19              60848.73029365 60848.73864069 12
NOAA-19              60848.79825919 60848.80921647 82
NOAA-19              60848.86970244 60848.87837816 13
METOA                60832.84107602 60832.85062009 31
METOA                60832.90802770 60832.91774890 31
METOA                60833.40254399 60833.41103877 50
METOA                60833.47014116 60833.47710958 13
METOA                60833.79431435 60833.80054223 6
METOA                60833.85877270 60833.86875498 53
METOA                60833.92661346 60833.93548877 18
METOA                60834.35437509 60834.36030659 7
METOA                60834.42054687 60834.42907280 72
METOA                60834.48864277 60834.49414966 6
METOA                60834.81124487 60834.81903991 12
METOA                60834.87668523 60834.88680072 82
METOA                60834.94560135 60834.95299073 9
METOA                60835.37186362 60835.37919520 15
METOA                60835.43869294 60835.44687798 36
METOA                60835.82850500 60835.83735176 21
METOA                60835.89481577 60835.90475128 47
METOA                60835.96522789 60835.96996473 3
METOA                60836.38960793 60836.39768938 29
METOA                60836.45689280 60836.46443400 19
METOA                60836.78265013 60836.78671020 2
METOA                60836.84602005 60836.85554497 35
METOA                60836.91318610 60836.92258492 27
METOA                60837.34217961 60837.34591310 2
METOA                60837.40750650 60837.41589950 60
METOA                60837.47523463 60837.48171849 10
METOA                60837.79907073 60837.80552141 7
METOA                60837.86375856 60837.87364266 61
METOA                60837.93188515 60837.94025060 15
METOA                60838.35918071 60838.36537790 8
METOA                60838.42551511 60838.43386609 61
METOA                60838.49381662 60838.49861319 4
METOA                60838.81606768 60838.82396248 13
METOA                60838.88171383 60838.89164919 73
METOA                60838.95096779 60838.95763091 7
METOA                60839.37671894 60839.38415505 17
METOA                60839.44366961 60839.45160203 30
METOA                60839.83337669 60839.84223301 23
METOA                60839.89989224 60839.90955476 40
METOA                60840.39448383 60840.40256906 34
METOA                60840.46188575 60840.46908036 16
METOA                60840.78727011 60840.79170329 3
METOA                60840.85093410 60840.86038934 39
METOA                60840.91832269 60840.92733189 22
METOA                60841.34676412 60841.35114567 3
METOA                60841.41239262 60841.42070987 72
METOA                60841.48026395 60841.48626525 8
METOA                60841.80380398 60841.81041330 8
METOA                60841.86871312 60841.87845018 69
METOA                60841.93710813 60841.94491477 12
METOA                60842.36392014 60842.37039045 10
METOA                60842.43040894 60842.43860998 51
METOA                60842.49895781 60842.50298301 3
METOA                60842.82086019 60842.82880439 15
METOA                60842.88671106 60842.89641674 62
METOA                60842.95635904 60842.96213364 5
METOA                60843.38150185 60843.38906436 20
METOA                60843.44857232 60843.45627672 26
METOA                60843.83821463 60843.84703620 25
METOA                60843.90493892 60843.91427522 34
METOA                60844.39928545 60844.40740138 40
METOA                60844.46680655 60844.47367558 14
METOA                60844.79182216 60844.79659638 4
METOA                60844.85581161 60844.86515669 43
METOA                60844.92347088 60844.93198808 19
METOA                60845.35131858 60845.35628478 5
METOA                60845.41720377 60845.42547456 84
METOA                60845.48522815 60845.49075397 7
METOA                60845.80850569 60845.81522523 9
METOA                60845.87363116 60845.88318080 77
METOA                60845.94231945 60845.94947598 10
METOA                60846.36859227 60846.37534997 12
METOA                60846.43522758 60846.44330901 43
METOA                60846.82561545 60846.83357088 16
METOA                60846.89167167 60846.90110647 53
METOA                60846.96181094 60846.96647204 3
METOA                60847.38621226 60847.39392727 23
METOA                60847.45340012 60847.46090654 22
METOA                60847.84301257 60847.85176582 27
METOA                60847.90998917 60847.91891306 28
METOA                60848.40401294 60848.41219020 48
METOA                60848.47165423 60848.47822458 12
METOA                60848.79640452 60848.80140519 4
METOA                60848.86064833 60848.86985120 49
METOA                60848.92855242 60848.93655920 15
METOA                60849.35583098 60849.36134740 6
METOA                60849.42194018 60849.43019716 77
METOA                60849.49012659 60849.49518903 5
METOA                60849.81316727 60849.81996416 10
METOA                60849.87855345 60849.88784195 80
METOA                60849.94752237 60849.95392880 7
METOA                60850.37319776 60850.38026025 14
METOA                60850.44001355 60850.44796978 36
METOA                60850.83032676 60850.83826748 17
METOA                60850.89662963 60850.90571994 44
METOA                60851.39085138 60851.39874688 28
METOA                60851.45814762 60851.46548890 19
METOA                60851.84776437 60851.85642688 30
METOA                60851.91496065 60851.92347552 24
METOB                60832.72653592 60832.73619316 24
METOB                60832.79538620 60832.80595845 46
METOB                60832.86858948 60832.87344718 3
METOB                60833.23885263 60833.24622857 8
METOB                60833.30725757 60833.31802781 73
METOB                60833.37729420 60833.38616029 16
METOB                60833.71270770 60833.72159393 16
METOB                60833.78086933 60833.79161824 72
METOB                60833.85275088 60833.85998520 8
METOB                60834.22535123 60834.23042535 3
METOB                60834.29291471 60834.30351816 47
METOB                60834.36269130 60834.37233522 23
METOB                60834.69905212 60834.70691466 10
METOB                60834.76649221 60834.77722187 75
METOB                60834.83740527 60834.84610313 13
METOB                60835.27863548 60835.28885705 31
METOB                60835.34814908 60835.35835558 34
METOB                60835.41932262 60835.42409047 3
METOB                60835.68562194 60835.69211077 6
METOB                60835.75225010 60835.76277515 49
METOB                60835.82238033 60835.83202241 21
METOB                60836.26444466 60836.27402236 20
METOB                60836.33365844 60836.34423413 52
METOB                60836.40427614 60836.41096499 7
METOB                60836.67260406 60836.67705301 3
METOB                60836.73814497 60836.74827908 33
METOB                60836.80756506 60836.81782142 32
METOB                60837.25037881 60837.25897159 13
METOB                60837.31921637 60837.32997676 79
METOB                60837.38948957 60837.39750430 11
METOB                60837.72418103 60837.73373039 22
METOB                60837.79292005 60837.80353599 50
METOB                60837.86586430 60837.87121168 4
METOB                60838.23652037 60838.24361518 7
METOB                60838.30482499 60838.31558381 68
METOB                60838.37481938 60838.38382587 17
METOB                60838.71037303 60838.71911891 15
METOB                60838.77842434 60838.78918499 77
METOB                60838.85014152 60838.85764815 8
METOB                60839.22314015 60839.22767643 2
METOB                60839.29049024 60839.30104978 44
METOB                60839.36022573 60839.36997374 25
METOB                60839.69674734 60839.70442266 10
METOB                60839.76406723 60839.77477904 70
METOB                60839.83484883 60839.84372516 14
METOB                60840.27622150 60840.28636165 29
METOB                60840.34569075 60840.35596951 37
METOB                60840.41675899 60840.42188544 4
METOB                60840.68335904 60840.68959037 5
METOB                60840.74984485 60840.76032308 46
METOB                60840.81985943 60840.82962053 23
METOB                60841.26204587 60841.27149479 19
METOB                60841.33120653 60841.34182489 55
METOB                60841.40176183 60841.40869062 7
METOB                60841.67042823 60841.67446034 2
METOB                60841.73576022 60841.74581786 31
METOB                60841.80507163 60841.81540305 34
METOB                60842.24800406 60842.25640213 12
METOB                60842.31677098 60842.32754471 84
METOB                60842.38699676 60842.39518930 12
METOB                60842.72181842 60842.73125881 21
METOB                60842.79044986 60842.80110480 53
METOB                60842.86315973 60842.86894346 4
METOB                60843.23419161 60843.24098036 6
METOB                60843.30238647 60843.31312847 64
METOB                60843.37233925 60843.38147988 18
METOB                60843.70803558 60843.71663452 14
METOB                60843.77597516 60843.78674318 82
METOB                60843.84753472 60843.85529605 9
METOB                60844.28806044 60844.29856969 41
METOB                60844.35775443 60844.36760091 26
METOB                60844.69444108 60844.70192011 9
METOB                60844.76163806 60844.77232774 66
METOB                60844.83229113 60844.84133578 16
METOB                60845.27380274 60845.28385369 27
METOB                60845.34322651 60845.35357237 39
METOB                60845.41420051 60845.41965829 4
METOB                60845.68109823 60845.68705606 5
METOB                60845.74743579 60845.75786270 43
METOB                60845.81733568 60845.82720877 24
METOB                60846.25964339 60846.26895351 17
METOB                60846.32874861 60846.33940454 59
METOB                60846.39924487 60846.40640159 8
METOB                60846.73337171 60846.74334799 29
METOB                60846.80257461 60846.81297542 37
METOB                60847.24562792 60847.25381638 11
METOB                60847.31431958 60847.32510144 87
METOB                60847.38449939 60847.39286168 13
METOB                60847.71945234 60847.72877828 20
METOB                60847.78797572 60847.79866480 57
METOB                60847.86046988 60847.86664818 5
METOB                60848.23186826 60848.23832205 5
METOB                60848.29994240 60848.31066164 60
METOB                60848.36985373 60848.37912191 19
METOB                60848.70569564 60848.71414053 13
METOB                60848.77352190 60848.78429276 87
METOB                60848.84492973 60848.85292944 10
METOB                60849.28562304 60849.29607745 38
METOB                60849.35527736 60849.36521668 28
