iss                  60833.02186933 60833.02686571 6
iss                  60833.08724922 60833.09466130 44
iss                  60833.15434671 60833.16183202 42
iss                  60833.22190345 60833.22923007 29
iss                  60833.28921015 60833.29676724 57
iss                  60833.35640775 60833.36358021 27
iss                  60834.05299304 60834.06012391 27
iss                  60834.11977944 60834.12732758 57
iss                  60834.18730696 60834.19463183 29
iss                  60834.25470429 60834.26219160 42
iss                  60834.32186941 60834.32930697 44
iss                  60834.38962978 60834.39473836 6
iss                  60835.01886366 60835.02550190 16
iss                  60835.08524481 60835.09281383 84
iss                  60835.15267424 60835.16003775 31
iss                  60835.22015582 60835.22756376 34
iss                  60835.28734216 60835.29489918 72
iss                  60835.35477047 60835.36097543 12
iss                  60835.98491570 60835.99074436 10
iss                  60836.05076474 60836.05827741 61
iss                  60836.11802019 60836.12545108 36
iss                  60836.18555906 60836.19290384 30
iss                  60836.25280576 60836.26038098 74
iss                  60836.32006023 60836.32693163 19
iss                  60836.95127133 60836.95573591 5
iss                  60837.01636245 60837.02370119 37
iss                  60837.08336363 60837.09086935 46
iss                  60837.15091345 60837.15822948 29
iss                  60837.21824470 60837.22577442 51
iss                  60837.28541989 60837.29268963 31
iss                  60837.35358092 60837.35748703 3
iss                  60837.98206633 60837.98906191 23
iss                  60838.04872559 60838.05628539 65
iss                  60838.11622437 60838.12355385 30
iss                  60838.18364693 60838.19110115 39
iss                  60838.25080911 60838.25829209 52
iss                  60838.31843015 60838.32395731 8
iss                  60838.94791281 60838.95432379 14
iss                  60839.01412792 60839.02168806 84
iss                  60839.08150334 60839.08888434 33
iss                  60839.14900389 60839.15638235 33
iss                  60839.21620222 60839.22376749 84
iss                  60839.28355425 60839.29001158 14
iss                  60839.91397092 60839.91942188 8
iss                  60839.97959309 60839.98706269 52
iss                  60840.04676699 60840.05422222 39
iss                  60840.11431145 60840.12163779 30
iss                  60840.18158055 60840.18913938 65
iss                  60840.24879456 60840.25581879 23
iss                  60840.88042643 60840.88418323 3
iss                  60840.94514547 60840.95239020 31
iss                  60841.01203536 60841.01956323 51
iss                  60841.07957102 60841.08688397 29
iss                  60841.14692962 60841.15442981 46
iss                  60841.21408922 60841.22144326 37
iss                  60841.28201041 60841.28658668 5
iss                  60841.91081685 60841.91764385 19
iss                  60841.97733013 60841.98489866 74
iss                  60842.04479025 60842.05213231 30
iss                  60842.11223837 60842.11966065 36
iss                  60842.17940384 60842.18692196 62
iss                  60842.24690675 60842.25280416 10
iss                  60842.87665064 60842.88278030 12
iss                  60842.94267361 60842.95021596 72
iss                  60843.00998278 60843.01738809 34
iss                  60843.07749959 60843.08485299 31
iss                  60843.14471535 60843.15228137 84
iss                  60843.21200247 60843.21868623 17
iss                  60843.84273989 60843.84771212 6
iss                  60843.90808897 60843.91549899 43
iss                  60843.97516689 60843.98265050 43
iss                  60844.04271094 60844.05002589 29
iss                  60844.11000654 60844.11754449 57
iss                  60844.17718852 60844.18434764 27
iss                  60844.87360350 60844.88072629 26
iss                  60844.94036367 60844.94791348 58
iss                  60845.00787608 60845.01519440 29
iss                  60845.07526396 60845.08273364 42
iss                  60845.14241524 60845.14983994 45
iss                  60845.21014619 60845.21528116 6
iss                  60845.83925007 60845.84586592 16
iss                  60845.90559536 60845.91316682 86
iss                  60845.97300506 60845.98036787 32
iss                  60846.04047774 60846.04787070 34
iss                  60846.10765293 60846.11519585 74
iss                  60846.17505599 60846.18128107 12
iss                  60846.80508671 60846.81086368 9
iss                  60846.87088476 60846.87839650 60
iss                  60846.93811363 60846.94554933 37
iss                  60847.00564224 60847.01297650 30
iss                  60847.07288076 60847.08044041 72
iss                  60847.14011420 60847.14699876 20
iss                  60847.77124773 60847.77559297 4
iss                  60847.83625605 60847.84358448 36
iss                  60847.90322157 60847.91073586 47
iss                  60847.97075724 60847.97806904 29
iss                  60848.03808282 60848.04559640 50
iss                  60848.10524152 60848.11251697 33
iss                  60848.17333281 60848.17737934 3
AO-07                60832.90198907 60832.91675931 35
AO-07                60832.98026897 60832.99558875 61
AO-07                60833.05887861 60833.07129637 18
AO-07                60833.13693945 60833.14481945 5
AO-07                60833.21207970 60833.21997678 5
AO-07                60833.28562392 60833.29804281 18
AO-07                60833.36136744 60833.37664964 61
AO-07                60833.44023935 60833.45493922 34
AO-07                60833.52470854 60833.53076009 2
AO-07                60833.86089613 60833.87312209 14
AO-07                60833.93856213 60833.95411962 69
AO-07                60834.01709655 60834.03141485 34
AO-07                60834.09560575 60834.10588351 10
AO-07                60834.17266177 60834.17951362 4
AO-07                60834.24640275 60834.25638569 9
AO-07                60834.32075134 60834.33486451 31
AO-07                60834.39788317 60834.41341286 74
AO-07                60834.47862682 60834.49117318 16
AO-07                60834.89706279 60834.91165554 32
AO-07                60834.97531357 60834.99071625 66
AO-07                60835.05392349 60835.06661041 19
AO-07                60835.13206812 60835.14020395 5
AO-07                60835.20745364 60835.21512080 5
AO-07                60835.28094344 60835.29309132 16
AO-07                60835.35650299 60835.37169476 56
AO-07                60835.43514830 60835.45003017 38
AO-07                60835.51890862 60835.52632086 4
AO-07                60835.85608750 60835.86780714 12
AO-07                60835.93362405 60835.94913481 63
AO-07                60836.01213636 60836.02663345 36
AO-07                60836.09067077 60836.10126044 11
AO-07                60836.16791114 60836.17480398 4
AO-07                60836.24178566 60836.25146278 8
AO-07                60836.31598954 60836.32990612 29
AO-07                60836.39292218 60836.40847088 81
AO-07                60836.47336963 60836.48633379 18
AO-07                60836.89216439 60836.90653213 29
AO-07                60836.97035981 60836.98583064 72
AO-07                60837.04896729 60837.06191358 21
AO-07                60837.12718569 60837.13559320 6
AO-07                60837.20281884 60837.21027911 4
AO-07                60837.27627320 60837.28814192 15
AO-07                60837.35165162 60837.36673900 52
AO-07                60837.43007540 60837.44511551 42
AO-07                60837.51324393 60837.52175630 5
AO-07                60837.85130238 60837.86245268 10
AO-07                60837.92868952 60837.94413507 58
AO-07                60838.00717665 60838.02183950 39
AO-07                60838.08573203 60838.09663068 12
AO-07                60838.16314144 60838.17011254 4
AO-07                60838.23717243 60838.24654627 8
AO-07                60838.31123997 60838.32494820 27
AO-07                60838.38797544 60838.40352658 87
AO-07                60838.46814156 60838.48148010 20
AO-07                60838.88727404 60838.90138796 26
AO-07                60838.96540785 60838.98093177 78
AO-07                60839.04401023 60839.05720556 22
AO-07                60839.12229335 60839.13098529 6
AO-07                60839.19817378 60839.20545302 4
AO-07                60839.27161277 60839.28319493 14
AO-07                60839.34681324 60839.36178259 48
AO-07                60839.42501992 60839.44019588 46
AO-07                60839.50768805 60839.51711035 7
AO-07                60839.84654600 60839.85705238 9
AO-07                60839.92375887 60839.93911999 52
AO-07                60840.00221757 60840.01703327 43
AO-07                60840.08079002 60840.09199338 13
AO-07                60840.15835311 60840.16543800 4
AO-07                60840.23256178 60840.24163670 7
AO-07                60840.30650248 60840.31999091 25
AO-07                60840.38304271 60840.39858019 86
AO-07                60840.46294015 60840.47661452 22
AO-07                60840.88239279 60840.89622170 23
AO-07                60840.96045787 60840.97601952 84
AO-07                60841.03905253 60841.05248622 24
AO-07                60841.11739222 60841.12637852 7
AO-07                60841.19351616 60841.20064378 4
AO-07                60841.26696163 60841.27825067 13
AO-07                60841.34198776 60841.35682539 44
AO-07                60841.41998120 60841.43527177 51
AO-07                60841.50220679 60841.51240967 8
AO-07                60841.84182659 60841.85159757 7
AO-07                60841.91883247 60841.93408910 48
AO-07                60841.99725926 60842.01221436 46
AO-07                60842.07584525 60842.08734758 14
AO-07                60842.15354697 60842.16077872 4
AO-07                60842.22795230 60842.23673502 7
AO-07                60842.30177689 60842.31503421 23
AO-07                60842.37812379 60842.39363192 80
AO-07                60842.45776335 60842.47173819 25
AO-07                60842.87752182 60842.89103181 21
AO-07                60842.95551007 60842.97109372 88
AO-07                60843.03409438 60843.04775503 26
AO-07                60843.11248334 60843.12177121 8
AO-07                60843.18884402 60843.19585245 4
AO-07                60843.26231945 60843.27330953 12
AO-07                60843.33717512 60843.35186777 40
AO-07                60843.41495868 60843.43034361 56
AO-07                60843.49678457 60843.50766834 10
LO-19                60832.93045642 60832.94071537 46
LO-19                60832.99954637 60833.00909804 26
LO-19                60833.06984176 60833.07427876 3
LO-19                60833.33439788 60833.34276650 14
LO-19                60833.40178519 60833.41216227 88
LO-19                60833.47224659 60833.48049079 12
LO-19                60833.90778328 60833.91738530 24
LO-19                60833.97655063 60833.98674576 48
LO-19                60834.04626212 60834.05317414 8
LO-19                60834.31276417 60834.31951971 7
LO-19                60834.37913722 60834.38925303 46
LO-19                60834.44845261 60834.45803390 25
LO-19                60834.88533202 60834.89360389 12
LO-19                60834.95364432 60834.96408547 88
LO-19                60835.02302494 60835.03152002 15
LO-19                60835.29175332 60835.29593990 2
LO-19                60835.35679834 60835.36625362 25
LO-19                60835.42513620 60835.43535833 48
LO-19                60835.49711678 60835.50286469 4
LO-19                60835.86336432 60835.86907998 4
LO-19                60835.93083866 60835.94110912 46
LO-19                60835.99992976 60836.00949082 26
LO-19                60836.07022171 60836.07467355 3
LO-19                60836.33478284 60836.34315374 14
LO-19                60836.40217144 60836.41254867 88
LO-19                60836.47263367 60836.48087654 12
LO-19                60836.90816524 60836.91777846 24
LO-19                60836.97693297 60836.98713760 48
LO-19                60837.04664307 60837.05356609 8
LO-19                60837.31314682 60837.31990660 7
LO-19                60837.37952162 60837.38963860 46
LO-19                60837.44883783 60837.45841890 25
LO-19                60837.88571200 60837.89399686 12
LO-19                60837.95402551 60837.96447638 88
LO-19                60838.02340545 60838.03191051 15
LO-19                60838.29213244 60838.29632772 2
LO-19                60838.35718083 60838.36663844 25
LO-19                60838.42551963 60838.43574248 48
LO-19                60838.49750075 60838.50324832 4
LO-19                60838.86374053 60838.86947455 4
LO-19                60838.93121856 60838.94149919 46
LO-19                60839.00030946 60839.00988014 26
LO-19                60839.07059762 60839.07506537 3
LO-19                60839.33516332 60839.34353795 14
LO-19                60839.40255311 60839.41293196 88
LO-19                60839.47301580 60839.48125944 12
LO-19                60839.90854370 60839.91816782 24
LO-19                60839.97731171 60839.98752585 48
LO-19                60840.04702025 60840.05395477 8
LO-19                60840.31352500 60840.32029057 7
LO-19                60840.37990150 60840.39002108 46
LO-19                60840.44921828 60840.45880091 25
LO-19                60840.88608858 60840.89438590 12
LO-19                60840.95440316 60840.96486359 88
LO-19                60841.02378231 60841.03229755 15
LO-19                60841.29250687 60841.29671295 2
LO-19                60841.35755888 60841.36702018 25
LO-19                60841.42589843 60841.43612358 48
LO-19                60841.49787934 60841.50362953 4
LO-19                60841.86411358 60841.86986492 4
LO-19                60841.93159501 60841.94188545 46
LO-19                60842.00068562 60842.01026587 26
LO-19                60842.07096970 60842.07545404 3
LO-19                60842.33553942 60842.34391913 14
LO-19                60842.40293025 60842.41331217 88
LO-19                60842.47339303 60842.48163948 12
LO-19                60842.90891877 60842.91855326 24
LO-19                60842.97768696 60842.98791040 48
LO-19                60843.04739381 60843.05434002 8
LO-19                60843.31389880 60843.32067160 7
LO-19                60843.38027694 60843.39040047 46
LO-19                60843.44959405 60843.45917992 25
LO-19                60843.88646189 60843.89477087 12
LO-19                60843.95477739 60843.96524718 88
LO-19                60844.02415566 60844.03268101 15
LO-19                60844.29287677 60844.29709549 2
LO-19                60844.35793256 60844.36739885 25
LO-19                60844.42627267 60844.43650163 48
LO-19                60844.49825262 60844.50400832 4
LO-19                60844.86448363 60844.87025091 4
LO-19                60844.93196810 60844.94226779 46
LO-19                60845.00105832 60845.01064789 26
LO-19                60845.07133819 60845.07583932 3
LO-19                60845.33591121 60845.34429727 14
LO-19                60845.40330293 60845.41368931 88
LO-19                60845.47376546 60845.48201667 12
LO-19                60845.90929056 60845.91893465 24
LO-19                60845.97805882 60845.98829112 48
LO-19                60846.04776390 60846.05472171 8
LO-19                60846.31426834 60846.32104965 7
LO-19                60846.38064802 60846.39077677 46
LO-19                60846.44996521 60846.45955594 25
LO-19                60846.88683204 60846.89515163 12
LO-19                60846.95514829 60846.96562664 88
LO-19                60847.02452561 60847.03306076 15
LO-19                60847.29324231 60847.29747526 2
LO-19                60847.35830197 60847.36777443 25
LO-19                60847.42664243 60847.43687663 48
LO-19                60847.49862072 60847.50438464 4
FO-29                60832.98777252 60832.99703466 10
FO-29                60833.05757462 60833.07074470 46
FO-29                60833.13049315 60833.14380098 40
FO-29                60833.20774904 60833.21517882 5
FO-29                60833.59420711 60833.60430448 25
FO-29                60833.66707242 60833.67778587 45
FO-29                60833.74081315 60833.74810126 8
FO-29                60833.95278693 60833.95769100 2
FO-29                60834.02053654 60834.03207722 22
FO-29                60834.09184008 60834.10548348 78
FO-29                60834.16642706 60834.17805872 18
FO-29                60834.55667795 60834.56398831 7
FO-29                60834.62867359 60834.63955548 63
FO-29                60834.70197756 60834.71152105 20
FO-29                60834.98439894 60834.99319094 9
FO-29                60835.05403994 60835.06696243 43
FO-29                60835.12682680 60835.14005387 42
FO-29                60835.20383643 60835.21155584 5
FO-29                60835.59056219 60835.60042467 23
FO-29                60835.66338169 60835.67405019 49
FO-29                60835.73710920 60835.74448361 8
FO-29                60836.01707544 60836.02826855 20
FO-29                60836.08824422 60836.10171388 77
FO-29                60836.16268097 60836.17433695 19
FO-29                60836.55313527 60836.55994356 6
FO-29                60836.62499357 60836.63575681 58
FO-29                60836.69827443 60836.70784357 21
FO-29                60836.98103441 60836.98933184 8
FO-29                60837.05051170 60837.06317170 40
FO-29                60837.12316763 60837.13629862 44
FO-29                60837.19994461 60837.20791316 6
FO-29                60837.58691229 60837.59654153 21
FO-29                60837.65968213 60837.67031503 53
FO-29                60837.73339328 60837.74086779 9
FO-29                60838.01362167 60838.02445023 18
FO-29                60838.08465451 60838.09793664 75
FO-29                60838.15894356 60838.17060598 20
FO-29                60838.54960507 60838.55587688 5
FO-29                60838.62130605 60838.63195797 53
FO-29                60838.69456134 60838.70416735 22
FO-29                60838.97768280 60838.98545634 7
FO-29                60839.04698932 60839.05937333 37
FO-29                60839.11951473 60839.13253581 46
FO-29                60839.19607024 60839.20425344 7
FO-29                60839.58325737 60839.59265536 19
FO-29                60839.65597401 60839.66658098 57
FO-29                60839.72966552 60839.73725439 9
FO-29                60840.01017464 60840.02062240 17
FO-29                60840.08107007 60840.09415226 72
FO-29                60840.15521372 60840.16686658 21
FO-29                60840.54609239 60840.55178315 4
FO-29                60840.61761101 60840.62815937 49
FO-29                60840.69083837 60840.70049298 24
FO-29                60840.97434532 60840.98156277 6
FO-29                60841.04347200 60841.05556748 34
FO-29                60841.11586720 60841.12876599 49
FO-29                60841.19221072 60841.20057900 7
FO-29                60841.57959811 60841.58876645 17
FO-29                60841.65225711 60841.66284858 63
FO-29                60841.72592622 60841.73364388 10
FO-29                60842.00673355 60842.01678558 15
FO-29                60842.07749005 60842.09036129 68
FO-29                60842.15149038 60842.16311950 22
FO-29                60842.54260586 60842.54765436 3
FO-29                60842.61390884 60842.62436177 45
FO-29                60842.68710575 60842.69682100 25
FO-29                60842.76158558 60842.76569451 2
FO-29                60842.97102399 60842.97764873 5
FO-29                60843.03995894 60843.05175471 32
FO-29                60843.11222411 60843.12498981 52
FO-29                60843.18836380 60843.19689169 8
FO-29                60843.57593464 60843.58487480 15
FO-29                60843.64853177 60843.65911830 68
FO-29                60843.72217578 60843.73003666 11
FO-29                60844.00329822 60844.01293972 14
FO-29                60844.07391386 60844.08656432 64
FO-29                60844.14777249 60844.15936549 23
FO-29                60844.53916701 60844.54347605 2
FO-29                60844.61019947 60844.62056531 41
FO-29                60844.68336376 60844.69315189 27
FO-29                60844.75777597 60844.76219472 3
FO-29                60844.96777722 60844.97371160 4
FO-29                60845.03645114 60845.04793557 29
FO-29                60845.10858455 60845.12120789 55
FO-29                60845.18449391 60845.19319513 8
FO-29                60845.57226737 60845.58098079 14
FO-29                60845.64479840 60845.65539059 75
FO-29                60845.71841472 60845.72643285 11
FO-29                60845.99986809 60846.00908496 12
FO-29                60846.07034020 60846.08276176 60
FO-29                60846.14405902 60846.15560533 25
FO-29                60846.60648118 60846.61677029 37
FO-29                60846.67961280 60846.68948603 29
FO-29                60846.75395688 60846.75869671 3
FO-29                60846.96450263 60846.96974264 3
FO-29                60847.03294412 60847.04411063 27
FO-29                60847.10494763 60847.11742070 58
FO-29                60847.18066618 60847.18948687 9
FO-29                60847.56859682 60847.57708436 13
SO-50                60832.90342204 60832.91169386 18
SO-50                60832.97281186 60832.98202411 84
SO-50                60833.04288764 60833.04985085 10
SO-50                60833.56543891 60833.57349128 16
SO-50                60833.63376129 60833.64332210 73
SO-50                60833.70440256 60833.71268338 16
SO-50                60833.77617949 60833.78258709 7
SO-50                60833.84694402 60833.85395481 9
SO-50                60833.91649381 60833.92532265 29
SO-50                60833.98597962 60833.99491564 41
SO-50                60834.05707718 60834.06114321 3
SO-50                60834.57780871 60834.58685881 31
SO-50                60834.64706254 60834.65639357 39
SO-50                60834.71828509 60834.72581906 11
SO-50                60834.78994288 60834.79619992 6
SO-50                60834.86015081 60834.86784977 13
SO-50                60834.92956586 60834.93872347 53
SO-50                60834.99927479 60835.00745562 20
SO-50                60835.52326431 60835.52974482 8
SO-50                60835.59056027 60835.60005669 63
SO-50                60835.66060504 60835.66944892 23
SO-50                60835.73223391 60835.73906525 8
SO-50                60835.80348150 60835.81000615 7
SO-50                60835.87326320 60835.88162840 19
SO-50                60835.94266622 60835.95186137 77
SO-50                60836.01282650 60836.01951410 9
SO-50                60836.53515550 60836.54338592 17
SO-50                60836.60361998 60836.61316191 66
SO-50                60836.67435046 60836.68252433 15
SO-50                60836.74612969 60836.75248503 7
SO-50                60836.81681061 60836.82390897 10
SO-50                60836.88633165 60836.89521898 31
SO-50                60836.95583838 60836.96469927 37
SO-50                60837.54757724 60837.55671381 34
SO-50                60837.61694809 60837.62622011 36
SO-50                60837.68823935 60837.69566283 10
SO-50                60837.75985448 60837.76611912 6
SO-50                60837.82999141 60837.83778449 14
SO-50                60837.89939635 60837.90857604 58
SO-50                60837.96915003 60837.97717397 18
SO-50                60838.49288096 60838.49967626 9
SO-50                60838.56036638 60838.56988633 70
SO-50                60838.63051266 60838.63926704 22
SO-50                60838.70217941 60838.70892042 8
SO-50                60838.77335187 60838.77993718 7
SO-50                60838.84308566 60838.85153155 21
SO-50                60838.91249483 60838.92166586 70
SO-50                60838.98279125 60838.98913466 8
SO-50                60839.50485582 60839.51324743 19
SO-50                60839.57345671 60839.58297370 60
SO-50                60839.64427325 60839.65233932 14
SO-50                60839.71604849 60839.72235971 6
SO-50                60839.78664689 60839.79383468 10
SO-50                60839.85614229 60839.86508312 34
SO-50                60839.92567246 60839.93444917 33
SO-50                60840.45135549 60840.45538272 2
SO-50                60840.51732612 60840.52653865 38
SO-50                60840.58681077 60840.59601933 33
SO-50                60840.65816662 60840.66548162 10
SO-50                60840.72973372 60840.73601429 6
SO-50                60840.79980299 60840.80768880 14
SO-50                60840.86920033 60840.87839625 64
SO-50                60840.93900294 60840.94685663 16
SO-50                60841.46248913 60841.46956736 10
SO-50                60841.53015134 60841.53968719 77
SO-50                60841.60039639 60841.60905853 21
SO-50                60841.67209550 60841.67875173 7
SO-50                60841.74319070 60841.74984191 8
SO-50                60841.81288023 60841.82140326 22
SO-50                60841.88229772 60841.89143759 63
SO-50                60841.95270230 60841.95871200 7
SO-50                60842.47453889 60842.48307647 21
SO-50                60842.54327126 60842.55275759 55
SO-50                60842.61417093 60842.62212847 14
SO-50                60842.68593569 60842.69221107 6
SO-50                60842.75645313 60842.76373164 10
SO-50                60842.82592582 60842.83491525 37
SO-50                60842.89548205 60842.90416564 30
SO-50                60843.42076269 60843.42540442 3
SO-50                60843.48705517 60843.49633359 42
SO-50                60843.55665039 60843.56579134 31
SO-50                60843.62806675 60843.63527558 10
SO-50                60843.69958070 60843.70588513 7
SO-50                60843.76958583 60843.77756260 15
SO-50                60843.83897787 60843.84818413 70
SO-50                60843.90883399 60843.91650318 15
SO-50                60844.43208655 60844.43942020 11
SO-50                60844.49991492 60844.50945944 84
SO-50                60844.57025601 60844.57882343 19
SO-50                60844.64198186 60844.64855926 7
SO-50                60844.71299823 60844.71971996 8
SO-50                60844.78264704 60844.79124347 23
SO-50                60844.85207502 60844.86117658 57
SO-50                60844.92260216 60844.92824267 6
SO-50                60845.44420439 60845.45287362 23
SO-50                60845.51306343 60845.52251370 50
SO-50                60845.58404289 60845.59189187 13
SO-50                60845.65579113 60845.66203902 6
SO-50                60845.72622956 60845.73359957 11
HO-68                60832.86851887 60832.87767010 36
HO-68                60832.94026471 60832.94900063 8
HO-68                60833.15591832 60833.16600279 13
HO-68                60833.22794285 60833.24130793 52
HO-68                60833.30302438 60833.31611822 35
HO-68                60833.38300790 60833.38875603 3
HO-68                60833.70496620 60833.71219961 4
HO-68                60833.77811586 60833.79135279 41
HO-68                60833.85299400 60833.86613663 45
HO-68                60833.92833744 60833.93793338 11
HO-68                60834.14476292 60834.15407719 10
HO-68                60834.21636464 60834.22944045 41
HO-68                60834.29094826 60834.30436283 46
HO-68                60834.36967254 60834.37777957 6
HO-68                60834.76637302 60834.77923639 32
HO-68                60834.84113161 60834.85453057 57
HO-68                60834.91641971 60834.92679178 14
HO-68                60835.13372178 60835.14214452 8
HO-68                60835.20486315 60835.21756299 33
HO-68                60835.27896217 60835.29257989 59
HO-68                60835.35674666 60835.36646238 10
HO-68                60835.75467027 60835.76701626 24
HO-68                60835.82928074 60835.84285134 71
HO-68                60835.90451034 60835.91557625 17
HO-68                60835.98014929 60835.98531956 2
HO-68                60836.12281756 60836.13020061 5
HO-68                60836.19343685 60836.20567658 27
HO-68                60836.26705973 60836.28077458 75
HO-68                60836.34409467 60836.35497628 14
HO-68                60836.74301854 60836.75467642 19
HO-68                60836.81744347 60836.83109781 88
HO-68                60836.89260890 60836.90428695 22
HO-68                60836.96815716 60836.97451361 4
HO-68                60837.11193663 60837.11823553 4
HO-68                60837.18208112 60837.19378179 21
HO-68                60837.25523651 60837.26895077 88
HO-68                60837.33162234 60837.34338878 19
HO-68                60837.73143748 60837.74219294 14
HO-68                60837.80562173 60837.81926803 73
HO-68                60837.88071540 60837.89292426 27
HO-68                60837.95619433 60837.96362412 6
HO-68                60838.10114023 60838.10623977 2
HO-68                60838.17079889 60838.18187888 17
HO-68                60838.24348953 60838.25711137 71
HO-68                60838.31929173 60838.33173223 25
HO-68                60838.71996808 60838.72952597 9
HO-68                60838.79381875 60838.80735892 58
HO-68                60838.86883017 60838.88148857 33
HO-68                60838.94424965 60838.95265762 8
HO-68                60839.15963777 60839.16997131 14
HO-68                60839.23182082 60839.24525865 56
HO-68                60839.30707955 60839.32002569 32
HO-68                60839.70866711 60839.71659770 6
HO-68                60839.78203853 60839.79536595 45
HO-68                60839.85695385 60839.86998022 42
HO-68                60839.93231786 60839.94161619 10
HO-68                60840.14845717 60840.15804803 11
HO-68                60840.22021759 60840.23339434 45
HO-68                60840.29497059 60840.30828095 42
HO-68                60840.37407359 60840.38148012 5
HO-68                60840.69779101 60840.70319936 2
HO-68                60840.77028453 60840.78328259 35
HO-68                60840.84508738 60840.85839911 52
HO-68                60840.92039623 60840.93050039 13
HO-68                60841.13739111 60841.14611817 8
HO-68                60841.20869102 60841.22151961 36
HO-68                60841.28295446 60841.29650646 54
HO-68                60841.36103089 60841.37024993 8
HO-68                60841.75856714 60841.77109922 27
HO-68                60841.83323198 60841.84674507 66
HO-68                60841.90848335 60841.91931039 16
HO-68                60842.12646142 60842.13417820 6
HO-68                60842.19724010 60842.20963578 29
HO-68                60842.27102392 60842.28470798 69
HO-68                60842.34830282 60842.35881110 12
HO-68                60842.74689592 60842.75880234 20
HO-68                60842.82138945 60842.83501719 82
HO-68                60842.89657857 60842.90804654 20
HO-68                60842.97215917 60842.97810572 3
HO-68                60843.11555442 60843.12221906 4
HO-68                60843.18585935 60843.19774326 23
HO-68                60843.25917393 60843.27288978 86
HO-68                60843.33577396 60843.34725363 17
HO-68                60843.73528758 60843.74637128 15
HO-68                60843.80956162 60843.82321383 79
HO-68                60843.88468173 60843.89670911 25
HO-68                60843.96018624 60843.96724493 5
HO-68                60844.10472907 60844.11023383 3
HO-68                60844.17455208 60844.18584254 19
HO-68                60844.24740108 60844.26105507 76
HO-68                60844.32339776 60844.33561797 23
HO-68                60844.72377043 60844.73377278 11
HO-68                60844.79775145 60844.81133233 63
HO-68                60844.87279305 60844.88529854 31
HO-68                60844.94823480 60844.95630526 7
HO-68                60845.16335862 60845.17393191 15
HO-68                60845.23570124 60845.24920630 61
HO-68                60845.31114683 60845.32392662 30
HO-68                60845.71240420 60845.72094638 7
AO-73                60832.86851887 60832.87367061 17
AO-73                60833.24998164 60833.25827907 28
AO-73                60833.31580130 60833.32419978 29
AO-73                60833.79866366 60833.80683477 29
AO-73                60833.86465332 60833.87255251 25
AO-73                60834.24887117 60834.25712555 27
AO-73                60834.31463745 60834.32306612 30
AO-73                60834.79752912 60834.80564933 28
AO-73                60834.86349632 60834.87141913 26
AO-73                60835.24774538 60835.25595389 26
AO-73                60835.31345766 60835.32191449 31
AO-73                60835.79637799 60835.80444518 27
AO-73                60835.86232818 60835.87027457 27
AO-73                60836.24660430 60836.25476405 25
AO-73                60836.31226194 60836.32074489 33
AO-73                60836.79521029 60836.80322227 25
AO-73                60836.86113682 60836.86910577 28
AO-73                60837.24544802 60837.25355601 24
AO-73                60837.31105031 60837.31955731 34
AO-73                60837.79402606 60837.80198056 24
AO-73                60837.85992826 60837.86791926 29
AO-73                60838.24427647 60838.25232974 23
AO-73                60838.30982279 60838.31835176 36
AO-73                60838.79282531 60838.80072001 23
AO-73                60838.85870249 60838.86671504 30
AO-73                60839.24308987 60839.25108522 22
AO-73                60839.30857938 60839.31712822 37
AO-73                60839.79160809 60839.79944054 22
AO-73                60839.85745952 60839.86549308 31
AO-73                60839.92479285 60839.92824061 2
AO-73                60840.24188794 60840.24982242 21
AO-73                60840.30732010 60840.31588670 39
AO-73                60840.79037444 60840.79814211 21
AO-73                60840.85619933 60840.86425338 33
AO-73                60840.92347328 60840.92709530 2
AO-73                60841.24067103 60841.24854130 20
AO-73                60841.30604496 60841.31462719 41
AO-73                60841.78912439 60841.79682466 20
AO-73                60841.85492193 60841.86299593 34
AO-73                60841.92213956 60841.92592935 3
AO-73                60842.23943909 60842.24724186 20
AO-73                60842.30475398 60842.31334970 43
AO-73                60842.37377127 60842.37751055 2
AO-73                60842.78785800 60842.79548805 19
AO-73                60842.85362732 60842.86172072 36
AO-73                60842.92079129 60842.92474336 3
AO-73                60843.23819216 60843.24592404 19
AO-73                60843.30345320 60843.31206043 45
AO-73                60843.37232382 60843.37631431 3
AO-73                60843.78657533 60843.79413231 18
AO-73                60843.85231550 60843.86042772 37
AO-73                60843.91942814 60843.92353769 3
AO-73                60844.23693028 60844.24458778 18
AO-73                60844.30213058 60844.31074696 47
AO-73                60844.37086816 60844.37509221 3
AO-73                60844.78527644 60844.79275751 17
AO-73                60844.85098647 60844.85911692 39
AO-73                60844.91804982 60844.92231245 3
AO-73                60845.23565352 60845.24323313 17
AO-73                60845.30079215 60845.30941552 49
AO-73                60845.36940322 60845.37384545 3
AO-73                60845.78396138 60845.79136317 17
AO-73                60845.84964024 60845.85778831 41
AO-73                60845.91665611 60845.92106793 4
AO-73                60846.23436191 60846.24186020 16
AO-73                60846.29943794 60846.30806611 52
AO-73                60846.36792770 60846.37257513 4
AO-73                60846.78263026 60846.78994938 16
AO-73                60846.84827682 60846.85644185 43
AO-73                60846.91524683 60846.91980430 4
AO-73                60847.23305553 60847.24046858 16
AO-73                60847.29806796 60847.30669874 55
AO-73                60847.36644092 60847.37128205 4
AO-73                60847.78128316 60847.78851605 15
AO-73                60847.84689623 60847.85507754 46
AO-73                60847.91382181 60847.91852169 4
AO-73                60848.23173444 60848.23905842 15
AO-73                60848.29668221 60848.30531341 58
AO-73                60848.36494226 60848.36996688 4
AO-73                60848.77992018 60848.78706304 14
AO-73                60848.84545360 60848.85369224 48
AO-73                60848.91238091 60848.91722024 5
AO-73                60849.23039870 60849.23762967 14
AO-73                60849.29528071 60849.30391013 61
AO-73                60849.36343129 60849.36862997 5
AO-73                60849.77854142 60849.78559025 13
AO-73                60849.84403872 60849.85229218 51
AO-73                60849.91092397 60849.91590006 5
AO-73                60850.22904840 60850.23618229 14
AO-73                60850.29386347 60850.30248891 65
AO-73                60850.36190731 60850.36727200 5
AO-73                60850.77714731 60850.78409751 13
AO-73                60850.84260670 60850.85087419 54
AO-73                60850.90945117 60850.91456106 5
AO-73                60851.22768360 60851.23471624 13
AO-73                60851.29243051 60851.30104976 68
AO-73                60851.36037037 60851.36589319 6
AO-73                60851.77573739 60851.78258467 12
AO-73                60851.84115757 60851.84943823 57
TITA                 60833.07851533 60833.08597138 18
TITA                 60833.14389475 60833.15185081 36
TITA                 60833.21067991 60833.21454253 3
TITA                 60833.52648810 60833.53393192 17
TITA                 60833.59132782 60833.59971576 46
TITA                 60833.65974155 60833.66361040 2
TITA                 60834.07197179 60834.07907164 14
TITA                 60834.13719973 60834.14527886 46
TITA                 60834.20373804 60834.20840323 4
TITA                 60834.52007001 60834.52716637 14
TITA                 60834.58460967 60834.59307028 60
TITA                 60834.65241506 60834.65737987 4
TITA                 60835.06544928 60835.07210803 11
TITA                 60835.13046004 60835.13866260 60
TITA                 60835.19685053 60835.20216625 6
TITA                 60835.51367964 60835.52037022 11
TITA                 60835.57791197 60835.58639979 78
TITA                 60835.64523216 60835.65100497 7
TITA                 60836.05895737 60836.06506963 8
TITA                 60836.12376509 60836.13200793 78
TITA                 60836.18999375 60836.19585523 8
TITA                 60836.50732121 60836.51353909 9
TITA                 60836.57123395 60836.57970506 81
TITA                 60836.63813650 60836.64454157 9
TITA                 60837.05251317 60837.05793839 6
TITA                 60837.11707066 60837.12531133 77
TITA                 60837.18315587 60837.18948244 10
TITA                 60837.50100200 60837.50666618 7
TITA                 60837.56452934 60837.57298352 62
TITA                 60837.63110256 60837.63801435 12
TITA                 60838.04615020 60838.05067962 4
TITA                 60838.11037750 60838.11857198 58
TITA                 60838.17632974 60838.18305483 13
TITA                 60838.49473356 60838.49974016 5
TITA                 60838.55788951 60838.56624174 48
TITA                 60838.62411607 60838.63143707 15
TITA                 60839.10368671 60839.11178869 44
TITA                 60839.16951128 60839.17657700 16
TITA                 60839.48859130 60839.49273909 3
TITA                 60839.55126972 60839.55947639 37
TITA                 60839.61716844 60839.62481786 19
TITA                 60840.09699683 60840.10495973 34
TITA                 60840.16269748 60840.17005198 20
TITA                 60840.54466930 60840.55268710 29
TITA                 60840.61025342 60840.61816271 24
TITA                 60841.09031526 60841.09808277 26
TITA                 60841.15589245 60841.16348814 25
TITA                 60841.53808994 60841.54587313 23
TITA                 60841.60336698 60841.61147524 31
TITA                 60842.08364225 60842.09115449 20
TITA                 60842.14908306 60842.15687405 31
TITA                 60842.53153302 60842.53903340 19
TITA                 60842.59650614 60842.60475829 40
TITA                 60843.07698200 60843.08417073 16
TITA                 60843.14227431 60843.15021698 40
TITA                 60843.20894836 60843.21310671 3
TITA                 60843.52500073 60843.53216585 15
TITA                 60843.58966877 60843.59801386 52
TITA                 60843.65776319 60843.66211153 3
TITA                 60844.07034026 60844.07712480 12
TITA                 60844.13542176 60844.14351449 53
TITA                 60844.20191192 60844.20682259 5
TITA                 60844.51849613 60844.52526805 12
TITA                 60844.58285335 60844.59124340 69
TITA                 60844.65039645 60844.65569808 5
TITA                 60845.06372619 60845.07000740 9
TITA                 60845.12861411 60845.13677278 70
TITA                 60845.19492113 60845.20044915 7
TITA                 60845.51202316 60845.51833597 10
TITA                 60845.57605888 60845.58444794 90
TITA                 60845.64314508 60845.64916910 8
TITA                 60846.05715341 60846.06280324 7
TITA                 60846.12180713 60846.12998842 85
TITA                 60846.18795695 60846.19400558 9
TITA                 60846.50558857 60846.51136330 7
TITA                 60846.56923905 60846.57762505 69
TITA                 60846.63596923 60846.64256324 10
TITA                 60847.05064882 60847.05548470 4
TITA                 60847.11500160 60847.12316076 65
TITA                 60847.18100949 60847.18750183 12
TITA                 60847.49920294 60847.50433970 5
TITA                 60847.56248476 60847.57078141 52
TITA                 60847.62884914 60847.63589996 14
TITA                 60848.04427338 60848.04798810 2
TITA                 60848.10819846 60848.11628873 49
TITA                 60848.17407248 60848.18094429 15
TITA                 60848.49288601 60848.49724556 4
TITA                 60848.55575078 60848.56391384 40
TITA                 60848.62177323 60848.62919014 17
TITA                 60849.10139645 60849.10937078 37
TITA                 60849.16714245 60849.17433691 18
TITA                 60849.54903793 60849.55702203 31
TITA                 60849.61473381 60849.62244122 22
TITA                 60850.09460211 60850.10240473 28
TITA                 60850.16022271 60850.16768872 23
TITA                 60850.54234624 60850.55010535 25
TITA                 60850.60772590 60850.61565772 28
TITA                 60851.08781589 60851.09538754 22
TITA                 60851.15329982 60851.16098858 29
NOAA-15              60832.92415491 60832.93136790 8
NOAA-15              60832.99244585 60833.00299839 63
NOAA-15              60833.06202355 60833.07131854 21
NOAA-15              60833.39786892 60833.40706945 19
NOAA-15              60833.46602906 60833.47669147 70
NOAA-15              60833.53744011 60833.54512378 9
NOAA-15              60833.90713237 60833.91142186 2
NOAA-15              60833.97438479 60833.98463739 37
NOAA-15              60834.04373457 60834.05370860 32
NOAA-15              60834.11414259 60834.11970282 4
NOAA-15              60834.38051942 60834.38869703 12
NOAA-15              60834.44791789 60834.45854685 72
NOAA-15              60834.51830328 60834.52742960 17
NOAA-15              60834.95641818 60834.96604319 22
NOAA-15              60835.02550109 60835.03590278 52
NOAA-15              60835.09551929 60835.10280680 9
NOAA-15              60835.36342190 60835.37021949 7
NOAA-15              60835.42999823 60835.44034511 44
NOAA-15              60835.49954513 60835.50953773 28
NOAA-15              60835.93859209 60835.94716049 13
NOAA-15              60836.00732156 60836.01790594 85
NOAA-15              60836.07708580 60836.08560338 14
NOAA-15              60836.34673170 60836.35153612 3
NOAA-15              60836.41227080 60836.42208890 28
NOAA-15              60836.48104763 60836.49152767 46
NOAA-15              60836.55354917 60836.55934191 4
NOAA-15              60836.92102054 60836.92786250 7
NOAA-15              60836.98920129 60836.99971413 57
NOAA-15              60837.05874048 60837.06816420 22
NOAA-15              60837.39474108 60837.40377341 18
NOAA-15              60837.46276939 60837.47343491 77
NOAA-15              60837.53399052 60837.54196010 10
NOAA-15              60837.97115178 60837.98131272 34
NOAA-15              60838.04045887 60838.05051757 35
NOAA-15              60838.11079459 60838.11668208 5
NOAA-15              60838.37743050 60838.38538297 11
NOAA-15              60838.44469006 60838.45527730 66
NOAA-15              60838.51492107 60838.52422080 18
NOAA-15              60838.95320309 60838.96267085 21
NOAA-15              60839.02223199 60839.03267635 57
NOAA-15              60839.09220285 60839.09972319 10
NOAA-15              60839.36038349 60839.36687637 6
NOAA-15              60839.42680163 60839.43706340 40
NOAA-15              60839.49621059 60839.50630237 30
NOAA-15              60839.93540804 60839.94372550 12
NOAA-15              60840.00405965 60840.01464404 86
NOAA-15              60840.07378451 60840.08247402 16
NOAA-15              60840.34378403 60840.34812413 2
NOAA-15              60840.40910633 60840.41879472 26
NOAA-15              60840.47775137 60840.48827378 50
NOAA-15              60840.54998901 60840.55624895 5
NOAA-15              60840.91790451 60840.92432467 6
NOAA-15              60840.98594847 60840.99641479 52
NOAA-15              60841.05544858 60841.06499549 24
NOAA-15              60841.12624914 60841.13023012 2
NOAA-15              60841.39161139 60841.40046484 16
NOAA-15              60841.45950683 60841.47016615 83
NOAA-15              60841.53054623 60841.53877674 11
NOAA-15              60841.96791127 60841.97797210 31
NOAA-15              60842.03717415 60842.04731245 38
NOAA-15              60842.10744355 60842.11364115 6
NOAA-15              60842.37434130 60842.38205493 10
NOAA-15              60842.44145915 60842.45199584 60
NOAA-15              60842.51153943 60842.52099686 20
NOAA-15              60842.94998219 60842.95928075 19
NOAA-15              60843.01895410 60843.02943587 63
NOAA-15              60843.08887919 60843.09662356 10
NOAA-15              60843.35734843 60843.36351550 5
NOAA-15              60843.42360206 60843.43376983 37
NOAA-15              60843.49287436 60843.50305367 33
NOAA-15              60843.93222194 60843.94026844 11
NOAA-15              60844.00078909 60844.01136787 79
NOAA-15              60844.07047473 60844.07932994 17
NOAA-15              60844.40593924 60844.41548841 24
NOAA-15              60844.47445242 60844.48500726 55
NOAA-15              60844.54644773 60844.55312300 6
NOAA-15              60844.91480032 60844.92074997 5
NOAA-15              60844.98268746 60844.99310080 47
NOAA-15              60845.05214774 60845.06181266 26
NOAA-15              60845.12282377 60845.12727135 3
NOAA-15              60845.38847982 60845.39714348 15
NOAA-15              60845.45624111 60845.46688542 90
NOAA-15              60845.52710570 60845.53557502 13
NOAA-15              60845.96466382 60845.97461557 28
NOAA-15              60846.03388039 60846.04409335 41
NOAA-15              60846.10405196 60846.11058361 6
NOAA-15              60846.37125178 60846.37871256 9
NOAA-15              60846.43822491 60846.44870245 55
NOAA-15              60846.50815736 60846.51775839 22
NOAA-15              60846.94675584 60846.95587255 17
NOAA-15              60847.01566710 60847.02618168 68
NOAA-15              60847.08554799 60847.09350817 11
NOAA-15              60847.35431777 60847.36013566 5
NOAA-15              60847.42039929 60847.43046448 34
NOAA-15              60847.48953597 60847.49979198 36
NOAA-15              60847.92903495 60847.93678824 9
NOAA-15              60847.99750987 60848.00807748 73
NOAA-15              60848.06715637 60848.07617135 18
NOAA-15              60848.40276923 60848.41217015 22
NOAA-18              60833.06198077 60833.06800012 4
NOAA-18              60833.13038974 60833.14123758 44
NOAA-18              60833.20041973 60833.21071794 30
NOAA-18              60833.27143550 60833.27713089 4
NOAA-18              60833.53990957 60833.54908347 17
NOAA-18              60833.60838884 60833.61939343 85
NOAA-18              60833.67996357 60833.68867550 13
NOAA-18              60834.12147692 60834.13211248 35
NOAA-18              60834.19139676 60834.20196715 38
NOAA-18              60834.26219439 60834.26884681 6
NOAA-18              60834.53134097 60834.54000855 14
NOAA-18              60834.59944767 60834.61042193 76
NOAA-18              60834.67055189 60834.67990206 16
NOAA-18              60835.11258874 60835.12292915 27
NOAA-18              60835.18238556 60835.19316924 47
NOAA-18              60835.25303782 60835.26047299 8
NOAA-18              60835.52282854 60835.53091354 11
NOAA-18              60835.59055256 60835.60143696 60
NOAA-18              60835.66122485 60835.67108142 21
NOAA-18              60836.10372795 60836.11368185 22
NOAA-18              60836.17338608 60836.18432497 60
NOAA-18              60836.24391496 60836.25202774 11
NOAA-18              60836.51437745 60836.52179324 8
NOAA-18              60836.58170307 60836.59243923 47
NOAA-18              60836.65197002 60836.66222461 27
NOAA-18              60837.09490152 60837.10436248 17
NOAA-18              60837.16439859 60837.17543426 75
NOAA-18              60837.23481704 60837.24351992 14
NOAA-18              60837.50599655 60837.51263908 6
NOAA-18              60837.57289922 60837.58342897 38
NOAA-18              60837.64277896 60837.65333861 34
NOAA-18              60838.08612015 60838.09495908 13
NOAA-18              60838.15542383 60838.16649666 86
NOAA-18              60838.22573878 60838.23495512 17
NOAA-18              60838.49770081 60838.50343566 4
NOAA-18              60838.56414123 60838.57440637 30
NOAA-18              60838.63364574 60838.64442890 44
NOAA-18              60838.70697167 60838.71278373 4
NOAA-18              60839.07740019 60839.08545323 9
NOAA-18              60839.14646275 60839.15751122 69
NOAA-18              60839.21667682 60839.22633688 21
NOAA-18              60839.48957485 60839.49415198 3
NOAA-18              60839.55543152 60839.56537101 25
NOAA-18              60839.62456606 60839.63549877 56
NOAA-18              60839.69716584 60839.70428558 7
NOAA-18              60840.06877091 60840.07581315 6
NOAA-18              60840.13751693 60840.14847639 54
NOAA-18              60840.20762901 60840.21766801 26
NOAA-18              60840.27883082 60840.28367134 3
NOAA-18              60840.54676851 60840.55632188 20
NOAA-18              60840.61553687 60840.62655097 71
NOAA-18              60840.68754667 60840.69564405 10
NOAA-18              60841.06029429 60841.06597306 4
NOAA-18              60841.12858833 60841.13938986 42
NOAA-18              60841.19859400 60841.20895031 32
NOAA-18              60841.26952903 60841.27547220 5
NOAA-18              60841.53815583 60841.54725746 16
NOAA-18              60841.60655599 60841.61758747 89
NOAA-18              60841.67802317 60841.68691752 13
NOAA-18              60842.11967758 60842.13024845 33
NOAA-18              60842.18957101 60842.20018506 39
NOAA-18              60842.26033347 60842.26716019 7
NOAA-18              60842.52959594 60842.53817580 13
NOAA-18              60842.59762196 60842.60860969 72
NOAA-18              60842.66862866 60842.67812874 17
NOAA-18              60843.11079203 60843.12104756 26
NOAA-18              60843.18055969 60843.19137300 50
NOAA-18              60843.25118286 60843.25876562 9
NOAA-18              60843.52109301 60843.52907301 10
NOAA-18              60843.58873392 60843.59961860 57
NOAA-18              60843.65931554 60843.66929572 22
NOAA-18              60844.10193549 60844.11178127 20
NOAA-18              60844.17156009 60844.18251454 63
NOAA-18              60844.24206349 60844.25030200 11
NOAA-18              60844.51265311 60844.51994358 8
NOAA-18              60844.57989149 60844.59061483 45
NOAA-18              60844.65007248 60844.66042836 28
NOAA-18              60845.09311525 60845.10244055 16
NOAA-18              60845.16257249 60845.17360956 79
NOAA-18              60845.23296760 60845.24177724 14
NOAA-18              60845.50428565 60845.51077795 6
NOAA-18              60845.57109481 60845.58159855 36
NOAA-18              60845.64089172 60845.65153331 36
NOAA-18              60845.71496430 60845.71938135 2
NOAA-18              60846.08434314 60846.09301229 12
NOAA-18              60846.15359789 60846.16465752 82
NOAA-18              60846.22389041 60846.23319643 18
NOAA-18              60846.49605885 60846.50155980 4
NOAA-18              60846.56234569 60846.57256992 29
NOAA-18              60846.63176774 60846.64261520 46
NOAA-18              60846.70491378 60846.71108544 5
NOAA-18              60847.07563761 60847.08347595 9
NOAA-18              60847.14463727 60847.15565733 65
NOAA-18              60847.21482892 60847.22456288 22
NOAA-18              60847.48791042 60847.49224857 2
NOAA-18              60847.55364218 60847.56352815 24
NOAA-18              60847.62269659 60847.63367742 59
NOAA-18              60847.69515587 60847.70254242 7
NOAA-18              60848.06703280 60848.07379453 6
NOAA-19              60833.06613361 60833.07609604 23
NOAA-19              60833.13583340 60833.14660842 55
NOAA-19              60833.20640414 60833.21418582 10
NOAA-19              60833.47658058 60833.48435467 10
NOAA-19              60833.54408355 60833.55493918 53
NOAA-19              60833.61451875 60833.62466668 24
NOAA-19              60834.05745432 60834.06696022 18
NOAA-19              60834.12700076 60834.13788769 69
NOAA-19              60834.19745841 60834.20584715 12
NOAA-19              60834.46832072 60834.47537545 7
NOAA-19              60834.53541994 60834.54609027 42
NOAA-19              60834.60546616 60834.61594659 31
NOAA-19              60835.04881531 60835.05774598 14
NOAA-19              60835.11817999 60835.12912146 86
NOAA-19              60835.18853298 60835.19745145 15
NOAA-19              60835.46013533 60835.46635633 5
NOAA-19              60835.52680081 60835.53722897 34
NOAA-19              60835.59647199 60835.60720111 39
NOAA-19              60835.67020181 60835.67528777 3
NOAA-19              60836.04023112 60836.04843764 10
NOAA-19              60836.10937195 60836.12030893 75
NOAA-19              60836.17962411 60836.18900284 19
NOAA-19              60836.45209746 60836.45727717 3
NOAA-19              60836.51822810 60836.52835511 27
NOAA-19              60836.58753154 60836.59843414 50
NOAA-19              60836.66044618 60836.66703997 6
NOAA-19              60837.03172554 60837.03900895 7
NOAA-19              60837.10057791 60837.11144879 59
NOAA-19              60837.17072937 60837.18050399 23
NOAA-19              60837.24207199 60837.24627045 2
NOAA-19              60837.50970002 60837.51946801 22
NOAA-19              60837.57864139 60837.58964861 64
NOAA-19              60837.65092080 60837.65860487 8
NOAA-19              60838.02334589 60838.02940939 4
NOAA-19              60838.09179999 60838.10253906 46
NOAA-19              60838.16184724 60838.17195704 29
NOAA-19              60838.23291577 60838.23827780 4
NOAA-19              60838.50121964 60838.51056661 18
NOAA-19              60838.56979908 60838.58084669 80
NOAA-19              60838.64154085 60838.65006463 12
NOAA-19              60839.08303814 60839.09357700 36
NOAA-19              60839.15297678 60839.16336337 36
NOAA-19              60839.22381666 60839.23015777 6
NOAA-19              60839.49278934 60839.50164899 15
NOAA-19              60839.56100290 60839.57202995 82
NOAA-19              60839.63223550 60839.64145711 15
NOAA-19              60840.07429966 60840.08455848 28
NOAA-19              60840.14411754 60840.15472390 45
NOAA-19              60840.21480561 60840.22194449 8
NOAA-19              60840.48441206 60840.49271245 12
NOAA-19              60840.55225175 60840.56319955 65
NOAA-19              60840.62304802 60840.63279731 20
NOAA-19              60841.06558703 60841.07547851 22
NOAA-19              60841.13526942 60841.14603909 56
NOAA-19              60841.20583024 60841.21365873 10
NOAA-19              60841.47609269 60841.48375263 9
NOAA-19              60841.54354503 60841.55435622 51
NOAA-19              60841.61393373 60841.62409945 25
NOAA-19              60842.05690687 60842.06632935 17
NOAA-19              60842.12643264 60842.13730903 71
NOAA-19              60842.19688071 60842.20531002 13
NOAA-19              60842.46783839 60842.47476243 7
NOAA-19              60842.53488255 60842.54550038 41
NOAA-19              60842.60488367 60842.61537118 32
NOAA-19              60843.04826896 60843.05710006 13
NOAA-19              60843.11760795 60843.12853335 87
NOAA-19              60843.18795122 60843.19690460 16
NOAA-19              60843.45966112 60843.46572967 5
NOAA-19              60843.52626476 60843.53663211 33
NOAA-19              60843.59589149 60843.60661800 40
NOAA-19              60843.66952002 60843.67476993 3
NOAA-19              60844.03968811 60844.04777392 10
NOAA-19              60844.10879614 60844.11971121 72
NOAA-19              60844.17903812 60844.18844653 19
NOAA-19              60844.45163705 60844.45663146 3
NOAA-19              60844.51769342 60844.52775114 27
NOAA-19              60844.58695264 60844.59784364 51
NOAA-19              60844.65979052 60844.66649150 6
NOAA-19              60845.03119030 60845.03832268 7
NOAA-19              60845.09999870 60845.11084120 57
NOAA-19              60845.17013909 60845.17993838 24
NOAA-19              60845.24145437 60845.24576617 2
NOAA-19              60845.50916708 60845.51885678 22
NOAA-19              60845.57806381 60845.58905098 65
NOAA-19              60845.65027856 60845.65803826 9
NOAA-19              60846.02282839 60846.02869026 4
NOAA-19              60846.09121740 60846.10192125 44
NOAA-19              60846.16125263 60846.17138222 30
NOAA-19              60846.23230257 60846.23775528 4
NOAA-19              60846.50068867 60846.50994783 18
NOAA-19              60846.56922262 60846.58024210 82
NOAA-19              60846.64087559 60846.64948681 12
NOAA-19              60847.08245268 60847.09294835 35
NOAA-19              60847.15237786 60847.16277938 37
NOAA-19              60847.22320321 60847.22962170 6
NOAA-19              60847.49226085 60847.50102223 14
NOAA-19              60847.56042746 60847.57141854 79
NOAA-19              60847.63160723 60847.64086611 16
NOAA-19              60848.07371180 60848.08391879 27
METOA                60833.09758369 60833.10278669 4
METOA                60833.16317167 60833.17302426 43
METOA                60833.23045721 60833.23963626 26
METOA                60833.29915525 60833.30295289 2
METOA                60833.55789937 60833.56302304 5
METOA                60833.62265424 60833.63109945 46
METOA                60833.69053843 60833.69789396 15
METOA                60834.11477953 60834.12227715 10
METOA                60834.18112779 60834.19120800 75
METOA                60834.24866014 60834.25707552 17
METOA                60834.57488971 60834.58149695 10
METOA                60834.64057826 60834.64917548 78
METOA                60834.70938600 60834.71548093 8
METOA                60835.13237181 60835.14120241 18
METOA                60835.19915179 60835.20918678 64
METOA                60835.26694910 60835.27428285 10
METOA                60835.59218058 60835.59979962 18
METOA                60835.65865821 60835.66716741 45
METOA                60835.72887097 60835.73256970 2
METOA                60836.15014809 60836.15979068 30
METOA                60836.21723441 60836.22696951 38
METOA                60836.28541354 60836.29119648 5
METOA                60836.54577944 60836.54952427 2
METOA                60836.60970067 60836.61799892 30
METOA                60836.67694984 60836.68505509 24
METOA                60837.10216577 60837.10831686 5
METOA                60837.16803817 60837.17812297 50
METOA                60837.23537462 60837.24455497 24
METOA                60837.56239172 60837.56820290 7
METOA                60837.62742203 60837.63611778 55
METOA                60837.69550676 60837.70281216 14
METOA                60838.11951971 60838.12757986 12
METOA                60838.18600525 60838.19623730 85
METOA                60838.25358061 60838.26193140 15
METOA                60838.57947529 60838.58659204 12
METOA                60838.64538027 60838.65416550 72
METOA                60838.71443156 60838.72034302 7
METOA                60839.13717076 60839.14638229 20
METOA                60839.20403547 60839.21415191 57
METOA                60839.27187627 60839.27907129 9
METOA                60839.59682307 60839.60484567 21
METOA                60839.66348932 60839.67212243 39
METOA                60840.15497605 60840.16488022 34
METOA                60840.22212164 60840.23187272 34
METOA                60840.29036118 60840.29590365 5
METOA                60840.55004392 60840.55479217 4
METOA                60840.61438517 60840.62300892 35
METOA                60840.68182496 60840.68998432 22
METOA                60841.10680124 60841.11368137 7
METOA                60841.17288174 60841.18313730 58
METOA                60841.24026473 60841.24939651 22
METOA                60841.56687007 60841.57331520 8
METOA                60841.63218644 60841.64110121 63
METOA                60841.70043108 60841.70770028 12
METOA                60842.12426039 60842.13277109 14
METOA                60842.19085797 60842.20118434 84
METOA                60842.25847502 60842.26670910 14
METOA                60842.58402948 60842.59163633 15
METOA                60842.65012992 60842.65911106 63
METOA                60842.71943377 60842.72516415 6
METOA                60843.14195603 60843.15146531 24
METOA                60843.20889325 60843.21903566 50
METOA                60843.27678074 60843.28377889 8
METOA                60843.60142805 60843.60984613 24
METOA                60843.66827951 60843.67704505 35
METOA                60844.09436793 60844.09934436 3
METOA                60844.15978631 60844.16987949 39
METOA                60844.22698291 60844.23669504 31
METOA                60844.29529457 60844.30052167 4
METOA                60844.55439192 60844.55994578 5
METOA                60844.61903001 60844.62797563 42
METOA                60844.68665494 60844.69487406 20
METOA                60845.11146137 60845.11890648 9
METOA                60845.17770259 60845.18806466 67
METOA                60845.24512949 60845.25415671 20
METOA                60845.57133199 60845.57836237 10
METOA                60845.63686649 60845.64603856 72
METOA                60845.70531304 60845.71254686 11
METOA                60846.12899536 60846.13785445 16
METOA                60846.19568599 60846.20604628 74
METOA                60846.26334588 60846.27140387 13
METOA                60846.58855519 60846.59662685 17
METOA                60846.65484377 60846.66402003 56
METOA                60846.72440151 60846.72993701 5
METOA                60847.14672483 60847.15645143 27
METOA                60847.21372583 60847.22383543 45
METOA                60847.28166587 60847.28839953 7
METOA                60847.54214986 60847.54642805 3
METOA                60847.60599968 60847.61479715 29
METOA                60847.67302893 60847.68192457 31
METOA                60848.09887925 60848.10467310 4
METOA                60848.16457314 60848.17478704 45
METOA                60848.23181898 60848.24143319 28
METOA                60848.30022262 60848.30503938 3
METOA                60848.55875056 60848.56500746 7
METOA                60848.62363919 60848.63289446 49
METOA                60848.69144597 60848.69971906 18
METOA                60849.11612998 60849.12400566 10
METOA                60849.18249958 60849.19290325 76
METOB                60832.99220995 60832.99787739 4
METOB                60833.06021209 60833.07076604 44
METOB                60833.12988841 60833.13987507 29
METOB                60833.20065196 60833.20584373 4
METOB                60833.46761615 60833.47635556 15
METOB                60833.53557718 60833.54636583 87
METOB                60833.60659417 60833.61536095 14
METOB                60834.04591217 60834.05608460 29
METOB                60834.11539879 60834.12580097 42
METOB                60834.18580681 60834.19253830 7
METOB                60834.45393215 60834.46174220 10
METOB                60834.52127521 60834.53193946 59
METOB                60834.59157993 60834.60121938 21
METOB                60835.03168227 60835.04124437 20
METOB                60835.10094182 60835.11160690 61
METOB                60835.17112449 60835.17900728 11
METOB                60835.44041785 60835.44705258 6
METOB                60835.50709222 60835.51747937 40
METOB                60835.57675465 60835.58698241 31
METOB                60836.01755067 60836.02621070 13
METOB                60836.08651821 60836.09729337 87
METOB                60836.15651507 60836.16530882 15
METOB                60836.42718483 60836.43222805 3
METOB                60836.49303033 60836.50298611 28
METOB                60836.56208550 60836.57267810 45
METOB                60836.63488761 60836.64074603 4
METOB                60837.00357834 60837.01091572 8
METOB                60837.07213157 60837.08285763 62
METOB                60837.14195573 60837.15146751 22
METOB                60837.47909065 60837.48845737 20
METOB                60837.54755372 60837.55832258 68
METOB                60837.61929870 60837.62698925 9
METOB                60837.98993031 60837.99518269 3
METOB                60838.05778808 60838.06829292 41
METOB                60838.12743560 60838.13749602 31
METOB                60838.19813885 60838.20359590 4
METOB                60838.46528317 60838.47388691 14
METOB                60838.53314842 60838.54392537 82
METOB                60838.60404652 60838.61297092 15
METOB                60839.04349591 60839.05358647 28
METOB                60839.11294961 60839.12340145 44
METOB                60839.18331823 60839.19024774 7
METOB                60839.45162249 60839.45926190 10
METOB                60839.51886390 60839.52949201 56
METOB                60839.58906362 60839.59881021 22
METOB                60840.02927768 60840.03871706 19
METOB                60840.09849619 60840.10918723 65
METOB                60840.16864803 60840.17668662 11
METOB                60840.43813790 60840.44455459 6
METOB                60840.50469830 60840.51502517 38
METOB                60840.57426319 60840.58455964 32
METOB                60841.01516450 60841.02364639 12
METOB                60841.08407663 60841.09485330 85
METOB                60841.15404595 60841.16296323 16
METOB                60841.42495258 60841.42969457 3
METOB                60841.49065417 60841.50052496 27
METOB                60841.55961527 60841.57024499 48
METOB                60841.63222393 60841.63843197 5
METOB                60842.00122605 60842.00829752 7
METOB                60842.06969470 60842.08039634 58
METOB                60842.13949173 60842.14909942 23
METOB                60842.47673342 60842.48598860 19
METOB                60842.54510260 60842.55588089 73
METOB                60842.61670773 60842.62461685 10
METOB                60842.98766656 60842.99245314 3
METOB                60843.05535747 60843.06580867 38
METOB                60843.12497563 60843.13510681 33
METOB                60843.19562315 60843.20133336 5
METOB                60843.46294673 60843.47140896 13
METOB                60843.53071525 60843.54147617 77
METOB                60843.60149692 60843.61057002 16
METOB                60844.04107361 60844.05107685 26
METOB                60844.11049328 60844.12099179 47
METOB                60844.18082410 60844.18794540 8
METOB                60844.44931031 60844.45677164 9
METOB                60844.51644818 60844.52703588 52
METOB                60844.58654409 60844.59639114 23
METOB                60845.02686764 60845.03617727 17
METOB                60845.09604366 60845.10675739 69
METOB                60845.16616509 60845.17435525 12
METOB                60845.43585696 60845.44204493 5
METOB                60845.50229998 60845.51256224 36
METOB                60845.57176786 60845.58212767 35
METOB                60846.01277474 60846.02106769 11
METOB                60846.08162809 60846.09240291 80
METOB                60846.15156994 60846.16060720 17
METOB                60846.42272538 60846.42714348 3
METOB                60846.48827390 60846.49805506 25
METOB                60846.55714081 60846.56780291 52
METOB                60846.62956794 60846.63609742 6
METOB                60846.99887451 60847.00566024 6
METOB                60847.06725111 60847.07792449 54
METOB                60847.13702063 60847.14672116 24
METOB                60847.20804227 60847.21219357 2
METOB                60847.47437231 60847.48351092 18
METOB                60847.54264705 60847.55343042 77
METOB                60847.61411682 60847.62223156 11
METOB                60847.98548700 60847.98967902 2
METOB                60848.05291813 60848.06331367 36
