iss                  60832.42935189 60832.43678653 52
iss                  60832.91817333 60832.92249380 4
iss                  60832.98346818 60832.99097804 59
iss                  60833.39491284 60833.40237526 57
iss                  60833.46328479 60833.46770821 4
iss                  60833.94906580 60833.95650653 50
iss                  60834.01725019 60834.02261719 7
iss                  60834.36060698 60834.36769226 24
iss                  60834.42797013 60834.43423454 12
iss                  60834.91490385 60834.92180280 21
iss                  60834.98204531 60834.98867659 15
iss                  60835.32649168 60835.33269796 11
iss                  60835.39309200 60835.40024945 27
iss                  60835.88101261 60835.88676729 9
iss                  60835.94716469 60835.95447031 32
iss                  60836.29265959 60836.29726121 4
iss                  60836.35845031 60836.36594542 73
iss                  60836.91253147 60836.92005764 82
iss                  60836.98158070 60836.98551173 3
iss                  60837.32398254 60837.33136838 41
iss                  60837.39195149 60837.39714924 6
iss                  60837.87812729 60837.88543651 36
iss                  60837.94594385 60837.95180360 9
iss                  60838.28965036 60838.29650989 18
iss                  60838.35674273 60838.36338686 16
iss                  60838.84398274 60838.85055905 16
iss                  60838.91078159 60838.91768532 19
iss                  60839.25553306 60839.26131000 9
iss                  60839.32187642 60839.32920790 37
iss                  60839.81016663 60839.81527754 6
iss                  60839.87591034 60839.88332973 43
iss                  60840.22179980 60840.22555675 3
iss                  60840.28721943 60840.29473172 80
iss                  60840.35610070 60840.35947194 2
iss                  60840.84127749 60840.84877034 70
iss                  60840.90984419 60840.91458085 5
iss                  60841.25272921 60841.25998260 31
iss                  60841.32034387 60841.32616823 9
iss                  60841.80688029 60841.81399029 27
iss                  60841.87433027 60841.88061487 12
iss                  60842.21837811 60842.22493626 14
iss                  60842.28520088 60842.29215931 21
iss                  60842.77277395 60842.77891770 12
iss                  60842.83920069 60842.84632924 25
iss                  60843.18428247 60843.18950178 6
iss                  60843.25033840 60843.25779208 53
iss                  60843.73910560 60843.74331363 4
iss                  60843.80433866 60843.81182377 61
iss                  60844.21566571 60844.22314070 56
iss                  60844.28397760 60844.28850839 4
iss                  60844.76971142 60844.77711173 48
iss                  60844.83783921 60844.84323334 7
iss                  60845.18113368 60845.18821086 23
iss                  60845.24844519 60845.25478295 13
iss                  60845.73533338 60845.74215936 20
iss                  60845.80240811 60845.80905396 15
iss                  60846.14679926 60846.15295962 11
iss                  60846.21334413 60846.22055124 29
iss                  60846.70124273 60846.70685697 8
iss                  60846.76730507 60846.77460678 33
iss                  60847.11276737 60847.11724220 4
iss                  60847.17848014 60847.18599818 78
iss                  60847.73245418 60847.73994915 87
iss                  60847.80138121 60847.80546556 3
iss                  60848.14379266 60848.15116679 39
iss                  60848.21165610 60848.21703633 7
iss                  60848.69783955 60848.70507594 33
iss                  60848.76554853 60848.77149118 9
iss                  60849.10924539 60849.11604481 17
iss                  60849.17624936 60849.18300147 17
iss                  60849.66349872 60849.66993213 14
iss                  60849.73017771 60849.73712227 20
iss                  60850.07492686 60850.08056344 8
iss                  60850.14117304 60850.14856080 41
iss                  60850.62952328 60850.63434277 5
iss                  60850.69509808 60850.70251620 47
iss                  60851.04105211 60851.04446284 2
iss                  60851.10630419 60851.11382180 71
iss                  60851.17495202 60851.17879030 3
iss                  60851.66026126 60851.66770145 61
iss                  60851.72865908 60851.73360531 5
iss                  60852.07160494 60852.07880339 28
iss                  60852.13908108 60852.14512134 10
iss                  60852.62567024 60852.63265500 24
iss                  60852.69296452 60852.69936490 13
iss                  60853.03705213 60853.04347333 13
iss                  60853.10375103 60853.11082750 24
iss                  60853.59134599 60853.59728881 10
iss                  60853.65764008 60853.66481962 27
iss                  60854.00278405 60854.00772078 5
iss                  60854.06868849 60854.07618567 62
iss                  60854.55765575 60854.56128738 3
iss                  60854.62258318 60854.63005422 72
iss                  60854.69184402 60854.69528266 2
iss                  60855.03381387 60855.04125759 47
iss                  60855.10189345 60855.10685517 5
iss                  60855.58776648 60855.59507469 40
iss                  60855.65568499 60855.66131763 8
iss                  60855.99908272 60856.00604092 20
AO-07                60832.43576419 60832.44976724 28
AO-07                60832.86936180 60832.88392753 36
AO-07                60832.94761686 60832.96180958 33
AO-07                60833.31766887 60833.32919060 13
AO-07                60833.39340458 60833.40886738 80
AO-07                60833.47477430 60833.48422923 7
AO-07                60833.82974784 60833.84016852 9
AO-07                60833.90560582 60833.92100202 89
AO-07                60833.98559043 60833.99627800 11
AO-07                60834.35241820 60834.36697767 38
AO-07                60834.43063821 60834.44498318 32
AO-07                60834.86455293 60834.87884660 32
AO-07                60834.94257784 60834.95704903 37
AO-07                60835.31315978 60835.32398922 11
AO-07                60835.38847280 60835.40394072 89
AO-07                60835.46933411 60835.47977089 9
AO-07                60835.82528946 60835.83473109 7
AO-07                60835.90067790 60835.91606996 81
AO-07                60835.98038410 60835.99177203 13
AO-07                60836.34765137 60836.36194047 33
AO-07                60836.42555737 60836.44017638 36
AO-07                60836.85976692 60836.87374067 28
AO-07                60836.93755372 60836.95226457 42
AO-07                60837.30870913 60837.31874472 9
AO-07                60837.38356015 60837.39900067 81
AO-07                60837.46397382 60837.47523313 12
AO-07                60837.82093724 60837.82918391 5
AO-07                60837.89576391 60837.91111912 72
AO-07                60837.97521325 60837.98721645 16
AO-07                60838.34291656 60838.35688759 29
AO-07                60838.42050021 60838.43534888 42
AO-07                60838.85500636 60838.86860746 24
AO-07                60838.93254376 60838.94745769 48
AO-07                60839.30439287 60839.31344542 7
AO-07                60839.37866990 60839.39404752 72
AO-07                60839.45867506 60839.47063415 14
AO-07                60839.81675715 60839.82346375 3
AO-07                60839.89086442 60839.90614934 63
AO-07                60839.97007176 60839.98261820 18
AO-07                60840.33820931 60840.35181778 25
AO-07                60840.41546529 60840.43050237 47
AO-07                60840.85027441 60840.86344377 21
AO-07                60840.92754746 60840.94262925 55
AO-07                60841.00928679 60841.01542110 3
AO-07                60841.30011429 60841.30806563 5
AO-07                60841.37379620 60841.38908142 64
AO-07                60841.45342606 60841.46598634 17
AO-07                60841.88598038 60841.90116027 56
AO-07                60841.96495527 60841.97798247 21
AO-07                60842.33353210 60842.34672923 22
AO-07                60842.41045154 60842.42563857 54
AO-07                60842.84557581 60842.85824582 18
AO-07                60842.92256446 60842.93778024 62
AO-07                60843.00373028 60843.01133328 5
AO-07                60843.29597664 60843.30256381 3
AO-07                60843.36894263 60843.38410236 56
AO-07                60843.44821877 60843.46129800 20
AO-07                60843.88111081 60843.89615138 49
AO-07                60843.95986058 60843.97331326 24
AO-07                60844.32888770 60844.34161988 19
AO-07                60844.40545812 60844.42075855 61
AO-07                60844.48838694 60844.49463900 3
AO-07                60844.84091601 60844.85300820 15
AO-07                60844.91759461 60844.93291132 70
AO-07                60844.99831876 60845.00708508 6
AO-07                60845.36410962 60845.37911017 50
AO-07                60845.44304738 60845.45657531 23
AO-07                60845.87625933 60845.89112192 43
AO-07                60845.95478528 60845.96861346 28
AO-07                60846.32427999 60846.33648675 16
AO-07                60846.40048444 60846.41586329 70
AO-07                60846.48260327 60846.49052088 5
AO-07                60846.83630313 60846.84772362 12
AO-07                60846.91263777 60846.92802300 79
AO-07                60846.99299636 60847.00273156 8
AO-07                60847.35929832 60847.37410470 44
AO-07                60847.43790763 60847.45182273 27
AO-07                60847.87142641 60847.88607105 38
AO-07                60847.94972757 60847.96388581 32
AO-07                60848.31971358 60848.33132592 14
AO-07                60848.39553013 60848.41095357 78
AO-07                60848.47702065 60848.48620478 7
AO-07                60848.83174726 60848.84238142 10
AO-07                60848.90769443 60848.92311563 88
AO-07                60848.98773614 60848.99830034 10
AO-07                60849.35450958 60849.36908535 38
AO-07                60849.43279626 60849.44704404 31
AO-07                60849.86661367 60849.88099700 33
AO-07                60849.94468607 60849.95913230 36
AO-07                60850.31519470 60850.32613183 11
AO-07                60850.39059496 60850.40603001 88
AO-07                60850.47155990 60850.48176763 9
AO-07                60850.82727003 60850.83696529 8
AO-07                60850.90276436 60850.91818941 83
AO-07                60850.98252269 60850.99380722 13
AO-07                60851.34973823 60851.36405149 34
AO-07                60851.42771077 60851.44224207 35
AO-07                60851.86182334 60851.87589849 29
AO-07                60851.93965971 60851.95435452 41
LO-19                60832.45432610 60832.46191055 10
LO-19                60832.90163807 60832.91191961 62
LO-19                60832.97186345 60832.97879864 8
LO-19                60833.36189448 60833.37115889 21
LO-19                60833.43044637 60833.44004890 26
LO-19                60833.87919964 60833.88869546 25
LO-19                60833.94807144 60833.95727847 22
LO-19                60834.34038332 60834.34739489 8
LO-19                60834.40723531 60834.41760129 64
LO-19                60834.85735870 60834.86480140 9
LO-19                60834.92486284 60834.93504133 52
LO-19                60835.38450850 60835.39476423 52
LO-19                60835.45473329 60835.46230076 10
LO-19                60835.90203012 60835.91230321 62
LO-19                60835.97225833 60835.97917920 8
LO-19                60836.36228079 60836.37155147 21
LO-19                60836.43083349 60836.44044051 26
LO-19                60836.87959004 60836.88907795 25
LO-19                60836.94846303 60836.95765972 21
LO-19                60837.34076771 60837.34778703 8
LO-19                60837.40762120 60837.41799165 64
LO-19                60837.85774781 60837.86518238 9
LO-19                60837.92525226 60837.93542206 52
LO-19                60838.38489319 60838.39515337 52
LO-19                60838.45511846 60838.46268939 10
LO-19                60838.90241772 60838.91268309 62
LO-19                60838.97264840 60838.97955644 8
LO-19                60839.36266422 60839.37193946 21
LO-19                60839.43121747 60839.44082779 26
LO-19                60839.87997600 60839.88945673 25
LO-19                60839.94884999 60839.95803747 21
LO-19                60840.34114955 60840.34817421 8
LO-19                60840.40800400 60840.41837759 64
LO-19                60840.85813250 60840.86555964 9
LO-19                60840.92563712 60840.93579924 52
LO-19                60841.38527487 60841.39553798 52
LO-19                60841.45550049 60841.46307364 10
LO-19                60841.90280078 60841.91305940 62
LO-19                60841.97303353 60841.97993050 8
LO-19                60842.36304476 60842.37232276 21
LO-19                60842.43159832 60842.44121064 26
LO-19                60842.88035746 60842.88983192 25
LO-19                60842.94923223 60842.95841184 21
LO-19                60843.34152883 60843.34855637 8
LO-19                60843.40838372 60843.41875903 64
LO-19                60843.85851269 60843.86593332 9
LO-19                60843.92601736 60843.93617298 52
LO-19                60844.38565353 60844.39591799 52
LO-19                60844.45587941 60844.46345342 10
LO-19                60844.90317927 60844.91343223 62
LO-19                60844.97341365 60844.98030152 8
LO-19                60845.36342241 60845.37270132 21
LO-19                60845.43197602 60845.44158900 26
LO-19                60845.88073437 60845.89020363 25
LO-19                60845.94960971 60845.95878295 21
LO-19                60846.34190554 60846.34893344 8
LO-19                60846.40876033 60846.41913592 64
LO-19                60846.85888834 60846.86630353 9
LO-19                60846.92639292 60846.93654338 52
LO-19                60847.38602914 60847.39629336 52
LO-19                60847.45625517 60847.46382867 10
LO-19                60847.90355314 60847.91380169 62
LO-19                60847.97378869 60847.98066964 8
LO-19                60848.36379713 60848.37307510 21
LO-19                60848.43235056 60848.44196282 26
LO-19                60848.88110670 60848.89057196 25
LO-19                60848.94998238 60848.95915089 21
LO-19                60849.34227963 60849.34930538 8
LO-19                60849.40913381 60849.41950821 64
LO-19                60849.85925940 60849.86667039 9
LO-19                60849.92676378 60849.93691054 52
LO-19                60850.38640167 60850.39666404 52
LO-19                60850.45662775 60850.46419936 10
LO-19                60850.90392238 60850.91416788 62
LO-19                60850.97415859 60850.98103495 8
LO-19                60851.36416887 60851.37344405 21
LO-19                60851.43272188 60851.44233207 26
LO-19                60851.88147443 60851.89093699 25
LO-19                60851.95035023 60851.95951577 21
LO-19                60852.34265102 60852.34967218 8
LO-19                60852.40950410 60852.41987588 64
LO-19                60852.85962587 60852.86703399 9
LO-19                60852.92712995 60852.93727454 52
LO-19                60853.38677105 60853.39703003 52
LO-19                60853.45699709 60853.46456546 10
LO-19                60853.90428698 60853.91453085 62
LO-19                60853.97452336 60853.98139757 8
LO-19                60854.36453755 60854.37380818 21
LO-19                60854.43308993 60854.44269672 26
LO-19                60854.88183758 60854.89129880 25
LO-19                60854.95071345 60854.95987764 21
LO-19                60855.34301965 60855.35003386 8
LO-19                60855.40987113 60855.42023891 64
LO-19                60855.85998775 60855.86739440 9
LO-19                60855.92749142 60855.93763544 52
LO-19                60856.38713720 60856.39739131 52
LO-19                60856.45736309 60856.46492698 10
LO-19                60856.90464698 60856.91489067 62
LO-19                60856.97488298 60856.98175756 8
FO-29                60832.52883830 60832.53925794 11
FO-29                60832.59974297 60832.61428457 87
FO-29                60832.67436400 60832.68433657 10
FO-29                60833.01834074 60833.02371834 4
FO-29                60833.08816793 60833.09891406 82
FO-29                60833.16455546 60833.16865591 2
FO-29                60833.56189242 60833.57558977 34
FO-29                60833.63469032 60833.64826660 34
FO-29                60834.05049183 60834.06017088 22
FO-29                60834.12329322 60834.13302633 23
FO-29                60834.52540376 60834.53534167 9
FO-29                60834.59607518 60834.61063090 87
FO-29                60834.67051012 60834.68095298 12
FO-29                60835.01500641 60835.01973644 3
FO-29                60835.08440330 60835.09523234 78
FO-29                60835.16026974 60835.16545771 3
FO-29                60835.55830765 60835.57183429 31
FO-29                60835.63096394 60835.64470171 37
FO-29                60836.04683203 60836.05641540 20
FO-29                60836.11941958 60836.12943391 26
FO-29                60836.52201197 60836.53138665 8
FO-29                60836.59242079 60836.60696137 81
FO-29                60836.66668298 60836.67753739 13
FO-29                60837.08063991 60837.09155364 71
FO-29                60837.15608781 60837.16216053 5
FO-29                60837.55473954 60837.56806040 29
FO-29                60837.62725184 60837.64111870 40
FO-29                60838.04317712 60838.05266198 18
FO-29                60838.11555229 60838.12584015 30
FO-29                60838.51866509 60838.52738545 7
FO-29                60838.58877965 60838.60327577 75
FO-29                60838.66287948 60838.67409250 14
FO-29                60839.07687946 60839.08787792 64
FO-29                60839.15196946 60839.15880467 6
FO-29                60839.55118859 60839.56426729 26
FO-29                60839.62355341 60839.63751784 44
FO-29                60840.03952821 60840.04891021 17
FO-29                60840.11169142 60840.12224549 34
FO-29                60840.51537397 60840.52332677 5
FO-29                60840.58515156 60840.59957410 69
FO-29                60840.65909712 60840.67062043 16
FO-29                60841.07312270 60841.08420502 57
FO-29                60841.14789594 60841.15540952 8
FO-29                60841.54765534 60841.56045384 24
FO-29                60841.61986805 60841.63389941 47
FO-29                60842.03588653 60842.04515950 15
FO-29                60842.10783713 60842.11865028 38
FO-29                60842.51215561 60842.51919215 4
FO-29                60842.58153640 60842.59585604 64
FO-29                60842.65533380 60842.66712292 17
FO-29                60843.06937028 60843.08053472 52
FO-29                60843.14383043 60843.15198831 10
FO-29                60843.54414045 60843.55661926 22
FO-29                60843.61619513 60843.63026368 51
FO-29                60843.69257357 60843.69802996 2
FO-29                60844.03225322 60844.04140890 14
FO-29                60844.10398967 60844.11505468 43
FO-29                60844.50904710 60844.51494687 3
FO-29                60844.57793370 60844.59212139 59
FO-29                60844.65158774 60844.66360145 19
FO-29                60845.06562311 60845.07686669 47
FO-29                60845.13981790 60845.14854313 12
FO-29                60845.54064467 60845.55276213 19
FO-29                60845.61253403 60845.62661102 55
FO-29                60845.68852953 60845.69486877 3
FO-29                60846.02863011 60846.03765794 13
FO-29                60846.10014937 60846.11145873 48
FO-29                60846.57434353 60846.58837034 54
FO-29                60846.64785735 60846.66005731 21
FO-29                60847.06188197 60847.07320049 43
FO-29                60847.13582911 60847.14508097 14
FO-29                60847.53716939 60847.54888103 17
FO-29                60847.60888403 60847.62294164 59
FO-29                60847.68456658 60847.69161832 4
FO-29                60848.02501217 60848.03390522 12
FO-29                60848.09631659 60848.10786238 54
FO-29                60848.57076353 60848.58460260 49
FO-29                60848.64414116 60848.65649165 22
FO-29                60849.05814778 60849.06953561 39
FO-29                60849.13186104 60849.14160536 16
FO-29                60849.53371573 60849.54497406 15
FO-29                60849.60524478 60849.61925589 63
FO-29                60849.68065972 60849.68830245 5
FO-29                60850.02141386 60850.03014949 11
FO-29                60850.09249180 60850.10426543 60
FO-29                60850.56719667 60850.58081810 45
FO-29                60850.64043784 60850.65290552 24
FO-29                60851.05442140 60851.06587145 36
FO-29                60851.12791163 60851.13811811 19
FO-29                60851.53028600 60851.54103874 13
FO-29                60851.60161516 60851.61555425 68
FO-29                60851.67679481 60851.68493478 6
FO-29                60852.01783095 60852.02638918 10
FO-29                60852.08867545 60852.10066762 66
FO-29                60852.56364140 60852.57701671 40
FO-29                60852.63674612 60852.64929992 26
FO-29                60853.05070378 60853.06220731 33
FO-29                60853.12397941 60853.13462095 21
FO-29                60853.52688241 60853.53707219 12
SO-50                60832.51292447 60832.52061312 15
SO-50                60832.58169998 60832.59033142 26
SO-50                60832.94537054 60832.95157096 6
SO-50                60833.01319468 60833.02291811 73
SO-50                60833.52528003 60833.53422184 42
SO-50                60833.59570313 60833.60267764 9
SO-50                60833.95743196 60833.96599982 18
SO-50                60834.02653234 60834.03559737 26
SO-50                60834.47110756 60834.47622598 4
SO-50                60834.53819973 60834.54736067 64
SO-50                60834.97005547 60834.97963591 46
SO-50                60835.04043130 60835.04761921 9
SO-50                60835.48262910 60835.49057698 17
SO-50                60835.55163320 60835.56011283 22
SO-50                60835.91501838 60835.92168121 7
SO-50                60835.98305369 60835.99273947 63
SO-50                60836.49506666 60836.50409725 49
SO-50                60836.56574545 60836.57235961 8
SO-50                60836.92718100 60836.93595387 21
SO-50                60836.99644444 60837.00533346 23
SO-50                60837.44061908 60837.44633308 6
SO-50                60837.50804817 60837.51717240 54
SO-50                60837.93985315 60837.94949854 53
SO-50                60838.01045173 60838.01721704 8
SO-50                60838.45232300 60838.46049860 20
SO-50                60838.52155132 60838.52985865 20
SO-50                60838.88467380 60838.89173528 9
SO-50                60838.95289419 60838.96252420 54
SO-50                60839.46483684 60839.47393708 57
SO-50                60839.53578471 60839.54199426 7
SO-50                60839.89691238 60839.90586675 23
SO-50                60839.96634009 60839.97503020 20
SO-50                60840.41015241 60840.41636821 7
SO-50                60840.47787919 60840.48695004 46
SO-50                60840.90963098 60840.91932397 62
SO-50                60840.98054020 60840.98675669 6
SO-50                60841.42200500 60841.43037977 23
SO-50                60841.49145467 60841.49956844 17
SO-50                60841.85431130 60841.86173235 10
SO-50                60841.92271391 60841.93227236 47
SO-50                60842.43459006 60842.44374185 67
SO-50                60842.50582529 60842.51157693 5
SO-50                60842.86662665 60842.87573923 26
SO-50                60842.93622008 60842.94468714 18
SO-50                60843.37969519 60843.38634224 9
SO-50                60843.44769277 60843.45669368 40
SO-50                60843.81244937 60843.81662190 2
SO-50                60843.87938874 60843.88911261 71
SO-50                60843.95057768 60843.95623280 5
SO-50                60844.39167368 60844.40022191 26
SO-50                60844.46134393 60844.46924160 15
SO-50                60844.82393968 60844.83167949 12
SO-50                60844.89251413 60844.90198394 41
SO-50                60845.40432594 60845.41351201 78
SO-50                60845.47587377 60845.48110065 4
SO-50                60845.83632246 60845.84557241 30
SO-50                60845.90608543 60845.91430327 15
SO-50                60846.34924026 60846.35626216 10
SO-50                60846.41748903 60846.42640335 35
SO-50                60846.78186079 60846.78678686 3
SO-50                60846.84912615 60846.85886480 82
SO-50                60846.92063762 60846.92563189 4
SO-50                60847.36132789 60847.37002614 30
SO-50                60847.43121991 60847.43887730 13
SO-50                60847.79355626 60847.80157971 14
SO-50                60847.86229513 60847.87165888 36
SO-50                60848.37404412 60848.38324792 87
SO-50                60848.44603499 60848.45055272 3
SO-50                60848.80599902 60848.81536710 34
SO-50                60848.87593718 60848.88387743 13
SO-50                60849.31878249 60849.32613282 12
SO-50                60849.38726780 60849.39607884 30
SO-50                60849.75130973 60849.75685353 5
SO-50                60849.81884313 60849.82858082 86
SO-50                60849.89074365 60849.89493018 2
SO-50                60850.33096669 60850.33979343 35
SO-50                60850.40108364 60850.40847481 11
SO-50                60850.76315902 60850.77143519 15
SO-50                60850.83205697 60850.84129705 31
SO-50                60851.27709270 60851.28137378 3
SO-50                60851.34374438 60851.35294989 77
SO-50                60851.77565624 60851.78512397 39
SO-50                60851.84577703 60851.85340823 12
SO-50                60852.28831829 60852.29595746 14
SO-50                60852.35702949 60852.36572045 27
SO-50                60852.72077525 60852.72684322 6
SO-50                60852.78853980 60852.79826091 76
SO-50                60853.30058928 60853.30952483 40
SO-50                60853.37093644 60853.37803244 10
SO-50                60853.73274640 60853.74124772 17
SO-50                60853.80180033 60853.81089824 27
SO-50                60854.24644143 60854.25139686 4
SO-50                60854.31342741 60854.32261817 67
SO-50                60854.74529346 60854.75484361 44
SO-50                60854.81560687 60854.82289337 10
SO-50                60855.25784484 60855.26573909 16
SO-50                60855.32677405 60855.33532779 23
SO-50                60855.69024581 60855.69676774 7
SO-50                60855.75821595 60855.76790523 66
HO-68                60832.68753249 60832.69315537 3
HO-68                60832.75846425 60832.77203626 65
HO-68                60832.83431303 60832.84492442 14
HO-68                60833.18633138 60833.19565169 10
HO-68                60833.25846737 60833.27203418 84
HO-68                60833.33610376 60833.34413173 6
HO-68                60833.74679793 60833.76009160 46
HO-68                60833.82207169 60833.83380511 21
HO-68                60834.17576791 60834.18297548 5
HO-68                60834.24671825 60834.26021989 71
HO-68                60834.32325907 60834.33329582 12
HO-68                60834.73523121 60834.74802691 32
HO-68                60834.80995593 60834.82250393 30
HO-68                60835.23508167 60835.24832822 51
HO-68                60835.31075001 60835.32213415 18
HO-68                60835.72378617 60835.73582329 23
HO-68                60835.79793805 60835.81105614 42
HO-68                60836.22356243 60836.23635636 36
HO-68                60836.29845226 60836.31077327 27
HO-68                60836.71250293 60836.72344413 15
HO-68                60836.78600427 60836.79948218 59
HO-68                60836.86390664 60836.86957402 3
HO-68                60837.21217732 60837.22429528 25
HO-68                60837.28631160 60837.29927083 38
HO-68                60837.70145954 60837.71081464 9
HO-68                60837.77414842 60837.78779395 82
HO-68                60837.85094581 60837.85933660 7
HO-68                60838.20094638 60838.21212549 18
HO-68                60838.27430039 60838.28765784 54
HO-68                60838.69085172 60838.69773946 4
HO-68                60838.76237070 60838.77599679 73
HO-68                60838.83843370 60838.84857679 12
HO-68                60839.18992944 60839.19980827 12
HO-68                60839.26240448 60839.27595267 75
HO-68                60839.34052117 60839.34760508 5
HO-68                60839.75067459 60839.76409038 52
HO-68                60839.82613899 60839.83753190 19
HO-68                60840.17921620 60840.18725622 7
HO-68                60840.25061774 60840.26416543 79
HO-68                60840.32749750 60840.33694442 10
HO-68                60840.73907222 60840.75206816 37
HO-68                60840.81398468 60840.82628748 27
HO-68                60841.16917192 60841.17418408 2
HO-68                60841.23894236 60841.25230051 57
HO-68                60841.31489372 60841.32587410 16
HO-68                60841.72758241 60841.73991473 26
HO-68                60841.80193564 60841.81488663 38
HO-68                60842.22738061 60842.24035714 40
HO-68                60842.30253157 60842.31457298 23
HO-68                60842.71623788 60842.72760116 18
HO-68                60842.78997414 60842.80335370 53
HO-68                60843.21594677 60843.22832835 29
HO-68                60843.29034093 60843.30311462 34
HO-68                60843.70509949 60843.71506984 11
HO-68                60843.77809225 60843.79170330 74
HO-68                60843.85520214 60843.86281987 6
HO-68                60844.20465639 60844.21619917 20
HO-68                60844.27828725 60844.29153724 48
HO-68                60844.69430348 60844.70218637 6
HO-68                60844.76628766 60844.77994280 81
HO-68                60844.84257979 60844.85219512 11
HO-68                60845.19356071 60845.20393920 14
HO-68                60845.26635244 60845.27986236 67
HO-68                60845.34506517 60845.35096129 3
HO-68                60845.75456398 60845.76807382 58
HO-68                60845.83022326 60845.84123396 16
HO-68                60846.18272601 60846.19148398 8
HO-68                60846.25452844 60846.26810267 88
HO-68                60846.33177963 60846.34054949 8
HO-68                60846.74292708 60846.75609207 41
HO-68                60846.81802642 60846.83005112 24
HO-68                60847.17240339 60847.17865842 4
HO-68                60847.24281495 60847.25626439 64
HO-68                60847.31906300 60847.32958864 14
HO-68                60847.73139606 60847.74398558 29
HO-68                60847.80594418 60847.81869981 34
HO-68                60848.23121228 60848.24434855 45
HO-68                60848.30662888 60848.31835546 21
HO-68                60848.71999701 60848.73173105 20
HO-68                60848.79395426 60848.80720971 47
HO-68                60849.21973240 60849.23235048 32
HO-68                60849.29438448 60849.30694565 30
HO-68                60849.70877853 60849.71928332 13
HO-68                60849.78204583 60849.79559796 66
HO-68                60849.85952526 60849.86622664 4
HO-68                60850.20839360 60850.22025848 23
HO-68                60850.28228640 60850.29540609 42
HO-68                60850.69784089 60850.70654489 8
HO-68                60850.77021476 60850.78387426 89
HO-68                60850.84675648 60850.85577349 9
HO-68                60851.19722055 60851.20804854 16
HO-68                60851.27031207 60851.28376291 60
HO-68                60851.68747882 60851.69321850 3
HO-68                60851.75846285 60851.77204217 65
HO-68                60851.83432667 60851.84490857 14
HO-68                60852.18628355 60852.19567199 10
HO-68                60852.25845046 60852.27203145 83
HO-68                60852.33611855 60852.34409816 6
HO-68                60852.74679476 60852.76009950 46
AO-73                60832.77211173 60832.78059068 39
AO-73                60832.83895759 60832.84500339 8
AO-73                60833.27693666 60833.28521973 88
AO-73                60833.77099161 60833.77944619 37
AO-73                60833.83775253 60833.84396010 8
AO-73                60834.27579721 60834.28407286 84
AO-73                60834.76985636 60834.77828260 35
AO-73                60834.83653355 60834.84289662 9
AO-73                60835.27464168 60835.28290812 78
AO-73                60835.76870608 60835.77709981 33
AO-73                60835.83530049 60835.84181301 10
AO-73                60836.27347015 60836.28172548 73
AO-73                60836.76754087 60836.77589769 31
AO-73                60836.83405330 60836.84070934 10
AO-73                60837.27228269 60837.28052491 68
AO-73                60837.76636085 60837.77467612 29
AO-73                60837.83279161 60837.83958570 11
AO-73                60838.27107938 60838.27930635 63
AO-73                60838.33937898 60838.34280360 2
AO-73                60838.76516612 60838.77343496 28
AO-73                60838.83151571 60838.83844215 12
AO-73                60839.26986029 60839.27806976 59
AO-73                60839.33796864 60839.34174359 3
AO-73                60839.76395680 60839.77217408 26
AO-73                60839.83022535 60839.83727875 13
AO-73                60840.26862552 60840.27681511 54
AO-73                60840.33655742 60840.34065036 3
AO-73                60840.76273303 60840.77089332 25
AO-73                60840.82892045 60840.83609555 13
AO-73                60841.26737515 60841.27554233 51
AO-73                60841.33514195 60841.33952724 4
AO-73                60841.76149493 60841.76959254 23
AO-73                60841.82760096 60841.83489256 14
AO-73                60842.26610957 60842.27425137 47
AO-73                60842.33371993 60842.33837666 4
AO-73                60842.76024265 60842.76827156 22
AO-73                60842.82626682 60842.83366981 15
AO-73                60843.26482831 60843.27294217 44
AO-73                60843.33228971 60843.33720028 5
AO-73                60843.75897636 60843.76693021 21
AO-73                60843.82491800 60843.83242712 16
AO-73                60844.26353175 60844.27161467 40
AO-73                60844.33085005 60844.33599917 5
AO-73                60844.75769626 60844.76556828 19
AO-73                60844.82355444 60844.83116488 17
AO-73                60845.26222002 60845.27026878 38
AO-73                60845.32940026 60845.33477457 6
AO-73                60845.75640248 60845.76418556 18
AO-73                60845.82218180 60845.82988995 18
AO-73                60846.26089324 60846.26890443 35
AO-73                60846.32793933 60846.33352698 7
AO-73                60846.75509526 60846.76278183 17
AO-73                60846.82078872 60846.82858820 20
AO-73                60847.25955152 60847.26752154 33
AO-73                60847.32647153 60847.33226449 7
AO-73                60847.75377497 60847.76135695 16
AO-73                60847.81938083 60847.82726673 21
AO-73                60848.25819501 60848.26612001 30
AO-73                60848.32498715 60848.33097258 8
AO-73                60848.75244147 60848.75991038 15
AO-73                60848.81795809 60848.82592553 22
AO-73                60849.25682386 60849.26469974 28
AO-73                60849.32349040 60849.32965935 9
AO-73                60849.75109534 60849.75844195 14
AO-73                60849.81652049 60849.82456459 24
AO-73                60850.25543821 60850.26326062 27
AO-73                60850.32198098 60850.32832489 10
AO-73                60850.74973697 60850.75695129 13
AO-73                60850.81506801 60850.82318391 25
AO-73                60851.25403823 60851.26180253 25
AO-73                60851.32045865 60851.32696956 11
AO-73                60851.74836665 60851.75543805 12
AO-73                60851.81360065 60851.82178345 27
AO-73                60852.25262410 60852.26032533 23
AO-73                60852.31892318 60852.32559359 12
AO-73                60852.74698475 60852.75390174 11
AO-73                60852.81211840 60852.82036322 29
AO-73                60853.25119601 60853.25882882 22
AO-73                60853.31737447 60853.32419717 13
AO-73                60853.74559196 60853.75234183 10
AO-73                60853.81057801 60853.81891982 31
AO-73                60854.24975417 60854.25731295 20
AO-73                60854.31581242 60854.32278047 14
AO-73                60854.74418867 60854.75075770 9
AO-73                60854.80906581 60854.81746003 33
AO-73                60855.24829902 60855.25577767 19
AO-73                60855.31423682 60855.32134363 15
AO-73                60855.74277562 60855.74914862 8
AO-73                60855.80753873 60855.81598040 36
AO-73                60856.24683036 60856.25422242 18
AO-73                60856.31264761 60856.31988675 16
AO-73                60856.74135371 60856.74751369 8
AO-73                60856.80599677 60856.81448090 39
AO-73                60857.24534870 60857.25264716 16
AO-73                60857.31104475 60857.31840992 17
AO-73                60857.73992398 60857.74585190 7
AO-73                60857.80443993 60857.81296149 42
AO-73                60858.24385427 60858.25105165 15
AO-73                60858.30942814 60858.31691304 19
TITA                 60832.55952546 60832.56755284 57
TITA                 60832.62724814 60832.63084906 2
TITA                 60833.05109963 60833.05883304 21
TITA                 60833.11678029 60833.12382750 14
TITA                 60833.55296534 60833.56084372 39
TITA                 60833.61987904 60833.62489230 5
TITA                 60834.04465977 60834.05194976 15
TITA                 60834.10992398 60834.11746179 19
TITA                 60834.54644538 60834.55408214 27
TITA                 60834.61272791 60834.61868735 9
TITA                 60835.03828102 60835.04497641 11
TITA                 60835.10310420 60835.11101160 27
TITA                 60835.53997111 60835.54726358 19
TITA                 60835.60569517 60835.61234662 13
TITA                 60836.03198946 60836.03788690 7
TITA                 60836.09627588 60836.10448963 37
TITA                 60836.53355182 60836.54037979 14
TITA                 60836.59874166 60836.60590957 18
TITA                 60837.02584058 60837.03062484 4
TITA                 60837.08951946 60837.09790766 53
TITA                 60837.52720189 60837.53341689 10
TITA                 60837.59184785 60837.59939620 25
TITA                 60838.08279068 60838.09126541 78
TITA                 60838.52094930 60838.52634830 6
TITA                 60838.58496105 60838.59281567 35
TITA                 60839.07608680 60839.08456415 73
TITA                 60839.14362872 60839.14730679 2
TITA                 60839.51485438 60839.51911379 3
TITA                 60839.57815746 60839.58618069 52
TITA                 60840.06941220 60840.07780351 50
TITA                 60840.13626325 60840.14135621 5
TITA                 60840.57139226 60840.57949247 79
TITA                 60841.06276813 60841.07098145 35
TITA                 60841.12909831 60841.13516468 8
TITA                 60841.56466449 60841.57275312 70
TITA                 60842.05615928 60842.06409382 25
TITA                 60842.12203720 60842.12883023 12
TITA                 60842.55797446 60842.56596300 46
TITA                 60842.62522965 60842.62968722 4
TITA                 60843.04959316 60843.05713361 18
TITA                 60843.11504874 60843.12239825 17
TITA                 60843.55132468 60843.55912073 32
TITA                 60843.61787645 60843.62347558 7
TITA                 60844.04308206 60844.05008868 13
TITA                 60844.10810349 60844.11587367 23
TITA                 60844.54471892 60844.55222278 23
TITA                 60844.61068005 60844.61708971 11
TITA                 60845.03664708 60845.04293856 9
TITA                 60845.10115393 60845.10927220 32
TITA                 60845.53816503 60845.54526305 16
TITA                 60845.60357998 60845.61059048 16
TITA                 60846.03032880 60846.03564213 5
TITA                 60846.09427887 60846.10260723 45
TITA                 60846.53167471 60846.53823021 12
TITA                 60846.59654910 60846.60400557 22
TITA                 60847.02423137 60847.02809288 2
TITA                 60847.08743329 60847.09587941 66
TITA                 60847.52526909 60847.53110424 8
TITA                 60847.58953146 60847.59734750 31
TITA                 60848.08061406 60848.08909074 84
TITA                 60848.51899044 60848.52384409 5
TITA                 60848.58260043 60848.59063128 45
TITA                 60849.07382446 60849.08224147 57
TITA                 60849.14090226 60849.14551186 4
TITA                 60849.57571105 60849.58385925 68
TITA                 60850.06706546 60850.07533011 39
TITA                 60850.13356808 60850.13929022 7
TITA                 60850.56885999 60850.57703440 80
TITA                 60851.06034122 60851.06835312 28
TITA                 60851.12636554 60851.13289688 11
TITA                 60851.56204812 60851.57015782 54
TITA                 60851.62955108 60851.63362747 3
TITA                 60852.05365850 60852.06130411 20
TITA                 60852.11924792 60852.12639249 15
TITA                 60852.55527694 60852.56322880 36
TITA                 60852.62201152 60852.62739524 6
TITA                 60853.04702840 60853.05417263 14
TITA                 60853.11218045 60853.11978769 21
TITA                 60853.54854948 60853.55624462 26
TITA                 60853.61467045 60853.62095919 10
TITA                 60854.04046989 60854.04693996 10
TITA                 60854.10515553 60854.11310418 29
TITA                 60854.54187236 60854.54920005 18
TITA                 60854.60743596 60854.61438750 14
TITA                 60855.03401830 60855.03957068 6
TITA                 60855.09812269 60855.10634725 40
TITA                 60855.53525631 60855.54208549 13
TITA                 60855.60027845 60855.60772242 20
TITA                 60856.02775752 60856.03197922 3
TITA                 60856.09116375 60856.09952805 59
TITA                 60856.52871851 60856.53488446 9
TITA                 60856.59318019 60856.60098242 29
TITA                 60857.08423472 60857.09264601 85
TITA                 60857.52229310 60857.52756425 6
TITA                 60857.58608943 60857.59417501 42
TITA                 60858.07733231 60858.08570184 63
TITA                 60858.14459191 60858.14875209 3
TITA                 60858.51606014 60858.52004457 3
TITA                 60858.57908365 60858.58731270 62
NOAA-15              60832.44347694 60832.45390164 66
NOAA-15              60832.51459396 60832.52132026 7
NOAA-15              60832.89676389 60832.90202725 3
NOAA-15              60832.96339171 60832.97401155 88
NOAA-15              60833.03466757 60833.04035586 4
NOAA-15              60833.42565647 60833.43559244 32
NOAA-15              60833.49532533 60833.50424034 17
NOAA-15              60833.94540905 60833.95578331 44
NOAA-15              60834.01540292 60834.02373239 13
NOAA-15              60834.40820531 60834.41702047 16
NOAA-15              60834.47663136 60834.48665034 34
NOAA-15              60834.92769123 60834.93723718 22
NOAA-15              60834.99671246 60835.00644004 26
NOAA-15              60835.39128079 60835.39803147 7
NOAA-15              60835.45828687 60835.46875950 69
NOAA-15              60835.91036617 60835.91825379 10
NOAA-15              60835.97831598 60835.98875617 51
NOAA-15              60836.44023740 60836.45063420 58
NOAA-15              60836.51108406 60836.51830819 8
NOAA-15              60836.89395256 60836.89831601 2
NOAA-15              60836.96014869 60836.97076451 79
NOAA-15              60837.03115309 60837.03744747 6
NOAA-15              60837.42248807 60837.43228199 29
NOAA-15              60837.49193678 60837.50110774 19
NOAA-15              60837.94220572 60837.95248189 39
NOAA-15              60838.01202225 60838.02066148 15
NOAA-15              60838.40510791 60838.41365234 14
NOAA-15              60838.47330987 60838.48345450 38
NOAA-15              60838.92454142 60838.93386940 19
NOAA-15              60838.99339085 60839.00328715 29
NOAA-15              60839.38831513 60839.39454878 6
NOAA-15              60839.45501631 60839.46551821 79
NOAA-15              60839.90731224 60839.91477879 9
NOAA-15              60839.97503508 60839.98554332 58
NOAA-15              60840.43701527 60840.44735210 51
NOAA-15              60840.50759391 60840.51525930 10
NOAA-15              60840.95690476 60840.96749822 70
NOAA-15              60841.02766848 60841.03448674 7
NOAA-15              60841.41932081 60841.42895540 26
NOAA-15              60841.48855216 60841.49795450 21
NOAA-15              60841.93900275 60841.94915989 34
NOAA-15              60842.00864678 60842.01756359 17
NOAA-15              60842.40201787 60842.41026303 13
NOAA-15              60842.46998794 60842.48024243 43
NOAA-15              60842.92139679 60842.93047674 17
NOAA-15              60842.99006935 60843.00011289 33
NOAA-15              60843.38537377 60843.39101997 4
NOAA-15              60843.45174453 60843.46226195 88
NOAA-15              60843.52384306 60843.52879693 3
NOAA-15              60843.90427969 60843.91126283 7
NOAA-15              60843.97175298 60843.98231072 66
NOAA-15              60844.43379243 60844.44405507 45
NOAA-15              60844.50408739 60844.51218072 11
NOAA-15              60844.95365792 60844.96421245 62
NOAA-15              60845.02417264 60845.03148506 8
NOAA-15              60845.41615554 60845.42561206 23
NOAA-15              60845.48517045 60845.49478176 24
NOAA-15              60845.93580087 60845.94581668 30
NOAA-15              60846.00527504 60846.01444031 19
NOAA-15              60846.39893636 60846.40685061 11
NOAA-15              60846.46666576 60846.47701453 49
NOAA-15              60846.91825876 60846.92705739 15
NOAA-15              60846.98674773 60846.99691768 37
NOAA-15              60847.38248798 60847.38743012 3
NOAA-15              60847.44847196 60847.45899089 82
NOAA-15              60847.52016456 60847.52590170 4
NOAA-15              60847.90127561 60847.90769825 6
NOAA-15              60847.96846950 60847.97905864 75
NOAA-15              60848.04032453 60848.04470317 2
NOAA-15              60848.43056961 60848.44074292 40
NOAA-15              60848.50062299 60848.50907114 13
NOAA-15              60848.95041181 60848.96090702 54
NOAA-15              60849.02072293 60849.02844297 10
NOAA-15              60849.41299335 60849.42225121 20
NOAA-15              60849.48179114 60849.49159025 27
NOAA-15              60849.93260048 60849.94245163 27
NOAA-15              60850.00190576 60850.01129250 21
NOAA-15              60850.39586711 60850.40341262 9
NOAA-15              60850.46334340 60850.47377077 56
NOAA-15              60850.91512911 60850.92360964 13
NOAA-15              60850.98342513 60850.99370183 41
NOAA-15              60851.37974992 60851.38374918 2
NOAA-15              60851.44519928 60851.45570489 72
NOAA-15              60851.51654172 60851.52293392 6
NOAA-15              60851.89831186 60851.90407290 4
NOAA-15              60851.96518465 60851.97578711 84
NOAA-15              60852.03667493 60852.04186950 4
NOAA-15              60852.42734750 60852.43741506 35
NOAA-15              60852.49716821 60852.50593560 15
NOAA-15              60852.94716500 60852.95758142 48
NOAA-15              60853.01728409 60853.02536708 12
NOAA-15              60853.40983547 60853.41887167 18
NOAA-15              60853.47841387 60853.48838053 31
NOAA-15              60853.92940254 60853.93906401 24
NOAA-15              60853.99853787 60854.00812132 24
NOAA-15              60854.39281354 60854.39994557 8
NOAA-15              60854.46002098 60854.47051125 64
NOAA-15              60854.91201015 60854.92013097 11
NOAA-15              60854.98010135 60854.99046577 47
NOAA-18              60832.57657644 60832.58700770 35
NOAA-18              60832.64690972 60832.65623457 17
NOAA-18              60833.10122574 60833.11195881 55
NOAA-18              60833.17213865 60833.18012653 11
NOAA-18              60833.56789130 60833.57787568 25
NOAA-18              60833.63761790 60833.64758585 24
NOAA-18              60834.09238912 60834.10288054 39
NOAA-18              60834.16279391 60834.17171545 15
NOAA-18              60834.55929987 60834.56867367 18
NOAA-18              60834.62842336 60834.63884965 34
NOAA-18              60835.08361867 60835.09372326 28
NOAA-18              60835.15355056 60835.16317394 22
NOAA-18              60835.55082263 60835.55938382 13
NOAA-18              60835.61931141 60835.63004187 47
NOAA-18              60836.07492693 60836.08447515 20
NOAA-18              60836.14438421 60836.15452908 30
NOAA-18              60836.54249650 60836.54997235 8
NOAA-18              60836.61027377 60836.62117220 66
NOAA-18              60837.06633540 60837.07511591 14
NOAA-18              60837.13528152 60837.14579666 42
NOAA-18              60837.53439179 60837.54036295 5
NOAA-18              60837.60130617 60837.61224637 88
NOAA-18              60837.67381112 60837.67960682 4
NOAA-18              60838.05788301 60838.06560764 9
NOAA-18              60838.12623547 60838.13698647 59
NOAA-18              60838.59240820 60838.60326714 64
NOAA-18              60838.66400088 60838.67145205 8
NOAA-18              60839.04965288 60839.05586679 5
NOAA-18              60839.11724244 60839.12810382 82
NOAA-18              60839.18939550 60839.19472315 4
NOAA-18              60839.58358007 60839.59423463 45
NOAA-18              60839.65442069 60839.66304320 13
NOAA-18              60840.10830228 60840.11915118 72
NOAA-18              60840.17967146 60840.18672217 7
NOAA-18              60840.57482705 60840.58514623 33
NOAA-18              60840.64503025 60840.65447884 18
NOAA-18              60841.09941433 60841.11012815 51
NOAA-18              60841.17021156 60841.17844501 12
NOAA-18              60841.56615773 60841.57599589 24
NOAA-18              60841.63575667 60841.64580649 26
NOAA-18              60842.09058737 60842.10103128 36
NOAA-18              60842.16088830 60842.17000009 17
NOAA-18              60842.55758590 60842.56677236 17
NOAA-18              60842.62657678 60842.63705049 36
NOAA-18              60843.08182832 60843.09185341 26
NOAA-18              60843.15165967 60843.16143183 23
NOAA-18              60843.54913477 60843.55745495 12
NOAA-18              60843.61747744 60843.62822529 50
NOAA-18              60844.07315183 60844.08258145 18
NOAA-18              60844.14250447 60844.15276455 32
NOAA-18              60844.54084759 60844.54800385 7
NOAA-18              60844.60845132 60844.61933957 71
NOAA-18              60845.06458169 60845.07319243 13
NOAA-18              60845.13341111 60845.14401213 45
NOAA-18              60845.53281389 60845.53832260 4
NOAA-18              60845.59949494 60845.61039841 83
NOAA-18              60845.67178571 60845.67795607 5
NOAA-18              60846.05616229 60846.06364271 8
NOAA-18              60846.12437312 60846.13518327 63
NOAA-18              60846.59060846 60846.60140400 59
NOAA-18              60846.66200979 60846.66973374 9
NOAA-18              60847.04799495 60847.05383071 4
NOAA-18              60847.11538780 60847.12628280 88
NOAA-18              60847.18734486 60847.19313979 4
NOAA-18              60847.58179238 60847.59235594 42
NOAA-18              60847.65249301 60847.66128181 14
NOAA-18              60848.10645583 60848.11731248 67
NOAA-18              60848.17768630 60848.18505856 8
NOAA-18              60848.57305317 60848.58325079 30
NOAA-18              60848.64312569 60848.65268877 20
NOAA-18              60849.09757646 60849.10827132 47
NOAA-18              60849.16825931 60849.17673559 13
NOAA-18              60849.56440027 60849.57408164 22
NOAA-18              60849.63386942 60849.64399382 28
NOAA-18              60850.08875985 60850.09915516 34
NOAA-18              60850.15895654 60850.16825781 18
NOAA-18              60850.55584939 60850.56483544 16
NOAA-18              60850.62470360 60850.63521868 38
NOAA-18              60851.08001351 60851.08995578 24
NOAA-18              60851.14974240 60851.15966338 25
NOAA-18              60851.54742652 60851.55548868 11
NOAA-18              60851.61561645 60851.62637655 54
NOAA-18              60852.07135379 60852.08065861 17
NOAA-18              60852.14059843 60852.15097358 35
NOAA-18              60852.53917491 60852.54599328 7
NOAA-18              60852.60660169 60852.61747512 77
NOAA-18              60852.67985360 60852.68413436 2
NOAA-18              60853.06280739 60853.07123760 12
NOAA-18              60853.13151447 60853.14220104 48
NOAA-18              60853.53123630 60853.53622411 3
NOAA-18              60853.59765645 60853.60851886 77
NOAA-18              60853.66974483 60853.67626077 6
NOAA-18              60854.05442570 60854.06164207 7
NOAA-18              60854.12248502 60854.13335338 68
NOAA-18              60854.58878131 60854.59950939 55
NOAA-18              60854.66002389 60854.66797656 10
NOAA-18              60855.04633389 60855.05174565 4
NOAA-18              60855.11350820 60855.12443470 86
NOAA-18              60855.18528466 60855.19151364 5
NOAA-19              60832.51293746 60832.52173011 15
NOAA-19              60832.58167889 60832.59219928 41
NOAA-19              60833.03710747 60833.04703296 23
NOAA-19              60833.10673800 60833.11685729 27
NOAA-19              60833.50469640 60833.51253388 10
NOAA-19              60833.57276849 60833.58351198 57
NOAA-19              60834.02862780 60834.03788652 16
NOAA-19              60834.09777726 60834.10831044 37
NOAA-19              60834.49663402 60834.50318033 6
NOAA-19              60834.56392759 60834.57476768 81
NOAA-19              60834.63696436 60834.64162343 3
NOAA-19              60835.02026384 60835.02861408 11
NOAA-19              60835.08887301 60835.09968513 52
NOAA-19              60835.48891344 60835.49352270 3
NOAA-19              60835.55515419 60835.56597026 74
NOAA-19              60835.62711612 60835.63382050 6
NOAA-19              60836.01207026 60836.01916158 7
NOAA-19              60836.08002077 60836.09098764 72
NOAA-19              60836.15251258 60836.15717097 3
NOAA-19              60836.54644885 60836.55712097 52
NOAA-19              60836.61759952 60836.62566292 10
NOAA-19              60837.00418527 60837.00938953 3
NOAA-19              60837.07121932 60837.08222142 82
NOAA-19              60837.14283083 60837.14946231 6
NOAA-19              60837.53781368 60837.54821849 37
NOAA-19              60837.60830196 60837.61731668 16
NOAA-19              60838.06246798 60838.07338717 59
NOAA-19              60838.13347263 60838.14141427 10
NOAA-19              60838.52925577 60838.53925865 27
NOAA-19              60838.59913556 60838.60884748 22
NOAA-19              60839.05377247 60839.06448294 42
NOAA-19              60839.12427086 60839.13317761 15
NOAA-19              60839.52078578 60839.53023313 20
NOAA-19              60839.59006995 60839.60028635 30
NOAA-19              60840.04513879 60840.05550361 31
NOAA-19              60840.11517243 60840.12480803 21
NOAA-19              60840.51242117 60840.52112701 14
NOAA-19              60840.58108834 60840.59165145 42
NOAA-19              60841.03657728 60841.04643968 22
NOAA-19              60841.10615160 60841.11633398 28
NOAA-19              60841.50419238 60841.51191279 9
NOAA-19              60841.57218118 60841.58295339 60
NOAA-19              60842.02810608 60842.03727476 16
NOAA-19              60842.09719432 60842.10777219 39
NOAA-19              60842.49615211 60842.50253213 6
NOAA-19              60842.56334316 60842.57419906 84
NOAA-19              60842.63621708 60842.64120669 3
NOAA-19              60843.01975536 60843.02797906 11
NOAA-19              60843.08829282 60843.09913255 54
NOAA-19              60843.48855698 60843.49281519 2
NOAA-19              60843.55457322 60843.56539189 71
NOAA-19              60843.62642807 60843.63333648 7
NOAA-19              60844.01158532 60844.01849308 6
NOAA-19              60844.07944305 60844.09042138 75
NOAA-19              60844.15180612 60844.15675926 3
NOAA-19              60844.54587042 60844.55653282 50
NOAA-19              60844.61693508 60844.62514696 11
NOAA-19              60845.00375570 60845.00865482 3
NOAA-19              60845.07064410 60845.08164164 79
NOAA-19              60845.14217250 60845.14898811 7
NOAA-19              60845.53723899 60845.54762026 36
NOAA-19              60845.60765100 60845.61677974 16
NOAA-19              60846.06189544 60846.07279372 57
NOAA-19              60846.13283414 60846.14090716 11
NOAA-19              60846.52868586 60846.53864961 26
NOAA-19              60846.59849327 60846.60829418 23
NOAA-19              60847.05320339 60847.06387529 41
NOAA-19              60847.12364316 60847.13264684 15
NOAA-19              60847.52022227 60847.52961203 19
NOAA-19              60847.58943377 60847.59971950 32
NOAA-19              60848.04457431 60848.05488073 29
NOAA-19              60848.11455141 60848.12425811 21
NOAA-19              60848.51186671 60848.52049157 13
NOAA-19              60848.58045680 60848.59107276 44
NOAA-19              60849.03601944 60849.04579990 21
NOAA-19              60849.10553509 60849.11576730 29
NOAA-19              60849.50365178 60849.51125864 9
NOAA-19              60849.57155348 60849.58236390 63
NOAA-19              60850.02755755 60850.03661494 15
NOAA-19              60850.09658112 60850.10719016 40
NOAA-19              60850.49563585 60850.50184913 5
NOAA-19              60850.56271896 60850.57359928 87
NOAA-19              60850.63543316 60850.64075498 4
NOAA-19              60851.01922198 60851.02729397 10
NOAA-19              60851.08768228 60851.09853612 56
NOAA-19              60851.55395246 60851.56478207 68
NOAA-19              60851.62569896 60851.63282194 7
NOAA-19              60852.01107949 60852.01777012 6
NOAA-19              60852.07883497 60852.08981097 78
NOAA-19              60852.15107970 60852.15629428 3
NOAA-19              60852.54525344 60852.55591292 48
NOAA-19              60852.61622960 60852.62460067 12
NOAA-19              60853.00331983 60853.00785009 2
NOAA-19              60853.07003858 60853.08101736 76
NOAA-19              60853.14148665 60853.14846769 7
NOAA-19              60853.53662644 60853.54698992 35
NOAA-19              60853.60695968 60853.61621203 17
NOAA-19              60854.06129270 60854.07215533 55
NOAA-19              60854.13216611 60854.14035544 11
METOA                60832.56733461 60832.57252030 4
METOA                60832.63139724 60832.64171028 83
METOA                60832.70079886 60832.70655486 5
METOA                60833.13616238 60833.14432310 50
METOA                60833.20486091 60833.20925263 4
METOA                60833.58379714 60833.59171368 12
METOA                60833.64948681 60833.65961028 47
METOA                60834.15412897 60834.16231012 59
METOA                60834.60096513 60834.61030913 24
METOA                60834.66788364 60834.67725030 23
METOA                60835.10593747 60835.11233382 10
METOA                60835.17239749 60835.17996385 23
METOA                60835.61852786 60835.62859714 48
METOA                60835.68672741 60835.69451221 11
METOA                60836.12330867 60836.13098987 25
METOA                60836.19095757 60836.19718069 10
METOA                60836.57186872 60836.57783789 5
METOA                60836.63639530 60836.64664991 81
METOA                60836.70638303 60836.71095492 3
METOA                60837.14104900 60837.14922291 64
METOA                60837.58854927 60837.59681396 14
METOA                60837.65454974 60837.66447229 39
METOA                60838.09378807 60838.09819238 4
METOA                60838.15906138 60838.16712084 46
METOA                60838.60581676 60838.61530602 28
METOA                60838.67302947 60838.68201503 19
METOA                60839.11061610 60839.11740602 13
METOA                60839.17738351 60839.18467349 19
METOA                60839.62344913 60839.63351641 58
METOA                60839.69201571 60839.69911725 8
METOA                60840.12807757 60840.13593482 30
METOA                60840.19604426 60840.20173707 7
METOA                60840.57645830 60840.58299289 7
METOA                60840.64137788 60840.65149637 67
METOA                60841.14587110 60841.15407481 82
METOA                60841.59330119 60841.60180622 16
METOA                60841.65959938 60841.66923813 32
METOA                60842.09821476 60842.10344482 5
METOA                60842.16392860 60842.17188392 36
METOA                60842.61065491 60842.62020688 33
METOA                60842.67817196 60842.68667255 16
METOA                60843.11524703 60843.12241767 16
METOA                60843.18230733 60843.18933148 15
METOA                60843.62835200 60843.63834341 68
METOA                60843.69734231 60843.70357267 6
METOA                60844.13278677 60844.14083104 38
METOA                60844.20108818 60844.20622142 6
METOA                60844.58107051 60844.58801523 8
METOA                60844.64634126 60844.65625054 55
METOA                60845.15063167 60845.15888123 78
METOA                60845.59804258 60845.60669765 19
METOA                60845.66463359 60845.67390687 26
METOA                60846.10264480 60846.10858859 8
METOA                60846.16873214 60846.17660143 30
METOA                60846.61547286 60846.62501533 38
METOA                60846.68334841 60846.69121502 12
METOA                60847.11982983 60847.12737309 20
METOA                60847.18717106 60847.19393952 13
METOA                60847.56943193 60847.57362964 2
METOA                60847.63323094 60847.64308047 78
METOA                60847.70274363 60847.70783849 4
METOA                60848.13743813 60848.14568025 49
METOA                60848.20609928 60848.21062770 4
METOA                60848.58568511 60848.59292278 10
METOA                60848.65128142 60848.66091343 45
METOA                60849.09057945 60849.09413721 2
METOA                60849.15532883 60849.16364326 62
METOA                60849.60276492 60849.61149465 22
METOA                60849.66968743 60849.67847537 21
METOA                60850.10706045 60850.11364533 10
METOA                60850.17351387 60850.18127728 25
METOA                60850.62026459 60850.62973537 45
METOA                60850.68849285 60850.69563955 9
METOA                60851.12436552 60851.13227419 25
METOA                60851.19197346 60851.19849028 11
METOA                60851.57380506 60851.57866486 4
METOA                60851.63808119 60851.64773047 77
METOA                60852.14203455 60852.15048273 62
METOA                60852.21109487 60852.21494175 3
METOA                60852.59028735 60852.59772832 12
METOA                60852.65623858 60852.66549070 37
METOA                60853.09464901 60853.09947996 4
METOA                60853.15996877 60853.16836060 50
METOA                60853.60745974 60853.61620341 25
METOA                60853.67468375 60853.68294773 17
METOA                60854.11145383 60854.11862617 14
METOA                60854.17819845 60854.18590469 21
METOA                60854.62502336 60854.63437144 53
METOA                60854.69365164 60854.69993047 7
METOA                60855.12885633 60855.13712176 31
METOA                60855.19672903 60855.20299641 9
METOA                60855.57821086 60855.58355173 5
METOA                60855.64289708 60855.65229690 65
METOA                60856.14657978 60856.15523746 76
METOA                60856.59486531 60856.60244213 13
METOA                60856.66111864 60856.66997690 30
METOA                60857.09881033 60857.10463247 6
METOA                60857.16455560 60857.17303169 41
METOA                60857.61211950 60857.62083012 28
METOB                60832.50933876 60832.51960676 37
METOB                60832.57949488 60832.58832928 15
METOB                60833.03113698 60833.04173509 54
METOB                60833.10169199 60833.10954691 10
METOB                60833.49539902 60833.50493475 22
METOB                60833.56456670 60833.57444527 26
METOB                60834.01698146 60834.02711742 31
METOB                60834.08673587 60834.09597348 19
METOB                60834.48171960 60834.49006247 13
METOB                60834.54988153 60834.56034618 45
METOB                60835.00301821 60835.01227692 18
METOB                60835.07200684 60835.08210483 32
METOB                60835.46844779 60835.47485738 6
METOB                60835.53539273 60835.54608436 80
METOB                60835.60814421 60835.61251313 2
METOB                60835.98934042 60835.99712487 10
METOB                60836.05744106 60836.06801538 55
METOB                60836.52108527 60836.53168118 60
METOB                60836.59220795 60836.59960123 8
METOB                60836.97623778 60836.98137155 3
METOB                60837.04301589 60837.05373668 86
METOB                60837.11446296 60837.12044197 5
METOB                60837.50696302 60837.51713856 34
METOB                60837.57695464 60837.58599216 16
METOB                60838.02872800 60838.03927751 49
METOB                60838.09914726 60838.10726601 11
METOB                60838.49305419 60838.50243790 20
METOB                60838.56206850 60838.57206745 29
METOB                60839.01459796 60839.02462626 29
METOB                60839.08423297 60839.09363644 20
METOB                60839.47942395 60839.48752444 11
METOB                60839.54741500 60839.55793884 49
METOB                60840.00067021 60840.00974295 17
METOB                60840.06953108 60840.07972803 34
METOB                60840.46623605 60840.47223740 5
METOB                60840.53295357 60840.54365254 86
METOB                60840.60536341 60840.61040289 3
METOB                60840.98705247 60840.99452406 8
METOB                60841.05498702 60841.06560573 60
METOB                60841.51867323 60841.52922636 55
METOB                60841.58960397 60841.59731377 10
METOB                60841.97411988 60841.97859250 2
METOB                60842.04058223 60842.05129692 79
METOB                60842.11184129 60842.11823840 6
METOB                60842.50458064 60842.51465924 32
METOB                60842.57441428 60842.58364102 18
METOB                60843.02631585 60843.03680724 45
METOB                60843.09660370 60843.10496722 13
METOB                60843.49070865 60843.49992862 19
METOB                60843.55956800 60843.56967772 31
METOB                60844.01221251 60844.02212128 26
METOB                60844.08172791 60844.09128500 22
METOB                60844.47713174 60844.48497050 10
METOB                60844.54494517 60844.55552077 54
METOB                60844.99832283 60845.00719287 15
METOB                60845.06705192 60845.07733817 37
METOB                60845.46405076 60845.46958642 4
METOB                60845.53051114 60845.54121015 87
METOB                60845.60262512 60845.60823549 4
METOB                60845.98477295 60845.99189936 7
METOB                60846.05252925 60846.06318366 65
METOB                60846.51625811 60846.52676089 50
METOB                60846.58697418 60846.59500894 11
METOB                60847.03814501 60847.04884474 73
METOB                60847.10923080 60847.11600658 7
METOB                60847.50219620 60847.51216863 29
METOB                60847.57187345 60847.58127590 20
METOB                60848.02390064 60848.03432385 41
METOB                60848.09406051 60848.10265119 14
METOB                60848.48836291 60848.49740632 17
METOB                60848.55706514 60848.56727625 34
METOB                60849.00982558 60849.01960216 24
METOB                60849.07922039 60849.08891940 24
METOB                60849.47484403 60849.48239928 9
METOB                60849.54247230 60849.55309161 59
METOB                60849.99597679 60850.00462557 14
METOB                60850.06456948 60850.07493546 41
METOB                60850.46189111 60850.46689708 3
METOB                60850.52806574 60850.53875712 80
METOB                60850.59991504 60850.60602529 5
METOB                60850.98250418 60850.98924798 6
METOB                60851.05006767 60851.06074912 72
METOB                60851.12232540 60851.12647276 2
METOB                60851.51384026 60851.52428440 46
METOB                60851.58437861 60851.59268337 12
METOB                60852.03570416 60852.04638006 67
METOB                60852.10659682 60852.11375217 8
METOB                60852.49981002 60852.50966649 27
METOB                60852.56933187 60852.57889736 22
METOB                60853.02148270 60853.03182757 38
METOB                60853.09151698 60853.10031861 15
METOB                60853.48601760 60853.49487091 16
METOB                60853.55455988 60853.56486306 37
METOB                60854.00743700 60854.01706855 22
METOB                60854.07671013 60854.08653989 26
METOB                60854.47256233 60854.47980954 8
METOB                60854.53999647 60854.55065159 65
METOB                60854.99363289 60855.00204028 12
METOB                60855.06208323 60855.07251986 45
