iss                  60833.37762741 60833.38408071 14
iss                  60833.44379541 60833.45134194 50
iss                  60833.51080526 60833.51846451 86
iss                  60833.57794577 60833.58556065 67
iss                  60833.64510837 60833.65208689 21
iss                  60833.71327352 60833.71663022 2
iss                  60834.34371275 60834.34940456 9
iss                  60834.40943646 60834.41684797 36
iss                  60834.47630773 60834.48396397 88
iss                  60834.54345045 60834.55109598 81
iss                  60834.61057515 60834.61785926 29
iss                  60834.67819061 60834.68325395 6
iss                  60835.31004821 60835.31452287 4
iss                  60835.37513591 60835.38231610 26
iss                  60835.44180660 60835.44944749 76
iss                  60835.50892894 60835.51658560 89
iss                  60835.57604704 60835.58351862 41
iss                  60835.64339756 60835.64944804 10
iss                  60836.34092022 60836.34772812 18
iss                  60836.40731581 60836.41491448 60
iss                  60836.47438235 60836.48204207 85
iss                  60836.54150930 60836.54908683 56
iss                  60836.60871870 60836.61540420 16
iss                  60837.30682140 60837.31305566 12
iss                  60837.37285162 60837.38036035 45
iss                  60837.43981575 60837.44747491 87
iss                  60837.50695232 60837.51458259 72
iss                  60837.57409170 60837.58119082 23
iss                  60837.64201296 60837.64607314 3
iss                  60838.27289910 60838.27824595 7
iss                  60838.33843260 60838.34577649 32
iss                  60838.40523795 60838.41289008 84
iss                  60838.47237063 60838.48002251 85
iss                  60838.53948425 60838.54684511 33
iss                  60838.60698514 60838.61243650 7
iss                  60839.23929652 60839.24316730 3
iss                  60839.30408032 60839.31114942 23
iss                  60839.37066110 60839.37828961 71
iss                  60839.43776270 60839.44542102 87
iss                  60839.50487650 60839.51239353 46
iss                  60839.57216261 60839.57846298 12
iss                  60840.26982428 60840.27645778 16
iss                  60840.33610017 60840.34367155 55
iss                  60840.40313099 60840.41078989 85
iss                  60840.47025547 60840.47785688 61
iss                  60840.53742826 60840.54427918 18
iss                  60841.23570239 60841.24166675 10
iss                  60841.30157237 60841.30902990 40
iss                  60841.36848193 60841.37613762 89
iss                  60841.43561294 60841.44325329 77
iss                  60841.50273312 60841.50993956 26
iss                  60841.57046504 60841.57510466 5
iss                  60842.20179251 60842.20670645 6
iss                  60842.26709745 60842.27435436 29
iss                  60842.33382567 60842.34146889 80
iss                  60842.40094473 60842.40859889 89
iss                  60842.46804992 60842.47547666 37
iss                  60842.53545335 60842.54125006 9
iss                  60843.23270013 60843.23962905 20
iss                  60843.29917557 60843.30678437 65
iss                  60843.36625069 60843.37390741 86
iss                  60843.43336142 60843.44091502 51
iss                  60843.50059203 60843.50711741 14
iss                  60844.19841018 60844.20482845 14
iss                  60844.26454757 60844.27208064 49
iss                  60844.33153472 60844.33918970 86
iss                  60844.39865631 60844.40627456 67
iss                  60844.46579826 60844.47279660 21
iss                  60844.53391281 60844.53737046 2
iss                  60845.16427831 60845.16990848 8
iss                  60845.22995999 60845.23735018 36
iss                  60845.29680472 60845.30445304 87
iss                  60845.36392775 60845.37157287 82
iss                  60845.43103272 60845.43833208 30
iss                  60845.49861221 60845.50374391 6
iss                  60846.13041262 60846.13476981 4
iss                  60846.19543384 60846.20258079 25
iss                  60846.26207216 60846.26970071 75
iss                  60846.32917298 60846.33682546 89
iss                  60846.39627221 60846.40375335 42
iss                  60846.46359282 60846.46969598 11
iss                  60847.16099702 60847.16775307 17
iss                  60847.22735162 60847.23493191 59
iss                  60847.29439333 60847.30204527 85
iss                  60847.36150179 60847.36908289 57
iss                  60847.42868541 60847.43541072 17
iss                  60848.12668387 60848.13283637 11
iss                  60848.19266009 60848.20014162 44
iss                  60848.25959424 60848.26724203 88
iss                  60848.32671177 60848.33433995 73
iss                  60848.39382863 60848.40095569 24
iss                  60848.46168046 60848.46590150 4
iss                  60849.09256034 60849.09777195 7
iss                  60849.15801708 60849.16532055 31
iss                  60849.22478512 60849.23242164 83
iss                  60849.29189678 60849.29954164 86
iss                  60849.35899041 60849.36636815 34
iss                  60849.42644525 60849.43200034 8
iss                  60850.05879638 60850.06240407 3
AO-07                60832.76345243 60832.77773551 28
AO-07                60832.84827044 60832.85406655 2
AO-07                60833.18088959 60833.19384479 18
AO-07                60833.25900713 60833.27445972 71
AO-07                60833.33748171 60833.35196697 38
AO-07                60833.41555289 60833.42737467 15
AO-07                60833.49217158 60833.50253082 10
AO-07                60833.56716779 60833.57948112 18
AO-07                60833.64282952 60833.65768131 46
AO-07                60833.72076980 60833.73615605 58
AO-07                60833.80208170 60833.81408963 13
AO-07                60834.14023797 60834.14873212 5
AO-07                60834.21737433 60834.23208926 35
AO-07                60834.29577273 60834.31109011 69
AO-07                60834.37415599 60834.38748234 24
AO-07                60834.45170281 60834.46244542 11
AO-07                60834.52739405 60834.53834121 12
AO-07                60834.60239730 60834.61603114 27
AO-07                60834.67900708 60834.69444917 77
AO-07                60834.75832264 60834.77281108 31
AO-07                60834.84249844 60834.84953314 3
AO-07                60835.17600568 60835.18859991 16
AO-07                60835.25405803 60835.26947714 65
AO-07                60835.33253414 60835.34715299 41
AO-07                60835.41065830 60835.42265779 16
AO-07                60835.48740597 60835.49774747 10
AO-07                60835.56245068 60835.57457506 17
AO-07                60835.63800373 60835.65272994 43
AO-07                60835.71576986 60835.73120769 63
AO-07                60835.79679796 60835.80922132 15
AO-07                60836.13556321 60836.14313093 4
AO-07                60836.21244528 60836.22698946 32
AO-07                60836.29081922 60836.30619248 74
AO-07                60836.36922460 60836.38272787 26
AO-07                60836.44686169 60836.45772056 12
AO-07                60836.52267511 60836.53349213 12
AO-07                60836.59764193 60836.61109608 25
AO-07                60836.67410607 60836.68949415 72
AO-07                60836.75321609 60836.76788234 34
AO-07                60836.83685378 60836.84489421 4
AO-07                60837.17113237 60837.18332905 14
AO-07                60837.24911032 60837.26448202 60
AO-07                60837.32758515 60837.34232962 44
AO-07                60837.40575783 60837.41793894 17
AO-07                60837.48263139 60837.49297339 10
AO-07                60837.55773622 60837.56967468 16
AO-07                60837.63318753 60837.64777998 40
AO-07                60837.71078295 60837.72625793 68
AO-07                60837.79154169 60837.80434151 17
AO-07                60838.13101988 60838.13742465 3
AO-07                60838.20751829 60838.22187304 30
AO-07                60838.28586572 60838.30128404 79
AO-07                60838.36429013 60838.37796635 27
AO-07                60838.44201184 60838.45299982 12
AO-07                60838.51795190 60838.52865191 11
AO-07                60838.59289347 60838.60616403 24
AO-07                60838.66921608 60838.68453926 67
AO-07                60838.74812607 60838.76295005 37
AO-07                60838.83128074 60838.84019108 6
AO-07                60839.16627188 60839.17802977 13
AO-07                60839.24416424 60839.25947404 55
AO-07                60839.32263493 60839.33749702 47
AO-07                60839.40085186 60839.41321740 18
AO-07                60839.47784754 60839.48820824 10
AO-07                60839.55302364 60839.56478038 15
AO-07                60839.62838065 60839.64283148 37
AO-07                60839.70580873 60839.72130698 73
AO-07                60839.78631069 60839.79945187 19
AO-07                60840.20259757 60840.21673925 27
AO-07                60840.28091243 60840.29636460 85
AO-07                60840.35935286 60840.37319763 29
AO-07                60840.43715361 60840.44828227 13
AO-07                60840.51322356 60840.52382089 11
AO-07                60840.58815144 60840.60123575 22
AO-07                60840.66433692 60840.67958468 62
AO-07                60840.74305191 60840.75801451 40
AO-07                60840.82578720 60840.83543958 7
AO-07                60841.16143232 60841.17269903 11
AO-07                60841.23922005 60841.25445283 51
AO-07                60841.31768368 60841.33265469 51
AO-07                60841.39594080 60841.40849246 19
AO-07                60841.47305421 60841.48345163 10
AO-07                60841.54831215 60841.55989260 14
AO-07                60841.62358283 60841.63788480 35
AO-07                60841.70084691 60841.71635508 79
AO-07                60841.78110308 60841.79455386 21
AO-07                60842.19768196 60842.21158716 25
AO-07                60842.27595952 60842.29143394 88
AO-07                60842.35441305 60842.36842131 31
AO-07                60842.43228738 60842.44356727 13
AO-07                60842.50848927 60842.51899932 11
AO-07                60842.58341533 60842.59631127 21
AO-07                60842.65946838 60842.67463059 58
AO-07                60842.73799300 60842.75307586 44
AO-07                60842.82034761 60842.83065416 8
AO-07                60843.15660521 60843.16733301 9
AO-07                60843.23427801 60843.24941799 47
AO-07                60843.31273159 60843.32780279 54
AO-07                60843.39102501 60843.40376349 20
LO-19                60832.73979833 60832.75007418 42
LO-19                60832.81159896 60832.81801256 6
LO-19                60833.17542028 60833.18189644 6
LO-19                60833.24338300 60833.25363805 43
LO-19                60833.31239531 60833.32233195 35
LO-19                60833.38182317 60833.38874779 8
LO-19                60833.58318684 60833.58851171 4
LO-19                60833.64884585 60833.65810385 22
LO-19                60833.71674233 60833.72726050 77
LO-19                60833.78729888 60833.79575425 13
LO-19                60834.22065790 60834.23029325 24
LO-19                60834.28946954 60834.29982330 60
LO-19                60834.35876511 60834.36698936 13
LO-19                60834.62678145 60834.63509309 13
LO-19                60834.69396869 60834.70438279 61
LO-19                60834.76352790 60834.77318676 24
LO-19                60835.19808436 60835.20656657 13
LO-19                60835.26659150 60835.27705917 78
LO-19                60835.33575674 60835.34497644 21
LO-19                60835.40539809 60835.41060720 4
LO-19                60835.60501733 60835.61203582 8
LO-19                60835.67145422 60835.68145653 35
LO-19                60835.74017341 60835.75046432 42
LO-19                60835.81199178 60835.81840168 6
LO-19                60836.17581527 60836.18227924 6
LO-19                60836.24377635 60836.25402174 43
LO-19                60836.31278878 60836.32271516 35
LO-19                60836.38221801 60836.38912959 8
LO-19                60836.58357816 60836.58889834 4
LO-19                60836.64923580 60836.65849217 22
LO-19                60836.71713224 60836.72764913 77
LO-19                60836.78768972 60836.79614245 13
LO-19                60837.22105008 60837.23067553 24
LO-19                60837.28986154 60837.30020533 60
LO-19                60837.35915793 60837.36737046 13
LO-19                60837.62717058 60837.63547953 13
LO-19                60837.69435748 60837.70476983 61
LO-19                60837.76391718 60837.77357368 24
LO-19                60838.19847562 60838.20694721 13
LO-19                60838.26698210 60838.27743997 78
LO-19                60838.33614779 60838.34535659 21
LO-19                60838.40579193 60838.41098469 4
LO-19                60838.60540591 60838.61242010 8
LO-19                60838.67184199 60838.68184190 35
LO-19                60838.74056134 60838.75084981 42
LO-19                60838.81238149 60838.81878594 6
LO-19                60839.17620637 60839.18265749 6
LO-19                60839.24416563 60839.25440121 43
LO-19                60839.31317821 60839.32309424 34
LO-19                60839.38260895 60839.38950720 8
LO-19                60839.58396658 60839.58927985 4
LO-19                60839.64962266 60839.65887575 22
LO-19                60839.71751896 60839.72803310 77
LO-19                60839.78807732 60839.79652593 13
LO-19                60840.22143816 60840.23105357 24
LO-19                60840.29024944 60840.30058325 60
LO-19                60840.35954674 60840.36774745 13
LO-19                60840.62755667 60840.63586117 13
LO-19                60840.69474309 60840.70515220 61
LO-19                60840.76430320 60840.77395592 24
LO-19                60841.19886277 60841.20732356 13
LO-19                60841.26736855 60841.27781646 78
LO-19                60841.33653474 60841.34573268 21
LO-19                60841.40618188 60841.41135797 4
LO-19                60841.60579153 60841.61279949 8
LO-19                60841.67222659 60841.68222257 35
LO-19                60841.74094601 60841.75123064 42
LO-19                60841.81276799 60841.81916533 6
LO-19                60842.17659341 60842.18303134 6
LO-19                60842.24455072 60842.25477657 43
LO-19                60842.31356347 60842.32346928 34
LO-19                60842.38299605 60842.38988075 8
LO-19                60842.58435240 60842.58965629 4
LO-19                60842.65000637 60842.65925461 22
LO-19                60842.71790241 60842.72841242 77
LO-19                60842.78846162 60842.79690468 13
LO-19                60843.22182204 60843.23142749 24
LO-19                60843.29063312 60843.30095717 60
LO-19                60843.35993138 60843.36812046 13
LO-19                60843.62793964 60843.63623803 13
LO-19                60843.69512544 60843.70552990 61
LO-19                60843.76468589 60843.77433349 24
LO-19                60844.19924570 60844.20769576 13
LO-19                60844.26775074 60844.27818916 78
LO-19                60844.33691747 60844.34610484 21
LO-19                60844.40656775 60844.41172724 4
LO-19                60844.60617407 60844.61317403 8
LO-19                60844.67260793 60844.68259857 35
LO-19                60844.74132734 60844.75160681 42
LO-19                60844.81315119 60844.81953990 6
LO-19                60845.17697624 60845.18340097 6
LO-19                60845.24493153 60845.25514795 43
LO-19                60845.31394445 60845.32384043 34
LO-19                60845.38337874 60845.39025038 8
LO-19                60845.58473524 60845.59002774 4
LO-19                60845.65038683 60845.65962876 22
LO-19                60845.71828252 60845.72878708 77
LO-19                60845.78884252 60845.79727874 13
LO-19                60846.22220159 60846.23179742 24
FO-29                60832.88879793 60832.90168035 25
FO-29                60832.96170095 60832.97582517 82
FO-29                60833.03493388 60833.04729713 26
FO-29                60833.10816007 60833.11656257 8
FO-29                60833.25009471 60833.25656478 5
FO-29                60833.31953662 60833.32965259 18
FO-29                60833.39107781 60833.40283255 69
FO-29                60833.46517285 60833.47565289 21
FO-29                60833.85089692 60833.86129612 11
FO-29                60833.92331170 60833.93729958 49
FO-29                60833.99642543 60834.01008780 48
FO-29                60834.06968446 60834.08044436 15
FO-29                60834.14270043 60834.14902126 4
FO-29                60834.21380588 60834.21865583 2
FO-29                60834.28279611 60834.29125875 10
FO-29                60834.35315109 60834.36444169 34
FO-29                60834.42583913 60834.43751410 49
FO-29                60834.50162629 60834.50981062 8
FO-29                60834.88508308 60834.89794584 24
FO-29                60834.95796229 60834.97221493 83
FO-29                60835.03117797 60835.04379639 28
FO-29                60835.10437830 60835.11316608 8
FO-29                60835.17683233 60835.18169885 2
FO-29                60835.24643575 60835.25301046 5
FO-29                60835.31584509 60835.32603069 18
FO-29                60835.38729617 60835.39920051 66
FO-29                60835.46125907 60835.47205397 23
FO-29                60835.84721918 60835.85746027 10
FO-29                60835.91958692 60835.93362655 47
FO-29                60835.99268282 60836.00652746 51
FO-29                60836.06592264 60836.07699289 16
FO-29                60836.13890962 60836.14565711 4
FO-29                60836.21009620 60836.21519479 3
FO-29                60836.27913609 60836.28766258 10
FO-29                60836.34941978 60836.36081351 33
FO-29                60836.42200299 60836.43389273 53
FO-29                60836.49759190 60836.50628073 10
FO-29                60836.88137755 60836.89419953 23
FO-29                60836.95423220 60836.96859451 83
FO-29                60837.02743136 60837.04028573 29
FO-29                60837.10060894 60837.10975943 9
FO-29                60837.17305843 60837.17832464 3
FO-29                60837.24277932 60837.24946417 5
FO-29                60837.31215740 60837.32241546 18
FO-29                60837.38351868 60837.39557383 63
FO-29                60837.45735347 60837.46845658 25
FO-29                60837.84355436 60837.85360799 9
FO-29                60837.91587090 60837.92994260 44
FO-29                60837.98894907 60838.00295689 54
FO-29                60838.06217120 60838.07353129 17
FO-29                60838.13513453 60838.14228160 5
FO-29                60838.20639248 60838.21173679 3
FO-29                60838.27548000 60838.28407333 9
FO-29                60838.34569297 60838.35719101 32
FO-29                60838.41817273 60838.43027539 57
FO-29                60838.49354850 60838.50274527 11
FO-29                60838.87768183 60838.89044056 22
FO-29                60838.95051112 60838.96496342 81
FO-29                60839.02369418 60839.03676482 31
FO-29                60839.09685181 60839.10634205 10
FO-29                60839.16926312 60839.17494361 3
FO-29                60839.23912637 60839.24592436 5
FO-29                60839.30847454 60839.31880605 17
FO-29                60839.37974653 60839.39195186 60
FO-29                60839.45345639 60839.46486077 28
FO-29                60839.53137133 60839.53611432 2
FO-29                60839.83990345 60839.84973778 9
FO-29                60839.91216416 60839.92624707 42
FO-29                60839.98522432 60839.99937555 57
FO-29                60840.05843019 60840.07005890 18
FO-29                60840.13137426 60840.13889484 5
FO-29                60840.20269622 60840.20827978 3
FO-29                60840.27182888 60840.28048987 9
FO-29                60840.34197150 60840.35357343 31
FO-29                60840.41434875 60840.42666148 61
FO-29                60840.48954900 60840.49920121 12
FO-29                60840.87399626 60840.88666810 21
FO-29                60840.94679871 60840.96132086 78
FO-29                60841.01996652 60841.03323259 33
FO-29                60841.09310670 60841.10291383 11
FO-29                60841.16551915 60841.17155097 3
FO-29                60841.23547864 60841.24238948 5
FO-29                60841.30479741 60841.31520153 17
FO-29                60841.37598025 60841.38833391 57
FO-29                60841.44956794 60841.46126607 30
FO-29                60841.52707532 60841.53280707 3
FO-29                60841.83626758 60841.84584798 8
FO-29                60841.90846647 60841.92253934 40
FO-29                60841.98150865 60841.99578256 60
FO-29                60842.05469958 60842.06657512 19
FO-29                60842.12762817 60842.13549673 6
FO-29                60842.19900846 60842.20482217 3
FO-29                60842.26818369 60842.27691103 9
FO-29                60842.33825617 60842.34995995 30
FO-29                60842.41053161 60842.42305033 64
FO-29                60842.48556572 60842.49565152 14
FO-29                60842.87032122 60842.88288137 20
FO-29                60842.94309531 60842.95766652 75
FO-29                60843.01624839 60843.02968870 34
SO-50                60832.85922013 60832.86352128 3
SO-50                60832.92539910 60832.93437765 32
SO-50                60832.99453472 60833.00398803 49
SO-50                60833.06505011 60833.07376077 20
SO-50                60833.13571143 60833.14426513 17
SO-50                60833.20566136 60833.21507955 32
SO-50                60833.27520040 60833.28493119 65
SO-50                60833.34514977 60833.35270635 11
SO-50                60833.87057704 60833.87750835 10
SO-50                60833.93817136 60833.94756951 60
SO-50                60834.00790759 60834.01714832 33
SO-50                60834.07862784 60834.08714017 17
SO-50                60834.14907215 60834.15787358 20
SO-50                60834.21880768 60834.22849139 49
SO-50                60834.28836825 60834.29775104 36
SO-50                60834.35900285 60834.36427314 4
SO-50                60834.88267846 60834.89097731 19
SO-50                60834.95118951 60834.96071259 77
SO-50                60835.02140288 60835.03035801 24
SO-50                60835.09215889 60835.10062152 16
SO-50                60835.16233380 60835.17146684 25
SO-50                60835.23192792 60835.24173011 80
SO-50                60835.30162384 60835.31026950 20
SO-50                60835.82873950 60835.83356571 4
SO-50                60835.89518395 60835.90424731 35
SO-50                60835.96441108 60835.97384614 46
SO-50                60836.03496464 60836.04364502 19
SO-50                60836.10560101 60836.11418557 17
SO-50                60836.17551712 60836.18498159 34
SO-50                60836.24505326 60836.25475622 59
SO-50                60836.31506184 60836.32238618 10
SO-50                60836.84024435 60836.84742306 11
SO-50                60836.90798511 60836.91742063 65
SO-50                60836.97779524 60836.98700280 31
SO-50                60837.04853030 60837.05702995 17
SO-50                60837.11893838 60837.12778656 20
SO-50                60837.18864933 60837.19836264 52
SO-50                60837.25822106 60837.26752882 33
SO-50                60837.32901260 60837.33380714 3
SO-50                60837.85240498 60837.86084481 21
SO-50                60837.92102535 60837.93055147 71
SO-50                60837.99129450 60838.00021297 23
SO-50                60838.06204208 60838.07051570 16
SO-50                60838.13217896 60838.14136341 26
SO-50                60838.20175975 60838.21156491 86
SO-50                60838.27148601 60838.27999026 18
SO-50                60838.79827222 60838.80355014 5
SO-50                60838.86494793 60838.87408793 38
SO-50                60838.93426333 60838.94367760 44
SO-50                60839.00485168 60839.01350387 19
SO-50                60839.07546117 60839.08407908 18
SO-50                60839.14534482 60839.15485344 36
SO-50                60839.21487985 60839.22454937 55
SO-50                60839.28499098 60839.29202732 9
SO-50                60839.80989767 60839.81730267 12
SO-50                60839.87777644 60839.88724382 71
SO-50                60839.94765768 60839.95683118 30
SO-50                60840.01840415 60840.02689427 17
SO-50                60840.08877549 60840.09767156 21
SO-50                60840.15846358 60840.16820302 56
SO-50                60840.22804854 60840.23727400 30
SO-50                60840.29902949 60840.30327634 3
SO-50                60840.82211249 60840.83068167 23
SO-50                60840.89083791 60840.90036316 66
SO-50                60840.96115967 60840.97004228 22
SO-50                60841.03189599 60841.04038382 17
SO-50                60841.10199554 60841.11123062 27
SO-50                60841.17156473 60841.18136833 88
SO-50                60841.24132458 60841.24967683 17
SO-50                60841.76780835 60841.77348322 6
SO-50                60841.83469080 60841.84389974 42
SO-50                60841.90409128 60841.91348248 41
SO-50                60841.97471105 60841.98333730 18
SO-50                60842.04529197 60842.05394549 18
SO-50                60842.11514455 60842.12469503 38
SO-50                60842.18468027 60842.19431064 50
SO-50                60842.25486617 60842.26163002 8
SO-50                60842.77953577 60842.78714802 13
SO-50                60842.84754549 60842.85703921 76
SO-50                60842.91749474 60842.92663350 28
SO-50                60842.98824928 60842.99673305 17
SO-50                60843.05858357 60843.06752802 22
SO-50                60843.12825045 60843.13801251 60
SO-50                60843.19785083 60843.20698651 28
SO-50                60843.79180063 60843.80048825 25
SO-50                60843.86062698 60843.87014776 62
SO-50                60843.93099823 60843.93984577 22
SO-50                60844.00172062 60844.01022574 17
SO-50                60844.07178366 60844.08106837 28
SO-50                60844.14134294 60844.15114038 83
SO-50                60844.21113985 60844.21932896 15
SO-50                60844.73734201 60844.74337052 6
SO-50                60844.80441213 60844.81368292 45
SO-50                60844.87389475 60844.88326085 39
SO-50                60844.94454259 60844.95314531 18
SO-50                60845.01509346 60845.02378460 18
SO-50                60845.08491640 60845.09450631 40
SO-50                60845.15445462 60845.16404003 46
SO-50                60845.22472399 60845.23119248 7
HO-68                60833.05562333 60833.06749258 19
HO-68                60833.13025724 60833.14398851 82
HO-68                60833.20526324 60833.21769677 29
HO-68                60833.28006654 60833.28934857 10
HO-68                60833.35357355 60833.36068720 5
HO-68                60833.42490826 60833.43421508 10
HO-68                60833.49659456 60833.50902184 30
HO-68                60833.57034922 60833.58402392 80
HO-68                60833.64690871 60833.65863833 19
HO-68                60834.04394430 60834.05506166 15
HO-68                60834.11842965 60834.13212056 67
HO-68                60834.19341816 60834.20621524 35
HO-68                60834.26829804 60834.27812759 12
HO-68                60834.34212798 60834.34930980 5
HO-68                60834.41369568 60834.42247568 8
HO-68                60834.48515761 60834.49718222 25
HO-68                60834.55853842 60834.57219058 84
HO-68                60834.63458021 60834.64692187 24
HO-68                60835.03232770 60835.04248965 11
HO-68                60835.10661252 60835.12018242 53
HO-68                60835.18157101 60835.19467832 42
HO-68                60835.25650697 60835.26688243 14
HO-68                60835.33061233 60835.33799520 5
HO-68                60835.40248500 60835.41077254 7
HO-68                60835.47377094 60835.48534888 21
HO-68                60835.54679204 60835.56035135 69
HO-68                60835.62235493 60835.63517161 31
HO-68                60835.70225684 60835.70843293 3
HO-68                60836.02080657 60836.02973738 8
HO-68                60836.09480885 60836.10816985 43
HO-68                60836.16972362 60836.18308364 52
HO-68                60836.24469846 60836.25560452 16
HO-68                60836.31903074 60836.32673115 6
HO-68                60836.39126173 60836.39911452 6
HO-68                60836.46243110 60836.47352445 18
HO-68                60836.53510784 60836.54850817 56
HO-68                60836.61022126 60836.62339618 38
HO-68                60836.68907231 60836.69721222 6
HO-68                60837.00945640 60837.01672792 4
HO-68                60837.08302259 60837.09607733 34
HO-68                60837.15787772 60837.17142949 63
HO-68                60837.23287666 60837.24428738 19
HO-68                60837.30739125 60837.31550231 7
HO-68                60837.38001002 60837.38751092 6
HO-68                60837.45113281 60837.46171204 15
HO-68                60837.52348384 60837.53666286 46
HO-68                60837.59817070 60837.61160114 48
HO-68                60837.67618870 60837.68576151 9
HO-68                60838.07125664 60838.08389733 27
HO-68                60838.14603502 60838.15971397 77
HO-68                60838.22104492 60838.23292533 23
HO-68                60838.29570319 60838.30429254 8
HO-68                60838.36871401 60838.37597049 5
HO-68                60838.43987014 60838.44991551 12
HO-68                60838.51191820 60838.52481723 38
HO-68                60838.58619691 60838.59979105 60
HO-68                60838.66353708 60838.67418677 13
HO-68                60839.05952140 60839.07162007 21
HO-68                60839.13419760 60839.14793501 87
HO-68                60839.20920605 60839.22151436 28
HO-68                60839.28397568 60839.29308667 9
HO-68                60839.35736003 60839.36449930 5
HO-68                60839.42863535 60839.43813967 11
HO-68                60839.50040893 60839.51297283 32
HO-68                60839.57429506 60839.58796929 75
HO-68                60839.65104231 60839.66253605 17
HO-68                60840.04782554 60840.05923158 16
HO-68                60840.12236716 60840.13609014 72
HO-68                60840.19736239 60840.21005117 33
HO-68                60840.27221678 60840.28187135 11
HO-68                60840.34593888 60840.35309861 5
HO-68                60840.41741875 60840.42639005 9
HO-68                60840.48895381 60840.50113189 26
HO-68                60840.56246142 60840.57613863 89
HO-68                60840.63867503 60840.65083363 22
HO-68                60841.03618455 60841.04671146 12
HO-68                60841.11054626 60841.12417632 58
HO-68                60841.18551600 60841.19853325 40
HO-68                60841.26043326 60841.27063515 13
HO-68                60841.33444713 60841.34176357 5
HO-68                60841.40620860 60841.41467408 8
HO-68                60841.47755002 60841.48929645 22
HO-68                60841.55069307 60841.56430136 74
HO-68                60841.62641589 60841.63909389 28
HO-68                60841.70678027 60841.71207059 2
HO-68                60842.02462529 60842.03402717 9
HO-68                60842.09873774 60842.11218964 46
HO-68                60842.17366873 60842.18695826 48
HO-68                60842.24863064 60842.25936905 15
HO-68                60842.32288776 60842.33048360 6
HO-68                60842.39499106 60842.40300008 7
HO-68                60842.46619445 60842.47746899 19
HO-68                60842.53898763 60842.55245950 60
HO-68                60842.61425188 60842.62732634 36
HO-68                60842.69342267 60842.70098829 5
HO-68                60843.01320581 60843.02111973 5
HO-68                60843.08694509 60843.10012509 37
HO-68                60843.16182235 60843.17532445 59
HO-68                60843.23681338 60843.24806565 18
AO-73                60833.09854335 60833.10635742 19
AO-73                60833.16433633 60833.17280111 50
AO-73                60833.23083299 60833.23680904 8
AO-73                60833.48816137 60833.49181036 2
AO-73                60833.55106541 60833.55879792 24
AO-73                60833.61667358 60833.62482876 38
AO-73                60833.68539711 60833.68942904 3
AO-73                60834.09740788 60834.10518948 19
AO-73                60834.16318340 60834.17167904 52
AO-73                60834.22966098 60834.23573352 8
AO-73                60834.48709975 60834.49062251 2
AO-73                60834.54993972 60834.55764170 23
AO-73                60834.61550355 60834.62368439 40
AO-73                60834.68412430 60834.68835064 3
AO-73                60835.09625617 60835.10400291 18
AO-73                60835.16201374 60835.17053933 54
AO-73                60835.22847247 60835.23464041 9
AO-73                60835.48602452 60835.48941549 2
AO-73                60835.54879772 60835.55646852 22
AO-73                60835.61431674 60835.62252311 41
AO-73                60835.68283831 60835.68725144 3
AO-73                60836.09508828 60836.10279760 17
AO-73                60836.16082738 60836.16938193 57
AO-73                60836.22726753 60836.23352987 9
AO-73                60836.54763948 60836.55527834 22
AO-73                60836.61311320 60836.62134490 43
AO-73                60836.68153849 60836.68613193 4
AO-73                60837.09390428 60837.10157339 17
AO-73                60837.15957954 60837.16820336 59
AO-73                60837.22604613 60837.23240183 9
AO-73                60837.54646503 60837.55407123 21
AO-73                60837.61189299 60837.62014977 45
AO-73                60837.68022478 60837.68499247 4
AO-73                60838.09270423 60838.10033030 16
AO-73                60838.15835985 60838.16701040 62
AO-73                60838.22480811 60838.23125622 10
AO-73                60838.54527444 60838.55284714 20
AO-73                60838.61065616 60838.61893769 47
AO-73                60838.67889690 60838.68383332 4
AO-73                60839.09148821 60839.09906836 16
AO-73                60839.15712356 60839.16579957 65
AO-73                60839.22355386 60839.23009300 10
AO-73                60839.54406778 60839.55160603 20
AO-73                60839.60940277 60839.61770864 50
AO-73                60839.67755464 60839.68265457 5
AO-73                60840.09025630 60840.09778708 15
AO-73                60840.15587070 60840.16457080 68
AO-73                60840.22228323 60840.22891212 11
AO-73                60840.54284510 60840.55034809 19
AO-73                60840.60813287 60840.61646262 52
AO-73                60840.67619788 60840.68145675 5
AO-73                60841.08900856 60841.09648653 15
AO-73                60841.15460129 60841.16332403 71
AO-73                60841.22099622 60841.22771353 11
AO-73                60841.54160646 60841.54907290 18
AO-73                60841.60684652 60841.61519961 55
AO-73                60841.67482651 60841.68023974 6
AO-73                60842.08774508 60842.09516658 14
AO-73                60842.15331538 60842.16205919 74
AO-73                60842.21969285 60842.22649718 11
AO-73                60842.54035208 60842.54778065 18
AO-73                60842.60554378 60842.61391958 57
AO-73                60842.67344019 60842.67900376 6
AO-73                60843.08646595 60843.09382712 13
AO-73                60843.15201299 60843.16077623 77
AO-73                60843.21837314 60843.22526303 12
AO-73                60843.53908175 60843.54647128 17
AO-73                60843.60422471 60843.61262251 60
AO-73                60843.67203920 60843.67774893 7
AO-73                60844.08517126 60844.09246801 13
AO-73                60844.15069414 60844.15947507 80
AO-73                60844.21703711 60844.22401101 12
AO-73                60844.53779566 60844.54514479 17
AO-73                60844.60288937 60844.61130839 63
AO-73                60844.67062332 60844.67647534 7
AO-73                60845.08386112 60845.09108910 12
AO-73                60845.14935887 60845.15815585 84
AO-73                60845.21568475 60845.22274110 13
AO-73                60845.53649387 60845.54380113 16
AO-73                60845.60153781 60845.60997719 67
AO-73                60845.66919247 60845.67518308 7
AO-73                60846.08253563 60846.08969026 12
AO-73                60846.14800720 60846.15681812 87
AO-73                60846.21431610 60846.22145325 13
AO-73                60846.53517654 60846.54244028 16
AO-73                60846.60017010 60846.60862889 70
AO-73                60846.66774664 60846.67387241 8
AO-73                60847.08119489 60847.08827132 11
AO-73                60847.14663916 60847.15546200 88
AO-73                60847.21293114 60847.22014739 14
AO-73                60847.53384358 60847.54106218 15
AO-73                60847.59878631 60847.60726347 73
AO-73                60847.66628579 60847.67254309 8
AO-73                60848.07983902 60848.08683211 11
AO-73                60848.14525476 60848.15408743 85
AO-73                60848.21152990 60848.21882348 14
AO-73                60848.53249526 60848.53966681 15
AO-73                60848.59738648 60848.60588090 77
AO-73                60848.66480989 60848.67119534 9
TITA                 60832.83230371 60832.83959873 18
TITA                 60832.89722172 60832.90533892 51
TITA                 60832.96493032 60832.96991185 5
TITA                 60833.37566512 60833.38254101 12
TITA                 60833.44076962 60833.44923337 83
TITA                 60833.50674447 60833.51343834 12
TITA                 60833.82584148 60833.83287748 15
TITA                 60833.89051439 60833.89869224 66
TITA                 60833.95781236 60833.96348892 7
TITA                 60834.36913457 60834.37555994 9
TITA                 60834.43409498 60834.44257663 78
TITA                 60834.49999254 60834.50702741 14
TITA                 60834.81939529 60834.82613569 13
TITA                 60834.88382225 60834.89202555 83
TITA                 60834.95076060 60834.95699841 9
TITA                 60835.36263164 60835.36850701 7
TITA                 60835.42741734 60835.43588223 62
TITA                 60835.49323989 60835.50057699 17
TITA                 60835.81296657 60835.81937196 11
TITA                 60835.87714466 60835.88533948 76
TITA                 60835.94375739 60835.95045722 12
TITA                 60836.35617244 60836.36136465 5
TITA                 60836.42073752 60836.42914927 48
TITA                 60836.48648531 60836.49408793 21
TITA                 60836.80655743 60836.81258434 9
TITA                 60836.87048119 60836.87863449 59
TITA                 60836.93679238 60836.94387528 15
TITA                 60837.34978895 60837.35409960 3
TITA                 60837.41405646 60837.42237658 38
TITA                 60837.47972796 60837.48756140 25
TITA                 60837.54624874 60837.55023327 3
TITA                 60837.80017079 60837.80576985 7
TITA                 60837.86383161 60837.87191089 47
TITA                 60837.92985873 60837.93725877 18
TITA                 60838.40737280 60838.41556266 31
TITA                 60838.47296729 60838.48099764 30
TITA                 60838.53932829 60838.54399896 4
TITA                 60838.79381108 60838.79892415 5
TITA                 60838.85715002 60838.86516596 37
TITA                 60838.92295205 60838.93061237 23
TITA                 60839.40069248 60839.40870563 25
TITA                 60839.46620895 60839.47440347 37
TITA                 60839.53243821 60839.53769434 6
TITA                 60839.78748556 60839.79204003 4
TITA                 60839.85052795 60839.85840564 30
TITA                 60839.91606863 60839.92393892 28
TITA                 60840.39401542 60840.40180303 20
TITA                 60840.45944078 60840.46776586 46
TITA                 60840.52556498 60840.53133258 7
TITA                 60840.78125801 60840.78510457 3
TITA                 60840.84392047 60840.85162677 25
TITA                 60840.90920612 60840.91724076 36
TITA                 60840.97766658 60840.98133488 2
TITA                 60841.38734440 60841.39485178 16
TITA                 60841.45262389 60841.46108802 59
TITA                 60841.51870127 60841.52492098 9
TITA                 60841.83732700 60841.84482899 21
TITA                 60841.90236262 60841.91051963 46
TITA                 60841.97026590 60841.97497512 4
TITA                 60842.38068309 60842.38784733 13
TITA                 60842.44584816 60842.45437648 74
TITA                 60842.51184235 60842.51846380 11
TITA                 60842.83074894 60842.83801206 17
TITA                 60842.89553671 60842.90377683 59
TITA                 60842.96299550 60842.96848516 6
TITA                 60843.37403679 60843.38078402 10
TITA                 60843.43906905 60843.44762735 87
TITA                 60843.50498551 60843.51196387 13
TITA                 60843.82418698 60843.83117484 14
TITA                 60843.88872733 60843.89701335 75
TITA                 60843.95580460 60843.96191543 8
TITA                 60844.36741319 60844.37365310 8
TITA                 60844.43228699 60844.44084001 69
TITA                 60844.49812858 60844.50542315 16
TITA                 60844.81764240 60844.82431643 12
TITA                 60844.88193368 60844.89022997 83
TITA                 60844.94866979 60844.95528835 11
TITA                 60845.36082528 60845.36644087 6
TITA                 60845.42550262 60845.43401361 54
TITA                 60845.49127020 60845.49884265 19
TITA                 60845.81111693 60845.81743519 10
TITA                 60845.87515524 60845.88342724 66
TITA                 60845.94157816 60845.94861649 14
TITA                 60846.35429597 60846.35912307 4
TITA                 60846.41871680 60846.42714708 43
TITA                 60846.48440939 60846.49222365 23
TITA                 60846.55096391 60846.55477410 3
TITA                 60846.80461305 60846.81052887 8
TITA                 60846.86839167 60846.87660554 52
TITA                 60846.93452150 60846.94190751 17
TITA                 60847.34787679 60847.35164588 2
TITA                 60847.41193065 60847.42023900 34
TITA                 60847.47754551 60847.48556647 28
TITA                 60847.54392959 60847.54845980 4
TITA                 60847.79813422 60847.80359372 6
TITA                 60847.86164283 60847.86976511 41
TITA                 60847.92749456 60847.93516634 21
TITA                 60848.40514290 60848.41328760 27
TITA                 60848.47068417 60848.47887803 35
NOAA-15              60832.73174217 60832.74195892 41
NOAA-15              60832.80103475 60832.81127861 36
NOAA-15              60832.87372617 60832.87933299 4
NOAA-15              60833.23814694 60833.24604869 10
NOAA-15              60833.30682421 60833.31745723 59
NOAA-15              60833.37628572 60833.38608908 27
NOAA-15              60833.44619789 60833.45240925 6
NOAA-15              60833.64759826 60833.65387675 6
NOAA-15              60833.71400774 60833.72373992 28
NOAA-15              60833.78264641 60833.79319305 57
NOAA-15              60833.85417001 60833.86182540 9
NOAA-15              60834.22059551 60834.22655444 4
NOAA-15              60834.28873193 60834.29908909 37
NOAA-15              60834.35806442 60834.36835098 40
NOAA-15              60834.42781898 60834.43528458 9
NOAA-15              60834.63069615 60834.63546883 3
NOAA-15              60834.69641565 60834.70550358 19
NOAA-15              60834.76444426 60834.77506106 89
NOAA-15              60834.83505349 60834.84402587 16
NOAA-15              60835.27069774 60835.28052123 24
NOAA-15              60835.33986845 60835.35045659 62
NOAA-15              60835.40952077 60835.41798845 14
NOAA-15              60835.67892528 60835.68723212 13
NOAA-15              60835.74639897 60835.75689349 59
NOAA-15              60835.81626890 60835.82607766 25
NOAA-15              60836.25275511 60836.26171621 15
NOAA-15              60836.32170149 60836.33240217 85
NOAA-15              60836.39125279 60836.40053247 20
NOAA-15              60836.46129551 60836.46632375 3
NOAA-15              60836.66164094 60836.66893241 9
NOAA-15              60836.72851541 60836.73869640 38
NOAA-15              60836.79771656 60836.80804091 39
NOAA-15              60836.87016488 60836.87623318 5
NOAA-15              60837.23496370 60837.24260198 9
NOAA-15              60837.30357005 60837.31418007 55
NOAA-15              60837.37301002 60837.38292008 29
NOAA-15              60837.44285850 60837.44935328 6
NOAA-15              60837.64452532 60837.65058720 5
NOAA-15              60837.71082772 60837.72047135 26
NOAA-15              60837.77935857 60837.78994416 62
NOAA-15              60837.85071332 60837.85864738 10
NOAA-15              60838.21748869 60838.22299447 4
NOAA-15              60838.28548504 60838.29577663 35
NOAA-15              60838.35479136 60838.36515235 43
NOAA-15              60838.42452547 60838.43219234 10
NOAA-15              60838.62765863 60838.63215995 3
NOAA-15              60838.69326029 60838.70222886 18
NOAA-15              60838.76118398 60838.77180345 84
NOAA-15              60838.83165493 60838.84081314 17
NOAA-15              60839.26746166 60839.27716841 22
NOAA-15              60839.33659841 60839.34722790 67
NOAA-15              60839.40623199 60839.41486496 15
NOAA-15              60839.67579479 60839.68395125 12
NOAA-15              60839.74316469 60839.75362835 55
NOAA-15              60839.81291275 60839.82284407 27
NOAA-15              60840.24953780 60840.25831395 14
NOAA-15              60840.31843529 60840.32914242 79
NOAA-15              60840.38796725 60840.39737879 21
NOAA-15              60840.45797332 60840.46328941 4
NOAA-15              60840.65853633 60840.66564382 8
NOAA-15              60840.72530636 60840.73542489 36
NOAA-15              60840.79439484 60840.80479310 42
NOAA-15              60840.86661530 60840.87309826 6
NOAA-15              60841.23178148 60841.23913065 8
NOAA-15              60841.30030917 60841.31088739 50
NOAA-15              60841.36972715 60841.37973663 31
NOAA-15              60841.43955132 60841.44627938 7
NOAA-15              60841.64144931 60841.64728724 5
NOAA-15              60841.70764990 60841.71719961 24
NOAA-15              60841.77607255 60841.78668571 67
NOAA-15              60841.84725940 60841.85545384 11
NOAA-15              60842.21440260 60842.21938936 3
NOAA-15              60842.28223206 60842.29244769 32
NOAA-15              60842.35151117 60842.36193905 47
NOAA-15              60842.42122552 60842.42908533 11
NOAA-15              60842.62462082 60842.62883774 2
NOAA-15              60842.69010081 60842.69894524 17
NOAA-15              60842.75791949 60842.76853645 79
NOAA-15              60842.82825549 60842.83758800 19
NOAA-15              60843.26422068 60843.27379778 20
NOAA-15              60843.33332133 60843.34398431 72
NOAA-15              60843.40293636 60843.41172686 16
NOAA-15              60843.67266079 60843.68066105 11
NOAA-15              60843.73992617 60843.75035415 51
NOAA-15              60843.80955405 60843.81959964 29
NOAA-15              60844.24631739 60844.25489123 13
NOAA-15              60844.31516235 60844.32586737 74
NOAA-15              60844.38467468 60844.39421049 23
NOAA-15              60844.45464790 60844.46023774 4
NOAA-15              60844.65542837 60844.66234540 7
NOAA-15              60844.72209298 60844.73214419 33
NOAA-15              60844.79106976 60844.80153510 46
NOAA-15              60844.86308209 60844.86994562 7
NOAA-15              60845.22860201 60845.23563271 7
NOAA-15              60845.29704201 60845.30757883 46
NOAA-15              60845.36643720 60845.37653846 33
NOAA-15              60845.43623839 60845.44318997 7
NOAA-15              60845.63837068 60845.64397649 4
NOAA-15              60845.70446155 60845.71391273 23
NOAA-18              60832.80037844 60832.80744339 7
NOAA-18              60832.86754386 60832.87783217 32
NOAA-18              60832.93699530 60832.94787490 52
NOAA-18              60833.00939609 60833.01705873 8
NOAA-18              60833.37875811 60833.38590563 7
NOAA-18              60833.44781215 60833.45855791 46
NOAA-18              60833.51782331 60833.52817267 35
NOAA-18              60833.58819271 60833.59548886 8
NOAA-18              60833.79193757 60833.79838575 6
NOAA-18              60833.85880829 60833.86882159 26
NOAA-18              60833.92795461 60833.93891801 65
NOAA-18              60833.99987551 60834.00829864 11
NOAA-18              60834.37013854 60834.37617358 4
NOAA-18              60834.43887492 60834.44944573 37
NOAA-18              60834.50882175 60834.51937718 42
NOAA-18              60834.57914939 60834.58698185 10
NOAA-18              60834.78353238 60834.78931566 4
NOAA-18              60834.85015051 60834.85980350 22
NOAA-18              60834.91895387 60834.92995094 80
NOAA-18              60834.99041451 60834.99948807 15
NOAA-18              60835.36176635 60835.36619898 2
NOAA-18              60835.42994982 60835.44028443 30
NOAA-18              60835.49982523 60835.51054366 52
NOAA-18              60835.57011212 60835.57843710 12
NOAA-18              60835.77521903 60835.78022974 3
NOAA-18              60835.84149485 60835.85078766 19
NOAA-18              60835.91000146 60835.92097489 83
NOAA-18              60835.98106192 60835.99063719 18
NOAA-18              60836.42104340 60836.43107022 24
NOAA-18              60836.49083421 60836.50167187 64
NOAA-18              60836.56108008 60836.56985511 15
NOAA-18              60836.76690825 60836.77111659 2
NOAA-18              60836.83286899 60836.84176047 15
NOAA-18              60836.90108245 60836.91199084 68
NOAA-18              60836.97177551 60836.98175698 23
NOAA-18              60837.41215792 60837.42179797 19
NOAA-18              60837.48184931 60837.49276110 79
NOAA-18              60837.55205277 60837.56123600 18
NOAA-18              60837.62267289 60837.62742829 3
NOAA-18              60837.82427956 60837.83272756 13
NOAA-18              60837.89220182 60837.90299957 55
NOAA-18              60837.96254783 60837.97285359 28
NOAA-18              60838.40329931 60838.41246082 15
NOAA-18              60838.47287129 60838.48381049 84
NOAA-18              60838.54302991 60838.55257958 21
NOAA-18              60838.61357999 60838.61907554 4
NOAA-18              60838.81567962 60838.82368594 11
NOAA-18              60838.88335620 60838.89400170 45
NOAA-18              60838.95337341 60838.96393157 35
NOAA-18              60839.02686451 60839.03256692 4
NOAA-18              60839.39447596 60839.40304875 12
NOAA-18              60839.46390105 60839.47481893 68
NOAA-18              60839.53401141 60839.54388601 25
NOAA-18              60839.60446732 60839.61067991 5
NOAA-18              60839.80716351 60839.81464023 9
NOAA-18              60839.87455093 60839.88499767 37
NOAA-18              60839.94424817 60839.95499367 43
NOAA-18              60840.01708344 60840.02397213 6
NOAA-18              60840.38569997 60840.39354741 9
NOAA-18              60840.45493976 60840.46578495 55
NOAA-18              60840.52499731 60840.53515518 30
NOAA-18              60840.59540417 60840.60224033 7
NOAA-18              60840.79868490 60840.80558631 7
NOAA-18              60840.86578250 60840.87598796 30
NOAA-18              60840.93516896 60840.94604263 54
NOAA-18              60841.00746577 60841.01526878 9
NOAA-18              60841.37699344 60841.38393243 6
NOAA-18              60841.44598902 60841.45670669 44
NOAA-18              60841.51598774 60841.52638691 36
NOAA-18              60841.58635022 60841.59376158 9
NOAA-18              60841.79024458 60841.79652227 5
NOAA-18              60841.85705099 60841.86697271 25
NOAA-18              60841.92613335 60841.93708022 68
NOAA-18              60841.99796144 60842.00649387 12
NOAA-18              60842.36839912 60842.37415770 4
NOAA-18              60842.43705066 60842.44758178 35
NOAA-18              60842.50698299 60842.51758100 44
NOAA-18              60842.57730351 60842.58524463 10
NOAA-18              60842.78189374 60842.78744606 4
NOAA-18              60842.84839713 60842.85794999 21
NOAA-18              60842.91713727 60842.92810790 84
NOAA-18              60842.98851288 60842.99767191 15
NOAA-18              60843.42812461 60843.43840685 28
NOAA-18              60843.49798342 60843.50873703 54
NOAA-18              60843.56826282 60843.57669007 13
NOAA-18              60843.77353938 60843.77834973 3
NOAA-18              60843.83974539 60843.84892960 18
NOAA-18              60843.90818933 60843.91912685 80
NOAA-18              60843.97917058 60843.98881134 19
NOAA-18              60844.41921820 60844.42917813 23
NOAA-18              60844.48898953 60844.49985456 67
NOAA-18              60844.55922739 60844.56809809 15
NOAA-18              60844.62992242 60844.63403565 2
NOAA-18              60844.83112349 60844.83989781 15
NOAA-18              60844.89927457 60844.91013799 65
NOAA-18              60844.96989284 60844.97992298 24
NOAA-18              60845.41033375 60845.41989005 18
NOAA-18              60845.48000188 60845.49093290 82
NOAA-18              60845.55019672 60845.55946889 18
NOAA-19              60832.73721013 60832.74262412 4
NOAA-19              60832.80366646 60832.81311188 20
NOAA-19              60832.87231447 60832.88326973 89
NOAA-19              60832.94354437 60832.95287410 16
NOAA-19              60833.38336541 60833.39363386 26
NOAA-19              60833.45318668 60833.46411411 60
NOAA-19              60833.52343310 60833.53220882 14
NOAA-19              60833.72900392 60833.73370369 3
NOAA-19              60833.79517201 60833.80425181 17
NOAA-19              60833.86353181 60833.87445131 75
NOAA-19              60833.93438854 60833.94416720 21
NOAA-19              60834.37462803 60834.38454807 21
NOAA-19              60834.44435805 60834.45537669 74
NOAA-19              60834.51456512 60834.52375663 17
NOAA-19              60834.58514817 60834.58990528 3
NOAA-19              60834.78671234 60834.79538710 14
NOAA-19              60834.85478667 60834.86562558 61
NOAA-19              60834.92529292 60834.93543498 26
NOAA-19              60835.36591383 60835.37540172 17
NOAA-19              60835.43553565 60835.44660058 88
NOAA-19              60835.50570127 60835.51526816 20
NOAA-19              60835.57622271 60835.58170586 4
NOAA-19              60835.77828725 60835.78651725 12
NOAA-19              60835.84607826 60835.85679327 49
NOAA-19              60835.91625148 60835.92668234 32
NOAA-19              60835.99011474 60835.99508072 3
NOAA-19              60836.35723019 60836.36618674 13
NOAA-19              60836.42672060 60836.43778478 74
NOAA-19              60836.49684145 60836.50674352 24
NOAA-19              60836.56727541 60836.57346706 5
NOAA-19              60836.76984970 60836.77763970 10
NOAA-19              60836.83740342 60836.84795501 40
NOAA-19              60836.90725966 60836.91791291 39
NOAA-19              60836.98038729 60836.98673301 5
NOAA-19              60837.34858618 60837.35689166 10
NOAA-19              60837.41791362 60837.42892804 60
NOAA-19              60837.48798568 60837.49818256 29
NOAA-19              60837.55837597 60837.56518697 7
NOAA-19              60837.76149378 60837.76875882 8
NOAA-19              60837.82876730 60837.83911101 34
NOAA-19              60837.89831398 60837.90912936 49
NOAA-19              60837.97086197 60837.97823779 8
NOAA-19              60838.33999808 60838.34749836 8
NOAA-19              60838.40911620 60838.42002872 48
NOAA-19              60838.47913409 60838.48958506 34
NOAA-19              60838.54948468 60838.55686985 8
NOAA-19              60838.75317282 60838.75987107 6
NOAA-19              60838.82016672 60838.83026189 28
NOAA-19              60838.88941174 60838.90033379 61
NOAA-19              60838.96146629 60838.96965457 10
NOAA-19              60839.33149473 60839.33797545 5
NOAA-19              60839.40032968 60839.41108475 39
NOAA-19              60839.47028691 60839.48095086 41
NOAA-19              60839.54059982 60839.54851633 10
NOAA-19              60839.74488772 60839.75097484 5
NOAA-19              60839.81160124 60839.82140782 23
NOAA-19              60839.88055087 60839.89152783 75
NOAA-19              60839.95213591 60839.96101547 13
NOAA-19              60840.32313925 60840.32825594 3
NOAA-19              60840.39155640 60840.40209354 32
NOAA-19              60840.46144447 60840.47227958 50
NOAA-19              60840.53172031 60840.54012675 12
NOAA-19              60840.73668709 60840.74206873 4
NOAA-19              60840.80311861 60840.81255257 20
NOAA-19              60840.87173341 60840.88271279 88
NOAA-19              60840.94291561 60840.95233241 17
NOAA-19              60841.38279621 60841.39305129 26
NOAA-19              60841.45260721 60841.46357080 62
NOAA-19              60841.52284547 60841.53170113 15
NOAA-19              60841.59348265 60841.59759899 2
NOAA-19              60841.72847907 60841.73314614 3
NOAA-19              60841.79462342 60841.80368862 17
NOAA-19              60841.86295057 60841.87388969 73
NOAA-19              60841.93376289 60841.94361793 21
NOAA-19              60842.37405736 60842.38395400 21
NOAA-19              60842.44377566 60842.45482395 76
NOAA-19              60842.51397487 60842.52323949 17
NOAA-19              60842.58453720 60842.58943327 3
NOAA-19              60842.78616300 60842.79482008 14
NOAA-19              60842.85420519 60842.86505939 59
NOAA-19              60842.92466959 60842.93487887 26
NOAA-19              60843.36534228 60843.37479531 17
NOAA-19              60843.43495061 60843.44603824 87
NOAA-19              60843.50510830 60843.51474161 21
NOAA-19              60843.57561356 60843.58122106 4
NOAA-19              60843.77773715 60843.78594645 12
NOAA-19              60843.84549652 60843.85622258 48
NOAA-19              60843.91562987 60843.92611989 32
NOAA-19              60843.98938073 60843.99459281 3
NOAA-19              60844.35665866 60844.36556688 13
NOAA-19              60844.42613271 60844.43721267 72
NOAA-19              60844.49624569 60844.50620753 25
NOAA-19              60844.56666627 60844.57297081 5
NOAA-19              60844.76929874 60844.77706519 10
NOAA-19              60844.83682141 60844.84737989 40
NOAA-19              60844.90663932 60844.91734457 40
NOAA-19              60844.97968322 60844.98621183 5
NOAA-19              60845.34801607 60845.35625661 10
NOAA-19              60845.41732303 60845.42834593 58
METOA                60832.84635112 60832.85282050 7
METOA                60832.91102722 60832.92056627 35
METOA                60832.97793029 60832.98776915 39
METOA                60833.04797623 60833.05381418 5
METOA                60833.46867407 60833.47694926 27
METOA                60833.53580795 60833.54422153 35
METOA                60833.60356890 60833.60911100 6
METOA                60833.86350259 60833.87105416 11
METOA                60833.92876031 60833.93864733 55
METOA                60833.99636569 60834.00567208 24
METOA                60834.42051306 60834.42564252 5
METOA                60834.48662927 60834.49522435 46
METOA                60834.55394785 60834.56185188 22
METOA                60834.62202344 60834.62597120 3
METOA                60834.88082876 60834.88922996 17
METOA                60834.94669348 60834.95668713 82
METOA                60835.01506688 60835.02347257 15
METOA                60835.43802538 60835.44472723 10
METOA                60835.50463990 60835.51330992 76
METOA                60835.57213094 60835.57931004 14
METOA                60835.83423554 60835.83940227 4
METOA                60835.89831605 60835.90736199 25
METOA                60835.96479157 60835.97468138 55
METOA                60836.03403613 60836.04110935 8
METOA                60836.45577479 60836.46342204 17
METOA                60836.52274191 60836.53122406 52
METOA                60836.59037244 60836.59658056 8
METOA                60836.85120027 60836.85771163 8
METOA                60836.91601050 60836.92545883 39
METOA                60836.98307215 60836.99261849 34
METOA                60837.05352107 60837.05839574 3
METOA                60837.47364647 60837.48185302 30
METOA                60837.54083269 60837.54896075 30
METOA                60837.60871209 60837.61362448 5
METOA                60837.86837220 60837.87592762 12
METOA                60837.93376308 60837.94351010 61
METOA                60838.00154890 60838.01047809 21
METOA                60838.42536463 60838.43073112 5
METOA                60838.49159715 60838.50007159 53
METOA                60838.55897058 60838.56653384 19
METOA                60838.88571995 60838.89408469 18
METOA                60838.95172483 60838.96152321 77
METOA                60839.02031519 60839.02821836 13
METOA                60839.44291347 60839.44971227 11
METOA                60839.50960179 60839.51810356 77
METOA                60839.57715754 60839.58392920 12
METOA                60839.83902459 60839.84423833 4
METOA                60839.90322992 60839.91219658 27
METOA                60839.96985541 60839.97948689 48
METOA                60840.03939746 60840.04576123 6
METOA                60840.46067154 60840.46833487 19
METOA                60840.52769709 60840.53596480 45
METOA                60840.59541576 60840.60112452 7
METOA                60840.85600782 60840.86253128 8
METOA                60840.92094797 60840.93027143 42
METOA                60840.98817498 60840.99738740 29
METOA                60841.47854254 60841.48670539 33
METOA                60841.54578313 60841.55364745 26
METOA                60841.61380697 60841.61805929 3
METOA                60841.87319947 60841.88073019 13
METOA                60841.93872647 60841.94829869 68
METOA                60842.00673964 60842.01519740 18
METOA                60842.43014319 60842.43576263 6
METOA                60842.49648840 60842.50486907 61
METOA                60842.56391952 60842.57116354 16
METOA                60842.89056805 60842.89886888 19
METOA                60842.95671667 60842.96628469 69
METOA                60843.02554154 60843.03287102 10
METOA                60843.44772432 60843.45464679 12
METOA                60843.51448687 60843.52284863 69
METOA                60843.58211211 60843.58849485 10
METOA                60843.84376570 60843.84900821 5
METOA                60843.90810000 60843.91696068 29
METOA                60843.97487998 60843.98421686 41
METOA                60844.04476032 60844.05028401 5
METOA                60844.46549037 60844.47319999 22
METOA                60844.53257530 60844.54065797 39
METOA                60844.60039188 60844.60561059 6
METOA                60844.86076732 60844.86728490 8
METOA                60844.92584084 60844.93501382 46
METOA                60844.99327450 60845.00207646 25
METOA                60845.41761915 60845.42141094 2
METOA                60845.48336260 60845.49151178 38
METOA                60845.55065662 60845.55828719 23
METOA                60845.61885720 60845.62241413 2
METOA                60845.87797828 60845.88546681 13
METOA                60845.94368612 60845.95301493 75
METOA                60846.01185803 60846.01983680 15
METOA                60846.43484675 60846.44074355 7
METOA                60846.50130141 60846.50962191 71
METOA                60846.56879183 60846.57574645 14
METOA                60846.89536721 60846.90358723 20
METOA                60846.96166311 60846.97097551 60
METOA                60847.03074998 60847.03743568 8
METOA                60847.45245715 60847.45953597 14
METOA                60847.51929356 60847.52755016 61
METOA                60847.58699112 60847.59301328 9
METOA                60847.84845165 60847.85371870 5
METOA                60847.91292054 60847.92165926 31
METOB                60832.73197855 60832.73875643 7
METOB                60832.79874084 60832.80882341 31
METOB                60832.86783406 60832.87850440 51
METOB                60832.93986861 60832.94730645 8
METOB                60833.30716537 60833.31405331 6
METOB                60833.37581022 60833.38640829 44
METOB                60833.44545148 60833.45570387 35
METOB                60833.51548530 60833.52268523 8
METOB                60833.71842853 60833.72418497 5
METOB                60833.78477465 60833.79435490 23
METOB                60833.85333679 60833.86412049 74
METOB                60833.92462147 60833.93322406 13
METOB                60834.29345443 60834.29826917 3
METOB                60834.36147065 60834.37174347 31
METOB                60834.43099918 60834.44155440 49
METOB                60834.50095505 60834.50900804 11
METOB                60834.70507778 60834.70955873 3
METOB                60834.77085751 60834.77986755 17
METOB                60834.83894238 60834.84971235 80
METOB                60834.90955674 60834.91902773 19
METOB                60835.34717180 60835.35694554 22
METOB                60835.41656284 60835.42730637 69
METOB                60835.48644448 60835.49523069 15
METOB                60835.75699041 60835.76536191 13
METOB                60835.82464683 60835.83528409 56
METOB                60835.89469326 60835.90475591 27
METOB                60836.33293598 60836.34199243 15
METOB                60836.40214480 60836.41295753 85
METOB                60836.47194995 60836.48135534 20
METOB                60836.54220794 60836.54743457 4
METOB                60836.74326811 60836.75084127 9
METOB                60836.81045345 60836.82083850 40
METOB                60836.87997081 60836.89043319 38
METOB                60836.95279338 60836.95885181 5
METOB                60837.31879300 60837.32684716 10
METOB                60837.38774850 60837.39850373 60
METOB                60837.45746985 60837.46738291 27
METOB                60837.52757776 60837.53396096 6
METOB                60837.72964757 60837.73629702 7
METOB                60837.79635715 60837.80637737 30
METOB                60837.86537250 60837.87607293 54
METOB                60837.93727861 60837.94493161 9
METOB                60838.30480799 60838.31143531 6
METOB                60838.37337915 60838.38393861 42
METOB                60838.44300387 60838.45331371 37
METOB                60838.51302426 60838.52037016 9
METOB                60838.71613678 60838.72171784 4
METOB                60838.78240476 60838.79190519 22
METOB                60838.85089103 60838.86168348 78
METOB                60838.92206919 60838.93082502 14
METOB                60839.29123865 60839.29554168 2
METOB                60839.35904205 60839.36925248 29
METOB                60839.42855263 60839.43914724 51
METOB                60839.49849626 60839.50667541 12
METOB                60839.70280794 60839.70707774 2
METOB                60839.76850142 60839.77741419 16
METOB                60839.83651153 60839.84727055 75
METOB                60839.90703183 60839.91661351 20
METOB                60840.34475215 60840.35443020 21
METOB                60840.41411767 60840.42488205 73
METOB                60840.48398714 60840.49288094 16
METOB                60840.55438210 60840.55850926 2
METOB                60840.75464813 60840.76290464 12
METOB                60840.82223036 60840.83283803 53
METOB                60840.89219065 60840.90233106 28
METOB                60841.33052692 60841.33944834 14
METOB                60841.39970138 60841.41051546 81
METOB                60841.46949367 60841.47898872 21
METOB                60841.53973026 60841.54514907 4
METOB                60841.74094014 60841.74837948 9
METOB                60841.80805098 60841.81838853 38
METOB                60841.87748733 60841.88800020 40
METOB                60841.95014134 60841.95650080 5
METOB                60842.31640167 60842.32426597 9
METOB                60842.38530762 60842.39604306 57
METOB                60842.45501449 60842.46499951 29
METOB                60842.52510671 60842.53165442 6
METOB                60842.72733481 60842.73382950 6
METOB                60842.79396851 60842.80392368 28
METOB                60842.86290611 60842.87363350 58
METOB                60842.93468780 60842.94254493 9
METOB                60843.30245123 60843.30879805 5
METOB                60843.37094181 60843.38145809 39
METOB                60843.44054945 60843.45091349 39
METOB                60843.51055671 60843.51804513 9
METOB                60843.71389011 60843.71924307 4
METOB                60843.78002994 60843.78944781 21
METOB                60843.84844035 60843.85923862 82
METOB                60843.91948076 60843.92841833 15
METOB                60844.35660955 60844.36674994 28
METOB                60844.42609934 60844.43673001 54
METOB                60844.49603080 60844.50433286 12
METOB                60844.70053592 60844.70458628 2
METOB                60844.76614053 60844.77495309 16
METOB                60844.83407570 60844.84482098 72
METOB                60844.90450315 60844.91419040 21
METOB                60845.34232705 60845.35190285 20
METOB                60845.41166575 60845.42244746 77
METOB                60845.48152305 60845.49052122 17
