iss                  60833.18042402 60833.18697789 15
iss                  60833.24684673 60833.25437409 45
iss                  60833.31516747 60833.32124699 10
iss                  60833.38391814 60833.38880135 5
iss                  60833.45138241 60833.45758849 11
iss                  60833.51825673 60833.52580225 55
iss                  60833.58575922 60833.59202096 12
iss                  60834.14670162 60834.15205695 7
iss                  60834.21231354 60834.21991549 86
iss                  60834.28022723 60834.28681192 13
iss                  60834.34907235 60834.35404693 5
iss                  60834.41691169 60834.42261251 8
iss                  60834.48381829 60834.49116265 30
iss                  60834.55100283 60834.55805226 23
iss                  60835.17791807 60835.18537797 45
iss                  60835.24534460 60835.25237696 20
iss                  60835.31411036 60835.31939329 6
iss                  60835.38235044 60835.38760778 6
iss                  60835.44937815 60835.45637690 19
iss                  60835.51637139 60835.52382635 45
iss                  60836.14368812 60836.15072784 23
iss                  60836.21054683 60836.21792028 31
iss                  60836.27908296 60836.28481820 8
iss                  60836.34766664 60836.35262873 5
iss                  60836.41491658 60836.42146486 13
iss                  60836.48180875 60836.48939473 86
iss                  60836.54963759 60836.55504673 7
iss                  60837.10967850 60837.11590620 12
iss                  60837.17585457 60837.18342243 55
iss                  60837.24404445 60837.25028997 11
iss                  60837.31283821 60837.31772577 5
iss                  60837.38041175 60837.38645398 10
iss                  60837.44728195 60837.45478455 44
iss                  60837.51465570 60837.52123603 15
iss                  60838.07602665 60838.08077720 5
iss                  60838.14128642 60838.14886206 74
iss                  60838.20904032 60838.21577896 15
iss                  60838.27787043 60838.28292570 5
iss                  60838.34583684 60838.35138187 7
iss                  60838.41276730 60838.42001523 26
iss                  60838.47987073 60838.48709682 28
iss                  60839.10686571 60839.11421250 36
iss                  60839.17410451 60839.18126074 22
iss                  60839.24280113 60839.24822214 7
iss                  60839.31116010 60839.31629846 6
iss                  60839.37824468 60839.38510456 17
iss                  60839.44518879 60839.45272007 58
iss                  60839.51352374 60839.51762768 3
iss                  60840.07262630 60840.07943361 19
iss                  60840.13926193 60840.14671406 37
iss                  60840.20768484 60840.21358762 9
iss                  60840.27635068 60840.28125969 5
iss                  60840.34369367 60840.35007512 12
iss                  60840.41056358 60840.41814700 69
iss                  60840.47820063 60840.48409695 10
iss                  60841.03864126 60841.04444924 9
iss                  60841.10453226 60841.11211915 70
iss                  60841.17257442 60841.17899008 12
iss                  60841.24139372 60841.24631052 5
iss                  60841.30909075 60841.31495763 9
iss                  60841.37596577 60841.38340114 36
iss                  60841.44322432 60841.45008027 19
iss                  60842.00504671 60842.00904643 3
iss                  60842.06993567 60842.07745301 57
iss                  60842.13751168 60842.14440112 17
iss                  60842.20630642 60842.21146660 6
iss                  60842.27440695 60842.27979478 7
iss                  60842.34137343 60842.34850111 22
iss                  60842.40840425 60842.41577464 36
iss                  60843.03549689 60843.04268530 28
iss                  60843.10252766 60843.10979727 26
iss                  60843.17113514 60843.17671237 7
iss                  60843.23960922 60843.24464022 5
iss                  60843.30676632 60843.31346585 15
iss                  60843.37366876 60843.38124771 76
iss                  60843.44168798 60843.44658479 5
iss                  60844.00126113 60844.00776593 15
iss                  60844.06764516 60844.07515820 45
iss                  60844.13593627 60844.14201652 10
iss                  60844.20466994 60844.20954905 5
iss                  60844.27212285 60844.27832076 11
iss                  60844.33897898 60844.34653242 54
iss                  60844.40645032 60844.41276183 12
iss                  60844.96733126 60844.97259105 7
iss                  60845.03288341 60845.04046284 87
iss                  60845.10075992 60845.10734726 14
iss                  60845.16958411 60845.17455836 5
iss                  60845.23741766 60845.24310091 8
iss                  60845.30430862 60845.31165002 30
iss                  60845.37146450 60845.37855276 24
iss                  60845.99826439 60846.00568594 43
iss                  60846.06564424 60846.07267806 20
iss                  60846.13438129 60846.13967146 6
iss                  60846.20261942 60846.20785394 6
iss                  60846.26963647 60846.27661895 19
iss                  60846.33660371 60846.34408403 47
iss                  60846.96381795 60846.97079158 22
iss                  60847.03061717 60847.03798627 31
iss                  60847.09911455 60847.10486462 8
AO-07                60833.10302451 60833.11843047 73
AO-07                60833.18180849 60833.19511731 24
AO-07                60833.48242745 60833.49446079 16
AO-07                60833.55809544 60833.57353484 78
AO-07                60833.63801620 60833.65112277 19
AO-07                60834.06173795 60834.07597772 29
AO-07                60834.13978480 60834.15485827 55
AO-07                60834.21916183 60834.22949895 10
AO-07                60834.44442089 60834.45169315 4
AO-07                60834.51734892 60834.53164641 34
AO-07                60834.59494621 60834.61015211 51
AO-07                60834.67806370 60834.68580143 4
AO-07                60835.02150709 60835.03173041 9
AO-07                60835.09809189 60835.11345723 66
AO-07                60835.17680100 60835.19040907 26
AO-07                60835.47782128 60835.48942270 14
AO-07                60835.55320387 60835.56857762 71
AO-07                60835.63281002 60835.64631273 22
AO-07                60836.05688689 60836.07083868 26
AO-07                60836.13481619 60836.15000518 61
AO-07                60836.21410155 60836.22495211 12
AO-07                60836.44009907 60836.44650455 3
AO-07                60836.51259694 60836.52665052 31
AO-07                60836.58993112 60836.60524000 56
AO-07                60836.67242007 60836.68133213 6
AO-07                60837.01690681 60837.02623954 7
AO-07                60837.09316959 60837.10846679 59
AO-07                60837.17179862 60837.18568188 29
AO-07                60837.25207214 60837.25801053 3
AO-07                60837.47323913 60837.48437642 12
AO-07                60837.54832882 60837.56361546 64
AO-07                60837.62763376 60837.64148416 25
AO-07                60838.05205095 60838.06567376 23
AO-07                60838.12985236 60838.14513585 68
AO-07                60838.20905119 60838.22037949 13
AO-07                60838.43585308 60838.44125661 2
AO-07                60838.50786337 60838.52164989 28
AO-07                60838.58493430 60838.60032035 63
AO-07                60838.66689037 60838.67676522 8
AO-07                60839.01238887 60839.02065125 5
AO-07                60839.08825482 60839.10345868 53
AO-07                60839.16680114 60839.18093647 32
AO-07                60839.24685741 60839.25371828 4
AO-07                60839.46868227 60839.47932043 11
AO-07                60839.54347033 60839.55864852 58
AO-07                60839.62248479 60839.63663964 28
AO-07                60840.04723835 60840.06048041 20
AO-07                60840.12489347 60840.14025034 75
AO-07                60840.20400994 60840.21578266 15
AO-07                60840.50314865 60840.51664436 25
AO-07                60840.57995524 60840.59539372 70
AO-07                60840.66144342 60840.67213031 10
AO-07                60841.00799649 60841.01491984 3
AO-07                60841.08334783 60841.09843232 47
AO-07                60841.16180842 60841.17617326 36
AO-07                60841.24169047 60841.24936274 5
AO-07                60841.46415253 60841.47425352 9
AO-07                60841.53862848 60841.55367695 52
AO-07                60841.61736096 60841.63178107 31
AO-07                60842.04243990 60842.05525586 18
AO-07                60842.11993969 60842.13534866 82
AO-07                60842.19897651 60842.21116291 17
AO-07                60842.49845334 60842.51163349 23
AO-07                60842.57499350 60842.59046060 77
AO-07                60842.65606092 60842.66744499 12
AO-07                60843.07844773 60843.09338706 42
AO-07                60843.15682036 60843.17139264 40
AO-07                60843.23655654 60843.24495836 6
AO-07                60843.45965213 60843.46917339 8
AO-07                60843.53380341 60843.54870085 47
AO-07                60843.61226054 60843.62690993 35
AO-07                60844.03766495 60844.04999620 15
AO-07                60844.11499121 60844.13043076 89
AO-07                60844.19395010 60844.20652131 19
AO-07                60844.49377121 60844.50661721 20
AO-07                60844.57004877 60844.58552144 85
AO-07                60844.65073108 60844.66272025 14
AO-07                60845.07355860 60845.08832185 38
AO-07                60845.15183693 60845.16659490 44
AO-07                60845.23144701 60845.24051363 7
AO-07                60845.45524311 60845.46407947 7
AO-07                60845.52899836 60845.54372021 43
AO-07                60845.60718209 60845.62202777 39
AO-07                60846.03291809 60846.04469659 13
AO-07                60846.11004869 60846.12549653 82
AO-07                60846.18893008 60846.20185879 21
AO-07                60846.48912322 60846.50159500 18
AO-07                60846.56512080 60846.58057658 87
AO-07                60846.64544573 60846.65796373 16
AO-07                60847.06867995 60847.08323588 34
AO-07                60847.14685811 60847.16178043 49
AO-07                60847.22635641 60847.23603397 8
AO-07                60847.45081326 60847.45896293 6
AO-07                60847.52420730 60847.53873520 38
AO-07                60847.60212443 60847.61713567 44
AO-07                60847.68623740 60847.69201969 2
AO-07                60848.02820516 60848.03935044 11
AO-07                60848.10511191 60848.12054577 75
AO-07                60848.18391598 60848.19717602 23
LO-19                60833.03963675 60833.04544518 5
LO-19                60833.10674165 60833.11712919 67
LO-19                60833.17628638 60833.18454677 13
LO-19                60833.50770805 60833.51470863 8
LO-19                60833.57424160 60833.58468786 75
LO-19                60833.64475354 60833.65264404 11
LO-19                60834.08408773 60834.09397201 31
LO-19                60834.15303378 60834.16262999 27
LO-19                60834.55173857 60834.56171669 35
LO-19                60834.62084058 60834.63043829 24
LO-19                60835.06172438 60835.07031863 14
LO-19                60835.12999601 60835.14026743 57
LO-19                60835.20035063 60835.20620537 5
LO-19                60835.52965035 60835.53855225 18
LO-19                60835.59752369 60835.60786962 51
LO-19                60836.03997754 60836.04582979 5
LO-19                60836.10713833 60836.11751254 67
LO-19                60836.17668075 60836.18492851 13
LO-19                60836.50809611 60836.51509922 8
LO-19                60836.57463016 60836.58507805 75
LO-19                60836.64514305 60836.65303372 11
LO-19                60837.08447932 60837.09435413 31
LO-19                60837.15342593 60837.16301128 27
LO-19                60837.55212600 60837.56210543 35
LO-19                60837.62122855 60837.63082672 24
LO-19                60838.06211482 60838.07069925 14
LO-19                60838.13038635 60838.14064786 57
LO-19                60838.20074426 60838.20658236 5
LO-19                60838.53003672 60838.53893946 18
LO-19                60838.59791036 60838.60825668 51
LO-19                60839.04036795 60839.04620778 5
LO-19                60839.10752708 60839.11789191 67
LO-19                60839.17707078 60839.18530642 13
LO-19                60839.50848152 60839.51548480 8
LO-19                60839.57501565 60839.58546365 75
LO-19                60839.64552941 60839.65341880 11
LO-19                60840.08486663 60840.09473225 31
LO-19                60840.15381374 60840.16338872 27
LO-19                60840.55251042 60840.56248948 35
LO-19                60840.62161336 60840.63121058 24
LO-19                60841.06250099 60841.07107583 14
LO-19                60841.13077234 60841.14102443 57
LO-19                60841.20113337 60841.20695573 5
LO-19                60841.53042017 60841.53932188 18
LO-19                60841.59829388 60841.60863913 51
LO-19                60842.04075413 60842.04658164 5
LO-19                60842.10791146 60842.11826742 67
LO-19                60842.17745636 60842.18568063 13
LO-19                60842.50886423 60842.51586536 8
LO-19                60842.57539803 60842.58584459 75
LO-19                60842.64591258 60842.65379924 11
LO-19                60843.08524957 60843.09510650 31
LO-19                60843.15419711 60843.16376244 27
LO-19                60843.55289176 60843.56286883 35
LO-19                60843.62199497 60843.63158982 24
LO-19                60844.06288279 60844.07144851 14
LO-19                60844.13115391 60844.14139726 57
LO-19                60844.20151780 60844.20732566 5
LO-19                60844.53080065 60844.53969950 18
LO-19                60844.59867421 60844.60901695 51
LO-19                60845.04113594 60845.04695157 5
LO-19                60845.10829140 60845.11863919 67
LO-19                60845.17783737 60845.18605128 13
LO-19                60845.50924416 60845.51624089 8
LO-19                60845.57577723 60845.58622088 75
LO-19                60845.64629251 60845.65417501 11
LO-19                60846.08562806 60846.09547700 31
LO-19                60846.15457594 60846.16413256 27
LO-19                60846.55326998 60846.56324346 35
LO-19                60846.62237330 60846.63196442 24
LO-19                60847.06326012 60847.07181743 14
LO-19                60847.13153096 60847.14176649 56
LO-19                60847.20189741 60847.20769233 5
LO-19                60847.53117807 60847.54007230 18
LO-19                60847.59905127 60847.60939012 51
LO-19                60848.04151324 60848.04731774 4
LO-19                60848.10866681 60848.11900734 67
LO-19                60848.17821372 60848.18641850 13
LO-19                60848.50962122 60848.51661141 8
LO-19                60848.57615319 60848.58659250 75
LO-19                60848.64666912 60848.65454612 10
LO-19                60849.08600202 60849.09584388 31
LO-19                60849.15495016 60849.16449920 27
LO-19                60849.55364499 60849.56361338 35
LO-19                60849.62274829 60849.63233440 24
LO-19                60850.06363291 60850.07218273 14
LO-19                60850.13190342 60850.14213222 56
LO-19                60850.20227207 60850.20805590 5
LO-19                60850.53155234 60850.54044032 18
LO-19                60850.59942499 60850.60975867 51
LO-19                60851.04188593 60851.04768032 4
LO-19                60851.10903763 60851.11937198 67
LO-19                60851.17858533 60851.18678243 13
LO-19                60851.50999529 60851.51697697 8
LO-19                60851.57652582 60851.58695946 75
LO-19                60851.64704231 60851.65491258 10
LO-19                60852.08637140 60852.09620724 31
LO-19                60852.15531971 60852.16486249 27
LO-19                60852.55401670 60852.56397862 35
FO-29                60833.17214557 60833.17653378 2
FO-29                60833.24077798 60833.25159096 37
FO-29                60833.31413542 60833.32432016 23
FO-29                60833.70772601 60833.71623037 6
FO-29                60833.77866423 60833.79292757 54
FO-29                60833.85189270 60833.86499337 30
FO-29                60834.20378395 60834.21270479 13
FO-29                60834.27506001 60834.28636774 71
FO-29                60834.35081202 60834.35773071 6
FO-29                60834.74084614 60834.75353128 21
FO-29                60834.81325603 60834.82761953 71
FO-29                60834.88716589 60834.89778859 13
FO-29                60835.23705392 60835.24791831 35
FO-29                60835.31023789 60835.32072694 26
FO-29                60835.70425457 60835.71223709 5
FO-29                60835.77498240 60835.78924450 50
FO-29                60835.84814658 60835.86147297 33
FO-29                60835.92331681 60835.92898145 3
FO-29                60836.20014873 60836.20900498 12
FO-29                60836.27126100 60836.28272636 74
FO-29                60836.34671523 60836.35429190 8
FO-29                60836.73722249 60836.74974296 20
FO-29                60836.80954740 60836.82400802 76
FO-29                60836.88337493 60836.89437314 14
FO-29                60837.23333434 60837.24425138 33
FO-29                60837.30634836 60837.31713469 29
FO-29                60837.70082855 60837.70819447 4
FO-29                60837.77131212 60837.78554712 47
FO-29                60837.84441246 60837.85793728 35
FO-29                60837.91935053 60837.92580865 4
FO-29                60838.19651947 60838.20531067 12
FO-29                60838.26746662 60838.27908938 74
FO-29                60838.34265118 60838.35083029 9
FO-29                60838.73361415 60838.74593607 18
FO-29                60838.80584966 60838.82038222 81
FO-29                60838.87960053 60838.89093720 16
FO-29                60839.22961907 60839.24058972 30
FO-29                60839.30246700 60839.31354323 32
FO-29                60839.69746057 60839.70408848 3
FO-29                60839.76765347 60839.78183486 44
FO-29                60839.84069006 60839.85438609 38
FO-29                60839.91544095 60839.92257611 4
FO-29                60840.19289708 60840.20162117 11
FO-29                60840.26367754 60840.27545642 72
FO-29                60840.33858772 60840.34735362 11
FO-29                60840.73002212 60840.74210931 17
FO-29                60840.80216296 60840.81674205 86
FO-29                60840.87584163 60840.88748151 17
FO-29                60841.22590932 60841.23693278 29
FO-29                60841.29859408 60841.30995268 36
FO-29                60841.69423416 60841.69989373 2
FO-29                60841.76400437 60841.77810738 41
FO-29                60841.83697910 60841.85081924 40
FO-29                60841.91157373 60841.91929716 5
FO-29                60842.18928275 60842.19793564 10
FO-29                60842.25989444 60842.27182703 69
FO-29                60842.33457323 60842.34386096 13
FO-29                60842.72644696 60842.73826134 16
FO-29                60842.79848674 60842.81308716 88
FO-29                60842.87209729 60842.88400640 18
FO-29                60843.22220629 60843.23327992 27
FO-29                60843.29472988 60843.30636284 40
FO-29                60843.76036892 60843.77436390 38
FO-29                60843.83327926 60843.84723662 43
FO-29                60843.90774021 60843.91597958 6
FO-29                60844.18567772 60844.19425312 10
FO-29                60844.25611804 60844.26820070 65
FO-29                60844.33057991 60844.34035762 14
FO-29                60844.72289695 60844.73439056 14
FO-29                60844.79482107 60844.80941730 84
FO-29                60844.86836667 60844.88051221 20
FO-29                60845.21851068 60845.22963043 26
FO-29                60845.29087475 60845.30277344 44
FO-29                60845.75674558 60845.77060403 36
FO-29                60845.82959016 60845.84363816 46
FO-29                60845.90393462 60845.91262849 7
FO-29                60846.18208319 60846.19057251 9
FO-29                60846.25234905 60846.26457683 61
FO-29                60846.32660584 60846.33684498 16
FO-29                60846.71935947 60846.73049517 13
FO-29                60846.79116573 60846.80573228 79
FO-29                60846.86464894 60846.87699928 21
FO-29                60847.21482345 60847.22598353 24
FO-29                60847.28702883 60847.29918415 48
FO-29                60847.36428066 60847.36951009 3
FO-29                60847.75313391 60847.76682730 33
FO-29                60847.82591141 60847.84002390 49
FO-29                60847.90015281 60847.90924729 8
FO-29                60848.17850052 60848.18689260 8
FO-29                60848.24858819 60848.26095476 57
FO-29                60848.32264969 60848.33332440 18
FO-29                60848.71584309 60848.72657297 11
FO-29                60848.78752048 60848.80203195 74
FO-29                60848.86094331 60848.87346792 23
FO-29                60849.21114552 60849.22233835 23
FO-29                60849.28319297 60849.29559454 53
FO-29                60849.35997229 60849.36629532 4
FO-29                60849.74953425 60849.76303324 31
FO-29                60849.82224254 60849.83639367 52
SO-50                60833.07437748 60833.08066065 6
SO-50                60833.14295827 60833.15259081 45
SO-50                60833.21274996 60833.22121995 18
SO-50                60833.73200715 60833.74055160 24
SO-50                60833.80114375 60833.81011737 30
SO-50                60833.87370468 60833.87842914 3
SO-50                60834.08704024 60834.09504326 13
SO-50                60834.15600529 60834.16578885 82
SO-50                60834.22668888 60834.23295771 7
SO-50                60834.67852243 60834.68242806 2
SO-50                60834.74462016 60834.75386299 58
SO-50                60834.81488945 60834.82298156 15
SO-50                60835.03175787 60835.03579109 2
SO-50                60835.09985707 60835.10896066 24
SO-50                60835.16921217 60835.17859311 35
SO-50                60835.68960720 60835.69685223 11
SO-50                60835.75764643 60835.76697167 59
SO-50                60835.82906815 60835.83570207 7
SO-50                60836.04415622 60836.05072051 7
SO-50                60836.11278981 60836.12247664 50
SO-50                60836.18267130 60836.19092720 16
SO-50                60836.70175103 60836.71044194 27
SO-50                60836.77105046 60836.77993612 27
SO-50                60836.84382515 60836.84815475 2
SO-50                60837.05683250 60837.06502521 14
SO-50                60837.12584884 60837.13561217 73
SO-50                60837.19671640 60837.20251398 5
SO-50                60837.64793458 60837.65256814 3
SO-50                60837.71441820 60837.72371025 66
SO-50                60837.78484357 60837.79277389 14
SO-50                60838.00145406 60838.00593753 3
SO-50                60838.06965789 60838.07887441 27
SO-50                60838.13907487 60838.14834855 32
SO-50                60838.65925589 60838.66677743 13
SO-50                60838.72748940 60838.73678769 52
SO-50                60838.79908042 60838.80546110 7
SO-50                60839.01390982 60839.02074404 8
SO-50                60839.08259825 60839.09232765 56
SO-50                60839.15257424 60839.16059501 14
SO-50                60839.67147842 60839.68029891 31
SO-50                60839.74093703 60839.74972549 24
SO-50                60840.02660084 60840.03497017 15
SO-50                60840.09566853 60840.10540081 65
SO-50                60840.16674926 60840.17200757 4
SO-50                60840.61739175 60840.62261884 5
SO-50                60840.68419726 60840.69352678 74
SO-50                60840.75477806 60840.76253683 13
SO-50                60840.97114113 60840.97603108 3
SO-50                60841.03943406 60841.04875274 30
SO-50                60841.10891534 60841.11806824 28
SO-50                60841.62889420 60841.63666327 15
SO-50                60841.69731230 60841.70657414 46
SO-50                60841.76907507 60841.77518875 6
SO-50                60841.98364127 60841.99072806 9
SO-50                60842.05238221 60842.06214401 63
SO-50                60842.12245975 60842.13022248 12
SO-50                60842.64118858 60842.65012334 34
SO-50                60842.71080336 60842.71948592 22
SO-50                60842.99634494 60843.00487856 17
SO-50                60843.06546448 60843.07515483 58
SO-50                60843.13679931 60843.14142649 3
SO-50                60843.58687103 60843.59260045 6
SO-50                60843.65395689 60843.66331285 83
SO-50                60843.72469289 60843.73227041 11
SO-50                60843.94081462 60843.94607613 4
SO-50                60844.00918561 60844.01859591 32
SO-50                60844.07873388 60844.08775202 25
SO-50                60844.59852034 60844.60651164 17
SO-50                60844.66711478 60844.67633115 42
SO-50                60844.73905251 60844.74488439 5
SO-50                60844.95335002 60844.96067332 9
SO-50                60845.02214171 60845.03192590 70
SO-50                60845.09232900 60845.09980856 11
SO-50                60845.61088102 60845.61991538 39
SO-50                60845.68064938 60845.68921722 20
SO-50                60845.96606461 60845.97475076 18
SO-50                60846.03523679 60846.04487427 51
SO-50                60846.10688904 60846.11074835 2
SO-50                60846.55636003 60846.56252419 7
SO-50                60846.62369688 60846.63306869 84
SO-50                60846.69458790 60846.70197429 10
SO-50                60846.91047162 60846.91607581 4
SO-50                60846.97891245 60846.98840417 36
SO-50                60847.04853082 60847.05739945 23
SO-50                60847.56813288 60847.57632375 19
SO-50                60847.63689704 60847.64605883 37
SO-50                60847.70901328 60847.71454748 4
SO-50                60847.92303563 60847.93058054 10
SO-50                60847.99187677 60848.00167346 78
SO-50                60848.06218348 60848.06935154 9
SO-50                60848.58055520 60848.58967565 44
SO-50                60848.65047500 60848.65891944 19
SO-50                60848.93575991 60848.94458703 20
SO-50                60849.00498560 60849.01455916 46
SO-50                60849.52585115 60849.53239693 8
SO-50                60849.59341672 60849.60279453 76
SO-50                60849.66446351 60849.67164850 9
SO-50                60849.88011014 60849.88603237 5
SO-50                60849.94861460 60849.95817774 39
HO-68                60833.05722560 60833.06768446 14
HO-68                60833.34405793 60833.35291951 9
HO-68                60833.41553877 60833.42891416 57
HO-68                60833.49113777 60833.50332621 24
HO-68                60833.89629625 60833.90605100 10
HO-68                60833.96976151 60833.98344869 77
HO-68                60834.04515357 60834.05653916 19
HO-68                60834.33336188 60834.34066443 5
HO-68                60834.40396100 60834.41702281 43
HO-68                60834.47890949 60834.49171623 32
HO-68                60834.88520930 60834.89308679 6
HO-68                60834.95798570 60834.97155772 58
HO-68                60835.03315447 60835.04527056 25
HO-68                60835.32293209 60835.32817842 3
HO-68                60835.39247703 60835.40509878 33
HO-68                60835.46680571 60835.48003896 43
HO-68                60835.94625228 60835.95956660 43
HO-68                60836.02119508 60836.03389134 33
HO-68                60836.09810106 60836.10350615 3
HO-68                60836.38109544 60836.39313998 25
HO-68                60836.45481144 60836.46830815 58
HO-68                60836.53330925 60836.54106395 5
HO-68                60836.93457267 60836.94746612 32
HO-68                60837.00927053 60837.02240993 43
HO-68                60837.08562328 60837.09306407 5
HO-68                60837.36982456 60837.38114152 19
HO-68                60837.44291751 60837.45653314 77
HO-68                60837.52033188 60837.52998888 10
HO-68                60837.92296000 60837.93524188 24
HO-68                60837.99737857 60838.01083175 57
HO-68                60838.07336886 60838.08231458 9
HO-68                60838.35867698 60838.36909443 14
HO-68                60838.43111871 60838.44471994 82
HO-68                60838.50768133 60838.51865735 15
HO-68                60838.91143653 60838.92286942 17
HO-68                60838.98551898 60838.99916004 75
HO-68                60839.06122884 60839.07136784 13
HO-68                60839.34767282 60839.35698240 10
HO-68                60839.41941265 60839.43287228 63
HO-68                60839.49524446 60839.50717603 21
HO-68                60839.90004691 60839.91030717 12
HO-68                60839.97369289 60839.98739574 84
HO-68                60840.04916186 60840.06026830 17
HO-68                60840.33689895 60840.34477534 6
HO-68                60840.40780254 60840.42099215 47
HO-68                60840.48296845 60840.49559391 29
HO-68                60840.88885513 60840.89747288 7
HO-68                60840.96190347 60840.97553749 64
HO-68                60841.03714783 60841.04903977 23
HO-68                60841.32633620 60841.33239223 3
HO-68                60841.39628462 60841.40907967 36
HO-68                60841.47082395 60841.48393786 39
HO-68                60841.87807651 60841.88414733 3
HO-68                60841.95015625 60841.96358123 48
HO-68                60842.02517592 60842.03769689 30
HO-68                60842.38486689 60842.39713359 27
HO-68                60842.45879329 60842.47222423 53
HO-68                60842.53777397 60842.54464616 4
HO-68                60842.93845585 60842.95151945 36
HO-68                60843.01324012 60843.02624939 40
HO-68                60843.08974784 60843.09658372 4
HO-68                60843.37355652 60843.38514984 21
HO-68                60843.44686557 60843.46046370 70
HO-68                60843.52461420 60843.53371382 8
HO-68                60843.92681840 60843.93933946 26
HO-68                60844.00133741 60844.01470347 52
HO-68                60844.07743731 60844.08591920 8
HO-68                60844.36236446 60844.37312124 16
HO-68                60844.43503437 60844.44866323 89
HO-68                60844.51187027 60844.52245247 13
HO-68                60844.91526108 60844.92702113 19
HO-68                60844.98946697 60845.00306323 69
HO-68                60845.06526537 60845.07503247 11
HO-68                60845.35130764 60845.36103466 11
HO-68                60845.42329643 60845.43682726 69
HO-68                60845.49936820 60845.51101513 19
HO-68                60845.90382198 60845.91453023 13
HO-68                60845.97762931 60845.99133034 88
HO-68                60846.05317692 60846.06398122 16
HO-68                60846.34041496 60846.34886495 8
HO-68                60846.41165140 60846.42495835 52
HO-68                60846.48704127 60846.49946374 26
HO-68                60846.89254726 60846.90180303 9
HO-68                60846.96582715 60846.97950425 71
HO-68                60847.04114677 60847.05279433 21
HO-68                60847.32979717 60847.33655932 4
HO-68                60847.40010288 60847.41305740 40
HO-68                60847.47485415 60847.48783084 35
HO-68                60847.88158287 60847.88869157 4
HO-68                60847.95406489 60847.96758190 53
HO-68                60848.02916167 60848.04148884 28
HO-68                60848.38865001 60848.40112331 30
HO-68                60848.46278593 60848.47613551 47
HO-68                60848.54231869 60848.54813993 3
HO-68                60848.94234694 60848.95555706 40
HO-68                60849.01721429 60849.03007570 36
HO-68                60849.09390483 60849.10006058 4
HO-68                60849.37730153 60849.38915338 23
HO-68                60849.45082377 60849.46439022 64
AO-73                60833.03696481 60833.04161745 12
AO-73                60833.41549157 60833.42235292 13
AO-73                60833.48058123 60833.48863036 36
AO-73                60833.96688739 60833.97522165 31
AO-73                60834.03304023 60834.04052936 17
AO-73                60834.41439554 60834.42117698 13
AO-73                60834.47941370 60834.48749304 38
AO-73                60834.96574157 60834.97405054 30
AO-73                60835.03185478 60835.03942595 18
AO-73                60835.41328445 60835.41998291 12
AO-73                60835.47822971 60835.48633844 40
AO-73                60835.96457978 60835.97286051 28
AO-73                60836.03065324 60836.03830436 19
AO-73                60836.41215843 60836.41877064 11
AO-73                60836.47702932 60836.48516655 42
AO-73                60836.96340234 60836.97165146 27
AO-73                60837.02943564 60837.03716458 20
AO-73                60837.41101763 60837.41754008 11
AO-73                60837.47581257 60837.48397737 45
AO-73                60837.96220935 60837.97042327 26
AO-73                60838.02820200 60838.03600647 21
AO-73                60838.40986220 60838.41629113 10
AO-73                60838.47457953 60838.48277086 47
AO-73                60838.96100087 60838.96917583 25
AO-73                60839.02695233 60839.03483002 22
AO-73                60839.40869232 60839.41502366 10
AO-73                60839.47333027 60839.48154701 50
AO-73                60839.95977701 60839.96790901 24
AO-73                60840.02568667 60840.03363517 23
AO-73                60840.40750816 60840.41373756 9
AO-73                60840.47206484 60840.48030581 54
AO-73                60840.95853785 60840.96662268 22
AO-73                60841.02440504 60841.03242187 24
AO-73                60841.40631017 60841.41243266 9
AO-73                60841.47073993 60841.47904408 57
AO-73                60841.95728350 60841.96531670 21
AO-73                60842.02311331 60842.03119685 25
AO-73                60842.40509810 60842.41110883 8
AO-73                60842.46944229 60842.47776811 61
AO-73                60842.95601405 60842.96399094 20
AO-73                60843.02179980 60843.02994645 27
AO-73                60843.40387239 60843.40976570 8
AO-73                60843.46812868 60843.47647471 65
AO-73                60843.95472962 60843.96264524 19
AO-73                60844.02047037 60844.02867743 28
AO-73                60844.40263337 60844.40840337 7
AO-73                60844.46679919 60844.47516385 70
AO-73                60844.95343034 60844.96127943 18
AO-73                60845.01912504 60845.02738974 30
AO-73                60845.40138132 60845.40702139 7
AO-73                60845.46545387 60845.47383550 74
AO-73                60845.53405730 60845.53781268 2
AO-73                60845.95211631 60845.95989336 17
AO-73                60846.01776382 60846.02608332 31
AO-73                60846.40011658 60846.40561950 6
AO-73                60846.46409282 60846.47248964 79
AO-73                60846.53252307 60846.53660249 3
AO-73                60846.95078770 60846.95848684 17
AO-73                60847.01638674 60847.02475810 33
AO-73                60847.39883954 60847.40419735 6
AO-73                60847.46271609 60847.47112622 84
AO-73                60847.53098506 60847.53536228 3
AO-73                60847.94944465 60847.95705959 16
AO-73                60848.01499380 60848.02341405 35
AO-73                60848.39755083 60848.40275454 5
AO-73                60848.46132378 60848.46974522 87
AO-73                60848.52944111 60848.53409464 4
AO-73                60848.94808733 60848.95561173 15
AO-73                60849.01358503 60849.02205109 37
AO-73                60849.39625061 60849.40129069 5
AO-73                60849.45991594 60849.46834660 84
AO-73                60849.52788951 60849.53280127 4
AO-73                60849.94671592 60849.95414258 14
AO-73                60850.01216044 60850.02066917 39
AO-73                60850.39493977 60850.39980498 4
AO-73                60850.45849267 60850.46693031 79
AO-73                60850.52632881 60850.53148330 5
AO-73                60850.94533063 60850.95265208 13
AO-73                60851.01067559 60851.01926479 41
AO-73                60851.39361900 60851.39829690 4
AO-73                60851.45705407 60851.46549632 74
AO-73                60851.52475839 60851.53014196 6
AO-73                60851.94393168 60851.95113995 12
AO-73                60852.00921934 60852.01784483 44
AO-73                60852.39228926 60852.39676556 4
AO-73                60852.45560021 60852.46404459 69
AO-73                60852.52317734 60852.52877781 6
AO-73                60852.94251932 60852.94960593 12
AO-73                60853.00774733 60853.01640574 47
AO-73                60853.39095155 60853.39520981 3
AO-73                60853.45413114 60853.46257506 65
AO-73                60853.52158511 60853.52739148 7
AO-73                60853.94109386 60853.94804963 11
AO-73                60854.00625956 60854.01494747 50
AO-73                60854.07400034 60854.07757078 2
AO-73                60854.38960750 60854.39362828 3
AO-73                60854.45264705 60854.46108769 60
AO-73                60854.51998125 60854.52598347 8
AO-73                60854.93965561 60854.94647066 10
TITA                 60833.24586922 60833.25345953 18
TITA                 60833.31123868 60833.31911185 26
TITA                 60833.69143760 60833.69683543 6
TITA                 60833.75514485 60833.76329243 73
TITA                 60834.23936763 60834.24655003 14
TITA                 60834.30449804 60834.31260829 35
TITA                 60834.68528481 60834.68984283 4
TITA                 60834.74847645 60834.75663045 81
TITA                 60834.81603903 60834.82072521 4
TITA                 60835.23290415 60835.23956144 10
TITA                 60835.29772408 60835.30604988 46
TITA                 60835.67934279 60835.68269449 2
TITA                 60835.74183532 60835.74993627 58
TITA                 60835.80881757 60835.81444324 7
TITA                 60836.22649635 60836.23247558 7
TITA                 60836.29100341 60836.29944446 64
TITA                 60836.35806546 60836.36221262 3
TITA                 60836.73522109 60836.74321003 42
TITA                 60836.80171156 60836.80804151 10
TITA                 60837.22017750 60837.22525777 5
TITA                 60837.28429209 60837.29278922 86
TITA                 60837.35097538 60837.35612616 5
TITA                 60837.72863516 60837.73645113 31
TITA                 60837.79468257 60837.80155793 14
TITA                 60838.21402891 60838.21782434 2
TITA                 60838.27759049 60838.28608398 69
TITA                 60838.34397817 60838.34990144 8
TITA                 60838.72207938 60838.72965816 24
TITA                 60838.78771113 60838.79501180 18
TITA                 60839.27089718 60839.27932783 50
TITA                 60839.33703452 60839.34357872 11
TITA                 60839.71555678 60839.72282896 18
TITA                 60839.78078592 60839.78841407 24
TITA                 60840.26421806 60840.27251903 37
TITA                 60840.33012543 60840.33717715 14
TITA                 60840.70907190 60840.71595930 14
TITA                 60840.77389948 60840.78177227 32
TITA                 60841.25755429 60841.26565482 28
TITA                 60841.32324084 60841.33070759 18
TITA                 60841.70263158 60841.70904324 11
TITA                 60841.76704725 60841.77509088 44
TITA                 60842.25090920 60842.25873107 21
TITA                 60842.31638023 60842.32418391 24
TITA                 60842.69624669 60842.70207049 8
TITA                 60842.76018286 60842.76837008 62
TITA                 60843.24428895 60843.25174175 16
TITA                 60843.30952804 60843.31759653 31
TITA                 60843.68993653 60843.69502282 5
TITA                 60843.75339056 60843.76161820 86
TITA                 60843.82123805 60843.82548899 3
TITA                 60844.23770234 60844.24467737 12
TITA                 60844.30264357 60844.31095205 41
TITA                 60844.68373957 60844.68786152 3
TITA                 60844.74662673 60844.75483328 68
TITA                 60844.81382938 60844.81917799 6
TITA                 60845.23116360 60845.23752328 9
TITA                 60845.29581333 60845.30425901 55
TITA                 60845.36305167 60845.36675131 2
TITA                 60845.73989128 60845.74801580 49
TITA                 60845.80656777 60845.81271655 9
TITA                 60846.22469797 60846.23025310 6
TITA                 60846.28899298 60846.29751482 76
TITA                 60846.35579754 60846.36063653 4
TITA                 60846.73318449 60846.74116553 36
TITA                 60846.79939759 60846.80615962 12
TITA                 60847.21835987 60847.22281071 3
TITA                 60847.28218266 60847.29071959 79
TITA                 60847.34866563 60847.35435296 7
TITA                 60847.72650809 60847.73428147 27
TITA                 60847.79229320 60847.79953262 17
TITA                 60848.27538094 60848.28387267 57
TITA                 60848.34159893 60848.34795841 10
TITA                 60848.71986466 60848.72736161 21
TITA                 60848.78524046 60848.79284933 22
TITA                 60849.26859307 60849.27697257 42
TITA                 60849.33457307 60849.34147780 13
TITA                 60849.71325808 60849.72040301 16
TITA                 60849.77823027 60849.78611881 30
TITA                 60850.26181993 60850.27001683 31
TITA                 60850.32757530 60850.33492470 17
TITA                 60850.70669421 60850.71340022 12
TITA                 60850.77125713 60850.77934647 40
TITA                 60851.25506523 60851.26300168 23
TITA                 60851.32059799 60851.32830700 22
TITA                 60851.70018211 60851.70634506 9
TITA                 60851.76431732 60851.77253612 56
TITA                 60852.24833398 60852.25592142 18
TITA                 60852.31364243 60852.32163684 28
TITA                 60852.69373706 60852.69922312 6
TITA                 60852.75736482 60852.76568727 78
TITA                 60852.82540999 60852.82939884 3
TITA                 60853.24163449 60853.24876780 13
TITA                 60853.30669390 60853.31490401 37
TITA                 60853.68738739 60853.69200636 4
TITA                 60853.75048532 60853.75880766 75
TITA                 60853.81783464 60853.82304127 5
TITA                 60854.23497962 60854.24152714 10
TITA                 60854.29971216 60854.30811441 50
TITA                 60854.74363556 60854.75189486 54
NOAA-15              60833.10138041 60833.10904937 9
NOAA-15              60833.16953221 60833.18018382 85
NOAA-15              60833.23974183 60833.24731613 10
NOAA-15              60833.57180183 60833.57993410 12
NOAA-15              60833.63937637 60833.64992837 76
NOAA-15              60833.71115976 60833.71766577 6
NOAA-15              60834.08453230 60834.08911014 2
NOAA-15              60834.15144909 60834.16199307 53
NOAA-15              60834.22115347 60834.23016657 18
NOAA-15              60834.55491944 60834.56117279 6
NOAA-15              60834.62132406 60834.63177832 60
NOAA-15              60834.69175127 60834.70035021 14
NOAA-15              60835.13349509 60835.14354303 29
NOAA-15              60835.20274162 60835.21268522 30
NOAA-15              60835.60351375 60835.61351834 34
NOAA-15              60835.67289149 60835.68264684 25
NOAA-15              60836.11572673 60836.12478031 16
NOAA-15              60836.18445456 60836.19493509 53
NOAA-15              60836.25526840 60836.26102087 5
NOAA-15              60836.58596240 60836.59513789 20
NOAA-15              60836.65436762 60836.66473518 46
NOAA-15              60837.09827261 60837.10556739 8
NOAA-15              60837.16627654 60837.17694126 86
NOAA-15              60837.23638763 60837.24426795 11
NOAA-15              60837.56872293 60837.57659587 11
NOAA-15              60837.63611182 60837.64668030 84
NOAA-15              60837.70762385 60837.71460133 7
NOAA-15              60838.14821279 60838.15870490 48
NOAA-15              60838.21783557 60838.22705008 19
NOAA-15              60838.55193572 60838.55776502 5
NOAA-15              60838.61809905 60838.62850913 54
NOAA-15              60838.68832991 60838.69719076 15
NOAA-15              60839.13028381 60839.14020299 26
NOAA-15              60839.19944631 60839.20951587 33
NOAA-15              60839.60032990 60839.61022773 31
NOAA-15              60839.66953512 60839.67944108 28
NOAA-15              60840.11255553 60840.12137321 15
NOAA-15              60840.18117711 60840.19171958 59
NOAA-15              60840.25184516 60840.25805430 6
NOAA-15              60840.58282539 60840.59182159 18
NOAA-15              60840.65105939 60840.66149908 51
NOAA-15              60841.09518293 60841.10204884 7
NOAA-15              60841.16301662 60841.17368114 78
NOAA-15              60841.23303413 60841.24119644 12
NOAA-15              60841.56564783 60841.57324169 10
NOAA-15              60841.63284490 60841.64342071 88
NOAA-15              60841.70410595 60841.71150555 8
NOAA-15              60842.14497047 60842.15539810 43
NOAA-15              60842.21451470 60842.22391390 21
NOAA-15              60842.54897009 60842.55432723 4
NOAA-15              60842.61487195 60842.62522853 49
NOAA-15              60842.68491223 60842.69401385 17
NOAA-15              60843.12707076 60843.13684250 24
NOAA-15              60843.19614677 60843.20632844 36
NOAA-15              60843.59714463 60843.60692526 28
NOAA-15              60843.66617861 60843.67622156 31
NOAA-15              60844.10938686 60844.11794070 13
NOAA-15              60844.17789514 60844.18848626 65
NOAA-15              60844.24839895 60844.25505598 7
NOAA-15              60844.57968906 60844.58849225 16
NOAA-15              60844.64774953 60844.65825072 57
NOAA-15              60844.72041549 60844.72534309 3
NOAA-15              60845.09211228 60845.09848789 5
NOAA-15              60845.15975222 60845.17040316 71
NOAA-15              60845.22968035 60845.23810235 13
NOAA-15              60845.56257789 60845.56987015 9
NOAA-15              60845.62957618 60845.64014948 80
NOAA-15              60845.70060195 60845.70838248 10
NOAA-15              60846.14172688 60846.15207262 39
NOAA-15              60846.21119053 60846.22075837 23
NOAA-15              60846.54608422 60846.55085306 3
NOAA-15              60846.61164422 60846.62193626 44
NOAA-15              60846.68149791 60846.69081996 19
NOAA-15              60847.12385649 60847.13346078 22
NOAA-15              60847.19284288 60847.20312286 40
NOAA-15              60847.26416341 60847.26841438 2
NOAA-15              60847.59395864 60847.60361056 25
NOAA-15              60847.66282190 60847.67298845 35
NOAA-15              60848.10622220 60848.11448107 11
NOAA-15              60848.17460863 60848.18523521 72
NOAA-15              60848.24499340 60848.25202423 8
NOAA-15              60848.57655427 60848.58514890 15
NOAA-15              60848.64443823 60848.65499027 63
NOAA-15              60848.71673216 60848.72236411 4
NOAA-15              60849.08906867 60849.09487603 4
NOAA-15              60849.15648372 60849.16710705 64
NOAA-15              60849.22632542 60849.23498635 15
NOAA-15              60849.55951515 60849.56647960 8
NOAA-15              60849.62630558 60849.63686645 72
NOAA-15              60849.69710909 60849.70523463 11
NOAA-15              60850.13848014 60850.14872775 35
NOAA-15              60850.20786272 60850.21758366 26
NOAA-15              60850.54318406 60850.54732838 2
NOAA-15              60850.60841391 60850.61863200 40
NOAA-15              60850.67808615 60850.68760982 21
NOAA-15              60851.12064156 60851.13005698 19
NOAA-15              60851.18953448 60851.19989918 45
NOAA-15              60851.26063454 60851.26551972 3
NOAA-15              60851.59077254 60851.60028320 23
NOAA-18              60833.24108877 60833.24735473 5
NOAA-18              60833.30923272 60833.32009201 67
NOAA-18              60833.37972385 60833.38851319 15
NOAA-18              60833.71552928 60833.72357934 11
NOAA-18              60833.78336653 60833.79433883 89
NOAA-18              60833.85526294 60833.86306155 9
NOAA-18              60834.30031454 60834.31105256 50
NOAA-18              60834.37057889 60834.37996360 19
NOAA-18              60834.70718712 60834.71431514 8
NOAA-18              60834.77445508 60834.78536014 68
NOAA-18              60834.84570112 60834.85445674 13
NOAA-18              60835.29142556 60835.30194950 37
NOAA-18              60835.36147116 60835.37133811 25
NOAA-18              60835.69898980 60835.70494794 5
NOAA-18              60835.76560133 60835.77635542 52
NOAA-18              60835.83629717 60835.84575455 18
NOAA-18              60836.28257550 60836.29277735 28
NOAA-18              60836.35239478 60836.36264423 33
NOAA-18              60836.69108748 60836.69538615 2
NOAA-18              60836.75680738 60836.76732450 39
NOAA-18              60836.82699358 60836.83698412 24
NOAA-18              60837.27377018 60837.28352817 21
NOAA-18              60837.34334625 60837.35388667 43
NOAA-18              60837.41513280 60837.41995671 3
NOAA-18              60837.74807224 60837.75826658 30
NOAA-18              60837.81777353 60837.82816125 31
NOAA-18              60838.26502160 60838.27418952 16
NOAA-18              60838.33432356 60838.34506845 57
NOAA-18              60838.40561407 60838.41190792 6
NOAA-18              60838.73940159 60838.74917896 23
NOAA-18              60838.80862643 60838.81929587 41
NOAA-18              60839.25634820 60839.26474097 11
NOAA-18              60839.32532630 60839.33619153 75
NOAA-18              60839.39628063 60839.40365604 8
NOAA-18              60839.73080065 60839.74005761 18
NOAA-18              60839.79954537 60839.81039462 55
NOAA-18              60839.87295249 60839.87805867 3
NOAA-18              60840.24778426 60840.25514709 8
NOAA-18              60840.31635430 60840.32725634 83
NOAA-18              60840.38703593 60840.39527268 12
NOAA-18              60840.72227809 60840.73089548 14
NOAA-18              60840.79052590 60840.80146196 74
NOAA-18              60840.86299862 60840.86980509 6
NOAA-18              60841.23940957 60841.24533233 4
NOAA-18              60841.30740927 60841.31826216 63
NOAA-18              60841.37785099 60841.38678818 16
NOAA-18              60841.71384685 60841.72168117 10
NOAA-18              60841.78156536 60841.79250081 85
NOAA-18              60841.85332561 60841.86130681 10
NOAA-18              60842.29849153 60842.30920698 47
NOAA-18              60842.36871061 60842.37821937 21
NOAA-18              60842.70552941 60842.71239349 7
NOAA-18              60842.77266257 60842.78351294 64
NOAA-18              60842.84378856 60842.85267656 14
NOAA-18              60843.28960783 60843.30008707 35
NOAA-18              60843.35960602 60843.36957641 27
NOAA-18              60843.69737098 60843.70298900 4
NOAA-18              60843.76381741 60843.77449905 48
NOAA-18              60843.83440329 60843.84395549 19
NOAA-18              60844.28076257 60844.29089690 27
NOAA-18              60844.35053194 60844.36086611 35
NOAA-18              60844.75503230 60844.76545887 37
NOAA-18              60844.82511424 60844.83516993 25
NOAA-18              60845.27196411 60845.28162740 20
NOAA-18              60845.34148522 60845.35209295 45
NOAA-18              60845.41315095 60845.41834788 4
NOAA-18              60845.74630714 60845.75639108 28
NOAA-18              60845.81590628 60845.82633423 33
NOAA-18              60846.26322561 60846.27226481 15
NOAA-18              60846.33246431 60846.34325964 60
NOAA-18              60846.40367220 60846.41024266 6
NOAA-18              60846.73764726 60846.74729288 22
NOAA-18              60846.80676966 60846.81745758 44
NOAA-18              60847.25456761 60847.26278692 11
NOAA-18              60847.32346844 60847.33436771 80
NOAA-18              60847.39435826 60847.40195588 9
NOAA-18              60847.72905885 60847.73815969 17
NOAA-18              60847.79769805 60847.80854609 59
NOAA-18              60847.87088264 60847.87637673 4
NOAA-18              60848.24602936 60848.25315272 7
NOAA-18              60848.31449837 60848.32541741 78
NOAA-18              60848.38512485 60848.39354612 13
NOAA-18              60848.72055131 60848.72898346 13
NOAA-18              60848.78868739 60848.79960388 78
NOAA-18              60848.86099781 60848.86805464 7
NOAA-18              60849.23770607 60849.24327104 4
NOAA-18              60849.30555567 60849.31640778 59
NOAA-18              60849.37594708 60849.38503981 17
NOAA-18              60849.71213913 60849.71975129 9
NOAA-18              60849.77973534 60849.79063363 80
NOAA-18              60849.85136110 60849.85952047 11
NOAA-18              60850.29664075 60850.30733647 44
NOAA-18              60850.36681156 60850.37645153 22
NOAA-18              60850.70384865 60850.71043861 6
NOAA-18              60850.77084095 60850.78163685 60
NOAA-18              60850.84184769 60850.85086614 15
NOAA-18              60851.28776102 60851.29819943 33
NOAA-18              60851.35771046 60851.36779093 28
NOAA-18              60851.69578835 60851.70099268 4
NOAA-19              60833.24484894 60833.25532002 32
NOAA-19              60833.31474482 60833.32501397 30
NOAA-19              60833.65308016 60833.65809718 3
NOAA-19              60833.71920241 60833.72977146 44
NOAA-19              60833.78960461 60833.79931776 21
NOAA-19              60834.23618205 60834.24626529 24
NOAA-19              60834.30584836 60834.31643508 39
NOAA-19              60834.37777745 60834.38223820 2
NOAA-19              60834.71059236 60834.72088754 33
NOAA-19              60834.78050764 60834.79067598 28
NOAA-19              60835.22756456 60835.23712889 18
NOAA-19              60835.29697728 60835.30779626 51
NOAA-19              60835.36836970 60835.37441158 5
NOAA-19              60835.70204258 60835.71197626 26
NOAA-19              60835.77148589 60835.78198851 36
NOAA-19              60836.21901147 60836.22789527 13
NOAA-19              60836.28813061 60836.29909969 68
NOAA-19              60836.35917054 60836.36635741 8
NOAA-19              60836.69355779 60836.70303440 20
NOAA-19              60836.76253118 60836.77326328 48
NOAA-19              60837.21054657 60837.21853846 9
NOAA-19              60837.27930808 60837.29034621 87
NOAA-19              60837.35006881 60837.35816326 11
NOAA-19              60837.68514426 60837.69405679 15
NOAA-19              60837.75363817 60837.76450541 64
NOAA-19              60837.82651568 60837.83255328 5
NOAA-19              60838.20221727 60838.20900937 6
NOAA-19              60838.27051092 60838.28153559 71
NOAA-19              60838.34103079 60838.34986410 14
NOAA-19              60838.67681237 60838.68503507 12
NOAA-19              60838.74480348 60838.75571847 85
NOAA-19              60838.81689097 60838.82430896 8
NOAA-19              60839.19414746 60839.19918767 3
NOAA-19              60839.26174098 60839.27266647 53
NOAA-19              60839.33203929 60839.34147853 19
NOAA-19              60839.66857772 60839.67595470 8
NOAA-19              60839.73602523 60839.74690475 74
NOAA-19              60839.80744156 60839.81589499 12
NOAA-19              60840.25299860 60840.26373607 40
NOAA-19              60840.32308451 60840.33301780 24
NOAA-19              60840.66046959 60840.66678823 6
NOAA-19              60840.72730290 60840.73806547 56
NOAA-19              60840.79815833 60840.80737289 16
NOAA-19              60841.24429223 60841.25473987 31
NOAA-19              60841.31416053 60841.32448931 31
NOAA-19              60841.65260641 60841.65747361 3
NOAA-19              60841.71863800 60841.72920100 42
NOAA-19              60841.78898021 60841.79877691 22
NOAA-19              60842.23562683 60842.24567109 23
NOAA-19              60842.30526374 60842.31589804 41
NOAA-19              60842.37710865 60842.38182125 3
NOAA-19              60842.71003000 60842.72031042 32
NOAA-19              60842.77988809 60842.79012527 29
NOAA-19              60843.22701228 60843.23651915 18
NOAA-19              60843.29639211 60843.30724714 53
NOAA-19              60843.36773058 60843.37395061 5
NOAA-19              60843.70148267 60843.71139232 25
NOAA-19              60843.77087003 60843.78142898 38
NOAA-19              60844.21846418 60844.22726754 13
NOAA-19              60844.28754479 60844.29853856 70
NOAA-19              60844.35854411 60844.36587017 8
NOAA-19              60844.69300081 60844.70244324 20
NOAA-19              60844.76191827 60844.77269582 50
NOAA-19              60844.83574851 60844.84001219 2
NOAA-19              60845.21000863 60845.21788859 9
NOAA-19              60845.27872175 60845.28977305 88
NOAA-19              60845.34944876 60845.35765607 11
NOAA-19              60845.68459147 60845.69345778 15
NOAA-19              60845.75302773 60845.76393048 67
NOAA-19              60845.82579010 60845.83206160 5
NOAA-19              60846.20169686 60846.20832844 6
NOAA-19              60846.26992404 60846.28095027 69
NOAA-19              60846.34041409 60846.34934002 15
NOAA-19              60846.67626488 60846.68442709 11
NOAA-19              60846.74419527 60846.75513643 87
NOAA-19              60846.81619414 60846.82378431 8
NOAA-19              60847.19366996 60847.19844955 3
NOAA-19              60847.26115404 60847.27206866 52
NOAA-19              60847.33142426 60847.34093937 19
NOAA-19              60847.66803788 60847.67533584 8
NOAA-19              60847.73541914 60847.74631580 71
NOAA-19              60847.80676034 60847.81534980 12
NOAA-19              60848.25241186 60848.26312528 39
NOAA-19              60848.32247013 60848.33246465 25
NOAA-19              60848.65994152 60848.66615460 5
NOAA-19              60848.72669900 60848.73746971 54
NOAA-19              60848.79748743 60848.80681275 17
NOAA-19              60849.24370645 60849.25411537 30
NOAA-19              60849.31354618 60849.32392290 32
NOAA-19              60849.65210108 60849.65681487 3
NOAA-19              60849.71803643 60849.72859844 41
NOAA-19              60849.78831657 60849.79820481 22
NOAA-19              60850.23504307 60850.24503169 23
NOAA-19              60850.30464904 60850.31531879 42
NOAA-19              60850.37641833 60850.38135572 3
NOAA-19              60850.70943111 60850.71970091 32
NOAA-19              60850.77922988 60850.78954288 30
NOAA-19              60851.22643236 60851.23586314 17
NOAA-19              60851.29577686 60851.30665535 55
METOA                60833.33574989 60833.34412788 46
METOA                60833.40345922 60833.41007339 11
METOA                60833.79014346 60833.79989278 37
METOA                60833.85749344 60833.86677436 22
METOA                60834.28796947 60834.29306792 5
METOA                60834.35372783 60834.36217778 74
METOA                60834.42217477 60834.42689476 4
METOA                60834.74335567 60834.74969075 6
METOA                60834.80790384 60834.81800705 67
METOA                60834.87634547 60834.88429902 12
METOA                60835.30521457 60835.31216993 13
METOA                60835.37188134 60835.37997042 35
METOA                60835.76024812 60835.76827276 13
METOA                60835.82590332 60835.83600340 65
METOA                60835.89575558 60835.90135735 4
METOA                60836.32284905 60836.33075221 26
METOA                60836.39012836 60836.39747815 18
METOA                60836.77752418 60836.78661655 24
METOA                60836.84415091 60836.85386747 34
METOA                60837.34069129 60837.34900227 56
METOA                60837.40858089 60837.41464990 9
METOA                60837.73180724 60837.73569421 2
METOA                60837.79508589 60837.80480917 42
METOA                60837.86268821 60837.87155828 19
METOA                60838.29268472 60838.29821856 6
METOA                60838.35868505 60838.36697831 62
METOA                60838.42746148 60838.43123959 3
METOA                60838.74807800 60838.75469480 8
METOA                60838.81289449 60838.82287862 77
METOA                60838.88165692 60838.88896975 9
METOA                60839.31002569 60839.31716569 15
METOA                60839.37685541 60839.38469445 29
METOA                60839.76505541 60839.77320229 15
METOA                60839.83094419 60839.84082655 54
METOA                60839.90137099 60839.90573127 3
METOA                60840.32769745 60840.33565367 30
METOA                60840.39513063 60840.40211257 15
METOA                60840.78239004 60840.79149473 26
METOA                60840.84925111 60840.85863301 29
METOA                60841.34556241 60841.35382662 68
METOA                60841.41364626 60841.41915731 7
METOA                60841.73635095 60841.74075321 3
METOA                60841.80000097 60841.80964257 48
METOA                60841.86790603 60841.87624204 15
METOA                60842.29734895 60842.30329810 8
METOA                60842.36356937 60842.37172975 51
METOA                60842.75278512 60842.75960456 9
METOA                60842.81785668 60842.82766726 81
METOA                60842.88698224 60842.89351496 7
METOA                60843.31476906 60843.32210866 17
METOA                60843.38175718 60843.38936890 24
METOA                60843.76983655 60843.77804736 17
METOA                60843.83595720 60843.84556546 45
METOA                60844.33247409 60844.34050727 36
METOA                60844.40006387 60844.40669437 12
METOA                60844.78722516 60844.79629195 29
METOA                60844.85432689 60844.86331001 24
METOA                60845.28503222 60845.28892957 3
METOA                60845.35035796 60845.35860522 83
METOA                60845.41865692 60845.42359735 5
METOA                60845.74084789 60845.74569096 4
METOA                60845.80488228 60845.81439624 55
METOA                60845.87307340 60845.88082768 12
METOA                60846.30195780 60846.30831488 10
METOA                60846.36838040 60846.37643621 42
METOA                60846.75746662 60846.76442845 10
METOA                60846.82278512 60846.83237598 73
METOA                60846.89233841 60846.89791477 5
METOA                60847.31944475 60847.32700295 21
METOA                60847.38658623 60847.39399814 20
METOA                60847.77458398 60847.78281335 18
METOA                60847.84097663 60847.85022035 38
METOA                60848.33718000 60848.34531643 44
METOA                60848.40492733 60848.41122751 10
METOA                60848.79202321 60848.80101262 33
METOA                60848.85941173 60848.86789719 20
METOA                60849.28939820 60849.29413439 4
METOA                60849.35508147 60849.36334118 80
METOA                60849.42361681 60849.42796961 4
METOA                60849.74539050 60849.75053040 4
METOA                60849.80972545 60849.81907417 63
METOA                60849.87822786 60849.88531005 10
METOA                60850.30651049 60850.31327447 12
METOA                60850.37316066 60850.38110372 35
METOA                60850.76211347 60850.76917411 11
METOA                60850.82772030 60850.83701196 62
METOA                60850.89776760 60850.90212453 3
METOA                60851.32405438 60851.33185102 25
METOA                60851.39133802 60851.39857818 18
METOA                60851.77929118 60851.78750586 20
METOA                60851.84591874 60851.85479852 31
METOA                60852.34181698 60852.35008319 54
METOA                60852.40972195 60852.41571529 9
METOA                60852.79677785 60852.80566165 37
METOA                60852.86442712 60852.87240086 16
METOA                60853.29376099 60853.29923015 6
METOA                60853.35973493 60853.36803635 66
METOA                60853.42853317 60853.43227081 3
METOA                60853.74990442 60853.75528609 5
METOB                60833.17027940 60833.17627628 5
METOB                60833.23799835 60833.24872440 65
METOB                60833.30811264 60833.31683172 15
METOB                60833.64238386 60833.64975877 9
METOB                60833.70958815 60833.72031304 78
METOB                60833.78081680 60833.78885157 10
METOB                60834.22369670 60834.23416935 40
METOB                60834.29344900 60834.30305460 23
METOB                60834.62918890 60834.63472608 4
METOB                60834.69534704 60834.70586469 49
METOB                60834.76563543 60834.77492152 18
METOB                60835.20948941 60835.21944131 26
METOB                60835.27887411 60835.28909437 35
METOB                60835.68125951 60835.69134798 32
METOB                60835.75074619 60835.76081131 28
METOB                60836.19540865 60836.20450506 16
METOB                60836.26437200 60836.27497239 55
METOB                60836.33539211 60836.34138420 5
METOB                60836.66733533 60836.67675584 21
METOB                60836.73605541 60836.74658284 45
METOB                60837.18152430 60837.18928642 9
METOB                60837.24993698 60837.26069869 86
METOB                60837.32039298 60837.32809989 10
METOB                60837.65360086 60837.66206883 13
METOB                60837.72153279 60837.73226482 72
METOB                60837.79371748 60837.80018013 6
METOB                60838.16803622 60838.17358405 4
METOB                60838.23557130 60838.24627444 60
METOB                60838.30562613 60838.31450742 16
METOB                60838.64010711 60838.64724221 8
METOB                60838.70716408 60838.71787250 73
METOB                60838.77823748 60838.78650411 11
METOB                60839.22128138 60839.23169209 37
METOB                60839.29097691 60839.30069778 24
METOB                60839.62704029 60839.63215026 3
METOB                60839.69294613 60839.70341204 46
METOB                60839.76310195 60839.77253823 19
METOB                60840.20708992 60840.21693257 24
METOB                60840.27641290 60840.28670938 37
METOB                60840.67888095 60840.68888293 30
METOB                60840.74824563 60840.75840510 30
METOB                60841.19303292 60841.20195658 15
METOB                60841.26192019 60841.27256158 59
METOB                60841.33280738 60841.33914983 6
METOB                60841.66498316 60841.67427622 19
METOB                60841.73358147 60841.74415960 48
METOB                60842.17918964 60842.18667962 8
METOB                60842.24749450 60842.25826270 87
METOB                60842.31788131 60842.32580249 11
METOB                60842.65128087 60842.65956983 12
METOB                60842.71908237 60842.72982777 77
METOB                60842.79106450 60842.79788216 6
METOB                60843.16580705 60843.17085235 3
METOB                60843.23313911 60843.24381267 56
METOB                60843.30313527 60843.31217021 17
METOB                60843.63783193 60843.64471225 7
METOB                60843.70473593 60843.71542308 68
METOB                60843.77562710 60843.78414516 13
METOB                60844.21886141 60844.22920242 35
METOB                60844.28849972 60844.29832894 26
METOB                60844.62485258 60844.62954862 3
METOB                60844.69054034 60844.70095064 43
METOB                60844.76056660 60844.77014392 21
METOB                60845.20468675 60845.21441039 22
METOB                60845.27394628 60845.28431284 40
METOB                60845.34553240 60845.34982745 2
METOB                60845.67649915 60845.68640869 28
METOB                60845.74574201 60845.75598891 33
METOB                60846.19065529 60846.19939265 14
METOB                60846.25946292 60846.27013923 63
METOB                60846.33025728 60846.33689346 6
METOB                60846.66262855 60846.67178684 18
METOB                60846.73110394 60846.74172708 52
METOB                60846.80439335 60846.80881518 2
METOB                60847.17685844 60847.18405182 7
METOB                60847.24504663 60847.25581507 82
METOB                60847.31536669 60847.32349078 12
METOB                60847.64895991 60847.65705981 11
METOB                60847.71662818 60847.72738169 83
METOB                60847.78841931 60847.79556356 7
METOB                60848.16360989 60848.16807037 2
METOB                60848.23070187 60848.24133895 52
METOB                60848.30063989 60848.30982047 18
METOB                60848.63555932 60848.64216794 6
METOB                60848.70230407 60848.71296470 63
METOB                60848.77304861 60848.78177064 14
METOB                60849.21643693 60849.22670010 32
METOB                60849.28601737 60849.29594807 28
METOB                60849.62268424 60849.62691609 2
METOB                60849.68813119 60849.69848018 40
METOB                60849.75802928 60849.76773873 22
METOB                60850.20228011 60850.21187442 21
METOB                60850.27147423 60850.28190456 43
METOB                60850.34289952 60850.34765818 3
METOB                60850.67411429 60850.68392511 26
METOB                60850.74323537 60850.75356309 35
METOB                60851.18827625 60851.19681246 12
METOB                60851.25700018 60851.26770527 68
METOB                60851.32770768 60851.33461900 7
