iss                  60832.95517981 60832.95873119 3
iss                  60833.01988439 60833.02733508 55
iss                  60833.08749297 60833.09425708 16
iss                  60833.15650779 60833.16117384 4
iss                  60833.22479752 60833.22950713 5
iss                  60833.29169856 60833.29851508 17
iss                  60833.35862864 60833.36609019 50
iss                  60833.98565387 60833.99275728 27
iss                  60834.05268826 60834.05987218 25
iss                  60834.12146042 60834.12667150 6
iss                  60834.19019135 60834.19450605 4
iss                  60834.25731515 60834.26359808 11
iss                  60834.32412864 60834.33167734 77
iss                  60834.39191334 60834.39742501 8
iss                  60834.95163350 60834.95801774 14
iss                  60835.01799325 60835.02544402 44
iss                  60835.08639948 60835.09222106 9
iss                  60835.15541282 60835.15960515 3
iss                  60835.22289450 60835.22857203 8
iss                  60835.28966700 60835.29708276 39
iss                  60835.35699634 60835.36362975 16
iss                  60835.91793652 60835.92300232 6
iss                  60835.98342461 60835.99095323 88
iss                  60836.05137675 60836.05778713 12
iss                  60836.12045865 60836.12484162 4
iss                  60836.18840848 60836.19347580 6
iss                  60836.25522124 60836.26232363 23
iss                  60836.32227170 60836.32951225 31
iss                  60836.94900271 60836.95637503 43
iss                  60837.01642781 60837.02334335 19
iss                  60837.08537608 60837.09020220 5
iss                  60837.15381857 60837.15836516 4
iss                  60837.22077256 60837.22741565 15
iss                  60837.28765022 60837.29515779 65
iss                  60837.35594191 60837.36015892 4
iss                  60837.91475679 60837.92167312 21
iss                  60837.98157722 60837.98886884 30
iss                  60838.05023572 60838.05564444 7
iss                  60838.11907915 60838.12331092 4
iss                  60838.18630156 60838.19237949 10
iss                  60838.25308743 60838.26060492 61
iss                  60838.32068842 60838.32663783 10
iss                  60838.88074889 60838.88678109 11
iss                  60838.94684311 60838.95434479 55
iss                  60839.01510128 60839.02112604 10
iss                  60839.08415905 60839.08837589 3
iss                  60839.15178465 60839.15724481 7
iss                  60839.21855530 60839.22587515 32
iss                  60839.28577106 60839.29264452 20
iss                  60839.84707549 60839.85153108 4
iss                  60839.91224322 60839.91974999 71
iss                  60839.98001940 60839.98661424 14
iss                  60840.04907302 60840.05358046 4
iss                  60840.11718998 60840.12205662 5
iss                  60840.18403287 60840.19098493 20
iss                  60840.25100911 60840.25836439 39
iss                  60840.87779900 60840.88505659 33
iss                  60840.94502166 60840.95208514 22
iss                  60841.01388121 60841.01889719 5
iss                  60841.08247495 60841.08687767 4
iss                  60841.14950107 60841.15595113 13
iss                  60841.21633324 60841.22386190 84
iss                  60841.28432565 60841.28927022 6
iss                  60841.84354896 60841.85022068 17
iss                  60841.91013009 60841.91751844 36
iss                  60841.97865538 60841.98428043 8
iss                  60842.04759477 60842.05178056 3
iss                  60842.11493934 60842.12079726 9
iss                  60842.18170581 60842.18916799 47
iss                  60842.24914528 60842.25547206 13
iss                  60842.80957728 60842.81515463 8
iss                  60842.87536205 60842.88289493 72
iss                  60842.94345424 60842.94969068 11
iss                  60843.01253140 60843.01681730 4
iss                  60843.08032129 60843.08555837 6
iss                  60843.14710153 60843.15430206 26
iss                  60843.21421477 60843.22129171 25
iss                  60843.77607662 60843.77958108 2
iss                  60843.84073662 60843.84819142 54
iss                  60843.90831912 60843.91509838 16
iss                  60843.97731855 60843.98198935 4
iss                  60844.04561077 60844.05028615 5
iss                  60844.11250030 60844.11927993 17
iss                  60844.17941057 60844.18685143 51
iss                  60844.24804920 60844.25137206 2
iss                  60844.80627925 60844.81337565 26
iss                  60844.87327789 60844.88048116 26
iss                  60844.94202583 60844.94725829 6
iss                  60845.01076181 60845.01504981 4
iss                  60845.07788280 60845.08412096 11
iss                  60845.14467763 60845.15220053 75
iss                  60845.21242627 60845.21796485 8
iss                  60845.77204017 60845.77839206 13
iss                  60845.83835052 60845.84581910 46
iss                  60845.90672265 60845.91257860 9
iss                  60845.97573475 60845.97991974 3
iss                  60846.04322634 60846.04885231 8
iss                  60846.10998351 60846.11736461 38
iss                  60846.17728056 60846.18392954 16
AO-07                60832.90381883 60832.91930427 68
AO-07                60832.98254801 60832.99614387 25
AO-07                60833.28323123 60833.29462788 13
AO-07                60833.35849330 60833.37385792 69
AO-07                60833.43806607 60833.45156301 22
AO-07                60833.86260508 60833.87672764 27
AO-07                60833.94053407 60833.95581077 59
AO-07                60834.01991941 60834.03056916 11
AO-07                60834.24581384 60834.25145986 2
AO-07                60834.31792555 60834.33191245 30
AO-07                60834.39519817 60834.41052018 57
AO-07                60834.47769077 60834.48650816 6
AO-07                60834.82264739 60834.83218271 7
AO-07                60834.89888189 60834.91431859 61
AO-07                60834.97754289 60834.99142796 28
AO-07                60835.27866213 60835.28957405 12
AO-07                60835.35361747 60835.36889925 63
AO-07                60835.43288571 60835.44674450 25
AO-07                60835.85777466 60835.87156737 24
AO-07                60835.93557149 60835.95094757 66
AO-07                60836.01485784 60836.02601926 12
AO-07                60836.31319535 60836.32691191 27
AO-07                60836.39019911 60836.40560646 64
AO-07                60836.47214654 60836.48196543 8
AO-07                60836.81813458 60836.82660384 5
AO-07                60836.89397070 60836.90931480 55
AO-07                60836.97254361 60836.98669255 31
AO-07                60837.05287847 60837.05907755 3
AO-07                60837.27412095 60837.28450897 10
AO-07                60837.34875868 60837.36393557 57
AO-07                60837.42773319 60837.44190935 28
AO-07                60837.85296816 60837.86637840 21
AO-07                60837.93061443 60837.94606750 73
AO-07                60838.00980720 60838.02144235 14
AO-07                60838.30848507 60838.32190596 24
AO-07                60838.38521814 60838.40068548 71
AO-07                60838.46668933 60838.47735009 10
AO-07                60838.81374529 60838.82088527 3
AO-07                60838.88906810 60838.90429236 49
AO-07                60838.96754992 60838.98193818 35
AO-07                60839.04765645 60839.05479142 4
AO-07                60839.26961031 60839.27943039 9
AO-07                60839.34391708 60839.35896696 51
AO-07                60839.42260631 60839.43705955 32
AO-07                60839.84817632 60839.86115819 18
AO-07                60839.92566303 60839.94117061 80
AO-07                60840.00476656 60840.01683993 16
AO-07                60840.30378856 60840.31689396 22
AO-07                60840.38025488 60840.39575772 78
AO-07                60840.46129922 60840.47268140 12
AO-07                60840.88417276 60840.89925057 44
AO-07                60840.96256164 60840.97716535 38
AO-07                60841.04248416 60841.05043929 5
AO-07                60841.26519149 60841.27433743 7
AO-07                60841.33909596 60841.35399348 46
AO-07                60841.41750329 60841.43219668 36
AO-07                60841.84340856 60841.85590256 16
AO-07                60841.92071742 60841.93625692 87
AO-07                60841.99973456 60842.01221350 18
AO-07                60842.29911996 60842.31187584 19
AO-07                60842.37530903 60842.39082361 86
AO-07                60842.45596357 60842.46797122 14
AO-07                60842.87928879 60842.89418861 39
AO-07                60842.95757867 60842.97237439 42
AO-07                60843.03734648 60843.04603594 6
AO-07                60843.26075362 60843.26922152 6
AO-07                60843.33428926 60843.34901511 41
AO-07                60843.41242267 60843.42732231 40
AO-07                60843.83866956 60843.85060680 13
AO-07                60843.91577822 60843.93132633 84
AO-07                60843.99471032 60844.00756423 20
AO-07                60844.29447354 60844.30685088 17
AO-07                60844.37038039 60844.38588349 86
AO-07                60844.45067369 60844.46322768 16
AO-07                60844.87441580 60844.88910538 35
AO-07                60844.95260093 60844.96756584 47
AO-07                60845.03223456 60845.04159023 8
AO-07                60845.25636002 60845.26407893 5
AO-07                60845.32950078 60845.34403195 37
AO-07                60845.40736325 60845.42243738 45
AO-07                60845.49150949 60845.49717010 2
AO-07                60845.83396498 60845.84526433 11
AO-07                60845.91084522 60845.92637872 77
AO-07                60845.98969315 60846.00289307 22
AO-07                60846.28985033 60846.30181843 15
AO-07                60846.36546881 60846.38093765 78
AO-07                60846.44542334 60846.45845666 19
AO-07                60846.86955509 60846.88399990 31
AO-07                60846.94762840 60846.96273971 52
AO-07                60847.02714271 60847.03710790 9
AO-07                60847.25202055 60847.25889979 4
AO-07                60847.32473037 60847.33904379 34
AO-07                60847.40232406 60847.41754290 50
AO-07                60847.48560225 60847.49296113 4
AO-07                60847.82930354 60847.83986598 9
AO-07                60847.90591903 60847.92141384 69
AO-07                60847.98468253 60847.99820102 25
AO-07                60848.28525163 60848.29677755 14
AO-07                60848.36057425 60848.37598634 71
LO-19                60832.86829954 60832.87245687 8
LO-19                60832.93224540 60832.94255660 61
LO-19                60833.00260556 60833.00854809 5
LO-19                60833.33180709 60833.34024702 15
LO-19                60833.39942904 60833.40970249 58
LO-19                60833.47176241 60833.47631902 3
LO-19                60833.84252387 60833.84777965 4
LO-19                60833.90940299 60833.91977350 62
LO-19                60833.97892101 60833.98726652 14
LO-19                60834.31044336 60834.31664618 6
LO-19                60834.37660334 60834.38688031 65
LO-19                60834.44689467 60834.45493330 12
LO-19                60834.88677452 60834.89657496 28
LO-19                60834.95566285 60834.96533455 29
LO-19                60835.35417697 60835.36386631 30
LO-19                60835.42306625 60835.43268604 26
LO-19                60835.86447170 60835.87285226 13
LO-19                60835.93262904 60835.94295004 61
LO-19                60836.00298780 60836.00894199 5
LO-19                60836.33219324 60836.34063313 15
LO-19                60836.39981654 60836.41008777 58
LO-19                60836.47215284 60836.47670140 3
LO-19                60836.84290178 60836.84817810 4
LO-19                60836.90978576 60836.92016610 63
LO-19                60836.97930329 60836.98765850 14
LO-19                60837.31082715 60837.31703185 6
LO-19                60837.37698892 60837.38726479 65
LO-19                60837.44728145 60837.45531672 12
LO-19                60837.88715585 60837.89696689 29
LO-19                60837.95604437 60837.96572532 29
LO-19                60838.35456062 60838.36425000 30
LO-19                60838.42345096 60838.43306894 26
LO-19                60838.86485110 60838.87324399 13
LO-19                60838.93300956 60838.94333975 61
LO-19                60839.00336635 60839.00933253 5
LO-19                60839.33257486 60839.34101612 15
LO-19                60839.40019936 60839.41046992 58
LO-19                60839.47253733 60839.47708178 3
LO-19                60839.84327680 60839.84857211 4
LO-19                60839.91016512 60839.92055485 63
LO-19                60839.97968202 60839.98804693 14
LO-19                60840.31120637 60840.31741455 6
LO-19                60840.37736991 60840.38764614 65
LO-19                60840.44766321 60840.45569729 12
LO-19                60840.88753387 60840.89735485 29
LO-19                60840.95642244 60840.96611238 29
LO-19                60841.35493975 60841.36463056 30
LO-19                60841.42383087 60841.43344883 26
LO-19                60841.86522733 60841.87363156 13
LO-19                60841.93338669 60841.94372562 61
LO-19                60842.00374139 60842.00971956 5
LO-19                60842.33295201 60842.34139604 15
LO-19                60842.40057753 60842.41084899 58
LO-19                60842.47291592 60842.47746019 3
LO-19                60842.84364909 60842.84896148 4
LO-19                60842.91054117 60842.92093963 63
LO-19                60842.98005733 60842.98843165 14
LO-19                60843.31158109 60843.31779432 6
LO-19                60843.37774634 60843.38802438 65
LO-19                60843.44803998 60843.45607506 12
LO-19                60843.88790867 60843.89773869 29
LO-19                60843.95679716 60843.96649559 29
LO-19                60844.35531440 60844.36500803 30
LO-19                60844.42420604 60844.43382573 26
LO-19                60844.86560050 60844.87401481 13
LO-19                60844.93376053 60844.94410752 61
LO-19                60845.00411305 60845.01010289 5
LO-19                60845.33332475 60845.34177289 15
LO-19                60845.40095110 60845.41122500 58
LO-19                60845.47328866 60845.47783666 3
LO-19                60845.84401880 60845.84934601 4
LO-19                60845.91091400 60845.92132031 63
LO-19                60845.98042933 60845.98881253 14
LO-19                60846.31195139 60846.31817114 6
LO-19                60846.37811828 60846.38839953 65
LO-19                60846.44841182 60846.45645004 12
LO-19                60846.88828033 60846.89811830 29
LO-19                60846.95716860 60846.96687484 29
LO-19                60847.35568465 60847.36538241 30
LO-19                60847.42457652 60847.43419966 26
LO-19                60847.86597069 60847.87439363 13
LO-19                60847.93413115 60847.94448534 61
LO-19                60848.00448148 60848.01048237 5
LO-19                60848.33369316 60848.34214668 15
LO-19                60848.40132013 60848.41159797 58
LO-19                60848.47365568 60848.47821116 3
LO-19                60848.84438605 60848.84972552 4
LO-19                60848.91128367 60848.92169679 63
LO-19                60848.98079809 60848.98918945 14
LO-19                60849.31231738 60849.31854499 6
LO-19                60849.37848580 60849.38877161 65
LO-19                60849.44877881 60849.45682223 12
LO-19                60849.88864892 60849.89849355 29
LO-19                60849.95753685 60849.96725002 29
LO-19                60850.35605058 60850.36575368 30
LO-19                60850.42494241 60850.43457061 26
LO-19                60850.86633797 60850.87476788 13
LO-19                60850.93449861 60850.94485896 61
LO-19                60851.00484677 60851.01085783 5
FO-29                60832.98515848 60832.99404522 9
FO-29                60833.05462551 60833.06835280 57
FO-29                60833.12828690 60833.14093598 25
FO-29                60833.52547645 60833.52993131 2
FO-29                60833.59600356 60833.60668317 60
FO-29                60833.66962293 60833.67821842 14
FO-29                60834.01754332 60834.02956408 23
FO-29                60834.08912959 60834.10300769 62
FO-29                60834.16526045 60834.17423509 8
FO-29                60834.55818309 60834.56737106 17
FO-29                60834.63070780 60834.64112080 43
FO-29                60834.98184879 60834.99014030 7
FO-29                60835.05107126 60835.06458614 53
FO-29                60835.12456312 60835.13724913 26
FO-29                60835.59231684 60835.60289130 54
FO-29                60835.66586280 60835.67459755 15
FO-29                60836.01408904 60836.02574910 21
FO-29                60836.08550072 60836.09926969 66
FO-29                60836.16138174 60836.17065274 8
FO-29                60836.55456381 60836.56346455 15
FO-29                60836.62698346 60836.63741000 48
FO-29                60836.70199966 60836.70652602 3
FO-29                60836.97857545 60836.98620405 6
FO-29                60837.04752700 60837.06080885 49
FO-29                60837.12085094 60837.13355002 28
FO-29                60837.58862631 60837.59909857 48
FO-29                60837.66209568 60837.67097568 16
FO-29                60838.01064751 60838.02192056 19
FO-29                60838.08188107 60838.09552149 69
FO-29                60838.15752563 60838.16704771 9
FO-29                60838.55094439 60838.55955161 13
FO-29                60838.62325224 60838.63369969 53
FO-29                60838.69809727 60838.70309405 3
FO-29                60838.97540527 60838.98223076 5
FO-29                60839.04399456 60839.05702118 45
FO-29                60839.11714926 60839.12983936 30
FO-29                60839.58493036 60839.59530571 44
FO-29                60839.65832178 60839.66735335 18
FO-29                60840.00721864 60840.01807813 17
FO-29                60840.07826982 60840.09176354 73
FO-29                60840.15368903 60840.16342238 10
FO-29                60840.54732624 60840.55563171 12
FO-29                60840.61951430 60840.62999034 58
FO-29                60840.69420384 60840.69964437 4
FO-29                60840.97221935 60840.97820542 4
FO-29                60841.04046811 60841.05322345 41
FO-29                60841.11345700 60841.12611788 32
FO-29                60841.58122930 60841.59151296 39
FO-29                60841.65454142 60841.66373138 20
FO-29                60842.00380247 60842.01422139 16
FO-29                60842.07466609 60842.08799633 75
FO-29                60842.14986931 60842.15977915 11
FO-29                60842.54371036 60842.55170422 10
FO-29                60842.61577006 60842.62628237 65
FO-29                60842.69031643 60842.69618118 5
FO-29                60842.96910389 60842.97410762 3
FO-29                60843.03694970 60843.04941574 38
FO-29                60843.10977310 60843.12238629 34
FO-29                60843.57752357 60843.58772028 35
FO-29                60843.65075499 60843.66010983 21
FO-29                60844.00039921 60844.01034975 14
FO-29                60844.07106935 60844.08422036 76
FO-29                60844.14606420 60844.15611993 12
FO-29                60844.54009817 60844.54776828 9
FO-29                60844.61201987 60844.62257609 72
FO-29                60844.68643317 60844.69270751 6
FO-29                60845.03343857 60845.04559863 34
FO-29                60845.10609651 60845.11864533 36
FO-29                60845.57381366 60845.58392816 32
FO-29                60845.64696292 60845.65648928 24
FO-29                60845.99700915 60846.00646247 12
FO-29                60846.06747830 60846.08043619 75
FO-29                60846.14227168 60846.15244638 13
FO-29                60846.53649151 60846.54382260 8
FO-29                60846.60826420 60846.61887199 80
FO-29                60846.68252077 60846.68922766 7
FO-29                60847.02993427 60847.04177234 31
FO-29                60847.10242621 60847.11489574 38
FO-29                60847.57010012 60847.58013657 29
FO-29                60847.64316576 60847.65287004 26
FO-29                60847.99363346 60848.00255821 11
FO-29                60848.06389236 60848.07664437 72
FO-29                60848.13848995 60848.14876003 14
FO-29                60848.53289275 60848.53986551 7
FO-29                60848.60450379 60848.61516980 86
FO-29                60848.67864240 60848.68573850 8
FO-29                60849.02643611 60849.03793720 29
FO-29                60849.09876117 60849.11113823 41
FO-29                60849.56638361 60849.57634552 26
FO-29                60849.63936406 60849.64925233 29
FO-29                60849.99027348 60849.99863553 9
FO-29                60850.06031072 60850.07284528 68
FO-29                60850.13471738 60850.14506227 15
FO-29                60850.52931083 60850.53589472 6
FO-29                60850.60073895 60850.61146990 82
FO-29                60850.67476578 60850.68224386 9
FO-29                60851.02294367 60851.03409352 26
FO-29                60851.09510048 60851.10737356 43
FO-29                60851.56266478 60851.57255490 24
SO-50                60832.90657095 60832.91362184 10
SO-50                60832.97537643 60832.98452911 85
SO-50                60833.04615575 60833.05163197 5
SO-50                60833.49680084 60833.50158579 4
SO-50                60833.56322095 60833.57276361 64
SO-50                60833.63369403 60833.64174920 14
SO-50                60833.91929937 60833.92763174 20
SO-50                60833.98858041 60833.99734815 34
SO-50                60834.50809681 60834.51583626 13
SO-50                60834.57630883 60834.58583909 54
SO-50                60834.64802160 60834.65436513 6
SO-50                60834.86384247 60834.86914108 4
SO-50                60834.93218907 60834.94119879 43
SO-50                60835.00206307 60835.00967436 14
SO-50                60835.52031531 60835.52937805 30
SO-50                60835.58978671 60835.59876151 25
SO-50                60835.87636422 60835.88362544 11
SO-50                60835.94522705 60835.95436352 76
SO-50                60836.01622497 60836.02116758 4
SO-50                60836.46629138 60836.47167795 5
SO-50                60836.53304218 60836.54261323 73
SO-50                60836.60368076 60836.61153607 13
SO-50                60836.88910269 60836.89756213 22
SO-50                60836.95845395 60836.96711237 30
SO-50                60837.47777317 60837.48575927 15
SO-50                60837.54617602 60837.55565646 48
SO-50                60837.61808051 60837.62410555 6
SO-50                60837.83357336 60837.83920810 5
SO-50                60837.90200350 60837.91106288 49
SO-50                60837.97198237 60837.97934582 13
SO-50                60838.49006601 60838.49923702 34
SO-50                60838.55970078 60838.56854972 23
SO-50                60838.84612994 60838.85359339 12
SO-50                60838.91505524 60838.92416301 67
SO-50                60838.98631379 60838.99062609 3
SO-50                60839.43580510 60839.44169996 6
SO-50                60839.50284437 60839.51243201 82
SO-50                60839.57364901 60839.58129231 11
SO-50                60839.85888196 60839.86745649 25
SO-50                60839.92830573 60839.93684042 27
SO-50                60840.44743786 60840.45564421 17
SO-50                60840.51602364 60840.52544396 43
SO-50                60840.58812561 60840.59381064 5
SO-50                60840.80328688 60840.80923069 6
SO-50                60840.87179376 60840.88089204 56
SO-50                60840.94188583 60840.94897536 11
SO-50                60841.45979934 60841.46906339 38
SO-50                60841.52959521 60841.53830841 21
SO-50                60841.81587263 60841.82352325 13
SO-50                60841.88485991 60841.89392765 59
SO-50                60842.40532946 60842.41166333 7
SO-50                60842.47262727 60842.48222020 87
SO-50                60842.54359895 60842.55101800 10
SO-50                60842.82863704 60842.83731512 27
SO-50                60842.89813602 60842.90653211 24
SO-50                60843.41708943 60843.42549244 19
SO-50                60843.48585127 60843.49520169 39
SO-50                60843.55815826 60843.56347890 4
SO-50                60843.77298141 60843.77921044 7
SO-50                60843.84155986 60843.85068644 63
SO-50                60843.91177473 60843.91856168 9
SO-50                60844.42951478 60844.43885764 43
SO-50                60844.49946999 60844.50803735 19
SO-50                60844.78558136 60844.79341804 15
SO-50                60844.85464232 60844.86365748 51
SO-50                60845.37485675 60845.38157486 8
SO-50                60845.44239050 60845.45197802 79
SO-50                60845.51353083 60845.52071244 9
SO-50                60845.73037750 60845.73434159 2
SO-50                60845.79836797 60845.80713836 30
SO-50                60845.86794522 60845.87618715 21
SO-50                60846.38672664 60846.39530504 21
SO-50                60846.45565885 60846.46492975 35
SO-50                60846.52818071 60846.53310796 3
SO-50                60846.74265574 60846.74914900 8
SO-50                60846.81130165 60846.82044625 72
SO-50                60846.88165108 60846.88810271 8
SO-50                60847.39921237 60847.40862016 49
SO-50                60847.46932510 60847.47773648 17
SO-50                60847.75527495 60847.76327373 16
SO-50                60847.82440030 60847.83335251 45
SO-50                60848.34438175 60848.35143943 10
SO-50                60848.41213396 60848.42170565 71
SO-50                60848.48344475 60848.49037553 8
SO-50                60848.69996295 60848.70437244 3
SO-50                60848.76807454 60848.77692669 34
SO-50                60848.83773378 60848.84580519 19
SO-50                60849.35634851 60849.36508291 23
SO-50                60849.42544626 60849.43462821 31
SO-50                60849.49819569 60849.50269434 3
SO-50                60849.71230894 60849.71904746 9
SO-50                60849.78101945 60849.79017163 81
SO-50                60849.85157004 60849.85759483 7
SO-50                60850.30298202 60850.30678790 2
SO-50                60850.36889050 60850.37835132 55
SO-50                60850.43916055 60850.44740580 16
SO-50                60850.72494622 60850.73309304 18
SO-50                60850.79413519 60850.80301273 40
SO-50                60851.31390076 60851.32126048 11
HO-68                60832.86829954 60832.87737321 11
HO-68                60833.15354701 60833.16270215 9
HO-68                60833.22516492 60833.23868503 62
HO-68                60833.30097282 60833.31296727 21
HO-68                60833.70632940 60833.71655397 12
HO-68                60833.77995310 60833.79357948 86
HO-68                60833.85549912 60833.86631876 16
HO-68                60834.14284369 60834.15044378 6
HO-68                60834.21356539 60834.22680006 47
HO-68                60834.28869854 60834.30139478 29
HO-68                60834.69515486 60834.70372258 7
HO-68                60834.76816229 60834.78173150 66
HO-68                60834.84346199 60834.85512245 21
HO-68                60835.13239522 60835.13795985 3
HO-68                60835.20206079 60835.21488016 35
HO-68                60835.27655745 60835.28974526 39
HO-68                60835.68440815 60835.69038754 3
HO-68                60835.75641544 60835.76978468 49
HO-68                60835.83147320 60835.84380464 28
HO-68                60836.19065965 60836.20292351 27
HO-68                60836.26453151 60836.27803561 53
HO-68                60836.34355067 60836.35034737 4
HO-68                60836.74471720 60836.75773173 36
HO-68                60836.81952488 60836.83237711 37
HO-68                60836.89631569 60836.90235840 3
HO-68                60837.17937050 60837.19092508 20
HO-68                60837.25260972 60837.26627683 71
HO-68                60837.33036575 60837.33945774 8
HO-68                60837.73308390 60837.74556001 27
HO-68                60837.80761291 60837.82084804 49
HO-68                60837.88389024 60837.89182252 6
HO-68                60838.16820613 60838.17887604 15
HO-68                60838.24078573 60838.25447600 88
HO-68                60838.31761314 60838.32822023 13
HO-68                60838.72153311 60838.73324931 19
HO-68                60838.79573578 60838.80922193 66
HO-68                60838.87165703 60838.88100917 10
HO-68                60839.15717971 60839.16676024 11
HO-68                60839.22905643 60839.24263756 68
HO-68                60839.30510863 60839.31679853 19
HO-68                60839.71010375 60839.72076489 14
HO-68                60839.78389359 60839.79750135 85
HO-68                60839.85952957 60839.87000758 14
HO-68                60840.14639999 60840.15454759 7
HO-68                60840.21742456 60840.23076395 51
HO-68                60840.29278254 60840.30525782 26
HO-68                60840.69884381 60840.70804155 9
HO-68                60840.77208882 60840.78568624 73
HO-68                60840.84747233 60840.85885698 19
HO-68                60841.13582512 60841.14215949 4
HO-68                60841.20588629 60841.21885579 39
HO-68                60841.28059827 60841.29363209 35
HO-68                60841.68790560 60841.69492568 4
HO-68                60841.76032576 60841.77377392 54
HO-68                60841.83546751 60841.84757941 26
HO-68                60842.19444910 60842.20691148 29
HO-68                60842.26853439 60842.28194117 48
HO-68                60842.34813619 60842.35380243 3
HO-68                60842.74860890 60842.76175840 40
HO-68                60842.82350540 60842.83618867 34
HO-68                60842.90055308 60842.90574457 2
HO-68                60843.18312048 60843.19492750 22
HO-68                60843.25657785 60843.27019791 64
HO-68                60843.33471236 60843.34312897 7
HO-68                60843.73695182 60843.74962912 30
HO-68                60843.81158077 60843.82469384 45
HO-68                60843.88801128 60843.89535357 5
HO-68                60844.17191179 60844.18289651 17
HO-68                60844.24472086 60844.25841047 84
HO-68                60844.32184482 60844.33198248 11
HO-68                60844.72536972 60844.73736896 22
HO-68                60844.79969114 60844.81310065 60
HO-68                60844.87572544 60844.88462150 9
HO-68                60845.16084038 60845.17080524 12
HO-68                60845.23295934 60845.24658414 74
HO-68                60845.30926557 60845.32061393 17
HO-68                60845.71388944 60845.72494917 15
HO-68                60845.78783652 60845.80141243 79
HO-68                60845.86356627 60845.87367908 13
HO-68                60846.14992777 60846.15862857 8
HO-68                60846.22129233 60846.23472199 56
HO-68                60846.29688334 60846.30910896 24
HO-68                60846.70256551 60846.71231807 10
HO-68                60846.77601815 60846.78962997 80
HO-68                60846.85148686 60846.86257682 18
HO-68                60847.13930796 60847.14631407 5
HO-68                60847.20972336 60847.22282524 43
HO-68                60847.28465332 60847.29750920 32
HO-68                60847.69148914 60847.69936530 6
HO-68                60847.76423978 60847.77775152 60
HO-68                60847.83946487 60847.85134117 23
HO-68                60848.19825092 60848.21089309 32
HO-68                60848.27254990 60848.28583876 43
HO-68                60848.75250545 60848.76577233 45
HO-68                60848.82748836 60848.83998823 31
HO-68                60849.18688419 60849.19892279 24
HO-68                60849.26055760 60849.27411200 58
HO-68                60849.33911863 60849.34674765 5
HO-68                60849.74082639 60849.75368350 33
AO-73                60832.86888627 60832.87322421 3
AO-73                60833.24747443 60833.25605480 40
AO-73                60833.31413068 60833.32139803 13
AO-73                60833.73576141 60833.74106835 5
AO-73                60833.80035521 60833.80881153 74
AO-73                60833.86768597 60833.87218647 4
AO-73                60834.24635589 60834.25490381 38
AO-73                60834.31293636 60834.32029171 14
AO-73                60834.73469569 60834.73980352 5
AO-73                60834.79920749 60834.80765661 78
AO-73                60834.86647179 60834.87112971 4
AO-73                60835.24522212 60835.25373443 36
AO-73                60835.31172678 60835.31916669 14
AO-73                60835.73361946 60835.73851374 4
AO-73                60835.79804297 60835.80648351 81
AO-73                60835.86524275 60835.87005309 4
AO-73                60836.24407335 60836.25254662 35
AO-73                60836.31050194 60836.31802281 15
AO-73                60836.73253408 60836.73719767 4
AO-73                60836.79686168 60836.80529221 83
AO-73                60836.86399863 60836.86895683 5
AO-73                60837.24290957 60837.25134033 33
AO-73                60837.30926182 60837.31686045 16
AO-73                60837.73144041 60837.73585401 3
AO-73                60837.79566363 60837.80408269 83
AO-73                60837.86273917 60837.86784091 5
AO-73                60838.24173085 60838.25011551 31
AO-73                60838.30800641 60838.31567943 17
AO-73                60838.73034058 60838.73448077 3
AO-73                60838.79444884 60838.80285490 80
AO-73                60838.86146451 60838.86670586 6
AO-73                60839.24053723 60839.24887212 30
AO-73                60839.30673573 60839.31447982 18
AO-73                60839.72923719 60839.73307522 2
AO-73                60839.79321733 60839.80160881 77
AO-73                60839.86017412 60839.86555150 6
AO-73                60840.23932878 60840.24761011 28
AO-73                60840.30544976 60840.31326153 18
AO-73                60840.79196916 60840.80034440 72
AO-73                60840.85886807 60840.86437802 6
AO-73                60841.23810557 60841.24632943 27
AO-73                60841.30414850 60841.31202463 19
AO-73                60841.79070430 60841.79906161 68
AO-73                60841.85754625 60841.86318550 7
AO-73                60842.23686767 60842.24503001 26
AO-73                60842.30283194 60842.31076912 20
AO-73                60842.78942051 60842.79776042 64
AO-73                60842.85620857 60842.86197403 7
AO-73                60843.23561516 60843.24371182 24
AO-73                60843.30150010 60843.30949501 21
AO-73                60843.78812223 60843.79644077 60
AO-73                60843.85485496 60843.86074365 8
AO-73                60844.23434811 60844.24237478 23
AO-73                60844.30015297 60844.30820233 23
AO-73                60844.78680749 60844.79510261 56
AO-73                60844.85348535 60844.85949462 8
AO-73                60845.23306661 60845.24101883 22
AO-73                60845.29879624 60845.30689754 24
AO-73                60845.78547621 60845.79374590 52
AO-73                60845.85209969 60845.85822659 9
AO-73                60846.23177074 60846.23964390 21
AO-73                60846.29741856 60846.30556770 25
AO-73                60846.78412844 60846.79237057 49
AO-73                60846.85069793 60846.85693986 10
AO-73                60847.23046060 60847.23824993 20
AO-73                60847.29602560 60847.30421930 26
AO-73                60847.78276427 60847.79097657 46
AO-73                60847.84928003 60847.85563443 10
AO-73                60848.22913629 60848.23683682 19
AO-73                60848.29461736 60848.30285236 28
AO-73                60848.78138374 60848.78956382 43
AO-73                60848.84784601 60848.85431032 11
AO-73                60849.22779812 60849.23540444 18
AO-73                60849.29319385 60849.30146689 29
AO-73                60849.77998693 60849.78813226 40
AO-73                60849.84639579 60849.85296753 11
AO-73                60850.22644582 60850.23395298 17
AO-73                60850.29175507 60850.30006290 31
AO-73                60850.77857390 60850.78668181 37
AO-73                60850.84492917 60850.85160609 12
AO-73                60851.22507973 60851.23248191 16
AO-73                60851.29030104 60851.29864039 33
AO-73                60851.77714473 60851.78521238 35
AO-73                60851.84344650 60851.85022600 13
AO-73                60852.22369998 60852.23099131 15
AO-73                60852.28883176 60852.29719939 35
AO-73                60852.77569950 60852.78372389 33
AO-73                60852.84194759 60852.84882727 14
AO-73                60853.22230673 60853.22948104 14
AO-73                60853.28734725 60853.29573989 37
AO-73                60853.77423854 60853.78221624 31
AO-73                60853.84043245 60853.84740990 15
AO-73                60854.22090020 60854.22795098 13
AO-73                60854.28584752 60854.29426190 40
AO-73                60854.77276135 60854.78068931 29
AO-73                60854.83890107 60854.84597390 16
AO-73                60855.21948056 60855.22640095 12
AO-73                60855.28433259 60855.29276544 43
AO-73                60855.77126868 60855.77914300 27
TITA                 60833.08004800 60833.08823716 63
TITA                 60833.14646459 60833.15208403 7
TITA                 60833.52393386 60833.53171461 22
TITA                 60833.58937156 60833.59717433 22
TITA                 60834.07342922 60834.08151953 45
TITA                 60834.13957409 60834.14581435 10
TITA                 60834.51750226 60834.52492983 17
TITA                 60834.58254248 60834.59061740 29
TITA                 60835.06682423 60835.07474816 33
TITA                 60835.13272097 60835.13946338 13
TITA                 60835.51111124 60835.51810143 13
TITA                 60835.57574895 60835.58401871 38
TITA                 60836.06023657 60836.06791964 25
TITA                 60836.12589968 60836.13305007 17
TITA                 60836.50476920 60836.51122199 10
TITA                 60836.56898744 60836.57738187 52
TITA                 60837.05367106 60837.06102892 18
TITA                 60837.11909197 60837.12656778 23
TITA                 60837.49848987 60837.50427849 7
TITA                 60837.56221128 60837.57070616 72
TITA                 60837.63050812 60837.63421270 2
TITA                 60838.04713502 60838.05406801 14
TITA                 60838.11229931 60838.12002857 30
TITA                 60838.49229760 60838.49724690 5
TITA                 60838.55550761 60838.56399953 83
TITA                 60838.62306163 60838.62808088 5
TITA                 60839.04064041 60839.04702484 10
TITA                 60839.10547541 60839.11343231 40
TITA                 60839.48630553 60839.49007090 3
TITA                 60839.54883240 60839.55725945 61
TITA                 60839.61581256 60839.62174743 7
TITA                 60840.03420749 60840.03987832 7
TITA                 60840.09870607 60840.10678697 55
TITA                 60840.54218512 60840.55048594 44
TITA                 60840.60867417 60840.61529864 10
TITA                 60841.02787663 60841.03258683 4
TITA                 60841.09194743 60841.10009028 78
TITA                 60841.15889748 60841.16311545 3
TITA                 60841.53556735 60841.54367832 33
TITA                 60841.60161155 60841.60876890 14
TITA                 60842.08519966 60842.09334228 74
TITA                 60842.15177406 60842.15692849 6
TITA                 60842.52898150 60842.53683506 25
TITA                 60842.59460645 60842.60217616 19
TITA                 60843.07846105 60843.08654213 53
TITA                 60843.14473555 60843.15061117 8
TITA                 60843.52243036 60843.52995343 19
TITA                 60843.58764764 60843.59553149 25
TITA                 60844.07173798 60844.07968809 38
TITA                 60844.13774727 60844.14419912 11
TITA                 60844.51591900 60844.52302945 15
TITA                 60844.58072833 60844.58884156 33
TITA                 60845.06503160 60845.07277723 28
TITA                 60845.13079210 60845.13770984 15
TITA                 60845.50945495 60845.51605609 11
TITA                 60845.57384393 60845.58211098 45
TITA                 60846.05834587 60846.06580517 21
TITA                 60846.12386651 60846.13116033 20
TITA                 60846.50305039 60846.50902222 8
TITA                 60846.56694729 60846.57533968 62
TITA                 60847.05168741 60847.05876487 15
TITA                 60847.11695333 60847.12454290 26
TITA                 60847.49672611 60847.50190707 5
TITA                 60847.56012465 60847.56853608 86
TITA                 60847.62797473 60847.63237740 3
TITA                 60848.04506647 60848.05164600 11
TITA                 60848.11001129 60848.11786588 35
TITA                 60848.49052711 60848.49466602 3
TITA                 60848.55333155 60848.56169799 69
TITA                 60848.62053435 60848.62601665 6
TITA                 60849.03849996 60849.04443103 8
TITA                 60849.10312503 60849.11113774 49
TITA                 60849.54656806 60849.55482571 49
TITA                 60849.61323877 60849.61950718 9
TITA                 60850.03201954 60850.03708684 5
TITA                 60850.09625038 60850.10435669 69
TITA                 60850.16337906 60850.16711951 3
TITA                 60850.53983476 60850.54791878 36
TITA                 60850.60603460 60850.61290180 12
TITA                 60851.02570114 60851.02953547 3
TITA                 60851.08938734 60851.09752312 83
TITA                 60851.15608274 60851.16090941 5
TITA                 60851.53313365 60851.54097589 27
TITA                 60851.59889665 60851.60622535 17
TITA                 60852.08253413 60852.09063655 59
TITA                 60852.14890161 60852.15453791 7
TITA                 60852.52646781 60852.53399453 20
TITA                 60852.59181107 60852.59949146 22
TITA                 60853.07569639 60853.08369554 42
TITA                 60853.14178328 60853.14805828 10
TITA                 60853.51984192 60853.52697098 15
TITA                 60853.58476881 60853.59270899 30
TITA                 60854.06887488 60854.07669750 30
TITA                 60854.13470488 60854.14149400 14
TITA                 60854.51326312 60854.51989853 12
TITA                 60854.57776440 60854.58588343 40
TITA                 60855.06207371 60855.06963833 22
TITA                 60855.12766010 60855.13486477 19
TITA                 60855.50674308 60855.51276665 8
NOAA-15              60832.92550937 60832.93473143 19
NOAA-15              60832.99435501 60833.00460953 44
NOAA-15              60833.06563307 60833.07006697 3
NOAA-15              60833.39521502 60833.40462500 21
NOAA-15              60833.46377418 60833.47414717 41
NOAA-15              60833.90798309 60833.91563411 9
NOAA-15              60833.97614635 60833.98668531 80
NOAA-15              60834.04649005 60834.05362860 8
NOAA-15              60834.37794062 60834.38609727 12
NOAA-15              60834.44547691 60834.45612147 75
NOAA-15              60834.51731147 60834.52377813 6
NOAA-15              60834.89115236 60834.89570953 2
NOAA-15              60834.95805541 60834.96851527 56
NOAA-15              60835.02783623 60835.03655732 16
NOAA-15              60835.36110469 60835.36729318 5
NOAA-15              60835.42742888 60835.43797103 61
NOAA-15              60835.49787395 60835.50650364 14
NOAA-15              60835.94009820 60835.95008386 30
NOAA-15              60836.00938911 60836.01912240 28
NOAA-15              60836.40962746 60836.41970477 34
NOAA-15              60836.47900374 60836.48881989 25
NOAA-15              60836.92233092 60836.93133848 17
NOAA-15              60836.99108060 60837.00140468 49
NOAA-15              60837.06214810 60837.06717833 3
NOAA-15              60837.39209147 60837.40131098 19
NOAA-15              60837.46047672 60837.47091810 45
NOAA-15              60837.90488327 60837.91214166 8
NOAA-15              60837.97288924 60837.98343563 87
NOAA-15              60838.04312347 60838.05058495 9
NOAA-15              60838.37487916 60838.38274395 11
NOAA-15              60838.44222227 60838.45286657 83
NOAA-15              60838.51378082 60838.52071400 7
NOAA-15              60838.95481782 60838.96521985 50
NOAA-15              60839.02451154 60839.03343877 17
NOAA-15              60839.35815003 60839.36385809 4
NOAA-15              60839.42421486 60839.43469307 54
NOAA-15              60839.49446106 60839.50334003 15
NOAA-15              60839.93688582 60839.94673656 27
NOAA-15              60840.00608884 60840.01594897 30
NOAA-15              60840.40645595 60840.41640340 31
NOAA-15              60840.47565688 60840.48560795 28
NOAA-15              60840.91915909 60840.92792393 15
NOAA-15              60840.98779889 60840.99818408 54
NOAA-15              60841.05868739 60841.06424082 4
NOAA-15              60841.38896945 60841.39798087 18
NOAA-15              60841.45717872 60841.46767420 51
NOAA-15              60841.90179450 60841.90861461 7
NOAA-15              60841.96962530 60841.98017032 82
NOAA-15              60842.03975576 60842.04751867 11
NOAA-15              60842.37182410 60842.37937037 9
NOAA-15              60842.43896633 60842.44959763 88
NOAA-15              60842.51026971 60842.51761507 8
NOAA-15              60842.95157168 60842.96190806 45
NOAA-15              60843.02118144 60843.03030252 19
NOAA-15              60843.35522057 60843.36038425 4
NOAA-15              60843.42099977 60843.43140136 49
NOAA-15              60843.49105287 60843.50015641 17
NOAA-15              60843.93366908 60843.94337103 25
NOAA-15              60844.00278178 60844.01275941 33
NOAA-15              60844.40328422 60844.41308754 28
NOAA-15              60844.47231070 60844.48237991 31
NOAA-15              60844.91598712 60844.92448639 13
NOAA-15              60844.98451000 60844.99494796 61
NOAA-15              60845.05524170 60845.06126440 5
NOAA-15              60845.38584957 60845.39463478 16
NOAA-15              60845.45387977 60845.46441601 56
NOAA-15              60845.52666167 60845.53136033 3
NOAA-15              60845.89872203 60845.90504771 5
NOAA-15              60845.96635441 60845.97688941 75
NOAA-15              60846.03638592 60846.04443085 12
NOAA-15              60846.36877637 60846.37597547 8
NOAA-15              60846.43570918 60846.44631483 80
NOAA-15              60846.50677365 60846.51448618 9
NOAA-15              60846.94832168 60846.95857976 40
NOAA-15              60847.01784563 60847.02714873 21
NOAA-15              60847.35238343 60847.35686106 3
NOAA-15              60847.41778441 60847.42809578 44
NOAA-15              60847.48764844 60847.49695369 19
NOAA-15              60847.93044851 60847.93998684 22
NOAA-15              60847.99946791 60848.00955396 37
NOAA-15              60848.40011231 60848.40975714 25
NOAA-15              60848.46896457 60848.47913630 34
NOAA-15              60848.91281665 60848.92102458 12
NOAA-15              60848.98121425 60848.99169642 68
NOAA-15              60849.05177177 60849.05825742 6
NOAA-15              60849.38273154 60849.39127200 14
NOAA-15              60849.45057950 60849.46114348 63
NOAA-15              60849.52297276 60849.52838822 4
NOAA-15              60849.89567364 60849.90143292 4
NOAA-15              60849.96307695 60849.97359288 67
NOAA-15              60850.03301312 60850.04132283 13
NOAA-15              60850.36573803 60850.37255745 7
NOAA-15              60850.43245018 60850.44301842 72
NOAA-15              60850.50328889 60850.51133052 11
NOAA-15              60850.94506611 60850.95523485 36
NOAA-15              60851.01450396 60851.02397799 23
NOAA-15              60851.41456668 60851.42477636 40
NOAA-15              60851.48424640 60851.49373309 21
NOAA-15              60851.92722481 60851.93658342 20
NOAA-18              60833.06316697 60833.07187091 12
NOAA-18              60833.13219529 60833.14317785 70
NOAA-18              60833.20327485 60833.21043156 8
NOAA-18              60833.53728104 60833.54653325 18
NOAA-18              60833.60603262 60833.61687233 54
NOAA-18              60833.67962336 60833.68432248 3
NOAA-18              60834.05459097 60834.06231327 8
NOAA-18              60834.12322256 60834.13426144 87
NOAA-18              60834.19400106 60834.20209815 11
NOAA-18              60834.52876346 60834.53736978 13
NOAA-18              60834.59700777 60834.60795104 73
NOAA-18              60834.66958673 60834.67616396 6
NOAA-18              60835.04618639 60835.05255419 5
NOAA-18              60835.11427753 60835.12528547 68
NOAA-18              60835.18479735 60835.19365240 15
NOAA-18              60835.52034073 60835.52815090 10
NOAA-18              60835.58804290 60835.59899979 85
NOAA-18              60835.65987578 60835.66771524 9
NOAA-18              60836.03811539 60836.04241121 2
NOAA-18              60836.10536235 60836.11624829 51
NOAA-18              60836.17564440 60836.18511526 19
NOAA-18              60836.51203759 60836.51885350 7
NOAA-18              60836.57913675 60836.59002050 65
NOAA-18              60836.65031670 60836.65911843 13
NOAA-18              60837.09647763 60837.10714668 38
NOAA-18              60837.16653132 60837.17649925 25
NOAA-18              60837.50390440 60837.50942894 4
NOAA-18              60837.57028922 60837.58101397 49
NOAA-18              60837.64091569 60837.65042273 18
NOAA-18              60838.08763313 60838.09797536 29
NOAA-18              60838.15745163 60838.16781250 32
NOAA-18              60838.56150270 60838.57197989 37
NOAA-18              60838.63161537 60838.64165762 24
NOAA-18              60839.07883484 60839.08872614 22
NOAA-18              60839.14840144 60839.15906036 42
NOAA-18              60839.22031428 60839.22497551 3
NOAA-18              60839.55277737 60839.56291699 28
NOAA-18              60839.62239888 60839.63283902 32
NOAA-18              60840.07009504 60840.07938639 16
NOAA-18              60840.13937859 60840.15024628 56
NOAA-18              60840.21075004 60840.21697933 5
NOAA-18              60840.54411895 60840.55382226 22
NOAA-18              60840.61325564 60840.62397699 43
NOAA-18              60841.06143267 60841.06993535 12
NOAA-18              60841.13038222 60841.14137225 74
NOAA-18              60841.20139257 60841.20875699 8
NOAA-18              60841.53553337 60841.54469087 17
NOAA-18              60841.60417882 60841.61507818 58
NOAA-18              60841.67750325 60841.68273992 3
NOAA-18              60842.05288296 60842.06033665 8
NOAA-18              60842.12141256 60842.13243895 84
NOAA-18              60842.19213311 60842.20039315 11
NOAA-18              60842.52703117 60842.53551438 13
NOAA-18              60842.59516411 60842.60614705 77
NOAA-18              60842.66756182 60842.67448781 6
NOAA-18              60843.04452055 60843.05051252 4
NOAA-18              60843.11247093 60843.12344580 64
NOAA-18              60843.18293854 60843.19192237 15
NOAA-18              60843.51862771 60843.52627902 9
NOAA-18              60843.58620902 60843.59718648 81
NOAA-18              60843.65789647 60843.66599439 10
NOAA-18              60844.10355991 60844.11439083 47
NOAA-18              60844.17379188 60844.18336346 20
NOAA-18              60844.51035101 60844.51695855 6
NOAA-18              60844.57731255 60844.58819812 61
NOAA-18              60844.64836591 60844.65736913 14
NOAA-18              60845.09468000 60845.10527042 36
NOAA-18              60845.16468342 60845.17472761 26
NOAA-18              60845.50231506 60845.50749554 3
NOAA-18              60845.56847605 60845.57918256 46
NOAA-18              60845.63898630 60845.64865279 20
NOAA-18              60846.08584204 60846.09607882 27
NOAA-18              60846.15560734 60846.16602232 34
NOAA-18              60846.55969873 60846.57013928 35
NOAA-18              60846.62970276 60846.63987130 26
NOAA-18              60847.07705261 60847.08680669 20
NOAA-18              60847.14656017 60847.15725249 45
NOAA-18              60847.21834750 60847.22336189 3
NOAA-18              60847.55098479 60847.56106665 27
NOAA-18              60847.62050028 60847.63103890 34
NOAA-18              60848.06832530 60848.07744031 15
NOAA-18              60848.13753999 60848.14842122 59
NOAA-18              60848.20882766 60848.21530317 6
NOAA-18              60848.54233851 60848.55196137 21
NOAA-18              60848.61136928 60848.62216493 46
NOAA-18              60849.05968158 60849.06795601 11
NOAA-18              60849.12854634 60849.13953021 78
NOAA-18              60849.19949144 60849.20704283 9
NOAA-18              60849.53376709 60849.54281786 16
NOAA-18              60849.60230359 60849.61325526 62
NOAA-18              60849.67538899 60849.68110127 4
NOAA-18              60850.05116259 60850.05831148 7
NOAA-18              60850.11957963 60850.13057987 79
NOAA-18              60850.19024428 60850.19865024 12
NOAA-18              60850.52528174 60850.53362728 12
NOAA-18              60850.59329935 60850.60431401 82
NOAA-18              60850.66552485 60850.67277312 7
NOAA-18              60851.04286955 60851.04840967 4
NOAA-18              60851.11064141 60851.12156933 60
NOAA-19              60833.00022486 60833.00514058 3
NOAA-19              60833.06777418 60833.07858266 56
NOAA-19              60833.13814048 60833.14727864 17
NOAA-19              60833.47415614 60833.48151128 8
NOAA-19              60833.54152363 60833.55252218 74
NOAA-19              60833.61294259 60833.62147762 12
NOAA-19              60834.05903525 60834.06966139 42
NOAA-19              60834.12917261 60834.13884160 22
NOAA-19              60834.46608832 60834.47231704 5
NOAA-19              60834.53281213 60834.54368357 56
NOAA-19              60834.60366229 60834.61296796 16
NOAA-19              60835.05033335 60835.06067392 31
NOAA-19              60835.12023925 60835.13033296 29
NOAA-19              60835.45829363 60835.46294877 3
NOAA-19              60835.52415943 60835.53481821 42
NOAA-19              60835.59448889 60835.60438185 22
NOAA-19              60836.04167360 60836.05161333 24
NOAA-19              60836.11133578 60836.12175871 37
NOAA-19              60836.51556470 60836.52592522 32
NOAA-19              60836.58540276 60836.59573798 29
NOAA-19              60837.03306613 60837.04246903 18
NOAA-19              60837.10245952 60837.11312286 49
NOAA-19              60837.17406691 60837.17953642 4
NOAA-19              60837.50703291 60837.51700253 25
NOAA-19              60837.57639168 60837.58704793 38
NOAA-19              60838.02452719 60838.03322408 13
NOAA-19              60838.09360921 60838.10442781 66
NOAA-19              60838.16477281 60838.17154770 7
NOAA-19              60838.49856890 60838.50804641 19
NOAA-19              60838.56744778 60838.57831924 50
NOAA-19              60839.01608339 60839.02384989 9
NOAA-19              60839.08478459 60839.09567472 86
NOAA-19              60839.15563254 60839.16338985 10
NOAA-19              60839.49018018 60839.49905062 15
NOAA-19              60839.55856592 60839.56955703 67
NOAA-19              60839.63136898 60839.63760984 5
NOAA-19              60840.00778910 60840.01429010 5
NOAA-19              60840.07598664 60840.08686352 72
NOAA-19              60840.14656823 60840.15511419 13
NOAA-19              60840.48187930 60840.49000490 11
NOAA-19              60840.54974298 60840.56076471 88
NOAA-19              60840.62176348 60840.62935805 8
NOAA-19              60840.99979632 60841.00439586 2
NOAA-19              60841.06721722 60841.07799285 54
NOAA-19              60841.13755751 60841.14674494 18
NOAA-19              60841.47368553 60841.48089116 8
NOAA-19              60841.54097727 60841.55194441 71
NOAA-19              60841.61232740 60841.62094061 12
NOAA-19              60842.05847680 60842.06905991 40
NOAA-19              60842.12858807 60842.13829573 23
NOAA-19              60842.46563662 60842.47167345 5
NOAA-19              60842.53226857 60842.54309717 54
NOAA-19              60842.60305605 60842.61241606 17
NOAA-19              60843.04977428 60843.06005997 30
NOAA-19              60843.11965265 60843.12977558 30
NOAA-19              60843.45788227 60843.46226104 2
NOAA-19              60843.52361889 60843.53422306 41
NOAA-19              60843.59388902 60843.60381756 22
NOAA-19              60844.04111501 60844.05098584 23
NOAA-19              60844.11074685 60844.12119025 39
NOAA-19              60844.51502757 60844.52532098 31
NOAA-19              60844.58480770 60844.59516277 29
NOAA-19              60845.03250965 60845.04182623 17
NOAA-19              60845.10186815 60845.11254361 51
NOAA-19              60845.17342365 60845.17904433 4
NOAA-19              60845.50649997 60845.51638879 24
NOAA-19              60845.57580046 60845.58646274 39
NOAA-19              60846.02397549 60846.03256312 12
NOAA-19              60846.09301539 60846.10383788 68
NOAA-19              60846.16414045 60846.17103002 7
NOAA-19              60846.49804101 60846.50742239 19
NOAA-19              60846.56685975 60846.57772471 52
NOAA-19              60846.64061969 60846.64503868 2
NOAA-19              60847.01554121 60847.02316571 8
NOAA-19              60847.08418847 60847.09507408 88
NOAA-19              60847.15500436 60847.16285379 10
NOAA-19              60847.48965873 60847.49841503 14
NOAA-19              60847.55798072 60847.56895357 69
NOAA-19              60847.63068432 60847.63707659 5
NOAA-19              60848.00727456 60848.01357179 5
NOAA-19              60848.07538841 60848.08625201 69
NOAA-19              60848.14594123 60848.15456292 14
NOAA-19              60848.48136660 60848.48935567 10
NOAA-19              60848.54916041 60848.56015258 90
NOAA-19              60848.62110129 60848.62879669 9
NOAA-19              60848.99933065 60849.00360589 2
NOAA-19              60849.06661734 60849.07737015 52
NOAA-19              60849.13693012 60849.14618026 18
NOAA-19              60849.47318558 60849.48022444 7
NOAA-19              60849.54039744 60849.55132372 69
NOAA-19              60849.61167780 60849.62036050 13
NOAA-19              60850.05787563 60850.06842554 39
NOAA-19              60850.12795940 60850.13771875 24
NOAA-19              60850.46515798 60850.47098089 4
NOAA-19              60850.53169140 60850.54246790 52
NOAA-19              60850.60241494 60850.61182152 17
NOAA-19              60851.04917269 60851.05941297 29
NOAA-19              60851.11902218 60851.12918700 31
NOAA-19              60851.45745249 60851.46151586 2
METOA                60833.09854800 60833.10665803 12
METOA                60833.16488713 60833.17494423 63
METOA                60833.23342242 60833.23923648 5
METOA                60833.55566920 60833.56026277 4
METOA                60833.62033218 60833.62874401 77
METOA                60833.68959094 60833.69437341 4
METOA                60834.11608891 60834.12544247 24
METOA                60834.18302307 60834.19267073 34
METOA                60834.57244882 60834.57902502 11
METOA                60834.63843121 60834.64671232 45
METOA                60835.13385556 60835.14387090 44
METOA                60835.20128797 60835.21012755 19
METOA                60835.58971590 60835.59743457 21
METOA                60835.65676837 60835.66450433 21
METOA                60836.08604792 60836.09277933 7
METOA                60836.15177443 60836.16202074 82
METOA                60836.21972813 60836.22725749 10
METOA                60836.60729985 60836.61565214 43
METOA                60836.67546602 60836.68204262 10
METOA                60837.10330612 60837.11192360 15
METOA                60837.16981352 60837.17992001 54
METOA                60837.23852776 60837.24389187 4
METOA                60837.56008715 60837.56552079 6
METOA                60837.62514813 60837.63372009 79
METOA                60837.69481295 60837.69904317 3
METOA                60838.12091308 60838.13058316 28
METOA                60838.18796899 60838.19756889 30
METOA                60838.57702916 60838.58413156 13
METOA                60838.64329475 60838.65164323 38
METOA                60839.07403340 60839.07827606 2
METOA                60839.13871826 60839.14891790 52
METOA                60839.20625800 60839.21494139 17
METOA                60839.59437728 60839.60246826 26
METOA                60839.66168236 60839.66937499 19
METOA                60840.09069316 60840.09810819 9
METOA                60840.15665939 60840.16698684 85
METOA                60840.22473961 60840.23196715 9
METOA                60840.54815527 60840.55167706 2
METOA                60840.61201806 60840.62063452 52
METOA                60840.68046281 60840.68683309 9
METOA                60841.10806503 60841.11707723 18
METOA                60841.17471823 60841.18480956 46
METOA                60841.24364985 60841.24842419 3
METOA                60841.56451263 60841.57068857 8
METOA                60841.62991429 60841.63865791 68
METOA                60841.70003022 60841.70362870 2
METOA                60842.12572452 60842.13562582 33
METOA                60842.19289377 60842.20238009 26
METOA                60842.58157904 60842.58918466 16
METOA                60842.64810846 60842.65653586 32
METOA                60843.07842347 60843.08381393 4
METOA                60843.14356026 60843.15387274 61
METOA                60843.21121023 60843.21966481 15
METOA                60843.59899872 60843.60745694 31
METOA                60843.66655346 60843.67421228 16
METOA                60844.09536201 60844.10329865 11
METOA                60844.16152352 60844.17186339 74
METOA                60844.22974329 60844.23657622 8
METOA                60844.55226186 60844.55701844 4
METOA                60844.61669201 60844.62557491 63
METOA                60844.68542307 60844.69158424 7
METOA                60845.11281816 60845.12212252 21
METOA                60845.17960132 60845.18961012 40
METOA                60845.24882036 60845.25279962 2
METOA                60845.56893397 60845.57577908 10
METOA                60845.63467662 60845.64355835 57
METOA                60846.13052029 60846.14057067 38
METOA                60846.19779838 60846.20710086 23
METOA                60846.58610038 60846.59418316 20
METOA                60846.65287242 60846.66138013 28
METOA                60847.08292660 60847.08911765 5
METOA                60847.14838228 60847.15873442 71
METOA                60847.21614697 60847.22429295 13
METOA                60847.60358412 60847.61239765 38
METOA                60847.67138266 60847.67900544 15
METOA                60848.10003826 60848.10836371 13
METOA                60848.16636567 60848.17664879 63
METOA                60848.23478148 60848.24107173 6
METOA                60848.55650201 60848.56219858 6
METOA                60848.62132720 60848.63046952 73
METOA                60848.69035090 60848.69628246 6
METOA                60849.11755976 60849.12706269 24
METOA                60849.18446245 60849.19431953 35
METOA                60849.57334492 60849.58079788 13
METOA                60849.63935773 60849.64840995 49
METOA                60850.13529698 60850.14541829 44
METOA                60850.20268303 60850.21172825 20
METOA                60850.59059575 60850.59912527 24
METOA                60850.65760284 60850.66618453 25
METOA                60851.08747936 60851.09424950 7
METOA                60851.15318180 60851.16350271 80
METOA                60851.22107047 60851.22882092 11
METOA                60851.54451214 60851.54827585 2
METOA                60851.60813737 60851.61728697 45
METOA                60851.67617674 60851.68374884 13
METOA                60852.10471136 60852.11331201 15
METOA                60852.17118392 60852.18134211 54
METOA                60852.23979541 60852.24544530 5
METOA                60852.56077502 60852.56726497 8
METOB                60832.99336030 60833.00175702 12
METOB                60833.06201608 60833.07269985 69
METOB                60833.13279397 60833.13955141 7
METOB                60833.46499272 60833.47381316 15
METOB                60833.53319623 60833.54389106 60
METOB                60833.60602817 60833.61127545 3
METOB                60833.97967246 60833.98630412 6
METOB                60834.04761717 60834.05835340 76
METOB                60834.11790607 60834.12613488 12
METOB                60834.45142761 60834.45902256 9
METOB                60834.51877206 60834.52952939 86
METOB                60834.59026604 60834.59786073 9
METOB                60835.03329291 60835.04385118 47
METOB                60835.10318386 60835.11244954 19
METOB                60835.43819346 60835.44400673 5
METOB                60835.50450090 60835.51509444 54
METOB                60835.57499180 60835.58401413 16
METOB                60836.01906008 60836.02917999 29
METOB                60836.08856846 60836.09856073 30
METOB                60836.49038523 60836.50058796 34
METOB                60836.56004180 60836.56995369 25
METOB                60837.00494613 60837.01431078 18
METOB                60837.07403536 60837.08449926 46
METOB                60837.14545387 60837.15034378 3
METOB                60837.47643382 60837.48600348 22
METOB                60837.54530553 60837.55575828 40
METOB                60837.99100883 60837.99918267 11
METOB                60838.05957483 60838.07028021 74
METOB                60838.13026492 60838.13729057 8
METOB                60838.46267165 60838.47132300 14
METOB                60838.53074570 60838.54146391 65
METOB                60838.60331996 60838.60904321 4
METOB                60838.97739235 60838.98364447 5
METOB                60839.04518579 60839.05590822 70
METOB                60839.11540823 60839.12382331 13
METOB                60839.44914799 60839.45650418 9
METOB                60839.51634464 60839.52708874 80
METOB                60839.58767032 60839.59552720 10
METOB                60840.03087295 60840.04137918 43
METOB                60840.10070384 60840.11010155 21
METOB                60840.43598569 60840.44143085 4
METOB                60840.50209606 60840.51264107 50
METOB                60840.57244911 60840.58163766 17
METOB                60841.01665506 60841.02667767 27
METOB                60841.08610099 60841.09618268 32
METOB                60841.48800403 60841.49812126 32
METOB                60841.55753506 60841.56755078 27
METOB                60842.00256257 60842.01177136 17
METOB                60842.07157810 60842.08209442 50
METOB                60842.14285756 60842.14815429 4
METOB                60842.47407929 60842.48352166 21
METOB                60842.54282703 60842.55333641 43
METOB                60842.98866104 60842.99659101 10
METOB                60843.05712722 60843.06784960 79
METOB                60843.12773440 60843.13501366 8
METOB                60843.46034949 60843.46882139 13
METOB                60843.52829168 60843.53902692 70
METOB                60843.60063106 60843.60677855 5
METOB                60843.97513166 60843.98095521 4
METOB                60844.04274849 60844.05345189 65
METOB                60844.11290583 60844.12149878 14
METOB                60844.44687027 60844.45397165 8
METOB                60844.51391347 60844.52463841 75
METOB                60844.58507743 60844.59317780 11
METOB                60845.02844749 60845.03889538 40
METOB                60845.09821821 60845.10774182 22
METOB                60845.43384473 60845.43883117 3
METOB                60845.49968880 60845.51017782 47
METOB                60845.56990536 60845.57924867 18
METOB                60846.01424532 60846.02416290 25
METOB                60846.08362746 60846.09379345 34
METOB                60846.48561993 60846.49564469 30
METOB                60846.55502576 60846.56513703 29
METOB                60847.00017609 60847.00921759 16
METOB                60847.06911486 60847.07967841 53
METOB                60847.14026913 60847.14593888 4
METOB                60847.47172267 60847.48102939 20
METOB                60847.54034526 60847.55090463 46
METOB                60847.98631399 60847.99398112 9
METOB                60848.05467354 60848.06540803 85
METOB                60848.12520159 60848.13272145 9
METOB                60848.45802629 60848.46630809 12
METOB                60848.52583409 60848.53658018 75
METOB                60848.59795630 60848.60448657 6
METOB                60848.97288030 60848.97823084 3
METOB                60849.04030531 60849.05098440 60
METOB                60849.11039869 60849.11916156 15
METOB                60849.44459509 60849.45142426 7
METOB                60849.51147871 60849.52217848 70
METOB                60849.58245475 60849.59081546 12
METOB                60850.02601660 60850.03640010 37
METOB                60850.09572690 60850.10537048 24
METOB                60850.43166800 60850.43620108 3
METOB                60850.49727713 60850.50770510 43
METOB                60850.56736021 60850.57684772 20
METOB                60851.01183107 60851.02163549 24
METOB                60851.08114787 60851.09139300 36
METOB                60851.48323277 60851.49315821 28
METOB                60851.55251370 60851.56271264 31
