iss                  60833.76651890 60833.77142548 6
iss                  60833.83201198 60833.83857060 15
iss                  60833.89839119 60833.90524747 18
iss                  60833.96515764 60833.97147379 12
iss                  60834.03258343 60834.03651006 3
iss                  60834.73282637 60834.73668389 3
iss                  60834.79782603 60834.80412991 12
iss                  60834.86404271 60834.87089840 18
iss                  60834.93071499 60834.93728214 15
iss                  60834.99784721 60835.00279673 6
iss                  60835.76369932 60835.76963007 10
iss                  60835.82970431 60835.83650311 17
iss                  60835.89627937 60835.90301108 16
iss                  60835.96323328 60835.96885649 8
iss                  60836.72965685 60836.73505197 7
iss                  60836.79538425 60836.80206348 16
iss                  60836.86184685 60836.86867386 18
iss                  60836.92867594 60836.93476492 11
iss                  60837.69574755 60837.70035626 5
iss                  60837.76109381 60837.76757795 14
iss                  60837.82741747 60837.83428029 18
iss                  60837.89414610 60837.90055879 13
iss                  60837.96144814 60837.96577354 4
iss                  60838.66208553 60838.66544176 2
iss                  60838.72684837 60838.73304045 11
iss                  60838.79299458 60838.79983727 18
iss                  60838.85962907 60838.86626140 15
iss                  60838.92668651 60838.93189499 6
iss                  60839.69267114 60839.69843831 9
iss                  60839.75858452 60839.76534881 17
iss                  60839.82511749 60839.83188905 17
iss                  60839.89201864 60839.89782147 9
iss                  60840.65859211 60840.66374697 6
iss                  60840.72419667 60840.73081570 15
iss                  60840.79060885 60840.79745387 18
iss                  60840.85739547 60840.86361064 12
iss                  60840.92495297 60840.92842563 2
iss                  60841.62467486 60841.62891363 4
iss                  60841.68984367 60841.69623496 13
iss                  60841.75610439 60841.76296477 18
iss                  60841.82279408 60841.82929367 14
iss                  60841.88998956 60841.89466889 5
iss                  60842.65554441 60842.66159853 11
iss                  60842.72160855 60842.72842775 18
iss                  60842.78820253 60842.79489116 16
iss                  60842.85519167 60842.86063639 7
iss                  60843.62132134 60843.62688998 8
iss                  60843.68712883 60843.69384575 16
iss                  60843.75361530 60843.76041798 17
iss                  60843.82046609 60843.82643314 10
iss                  60844.58721625 60844.59207747 5
iss                  60844.65267579 60844.65921834 14
iss                  60844.71903128 60844.72588520 18
iss                  60844.78577566 60844.79210482 12
iss                  60844.85316709 60844.85715166 3
iss                  60845.55331574 60845.55708503 3
iss                  60845.61826387 60845.62454079 12
iss                  60845.68445292 60845.69130076 18
iss                  60845.75110206 60845.75767800 15
iss                  60845.81820465 60845.82319915 6
iss                  60846.58391451 60846.58980233 10
iss                  60846.64988585 60846.65666964 17
iss                  60846.71643594 60846.72317113 17
iss                  60846.78336228 60846.78902088 8
iss                  60847.54965469 60847.55498211 7
iss                  60847.61533880 60847.62199363 16
iss                  60847.68177349 60847.68859773 18
iss                  60847.74857596 60847.75469129 11
iss                  60848.51553815 60848.52003642 4
iss                  60848.58082373 60848.58727079 14
iss                  60848.64711498 60848.65396776 18
iss                  60848.71381683 60848.72024706 13
iss                  60848.78107298 60848.78549271 4
iss                  60849.54635706 60849.55249438 11
iss                  60849.61246414 60849.61928816 18
iss                  60849.67907048 60849.68571155 15
iss                  60849.74609094 60849.75136612 7
iss                  60850.51196384 60850.51765013 9
iss                  60850.57782784 60850.58456278 17
iss                  60850.64432982 60850.65110122 17
iss                  60850.71119819 60850.71704857 9
iss                  60851.47767750 60851.48271045 6
iss                  60851.54321611 60851.54979207 15
iss                  60851.60959271 60851.61642826 18
iss                  60851.67634826 60851.68259544 12
iss                  60851.74382724 60851.74748457 3
iss                  60852.44357190 60852.44761276 3
iss                  60852.50864274 60852.51497232 13
iss                  60852.57486082 60852.58170157 18
iss                  60852.64151919 60852.64803720 14
iss                  60852.70866216 60852.71345765 5
iss                  60853.47412811 60853.48009407 10
iss                  60853.54013919 60853.54692695 18
iss                  60853.60669966 60853.61339427 16
iss                  60853.67364691 60853.67917133 8
iss                  60854.43969725 60854.44513881 8
iss                  60854.50543604 60854.51210700 16
iss                  60854.57188466 60854.57868145 18
iss                  60854.63869862 60854.64471984 10
AO-07                60833.08449896 60833.09991213 59
AO-07                60833.16516021 60833.17853173 20
AO-07                60833.24991669 60833.25634139 3
AO-07                60833.49878076 60833.50825881 7
AO-07                60833.57708556 60833.59137702 28
AO-07                60833.65571521 60833.67121983 78
AO-07                60833.73411018 60833.74898433 47
AO-07                60833.81186156 60833.82559800 28
AO-07                60833.88870721 60833.90228887 26
AO-07                60833.96521778 60833.97984873 41
AO-07                60834.04262543 60834.05813942 87
AO-07                60834.12192279 60834.13675385 36
AO-07                60834.20412811 60834.21522863 10
AO-07                60834.53535118 60834.54773129 15
AO-07                60834.61392364 60834.62909188 46
AO-07                60834.69249268 60834.70785748 71
AO-07                60834.77063974 60834.78494844 35
AO-07                60834.84796684 60834.86144289 25
AO-07                60834.92451980 60834.93850682 31
AO-07                60835.00130031 60835.01645780 57
AO-07                60835.07948731 60835.09494875 62
AO-07                60835.15997513 60835.17357506 21
AO-07                60835.24433554 60835.25153604 3
AO-07                60835.49389176 60835.50282670 6
AO-07                60835.57212585 60835.58624233 26
AO-07                60835.65075664 60835.66625127 74
AO-07                60835.72917910 60835.74412503 50
AO-07                60835.80698521 60835.82077765 28
AO-07                60835.88388501 60835.89742824 26
AO-07                60835.96038150 60835.97492836 39
AO-07                60836.03769696 60836.05318418 82
AO-07                60836.11684634 60836.13178945 39
AO-07                60836.19881385 60836.21029677 11
AO-07                60836.53040895 60836.54246871 13
AO-07                60836.60896078 60836.62404347 43
AO-07                60836.68754365 60836.70294694 75
AO-07                60836.76573111 60836.78011810 36
AO-07                60836.84312001 60836.85661128 26
AO-07                60836.91970212 60836.93361657 30
AO-07                60836.99642875 60837.01151781 54
AO-07                60837.07449662 60837.08998614 67
AO-07                60837.15480496 60837.16861688 23
AO-07                60837.23880607 60837.24669757 4
AO-07                60837.48901832 60837.49736159 5
AO-07                60837.56716717 60837.58109436 24
AO-07                60837.64579708 60837.66127408 69
AO-07                60837.72424535 60837.73926054 52
AO-07                60837.80210460 60837.81595772 29
AO-07                60837.87906066 60837.89257187 26
AO-07                60837.95554875 60837.97001155 37
AO-07                60838.03277624 60838.04823056 78
AO-07                60838.11178133 60838.12682485 41
AO-07                60838.19352042 60838.20535982 13
AO-07                60838.52547068 60838.53718739 12
AO-07                60838.60399787 60838.61898435 41
AO-07                60838.68259291 60838.69802931 79
AO-07                60838.76081891 60838.77528509 38
AO-07                60838.83826920 60838.85178250 26
AO-07                60838.91488490 60838.92873059 29
AO-07                60838.99156296 60839.00658037 51
AO-07                60839.06951521 60839.08502442 71
AO-07                60839.14964914 60839.16365741 25
AO-07                60839.23331626 60839.24182948 5
AO-07                60839.48416495 60839.49185852 4
AO-07                60839.56220992 60839.57593267 23
AO-07                60839.64083667 60839.65628804 65
AO-07                60839.71930905 60839.73439082 55
AO-07                60839.79721978 60839.81113782 30
AO-07                60839.87423385 60839.88771970 25
AO-07                60839.95071918 60839.96509831 36
AO-07                60840.02786302 60840.04327868 74
AO-07                60840.10672745 60840.12186042 44
AO-07                60840.18824668 60840.20041860 14
AO-07                60840.52053714 60840.53188629 11
AO-07                60840.59903506 60840.61391440 38
AO-07                60840.67764058 60840.69310438 83
AO-07                60840.75590327 60840.77044904 39
AO-07                60840.83341430 60840.84695627 26
AO-07                60840.91006773 60840.92384895 28
AO-07                60840.98670264 60841.00164569 49
AO-07                60841.06454286 60841.08006369 75
AO-07                60841.14450718 60841.15869689 27
AO-07                60841.22786494 60841.23694915 6
AO-07                60841.47938259 60841.48630959 3
AO-07                60841.55725241 60841.57075677 21
AO-07                60841.63587580 60841.65129292 61
AO-07                60841.71437032 60841.72951554 57
AO-07                60841.79233080 60841.80631759 31
AO-07                60841.86940431 60841.88287161 25
AO-07                60841.94589242 60841.96018879 35
AO-07                60842.02295708 60842.03832865 70
AO-07                60842.10168440 60842.11689621 47
AO-07                60842.18299137 60842.19547376 15
AO-07                60842.51560918 60842.52656418 10
AO-07                60842.59407240 60842.60883311 35
AO-07                60842.67268676 60842.68817194 88
AO-07                60842.75098430 60842.76560974 41
AO-07                60842.82855523 60842.84213229 26
AO-07                60842.90525023 60842.91897170 28
LO-19                60833.09050916 60833.10101190 62
LO-19                60833.16096543 60833.16987023 16
LO-19                60833.52265344 60833.52790348 3
LO-19                60833.59084613 60833.60043627 23
LO-19                60833.65978869 60833.67029756 87
LO-19                60833.72879251 60833.73847604 28
LO-19                60833.79752898 60833.80554775 12
LO-19                60833.86553530 60833.87251497 8
LO-19                60833.93253063 60833.94042402 12
LO-19                60833.99950826 60834.00913591 26
LO-19                60834.06759755 60834.07813537 85
LO-19                60834.13733603 60834.14709495 25
LO-19                60834.20965269 60834.21540797 4
LO-19                60834.56808333 60834.57678357 14
LO-19                60834.63691602 60834.64735272 57
LO-19                60834.70593450 60834.71603355 40
LO-19                60834.77480421 60834.78339253 15
LO-19                60834.84309112 60834.85025154 8
LO-19                60834.91039326 60834.91779856 9
LO-19                60834.97721822 60834.98630949 19
LO-19                60835.04487387 60835.05525474 55
LO-19                60835.11400238 60835.12426309 39
LO-19                60835.18527958 60835.19294365 9
LO-19                60835.54543588 60835.55278945 8
LO-19                60835.61406079 60835.62420241 36
LO-19                60835.68306061 60835.69344130 60
LO-19                60835.75201658 60835.76117551 20
LO-19                60835.82056185 60835.82807244 10
LO-19                60835.88820824 60835.89528549 8
LO-19                60835.95502076 60835.96352804 15
LO-19                60836.02231465 60836.03238029 37
LO-19                60836.09089451 60836.10140069 62
LO-19                60836.16135757 60836.17025871 16
LO-19                60836.52304957 60836.52828516 3
LO-19                60836.59123941 60836.60081986 23
LO-19                60836.66018157 60836.67068104 87
LO-19                60836.72918545 60836.73885926 28
LO-19                60836.79792213 60836.80593084 12
LO-19                60836.86592807 60836.87289872 8
LO-19                60836.93292205 60836.94080947 11
LO-19                60836.99989873 60837.00952260 26
LO-19                60837.06798779 60837.07852258 85
LO-19                60837.13772670 60837.14748206 25
LO-19                60837.21004561 60837.21579336 4
LO-19                60837.56847567 60837.57716556 14
LO-19                60837.63730766 60837.64773483 57
LO-19                60837.70632610 60837.71641542 40
LO-19                60837.77519606 60837.78377416 15
LO-19                60837.84348301 60837.85063340 8
LO-19                60837.91078407 60837.91818187 9
LO-19                60837.97760785 60837.98669429 19
LO-19                60838.04526304 60838.05564029 55
LO-19                60838.11439173 60838.12464874 39
LO-19                60838.18567017 60838.19332848 9
LO-19                60838.54582767 60838.55316947 8
LO-19                60838.61445123 60838.62458307 36
LO-19                60838.68345086 60838.69382184 60
LO-19                60838.75240706 60838.76155578 20
LO-19                60838.82095263 60838.82845261 10
LO-19                60838.88859840 60838.89566665 8
LO-19                60838.95540965 60838.96391086 15
LO-19                60839.02270283 60839.03276411 37
LO-19                60839.09128263 60839.10178482 62
LO-19                60839.16174642 60839.17064244 16
LO-19                60839.52344205 60839.52866197 3
LO-19                60839.59162873 60839.60119906 23
LO-19                60839.66057049 60839.67106025 87
LO-19                60839.72957452 60839.73923821 28
LO-19                60839.79831161 60839.80630953 12
LO-19                60839.86631745 60839.87327787 8
LO-19                60839.93331024 60839.94119022 11
LO-19                60840.00028598 60840.00990461 26
LO-19                60840.06837476 60840.07890512 85
LO-19                60840.13811405 60840.14786448 25
LO-19                60840.21043536 60840.21617375 4
LO-19                60840.56886406 60840.57754310 14
LO-19                60840.63769529 60840.64811266 57
LO-19                60840.70671375 60840.71679306 40
LO-19                60840.77558412 60840.78415149 15
LO-19                60840.84387138 60840.85101075 8
LO-19                60840.91117158 60840.91856050 9
LO-19                60840.97799423 60840.98707442 19
LO-19                60841.04564894 60841.05602117 55
LO-19                60841.11477774 60841.12502973 39
LO-19                60841.18605743 60841.19370851 9
LO-19                60841.54621550 60841.55354499 8
LO-19                60841.61483762 60841.62495948 35
LO-19                60841.68383710 60841.69419818 60
LO-19                60841.75279364 60841.76193182 20
LO-19                60841.82133974 60841.82882840 10
LO-19                60841.88898518 60841.89604321 8
LO-19                60841.95579525 60841.96428902 15
LO-19                60842.02308770 60842.03314327 37
LO-19                60842.09166741 60842.10216430 62
LO-19                60842.16213189 60842.17102144 16
LO-19                60842.52383069 60842.52903412 3
LO-19                60842.59201398 60842.60157398 23
LO-19                60842.66095534 60842.67143528 87
LO-19                60842.72995959 60842.73961298 28
FO-29                60833.18376839 60833.19181923 6
FO-29                60833.25651075 60833.26920625 25
FO-29                60833.32967551 60833.34364335 71
FO-29                60833.40280325 60833.41605656 44
FO-29                60833.47560840 60833.48706081 21
FO-29                60833.54768310 60833.55767513 14
FO-29                60833.61887762 60833.62910959 16
FO-29                60833.69007329 60833.70155554 32
FO-29                60833.76237497 60833.77452239 74
FO-29                60833.83645783 60833.84761653 26
FO-29                60833.91322417 60833.92033636 5
FO-29                60834.21814432 60834.22909912 13
FO-29                60834.29120315 60834.30488172 42
FO-29                60834.36438287 60834.37827412 70
FO-29                60834.43739204 60834.44992527 30
FO-29                60834.50989401 60834.52058426 16
FO-29                60834.58150053 60834.59148255 14
FO-29                60834.65253622 60834.66344408 22
FO-29                60834.72415552 60834.73619406 50
FO-29                60834.79723597 60834.80926283 48
FO-29                60834.87241304 60834.88228893 14
FO-29                60835.18001962 60835.18797306 5
FO-29                60835.25275776 60835.26548561 24
FO-29                60835.32592270 60835.34001475 69
FO-29                60835.39905086 60835.41250396 46
FO-29                60835.47186128 60835.48355970 22
FO-29                60835.54395524 60835.55417143 14
FO-29                60835.61516712 60835.62555360 16
FO-29                60835.68633824 60835.69795399 31
FO-29                60835.75857776 60835.77090091 74
FO-29                60835.83256672 60835.84400080 27
FO-29                60835.90914993 60835.91680082 6
FO-29                60836.21439534 60836.22531794 13
FO-29                60836.28745391 60836.30120547 40
FO-29                60836.36063375 60836.37468173 73
FO-29                60836.43364478 60836.44640024 31
FO-29                60836.50615772 60836.51708927 17
FO-29                60836.57778704 60836.58795674 14
FO-29                60836.64882135 60836.65986462 22
FO-29                60836.72039519 60836.73258202 49
FO-29                60836.79339940 60836.80564245 51
FO-29                60836.86845737 60836.87869342 15
FO-29                60837.17628034 60837.18411639 5
FO-29                60837.24901210 60837.26175628 23
FO-29                60837.32217724 60837.33637805 67
FO-29                60837.39530592 60837.40894452 48
FO-29                60837.46812133 60837.48005420 23
FO-29                60837.54023312 60837.55066790 15
FO-29                60837.61146099 60837.62200167 17
FO-29                60837.68260753 60837.69435734 31
FO-29                60837.75478528 60837.76728386 73
FO-29                60837.82868237 60837.84038778 29
FO-29                60837.90509636 60837.91325496 7
FO-29                60838.21065398 60838.22152688 12
FO-29                60838.28371213 60838.29752059 39
FO-29                60838.35689221 60838.37108146 76
FO-29                60838.42990513 60838.44286910 33
FO-29                60838.50242835 60838.51359127 18
FO-29                60838.57407882 60838.58443280 15
FO-29                60838.64511117 60838.65628939 22
FO-29                60838.71663969 60838.72897437 47
FO-29                60838.78956848 60838.80202559 54
FO-29                60838.86451172 60838.87509773 16
FO-29                60839.17255011 60839.18024804 5
FO-29                60839.24527407 60839.25801750 22
FO-29                60839.31843941 60839.33273289 64
FO-29                60839.39156876 60839.40537744 50
FO-29                60839.46438902 60839.47654331 24
FO-29                60839.53651745 60839.54716326 15
FO-29                60839.60776009 60839.61845265 17
FO-29                60839.67888195 60839.69076469 30
FO-29                60839.75099824 60839.76367073 72
FO-29                60839.82480506 60839.83677690 31
FO-29                60839.90105776 60839.90969399 8
FO-29                60840.20692068 60840.21772550 12
FO-29                60840.27997804 60840.29382637 38
FO-29                60840.35315850 60840.36747269 79
FO-29                60840.42617342 60840.43933058 34
FO-29                60840.49870644 60840.51008937 18
FO-29                60840.57037666 60840.58090951 15
FO-29                60840.64140651 60840.65271735 21
FO-29                60840.71288978 60840.72537027 46
FO-29                60840.78574386 60840.79841172 57
FO-29                60840.86057627 60840.87150166 18
FO-29                60840.93861235 60840.94392535 2
FO-29                60841.16882980 60841.17636678 4
FO-29                60841.24154397 60841.25426856 21
FO-29                60841.31470946 60841.32907839 62
FO-29                60841.38783963 60841.40180195 52
FO-29                60841.46066472 60841.47302611 24
FO-29                60841.53280886 60841.54365649 16
FO-29                60841.60406520 60841.61490512 17
FO-29                60841.67516227 60841.68717509 30
FO-29                60841.74721733 60841.76006034 71
FO-29                60841.82093576 60841.83316754 34
FO-29                60841.89704035 60841.90613235 9
FO-29                60842.20319587 60842.21391269 11
FO-29                60842.27625188 60842.29012216 36
FO-29                60842.34943283 60842.36385466 82
SO-50                60833.26507548 60833.27179487 9
SO-50                60833.33250356 60833.34163046 35
SO-50                60833.40153444 60833.41116653 83
SO-50                60833.47126034 60833.48089378 53
SO-50                60833.54101167 60833.55075394 67
SO-50                60833.61054335 60833.62018434 54
SO-50                60833.68011408 60833.68839005 16
SO-50                60834.27720139 60834.28513514 15
SO-50                60834.34532993 60834.35475883 53
SO-50                60834.41469231 60834.42433574 66
SO-50                60834.48448800 60834.49414428 53
SO-50                60834.55416240 60834.56393637 83
SO-50                60834.62365420 60834.63303553 36
SO-50                60834.69341570 60834.70055967 10
SO-50                60835.22306004 60835.22810501 4
SO-50                60835.28963693 60835.29834117 24
SO-50                60835.35830104 60835.36788363 76
SO-50                60835.42789855 60835.43753484 57
SO-50                60835.49769256 60835.50739398 58
SO-50                60835.56728388 60835.57703128 74
SO-50                60835.63678615 60835.64569873 24
SO-50                60835.70702591 60835.71225680 4
SO-50                60836.23475925 60836.24169086 9
SO-50                60836.30229934 60836.31148407 37
SO-50                60836.37138233 60836.38102255 80
SO-50                60836.44112262 60836.45076151 53
SO-50                60836.51086418 60836.52061615 68
SO-50                60836.58038774 60836.59000511 51
SO-50                60836.64997619 60836.65812516 15
SO-50                60837.24692805 60837.25499636 16
SO-50                60837.31513952 60837.32460178 56
SO-50                60837.38454019 60837.39418695 65
SO-50                60837.45433924 60837.46400434 54
SO-50                60837.52400165 60837.53377941 86
SO-50                60837.59349116 60837.60282356 34
SO-50                60837.66332403 60837.67023412 9
SO-50                60838.19264806 60838.19803640 5
SO-50                60838.25939072 60838.26818140 26
SO-50                60838.32811940 60838.33771882 79
SO-50                60838.39774191 60838.40738139 56
SO-50                60838.46753086 60838.47724300 59
SO-50                60838.53711114 60838.54685052 70
SO-50                60838.60661980 60838.61544817 23
SO-50                60838.67696317 60838.68182700 4
SO-50                60839.20442587 60839.21155437 10
SO-50                60839.27207190 60839.28131010 39
SO-50                60839.34120464 60839.35085194 78
SO-50                60839.41095756 60839.42060231 53
SO-50                60839.48068892 60839.49044997 70
SO-50                60839.55020507 60839.55979593 49
SO-50                60839.61981344 60839.62782801 14
SO-50                60840.21663403 60840.22482807 17
SO-50                60840.28492498 60840.29441762 59
SO-50                60840.35436177 60840.36401158 63
SO-50                60840.42416283 60840.43383706 54
SO-50                60840.49381329 60840.50359349 89
SO-50                60840.56330154 60840.57258112 32
SO-50                60840.63318054 60840.63987385 8
SO-50                60841.16222825 60841.16792684 6
SO-50                60841.22912207 60841.23799361 27
SO-50                60841.29791280 60841.30752722 82
SO-50                60841.36755836 60841.37720123 55
SO-50                60841.43734139 60841.44706415 60
SO-50                60841.50691105 60841.51664028 67
SO-50                60841.57642755 60841.58516663 21
SO-50                60841.64689246 60841.65134819 3
SO-50                60842.17407456 60842.18138612 11
SO-50                60842.24182101 60842.25110862 42
SO-50                60842.31100124 60842.32065470 75
SO-50                60842.38076512 60842.39041614 53
SO-50                60842.45048591 60842.46025535 73
SO-50                60842.51999541 60842.52955678 46
SO-50                60842.58962604 60842.59749843 13
SO-50                60843.18631908 60843.19463055 19
SO-50                60843.25468614 60843.26420641 62
SO-50                60843.32415695 60843.33380960 62
SO-50                60843.39395875 60843.40364235 55
SO-50                60843.46359735 60843.47337858 87
SO-50                60843.53308538 60843.54230819 31
SO-50                60843.60301570 60843.60947789 7
SO-50                60844.13179773 60844.13777903 6
SO-50                60844.19883099 60844.20777756 29
SO-50                60844.26768111 60844.27730885 85
SO-50                60844.33734782 60844.34699434 55
SO-50                60844.40712414 60844.41685735 62
SO-50                60844.47668365 60844.48640053 64
SO-50                60844.54620950 60844.55485387 20
SO-50                60844.61681969 60844.62081425 2
SO-50                60845.14370463 60845.15118668 12
SO-50                60845.21154654 60845.22087971 44
SO-50                60845.28077201 60845.29043084 73
SO-50                60845.35054524 60845.36020292 53
SO-50                60845.42025520 60845.43003222 75
SO-50                60845.48975863 60845.49928765 44
SO-50                60845.55941420 60845.56713620 12
SO-50                60846.09006475 60846.09376507 2
SO-50                60846.15598289 60846.16440402 20
SO-50                60846.22442285 60846.23396819 65
SO-50                60846.29392563 60846.30358100 60
HO-68                60833.04140613 60833.05259142 15
HO-68                60833.35889552 60833.36605170 4
HO-68                60833.43333917 60833.44566799 23
HO-68                60833.50834984 60833.52208263 71
HO-68                60833.58327689 60833.59647359 45
HO-68                60833.65774720 60833.66958832 23
HO-68                60833.73135436 60833.74252674 18
HO-68                60833.80424789 60833.81627609 25
HO-68                60833.87751004 60833.89084084 52
HO-68                60833.95217828 60833.96580163 60
HO-68                60834.02898998 60834.04078704 19
HO-68                60834.10946057 60834.11488541 2
HO-68                60834.34744949 60834.35292418 2
HO-68                60834.42151275 60834.43336273 19
HO-68                60834.49650162 60834.51017133 60
HO-68                60834.57146532 60834.58483482 52
HO-68                60834.64603595 60834.65808920 25
HO-68                60834.71979542 60834.73097163 18
HO-68                60834.79274521 60834.80456789 23
HO-68                60834.86586834 60834.87903142 45
HO-68                60834.94026444 60834.95395508 71
HO-68                60835.01668202 60835.02896425 23
HO-68                60835.09632948 60835.10340134 4
HO-68                60835.40970137 60835.42097657 15
HO-68                60835.48465251 60835.49820755 51
HO-68                60835.55964429 60835.57316016 60
HO-68                60835.63430398 60835.64658026 27
HO-68                60835.70821356 60835.71943697 18
HO-68                60835.78124693 60835.79288232 21
HO-68                60835.85425928 60835.86723324 40
HO-68                60835.92840031 60835.94211084 83
HO-68                60836.00444842 60836.01713169 28
HO-68                60836.08342513 60836.09176732 6
HO-68                60836.39790881 60836.40850091 12
HO-68                60836.47280390 60836.48618838 42
HO-68                60836.54781529 60836.56144676 70
HO-68                60836.62255314 60836.63505638 30
HO-68                60836.69660723 60836.70791929 19
HO-68                60836.76974768 60836.78122080 20
HO-68                60836.84267938 60836.85544777 35
HO-68                60836.91658334 60836.93027023 85
HO-68                60836.99228328 60837.00529236 33
HO-68                60837.07068284 60837.08006338 9
HO-68                60837.38614304 60837.39592401 10
HO-68                60837.46095724 60837.47411054 35
HO-68                60837.53597970 60837.54969195 81
HO-68                60837.61078532 60837.62351280 34
HO-68                60837.68497576 60837.69641436 20
HO-68                60837.75824218 60837.76958427 19
HO-68                60837.83112481 60837.84367715 31
HO-68                60837.90481105 60837.91843453 73
HO-68                60837.98018200 60837.99344841 40
HO-68                60838.05803800 60838.06831443 11
HO-68                60838.37441669 60838.38322952 7
HO-68                60838.44911462 60838.46197010 30
HO-68                60838.52413879 60838.53789320 87
HO-68                60838.59900240 60838.61194529 38
HO-68                60838.67331930 60838.68491733 21
HO-68                60838.74672549 60838.75797307 18
HO-68                60838.81959132 60838.83192303 28
HO-68                60838.89308093 60838.90660508 63
HO-68                60838.96814060 60838.98160190 48
HO-68                60839.04552620 60839.05653250 14
HO-68                60839.36275227 60839.37039100 5
HO-68                60839.43727787 60839.44976305 25
HO-68                60839.51229415 60839.52604805 75
HO-68                60839.58720618 60839.60034957 43
HO-68                60839.66163864 60839.67342300 22
HO-68                60839.73519320 60839.74638680 18
HO-68                60839.80807430 60839.82018735 26
HO-68                60839.88139039 60839.89478327 54
HO-68                60839.95615563 60839.96975444 57
HO-68                60840.03310780 60840.04472908 18
HO-68                60840.35124315 60840.35735595 3
HO-68                60840.42544795 60840.43748387 20
HO-68                60840.50044663 60840.51415399 64
HO-68                60840.57539837 60840.58872225 50
HO-68                60840.64993506 60840.66192596 24
HO-68                60840.72364161 60840.73482414 18
HO-68                60840.79656878 60840.80847198 23
HO-68                60840.86973664 60840.88297056 47
HO-68                60840.94422404 60840.95790749 67
HO-68                60841.02077297 60841.03291038 22
HO-68                60841.10067520 60841.10725626 4
HO-68                60841.41363117 60841.42512634 17
HO-68                60841.48859776 60841.50220839 54
HO-68                60841.56358058 60841.57706008 57
HO-68                60841.63821019 60841.65042085 26
HO-68                60841.71206791 60841.72328287 18
HO-68                60841.78506952 60841.79677868 22
HO-68                60841.85811664 60841.87116852 41
HO-68                60841.93234307 60841.94606242 79
HO-68                60842.00851471 60842.02108074 26
HO-68                60842.08770858 60842.09566479 6
HO-68                60842.40183130 60842.41268241 13
HO-68                60842.47674889 60842.49020842 45
HO-68                60842.55175432 60842.56536010 66
HO-68                60842.62646581 60842.63890251 29
HO-68                60842.70047022 60842.71175981 19
AO-73                60833.43057192 60833.43631474 6
AO-73                60833.49601209 60833.50439709 34
AO-73                60833.56201565 60833.57039507 43
AO-73                60833.62809271 60833.63491518 12
AO-73                60833.69403745 60833.69844144 4
AO-73                60833.82257784 60833.82779992 6
AO-73                60833.88642706 60833.89382721 18
AO-73                60833.95148597 60833.95987194 82
AO-73                60834.01820154 60834.02570912 18
AO-73                60834.42943736 60834.43510934 6
AO-73                60834.49485863 60834.50323909 33
AO-73                60834.56085683 60834.56926630 45
AO-73                60834.62693136 60834.63380948 12
AO-73                60834.69287793 60834.69734780 4
AO-73                60834.82146069 60834.82665261 6
AO-73                60834.88529438 60834.89267278 18
AO-73                60834.95032679 60834.95871694 79
AO-73                60835.01700570 60835.02456066 18
AO-73                60835.42828689 60835.43388459 6
AO-73                60835.49368834 60835.50206321 33
AO-73                60835.55968106 60835.56812024 46
AO-73                60835.62575298 60835.63268698 13
AO-73                60835.69170124 60835.69623793 4
AO-73                60835.82032679 60835.82548900 5
AO-73                60835.88414510 60835.89150172 18
AO-73                60835.94915078 60835.95754521 77
AO-73                60836.01579301 60836.02339535 19
AO-73                60836.42712062 60836.43264035 5
AO-73                60836.49250127 60836.50086941 32
AO-73                60836.55849437 60836.56696324 48
AO-73                60836.62455761 60836.63154764 13
AO-73                60836.69050741 60836.69511178 4
AO-73                60836.81917615 60836.82430912 5
AO-73                60836.88297924 60836.89031403 17
AO-73                60836.94795799 60836.95635674 74
AO-73                60837.01456315 60837.02221318 20
AO-73                60837.42593868 60837.43137647 5
AO-73                60837.49129743 60837.49965762 31
AO-73                60837.55728476 60837.56578245 49
AO-73                60837.62334527 60837.63039140 13
AO-73                60837.68929648 60837.69396928 4
AO-73                60837.81800881 60837.82311296 5
AO-73                60837.88179685 60837.88910970 17
AO-73                60837.94674846 60837.95515151 72
AO-73                60838.01331635 60838.02101417 20
AO-73                60838.42474120 60838.43009278 5
AO-73                60838.49007688 60838.49842777 30
AO-73                60838.55605827 60838.56458422 51
AO-73                60838.62211600 60838.62921821 14
AO-73                60838.68806851 60838.69281038 4
AO-73                60838.81682479 60838.82190071 5
AO-73                60838.88059796 60838.88788872 17
AO-73                60838.94552223 60838.95392951 70
AO-73                60839.01205266 60839.01979823 21
AO-73                60839.42352834 60839.42878908 5
AO-73                60839.48883964 60839.49717982 29
AO-73                60839.55481494 60839.56336849 53
AO-73                60839.62086983 60839.62802802 14
AO-73                60839.68682356 60839.69163502 4
AO-73                60839.81562411 60839.82067197 5
AO-73                60839.87938263 60839.88665108 16
AO-73                60839.94427937 60839.95269074 67
AO-73                60840.01077214 60840.01856537 22
AO-73                60840.07981813 60840.08348517 2
AO-73                60840.42230026 60840.42746520 5
AO-73                60840.48758574 60840.49591369 28
AO-73                60840.55355479 60840.56213521 54
AO-73                60840.61960680 60840.62682077 15
AO-73                60840.68556186 60840.69044315 5
AO-73                60840.81440681 60840.81942694 5
AO-73                60840.87815088 60840.88539677 16
AO-73                60840.94301991 60840.95143517 65
AO-73                60841.00947483 60841.01731558 22
AO-73                60841.07842671 60841.08229209 2
AO-73                60841.42105715 60841.42612081 4
AO-73                60841.48631522 60841.49462932 28
AO-73                60841.55227784 60841.56088433 56
AO-73                60841.61832693 60841.62559642 15
AO-73                60841.68428308 60841.68923471 5
AO-73                60841.74948958 60841.75292599 2
AO-73                60841.81317292 60841.81816559 5
AO-73                60841.87690277 60841.88412578 16
AO-73                60841.94174390 60841.95016280 63
AO-73                60842.00816081 60842.01604885 23
AO-73                60842.07702245 60842.08107797 3
AO-73                60842.41979921 60842.42475596 4
AO-73                60842.48502822 60842.49332664 27
AO-73                60842.55098413 60842.55961579 58
AO-73                60842.61703024 60842.62435490 15
AO-73                60842.68298745 60842.68800964 5
AO-73                60842.74821653 60842.75168280 2
AO-73                60842.81192246 60842.81688792 5
AO-73                60842.87563834 60842.88283808 15
AO-73                60842.94045139 60842.94887360 61
AO-73                60843.00683011 60843.01476514 24
AO-73                60843.07560489 60843.07984306 3
AO-73                60843.41852668 60843.42337000 4
AO-73                60843.48372453 60843.49200559 26
AO-73                60843.54967367 60843.55832955 60
TITA                 60833.10248000 60833.10721398 5
TITA                 60833.16584848 60833.17283252 15
TITA                 60833.23032659 60833.23851082 62
TITA                 60833.29635633 60833.30400728 22
TITA                 60833.36488772 60833.36856852 2
TITA                 60833.70619724 60833.70996423 2
TITA                 60833.77074992 60833.77858658 22
TITA                 60833.83628895 60833.84467496 68
TITA                 60833.90196386 60833.90918468 16
TITA                 60833.96759892 60833.97256364 5
TITA                 60834.09606765 60834.10056791 4
TITA                 60834.15936160 60834.16615573 13
TITA                 60834.22370046 60834.23183749 52
TITA                 60834.28954479 60834.29736675 27
TITA                 60834.35766728 60834.36215784 4
TITA                 60834.76410059 60834.77175055 19
TITA                 60834.82955723 60834.83802835 81
TITA                 60834.89526752 60834.90268671 18
TITA                 60834.96091788 60834.96615769 6
TITA                 60835.08964367 60835.09391916 3
TITA                 60835.15287530 60835.15946894 12
TITA                 60835.21707919 60835.22515161 43
TITA                 60835.28274436 60835.29070901 32
TITA                 60835.35052660 60835.35566468 5
TITA                 60835.75745023 60835.76487726 16
TITA                 60835.82286148 60835.83135620 85
TITA                 60835.88856011 60835.89616379 21
TITA                 60835.95422205 60835.95973521 7
TITA                 60836.01946429 60836.02285239 2
TITA                 60836.08320545 60836.08726953 3
TITA                 60836.14638877 60836.15277250 10
TITA                 60836.21046247 60836.21845343 37
TITA                 60836.27595404 60836.28403492 38
TITA                 60836.34343817 60836.34911634 7
TITA                 60836.75079842 60836.75796423 13
TITA                 60836.81615699 60836.82465458 71
TITA                 60836.88184182 60836.88961578 24
TITA                 60836.94751213 60836.95329475 7
TITA                 60837.01283787 60837.01639187 2
TITA                 60837.07675058 60837.08062083 3
TITA                 60837.13990134 60837.14606685 9
TITA                 60837.20384996 60837.21174320 31
TITA                 60837.26917297 60837.27734519 46
TITA                 60837.33638776 60837.34252633 8
TITA                 60837.74414731 60837.75100910 11
TITA                 60837.80944416 60837.81792285 59
TITA                 60837.87511286 60837.88304188 28
TITA                 60837.94078870 60837.94683523 8
TITA                 60838.00618370 60838.00993375 3
TITA                 60838.07027584 60838.07397553 2
TITA                 60838.13341217 60838.13935240 8
TITA                 60838.19724134 60838.20502116 27
TITA                 60838.26239452 60838.27063425 56
TITA                 60838.32936735 60838.33590261 10
TITA                 60838.73749984 60838.74400845 9
TITA                 60838.80272321 60838.81116033 48
TITA                 60838.86837343 60838.87644165 32
TITA                 60838.93405234 60838.94035525 10
TITA                 60838.99950434 60839.00347446 3
TITA                 60839.06377800 60839.06733589 2
TITA                 60839.12692028 60839.13262993 7
TITA                 60839.19063627 60839.19828751 24
TITA                 60839.25562985 60839.26391492 68
TITA                 60839.32237132 60839.32925041 12
TITA                 60839.73085977 60839.73695768 8
TITA                 60839.79599481 60839.80436625 40
TITA                 60839.86162372 60839.86981459 37
TITA                 60839.92730315 60839.93385405 11
TITA                 60839.99280213 60839.99701090 3
TITA                 60840.05725386 60840.06070426 2
TITA                 60840.12042456 60840.12589994 6
TITA                 60840.18403421 60840.19154257 21
TITA                 60840.24887255 60840.25718147 82
TITA                 60840.31539583 60840.32257329 15
TITA                 60840.72423342 60840.72985015 6
TITA                 60840.78925944 60840.79753974 34
TITA                 60840.85486396 60840.86316022 44
TITA                 60840.92054189 60840.92733069 12
TITA                 60840.98607911 60840.99053998 4
TITA                 60841.05070057 60841.05408259 2
TITA                 60841.11392371 60841.11916326 6
TITA                 60841.17743509 60841.18478673 18
TITA                 60841.24212825 60841.25044043 81
TITA                 60841.30843800 60841.31587360 18
TITA                 60841.71763016 60841.72267564 4
TITA                 60841.78251774 60841.79067983 28
TITA                 60841.84810040 60841.85648440 52
TITA                 60841.91376869 60841.92078436 14
TITA                 60841.97933696 60841.98405916 4
TITA                 60842.10741618 60842.11242089 5
TITA                 60842.17083825 60842.17801991 16
TITA                 60842.23538439 60842.24367985 68
TITA                 60842.30149587 60842.30915364 21
TITA                 60842.71106693 60842.71541652 3
TITA                 60842.77577041 60842.78378536 24
TITA                 60842.84132118 60842.84977387 62
TITA                 60842.90698382 60842.91421435 16
TITA                 60842.97257733 60842.97756617 5
TITA                 60843.03749842 60843.04087338 2
NOAA-15              60833.08427974 60833.09455919 42
NOAA-15              60833.15339017 60833.16394157 53
NOAA-15              60833.22449401 60833.23312327 13
NOAA-15              60833.58704924 60833.59397618 7
NOAA-15              60833.65595503 60833.66613339 31
NOAA-15              60833.72530928 60833.73595956 71
NOAA-15              60833.79465255 60833.80418463 23
NOAA-15              60833.86364245 60833.87142890 10
NOAA-15              60833.93177871 60833.93881870 8
NOAA-15              60833.99898666 60834.00725748 13
NOAA-15              60834.06642586 60834.07641062 32
NOAA-15              60834.13513528 60834.14578642 76
NOAA-15              60834.20562301 60834.21506802 19
NOAA-15              60834.27912137 60834.28338142 2
NOAA-15              60834.56932564 60834.57441487 3
NOAA-15              60834.63784167 60834.64752435 22
NOAA-15              60834.70714509 60834.71786002 83
NOAA-15              60834.77651902 60834.78645508 30
NOAA-15              60834.84564530 60834.85387123 12
NOAA-15              60834.91406541 60834.92109287 8
NOAA-15              60834.98142027 60834.98925133 11
NOAA-15              60835.04866935 60835.05827592 24
NOAA-15              60835.11699989 60835.12762546 77
NOAA-15              60835.18696455 60835.19696615 28
NOAA-15              60835.25939455 60835.26578214 5
NOAA-15              60835.61976292 60835.62874308 15
NOAA-15              60835.68898425 60835.69964224 59
NOAA-15              60835.75836941 60835.76864169 39
NOAA-15              60835.82759739 60835.83629692 15
NOAA-15              60835.89623016 60835.90344279 8
NOAA-15              60835.96385016 60835.97130483 9
NOAA-15              60836.03098618 60836.04016172 19
NOAA-15              60836.09897533 60836.10946364 55
NOAA-15              60836.16846185 60836.17883618 39
NOAA-15              60836.24011167 60836.24790014 9
NOAA-15              60836.60174673 60836.60975800 10
NOAA-15              60836.67083255 60836.68129666 41
NOAA-15              60836.74020944 60836.75073423 54
NOAA-15              60836.80951017 60836.81868320 19
NOAA-15              60836.87835556 60836.88584611 9
NOAA-15              60836.94624962 60836.95343018 8
NOAA-15              60837.01336169 60837.02207582 15
NOAA-15              60837.08105332 60837.09130613 40
NOAA-15              60837.15009880 60837.16068832 57
NOAA-15              60837.22109473 60837.22989141 14
NOAA-15              60837.58383912 60837.59051139 6
NOAA-15              60837.65269685 60837.66281193 29
NOAA-15              60837.72204413 60837.73272358 75
NOAA-15              60837.79139335 60837.80101099 24
NOAA-15              60837.86040819 60837.86828070 11
NOAA-15              60837.92859400 60837.93563550 8
NOAA-15              60837.99582143 60838.00402591 13
NOAA-15              60838.06322278 60838.07315781 30
NOAA-15              60838.13186335 60838.14252982 81
NOAA-15              60838.20225508 60838.21182440 21
NOAA-15              60838.27552258 60838.28026682 3
NOAA-15              60838.56617352 60838.57085798 2
NOAA-15              60838.63458679 60838.64417242 20
NOAA-15              60838.70387832 60838.71460170 79
NOAA-15              60838.77325491 60838.78326525 31
NOAA-15              60838.84239981 60838.85071947 13
NOAA-15              60838.91086522 60838.91792136 8
NOAA-15              60838.97825411 60838.98602766 11
NOAA-15              60839.04547788 60839.05502443 23
NOAA-15              60839.11374583 60839.12436644 73
NOAA-15              60839.18362329 60839.19371447 29
NOAA-15              60839.25590047 60839.26258752 6
NOAA-15              60839.61651414 60839.62535625 14
NOAA-15              60839.68571680 60839.69636001 55
NOAA-15              60839.75510142 60839.76543372 41
NOAA-15              60839.82434277 60839.83313735 16
NOAA-15              60839.89301405 60839.90028030 8
NOAA-15              60839.96067852 60839.96809121 9
NOAA-15              60840.02780416 60840.03691287 19
NOAA-15              60840.09573770 60840.10620313 52
NOAA-15              60840.16514405 60840.17557857 42
NOAA-15              60840.23666624 60840.24466850 10
NOAA-15              60840.59851003 60840.60632887 9
NOAA-15              60840.66756544 60840.67798872 39
NOAA-15              60840.73693844 60840.74750638 57
NOAA-15              60840.80624821 60840.81551218 20
NOAA-15              60840.87512450 60840.88268860 10
NOAA-15              60840.94306805 60840.95022828 8
NOAA-15              60841.01018579 60841.01883113 15
NOAA-15              60841.07783067 60841.08804489 38
NOAA-15              60841.14680210 60841.15742635 61
NOAA-15              60841.21769235 60841.22664901 15
NOAA-15              60841.58062761 60841.58702474 5
NOAA-15              60841.64943144 60841.65947586 27
NOAA-15              60841.71877094 60841.72947450 79
NOAA-15              60841.78812551 60841.79782564 25
NOAA-15              60841.85716415 60841.86512327 11
NOAA-15              60841.92539891 60841.93244590 8
NOAA-15              60841.99264824 60842.00078727 12
NOAA-15              60842.06001346 60842.06989696 29
NOAA-15              60842.12858594 60842.13926459 86
NOAA-15              60842.19888299 60842.20857104 22
NOAA-15              60842.27194241 60842.27712083 3
NOAA-15              60842.63132295 60842.64080501 19
NOAA-18              60833.08727219 60833.09485051 9
NOAA-18              60833.15505579 60833.16397176 15
NOAA-18              60833.22327305 60833.23376241 37
NOAA-18              60833.29278173 60833.30376690 66
NOAA-18              60833.36416252 60833.37365622 17
NOAA-18              60833.73075236 60833.73729087 5
NOAA-18              60833.80019354 60833.81044624 27
NOAA-18              60833.87016315 60833.88110571 81
NOAA-18              60833.94012914 60833.95010117 26
NOAA-18              60834.00974479 60834.01805705 12
NOAA-18              60834.07849567 60834.08606460 9
NOAA-18              60834.14636727 60834.15505663 14
NOAA-18              60834.21446847 60834.22479174 33
NOAA-18              60834.28377795 60834.29478705 78
NOAA-18              60834.35487973 60834.36471416 21
NOAA-18              60834.42894527 60834.43377356 3
NOAA-18              60834.72199654 60834.72759150 4
NOAA-18              60834.79123886 60834.80123227 23
NOAA-18              60834.86118397 60834.87214767 86
NOAA-18              60834.93116776 60834.94132685 30
NOAA-18              60835.00085442 60835.00936662 13
NOAA-18              60835.06974293 60835.07729437 9
NOAA-18              60835.13767966 60835.14615326 13
NOAA-18              60835.20568394 60835.21582460 29
NOAA-18              60835.27480281 60835.28580589 90
NOAA-18              60835.34563957 60835.35576223 24
NOAA-18              60835.41915593 60835.42508019 4
NOAA-18              60835.71340361 60835.71773413 2
NOAA-18              60835.78228977 60835.79197676 19
NOAA-18              60835.85220477 60835.86316096 74
NOAA-18              60835.92220120 60835.93253276 34
NOAA-18              60835.99195011 60836.00067363 14
NOAA-18              60836.06097119 60836.06854172 9
NOAA-18              60836.12899306 60836.13726306 12
NOAA-18              60836.19691801 60836.20686179 26
NOAA-18              60836.26585525 60836.27682405 77
NOAA-18              60836.33643913 60836.34680232 29
NOAA-18              60836.40949779 60836.41629635 6
NOAA-18              60836.77335226 60836.78267672 16
NOAA-18              60836.84322600 60836.85414447 62
NOAA-18              60836.91323023 60836.92371745 39
NOAA-18              60836.98303325 60836.99197516 16
NOAA-18              60837.05217997 60837.05980524 9
NOAA-18              60837.12030438 60837.12838743 11
NOAA-18              60837.18816908 60837.19790420 23
NOAA-18              60837.25693423 60837.26784212 66
NOAA-18              60837.32727606 60837.33783605 34
NOAA-18              60837.39993321 60837.40745843 8
NOAA-18              60837.76442735 60837.77332819 13
NOAA-18              60837.83424855 60837.84509703 52
NOAA-18              60837.90425558 60837.91487979 45
NOAA-18              60837.97410518 60837.98326868 17
NOAA-18              60838.04336894 60838.05108298 10
NOAA-18              60838.11161049 60838.11952773 10
NOAA-18              60838.17943538 60838.18895277 20
NOAA-18              60838.24803873 60838.25886070 56
NOAA-18              60838.31814834 60838.32886441 40
NOAA-18              60838.39043842 60838.39857802 10
NOAA-18              60838.75551901 60838.76392627 11
NOAA-18              60838.82527306 60838.83601732 44
NOAA-18              60838.89527793 60838.90601845 52
NOAA-18              60838.96516717 60838.97455138 19
NOAA-18              60839.03453846 60839.04237250 10
NOAA-18              60839.10290829 60839.11068524 10
NOAA-18              60839.17071494 60839.18000852 18
NOAA-18              60839.23916772 60839.24988038 48
NOAA-18              60839.30905425 60839.31988867 48
NOAA-18              60839.38101120 60839.38967768 12
NOAA-18              60839.74663266 60839.75446426 9
NOAA-18              60839.81630052 60839.82690392 37
NOAA-18              60839.88629791 60839.89713237 61
NOAA-18              60839.95622039 60839.96582116 21
NOAA-18              60840.02568928 60840.03367089 11
NOAA-18              60840.09419484 60840.10186072 9
NOAA-18              60840.16200557 60840.17107239 17
NOAA-18              60840.23032013 60840.24090183 42
NOAA-18              60840.29999226 60840.31090965 57
NOAA-18              60840.37163919 60840.38075784 15
NOAA-18              60840.73777670 60840.74493226 7
NOAA-18              60840.80733179 60840.81775516 31
NOAA-18              60840.87731614 60840.88822049 72
NOAA-18              60840.94726592 60840.95707594 24
NOAA-18              60841.01682246 60841.02497540 11
NOAA-18              60841.08546750 60841.09305488 9
NOAA-18              60841.15330480 60841.16214600 15
NOAA-18              60841.22149481 60841.23192555 36
NOAA-18              60841.29096104 60841.30192813 68
NOAA-18              60841.36228235 60841.37182459 18
NOAA-18              60841.72896498 60841.73531513 5
NOAA-18              60841.79836798 60841.80856925 26
NOAA-18              60841.86833322 60841.87928178 83
NOAA-18              60841.93830476 60841.94831382 27
NOAA-18              60842.00793926 60842.01628282 12
NOAA-18              60842.07672399 60842.08426788 9
NOAA-18              60842.14461030 60842.15323034 14
NOAA-18              60842.21269054 60842.22295233 32
NOAA-18              60842.28195937 60842.29294482 80
NOAA-18              60842.35300450 60842.36287744 21
NOAA-18              60842.42694992 60842.43199264 3
NOAA-19              60833.09118927 60833.09961686 13
NOAA-19              60833.15917437 60833.16922851 27
NOAA-19              60833.22820784 60833.23918983 83
NOAA-19              60833.29890898 60833.30915402 27
NOAA-19              60833.37216770 60833.37856718 5
NOAA-19              60833.73574848 60833.74531755 17
NOAA-19              60833.80563981 60833.81668770 66
NOAA-19              60833.87564039 60833.88619523 38
NOAA-19              60833.94542084 60833.95442148 16
NOAA-19              60834.01452639 60834.02227436 10
NOAA-19              60834.08264200 60834.09089908 12
NOAA-19              60834.15056702 60834.16043209 24
NOAA-19              60834.21942795 60834.23037039 71
NOAA-19              60834.28988606 60834.30035244 31
NOAA-19              60834.36272339 60834.36991423 7
NOAA-19              60834.72697433 60834.73615243 15
NOAA-19              60834.79681904 60834.80781276 55
NOAA-19              60834.86682435 60834.87752402 43
NOAA-19              60834.93665297 60834.94587480 17
NOAA-19              60835.00587422 60835.01370574 10
NOAA-19              60835.07409671 60835.08219626 11
NOAA-19              60835.14197497 60835.15164142 22
NOAA-19              60835.21067317 60835.22155123 61
NOAA-19              60835.28089840 60835.29154518 37
NOAA-19              60835.35335566 60835.36121161 9
NOAA-19              60835.71821457 60835.72693703 12
NOAA-19              60835.78799995 60835.79890660 47
NOAA-19              60835.85800521 60835.86883003 50
NOAA-19              60835.92787500 60835.93731810 19
NOAA-19              60835.99720364 60836.00514872 10
NOAA-19              60836.06554469 60836.07350950 10
NOAA-19              60836.13339641 60836.14285748 20
NOAA-19              60836.20194249 60836.21273292 52
NOAA-19              60836.27194421 60836.28273323 44
NOAA-19              60836.34405912 60836.35248451 11
NOAA-19              60836.70947346 60836.71766595 10
NOAA-19              60836.77918317 60836.78996791 40
NOAA-19              60836.84918357 60836.86011206 58
NOAA-19              60836.91908849 60836.92874932 21
NOAA-19              60836.98851519 60836.99660099 11
NOAA-19              60837.05698317 60837.06483980 10
NOAA-19              60837.12482935 60837.13408130 18
NOAA-19              60837.19323489 60837.20391606 45
NOAA-19              60837.26302190 60837.27391756 52
NOAA-19              60837.33482011 60837.34373503 14
NOAA-19              60837.70075752 60837.70833135 8
NOAA-19              60837.77036989 60837.78099520 33
NOAA-19              60837.84036003 60837.85136907 68
NOAA-19              60837.91029425 60837.92016638 24
NOAA-19              60837.97980975 60837.98805964 12
NOAA-19              60838.04840960 60838.05618752 10
NOAA-19              60838.11627159 60838.12531378 16
NOAA-19              60838.18454932 60838.19510137 39
NOAA-19              60838.25413008 60838.26509900 62
NOAA-19              60838.32559860 60838.33497043 16
NOAA-19              60838.69207700 60838.69892161 6
NOAA-19              60838.76156083 60838.77198672 28
NOAA-19              60838.83153515 60838.84260007 79
NOAA-19              60838.90149323 60838.91156741 26
NOAA-19              60838.97108841 60838.97952177 12
NOAA-19              60839.03982158 60839.04755297 9
NOAA-19              60839.10772076 60839.11655652 15
NOAA-19              60839.17588463 60839.18628923 34
NOAA-19              60839.24526751 60839.25627828 73
NOAA-19              60839.31645611 60839.32619016 19
NOAA-19              60839.39072154 60839.39513364 2
NOAA-19              60839.68344969 60839.68941748 4
NOAA-19              60839.75275729 60839.76294058 24
NOAA-19              60839.82270949 60839.83380405 88
NOAA-19              60839.89268653 60839.90295079 30
NOAA-19              60839.96235237 60839.97098443 13
NOAA-19              60840.03121770 60840.03893589 9
NOAA-19              60840.09917425 60840.10781043 14
NOAA-19              60840.16723959 60840.17748068 30
NOAA-19              60840.23643305 60840.24745609 86
NOAA-19              60840.30735633 60840.31739926 23
NOAA-19              60840.38103272 60840.38664215 4
NOAA-19              60840.67491130 60840.67978123 3
NOAA-19              60840.74396074 60840.75385438 20
NOAA-19              60840.81388363 60840.82498000 76
NOAA-19              60840.88387452 60840.89431470 34
NOAA-19              60840.95360292 60840.96244472 15
NOAA-19              60841.02259639 60841.03033547 9
NOAA-19              60841.09062937 60841.09907688 13
NOAA-19              60841.15861285 60841.16867614 27
NOAA-19              60841.22762565 60841.23863303 82
NOAA-19              60841.29829613 60841.30859974 27
NOAA-19              60841.37149453 60841.37804008 5
NOAA-19              60841.73517074 60841.74472534 17
NOAA-19              60841.80505821 60841.81612688 65
NOAA-19              60841.87505815 60841.88565813 39
NOAA-19              60841.94484132 60841.95389979 16
NOAA-19              60842.01395690 60842.02175041 10
NOAA-19              60842.08208353 60842.09035713 12
NOAA-19              60842.15000293 60842.15987665 24
NOAA-19              60842.21884427 60842.22980971 70
NOAA-19              60842.28927307 60842.29979329 32
NOAA-19              60842.36205803 60842.36937504 7
NOAA-19              60842.72639385 60842.73555007 14
METOA                60833.05691672 60833.06259883 6
METOA                60833.12265902 60833.12813325 5
METOA                60833.18748481 60833.19479918 11
METOA                60833.25271417 60833.26196683 30
METOA                60833.31925897 60833.32921697 71
METOA                60833.38758508 60833.39628155 18
METOA                60833.80686009 60833.81396189 11
METOA                60833.87377507 60833.88263402 54
METOA                60833.94101523 60833.94947044 31
METOA                60834.00814999 60834.01501237 11
METOA                60834.07475748 60834.08004130 5
METOA                60834.14014101 60834.14590374 6
METOA                60834.20495638 60834.21277819 14
METOA                60834.27046562 60834.28000113 41
METOA                60834.33742621 60834.34723337 49
METOA                60834.40634684 60834.41417074 12
METOA                60834.82478343 60834.83258662 17
METOA                60834.89182500 60834.90069840 76
METOA                60834.95908015 60834.96713944 22
METOA                60835.02614538 60835.03243256 8
METOA                60835.09248729 60835.09754930 4
METOA                60835.15758023 60835.16375712 7
METOA                60835.22247897 60835.23077913 18
METOA                60835.28831368 60835.29803321 57
METOA                60835.35572383 60835.36522644 33
METOA                60835.42534043 60835.43194606 7
METOA                60835.77635829 60835.78103008 3
METOA                60835.84275819 60835.85103104 25
METOA                60835.90992809 60835.91864638 59
METOA                60835.97713434 60835.98471872 16
METOA                60836.04409455 60836.04982653 6
METOA                60836.11011013 60836.11514565 4
METOA                60836.17499496 60836.18166367 9
METOA                60836.24006882 60836.24879322 23
METOA                60836.30626633 60836.31605802 79
METOA                60836.37420532 60836.38318396 23
METOA                60836.44469458 60836.44949897 3
METOA                60836.79402018 60836.80013477 7
METOA                60836.86076124 60836.86932036 38
METOA                60836.92798058 60836.93647353 39
METOA                60836.99517229 60837.00221928 12
METOA                60837.06198021 60837.06722406 5
METOA                60837.12763271 60837.13284049 5
METOA                60837.19242204 60837.19961254 11
METOA                60837.25769888 60837.26681573 31
METOA                60837.32433428 60837.33407025 64
METOA                60837.39281333 60837.40109373 15
METOA                60837.81184910 60837.81892744 12
METOA                60837.87878388 60837.88747081 60
METOA                60837.94603723 60837.95420158 27
METOA                60838.01318672 60838.01965495 9
METOA                60838.07978111 60838.08466022 4
METOA                60838.14508608 60838.15063253 5
METOA                60838.20988624 60838.21758997 14
METOA                60838.27545963 60838.28483657 43
METOA                60838.34252235 60838.35206367 43
METOA                60838.41162763 60838.41893202 10
METOA                60838.82976034 60838.83750213 18
METOA                60838.89681853 60838.90549403 76
METOA                60838.96408794 60838.97183231 20
METOA                60839.03116769 60839.03704448 7
METOA                60839.09747732 60839.10217015 4
METOA                60839.16248920 60839.16849253 7
METOA                60839.22739987 60839.23557994 18
METOA                60839.29331297 60839.30285295 62
METOA                60839.36084523 60839.37003013 29
METOA                60839.43070519 60839.43662611 5
METOA                60839.78126935 60839.78607150 4
METOA                60839.84772104 60839.85590067 27
METOA                60839.91490587 60839.92340214 53
METOA                60839.98212825 60839.98937466 15
METOA                60840.04910063 60840.05441299 5
METOA                60840.11506078 60840.11977868 4
METOA                60840.17988304 60840.18640659 9
METOA                60840.24499225 60840.25358560 24
METOA                60840.31127999 60840.32085983 79
METOA                60840.37935730 60840.38795539 20
METOA                60840.79893715 60840.80510426 8
METOA                60840.86570909 60840.87414683 42
METOA                60840.93294331 60840.94119013 35
METOA                60841.00015259 60841.00683963 11
METOA                60841.06696579 60841.07179254 4
METOA                60841.13255006 60841.13749681 4
METOA                60841.19729701 60841.20435798 11
METOA                60841.26266813 60841.27159496 33
METOA                60841.32936318 60841.33885169 58
METOA                60841.39801167 60841.40583020 13
METOA                60841.81675873 60841.82384142 13
METOA                60841.88371633 60841.89225609 66
METOA                60841.95098513 60841.95888001 24
METOA                60842.01815354 60842.02424212 8
METOA                60842.08473955 60842.08922136 4
METOA                60842.14996029 60842.15529975 5
METOA                60842.21475455 60842.22233368 14
METOA                60842.28039819 60842.28960442 46
METOA                60842.34757424 60842.35682175 38
METOA                60842.41687951 60842.42360413 8
METOA                60842.83465806 60842.84236762 19
METOA                60842.90178092 60842.91024249 73
METOB                60833.08474806 60833.09337712 14
METOB                60833.15255282 60833.16281103 35
METOB                60833.22164866 60833.23245160 68
METOB                60833.29258527 60833.30197805 18
METOB                60833.65724654 60833.66337209 5
METOB                60833.72625292 60833.73629561 25
METOB                60833.79584744 60833.80667037 85
METOB                60833.86546562 60833.87536044 27
METOB                60833.93477675 60833.94295660 12
METOB                60834.00326117 60834.01051836 8
METOB                60834.07078776 60834.07906832 12
METOB                60834.13843001 60834.14841020 29
METOB                60834.20721329 60834.21803469 89
METOB                60834.27771680 60834.28761644 23
METOB                60834.35092043 60834.35651688 4
METOB                60834.64335478 60834.64764553 2
METOB                60834.71188142 60834.72146179 19
METOB                60834.78142919 60834.79225864 74
METOB                60834.85106687 60834.86125450 33
METOB                60834.92047641 60834.92901040 14
METOB                60834.98917720 60834.99646912 8
METOB                60835.05688579 60835.06479089 11
METOB                60835.12435514 60835.13402027 23
METOB                60835.19285033 60835.20361609 71
METOB                60835.26295261 60835.27323359 31
METOB                60835.33543425 60835.34241300 7
METOB                60835.69753806 60835.70651449 14
METOB                60835.76701382 60835.77777088 56
METOB                60835.83665881 60835.84709384 41
METOB                60835.90614615 60835.91504909 16
METOB                60835.97504240 60835.98246248 9
METOB                60836.04293480 60836.05055520 10
METOB                60836.11032617 60836.11964480 20
METOB                60836.17855563 60836.18919822 55
METOB                60836.24828301 60836.25883597 41
METOB                60836.32016634 60836.32818021 10
METOB                60836.68323427 60836.69143668 10
METOB                60836.75260438 60836.76320222 42
METOB                60836.82224423 60836.83287360 53
METOB                60836.89179146 60836.90106192 19
METOB                60836.96085781 60836.96848896 10
METOB                60837.02896389 60837.03636455 9
METOB                60837.09633329 60837.10528770 16
METOB                60837.16432506 60837.17478343 43
METOB                60837.23370056 60837.24442785 54
METOB                60837.30506640 60837.31388549 14
METOB                60837.66899261 60837.67620064 7
METOB                60837.73820402 60837.74854686 32
METOB                60837.80782565 60837.81858926 69
METOB                60837.87741713 60837.88703934 23
METOB                60837.94662686 60837.95453650 11
METOB                60838.01496088 60838.02222303 8
METOB                60838.08236712 60838.09095395 14
METOB                60838.15015425 60838.16037448 34
METOB                60838.21919929 60838.23001299 71
METOB                60838.29006489 60838.29954972 19
METOB                60838.65486030 60838.66075373 4
METOB                60838.72381738 60838.73379767 24
METOB                60838.79340547 60838.80423671 87
METOB                60838.86302731 60838.87297356 28
METOB                60838.93235501 60838.94059215 12
METOB                60839.00087418 60839.00813405 8
METOB                60839.06841946 60839.07664873 12
METOB                60839.13603834 60839.14597368 28
METOB                60839.20477419 60839.21559427 88
METOB                60839.27521219 60839.28518281 24
METOB                60839.34828842 60839.35413909 4
METOB                60839.70944795 60839.71894538 18
METOB                60839.77898612 60839.78981181 71
METOB                60839.84862556 60839.85885798 34
METOB                60839.91804827 60839.92664289 14
METOB                60839.98678101 60839.99409063 8
METOB                60840.05451586 60840.06237592 11
METOB                60840.12196940 60840.13158444 23
METOB                60840.19042086 60840.20117424 68
METOB                60840.26046209 60840.27079584 32
METOB                60840.33284272 60840.34000798 7
METOB                60840.69510841 60840.70397738 14
METOB                60840.76457012 60840.77531014 54
METOB                60840.83421496 60840.84468662 43
METOB                60840.90371252 60840.91267666 16
METOB                60840.97263693 60840.98008850 9
METOB                60841.04056121 60841.04814556 10
METOB                60841.10794527 60841.11721026 19
METOB                60841.17613514 60841.18675532 53
METOB                60841.24580528 60841.25639482 42
METOB                60841.31760210 60841.32576035 10
METOB                60841.68081110 60841.68887528 10
METOB                60841.75016043 60841.76072672 40
METOB                60841.81979824 60841.83045510 55
METOB                60841.88935312 60841.89868306 20
METOB                60841.95844340 60841.96611773 10
METOB                60842.02658464 60842.03396110 9
METOB                60842.09395586 60842.10285517 16
METOB                60842.16191291 60842.17233990 41
METOB                60842.23123460 60842.24198404 56
METOB                60842.30252347 60842.31145600 14
METOB                60842.66658104 60842.67360905 7
METOB                60842.73576062 60842.74605555 31
