0 LCS 1
1  1361U 65034C   25156.01937046  .00000012  00000-0  50854-3 0  9996
2  1361  32.1463 352.5544 0012665 227.3897 132.5533  9.89308504172871
0 OSCAR 6
1 06236U 72082B   25155.89145825 -.00000034  00000-0  80018-4 0  9995
2 06236 102.0142 170.2222 0004550 145.4919 288.4076 12.53202246407702
0 OSCAR 10
1 14129U 83058B   25154.54759051 -.00000174  00000-0  00000-0 0  9997
2 14129  26.7241 283.4200 6060764  10.5868 357.7953  2.05870758287690
0 OSCAR 11 (UoSAT 2)
1 14781U 84021B   25156.16698059  .00001516  00000-0  16537-3 0  9997
2 14781  97.7540 122.6228 0007819   3.5313 356.5958 14.89377921221982
0 COSMOS 1861
1 18129U 87054A   25156.22487326  .00000056  00000-0  44783-4 0  9999
2 18129  82.9264 241.8961 0010238 282.8272  95.7685 13.73226782901810
0 OSCAR 16 (PACSAT)
1 20439U 90005D   25156.07497590  .00000173  00000-0  79062-4 0  9991
2 20439  98.8880 177.0816 0009475 256.1775 173.4380 14.33769778848145
0 OSCAR 17 (DOVE)
1 20440U 90005E   25155.89891966  .00000205  00000-0  89570-4 0  9998
2 20440  98.8888 171.0686 0009721 228.4026 201.9344 14.34304619848258
0 OSCAR 19 (LUSAT)
1 20442U 90005G   25155.50229018  .00000167  00000-0  76816-4 0  9997
2 20442  98.8977 161.5635 0010718 229.8215 130.2031 14.33953035848269
0 COSMOS 2123
1 21089U 91007A   25155.82072067  .00000055  00000-0  41853-4 0  9992
2 21089  82.9234 257.5344 0027693 279.0693 229.4145 13.74855218722061
0 ARASENE
1 22654U 93031B   25155.60552278 -.00000105  00000-0  00000-0 0  9995
2 22654   4.6455  58.2346 2829103 310.7679 238.3762  1.42203391162051
0 EYESAT A
1 22825U 93061C   25156.09186481  .00000129  00000-0  66517-4 0  9995
2 22825  98.7367 217.6251 0009412 122.5116 237.6977 14.30798174653345
0 ITAMSAT
1 22826U 93061D   25155.90224574  .00000165  00000-0  79445-4 0  9995
2 22826  98.7316 217.3175 0010064 109.2439 250.9833 14.31211186653340
0 RADIO ROSTO
1 23439U 94085A   25155.92087896 -.00000036  00000-0  18071-3 0  9994
2 23439  64.8136 193.3408 0145533  75.2587 286.4413 11.27581296253363
0 JAS 2
1 24278U 96046B   25155.94651929  .00000005  00000-0  42507-4 0  9998
2 24278  98.5768  50.4474 0349905 354.8094   4.9457 13.53248943422149
0 NOAA 15
1 25338U 98030A   25156.18368249  .00000254  00000-0  12198-3 0  9996
2 25338  98.5349 181.4209 0010525  19.4487 340.7093 14.26977290407770
0 TECHSAT 1B
1 25397U 98043D   25155.84470810  .00000100  00000-0  63215-4 0  9992
2 25397  98.9699 134.8651 0000943 167.1495 192.9708 14.24314203397611
0 ISS (ZARYA)
1 25544U 98067A   25156.41218638  .00010954  00000-0  19949-3 0  9996
2 25544  51.6392   5.4243 0001910 184.4067 237.6437 15.50021068513332
0 TERRA
1 25994U 99068A   25156.18181896  .00000519  00000-0  11569-3 0  9992
2 25994  97.9984 214.5523 0002120  17.7338  66.7179 14.60700307354683
0 AMSAT OSCAR 40
1 26609U 00072B   25155.48915508 -.00000285  00000-0  00000-0 0  9996
2 26609   9.5537  44.4235 7972835  63.8725 354.3473  1.25590440112764
0 PCSAT
1 26931U 01043C   25156.24485696  .00000210  00000-0  10982-3 0  9998
2 26931  67.0490 139.0483 0006036 275.5458  84.4955 14.31732631236645
0 AQUA
1 27424U 02022A   25156.16140249  .00001099  00000-0  23244-3 0  9998
2 27424  98.3772 114.3613 0002123  79.7341   9.9834 14.61286052228230
0 METEOSAT 8 (MSG 1)
1 27509U 02040B   25154.80913483 -.00000030  00000-0  00000-0 0  9996
2 27509  10.5105  44.1756 0015014  64.2998 133.6205  0.97902988 83231
0 SAUDISAT 1C
1 27607U 02058C   25155.55789705  .00001279  00000-0  17664-3 0  9997
2 27607  64.5521 216.0372 0055796 335.1827  24.6596 14.81613563208481
0 CUTE-1
1 27844U 03031E   25155.76124945  .00000383  00000-0  18596-3 0  9994
2 27844  98.6754 164.0972 0009255 194.2289 165.8630 14.23993339137951
0 CUBESAT XI 4
1 27848U 03031J   25155.00442650  .00000352  00000-0  17464-3 0  9990
2 27848  98.6783 163.3601 0008760 214.8558 145.2048 14.23327963137573
0 MOZHAYETS 4
1 27939U 03042A   25156.19014181  .00001328  00000-0  21808-3 0  9999
2 27939  98.3278 325.5358 0011995  30.0563  58.0220 14.72346302160187
0 AMSAT ECHO
1 28375U 04025K   25156.12246923  .00000264  00000-0  88423-4 0  9995
2 28375  98.6092 109.6510 0080656 168.8026 191.4983 14.43562650101259
0 INMARSAT 4-F1
1 28628U 05009A   25156.04652897  .00000040  00000-0  00000+0 0  9993
2 28628   4.6830  42.2146 0002770  36.3881   9.9626  1.00273259 73880
0 HAMSAT
1 28650U 05017B   25155.89568396  .00005346  00000-0  37828-3 0  9995
2 28650  98.0021 158.8943 0020131 228.9337 131.0150 15.05148200 89927
0 NOAA 18
1 28654U 05018A   25156.16292766  .00000219  00000-0  13946-3 0  9995
2 28654  98.8422 235.6888 0015057 139.1658 221.0646 14.13609191 33126
0 CUBESAT XI 5
1 28895U 05043F   25156.16483820  .00001613  00000-0  27100-3 0  9999
2 28895  98.2490 300.4601 0013586 325.2782  34.7536 14.71004003 46527
0 MOZ.5/SAFIR/RUBIN 5/SL-8
1 28898U 05043G   25155.85171858  .00000810  00000-0  16473-3 0  9991
2 28898  98.3005 291.2563 0019872  81.8122 278.5333 14.63710381668048
0 METEOSAT 9 (MSG 2)
1 28912U 05049B   25155.87746310  .00000130  00000-0  00000+0 0  9997
2 28912   8.5009  57.7665 0002988  39.3841 158.0316  1.00267191 71297
0 GOES 13
1 29155U 06018A   25155.42162528  .00000004  00000-0  00000-0 0  9999
2 29155   3.5511  81.0520 0061637 266.3641 324.9574  0.98795864 39514
0 METOP-A
1 29499U 06044A   25155.88743459  .00002940  00000-0  35338-3 0  9993
2 29499  98.3302 246.5147 0179201 190.3475 265.4688 14.73989591969838
0 CUTE-1.7+APD II
1 32785U 08021C   25155.88277490  .00004990  00000-0  36167-3 0  9997
2 32785  97.7828 127.0112 0008665 222.1023 137.9538 15.04387038928373
0 AAUSAT CUBESAT 2
1 32788U 08021F   25139.97047148  .08158600  26426-5  14044-2 0  9997
2 32788  97.5714 139.5734 0010482 221.9933 138.0559 16.32875487930171
0 SEEDS
1 32791U 08021J   25155.89376483  .00012652  00000-0  61409-3 0  9998
2 32791  97.7270 135.8305 0004229 155.4385 204.7050 15.18616808929786
0 INMARSAT 4-F3
1 33278U 08039A   25155.63484432 -.00000135  00000-0  00000-0 0  9995
2 33278   3.9792  29.8512 0002660  49.2341 304.7812  1.00271119 42754
0 STARS (KUKAI)
1 33498U 09002G   25155.75760480  .00004346  00000-0  43631-3 0  9990
2 33498  98.1244  84.7663 0008567 345.6934  14.4039 14.91816580882137
0 KKS-1 (KISEKI)
1 33499U 09002H   25156.20125903  .00001725  00000-0  22628-3 0  9998
2 33499  98.1209  68.2076 0009582  73.6106 286.6159 14.81612707880779
0 NOAA 19
1 33591U 09005A   25156.16867213  .00000209  00000-0  13507-3 0  9998
2 33591  98.9973 220.8484 0013983  21.0283 339.1462 14.13372208841480
0 TATIANA 2
1 35868U 09049D   25155.85925268  .00000221  00000-0  11538-3 0  9991
2 35868  98.6653 117.2088 0002958 297.4941  62.5937 14.24011427815985
0 SWISSCUBE
1 35932U 09051B   25155.70060305  .00001353  00000-0  28387-3 0  9999
2 35932  98.4313  51.8439 0006046 316.5716  43.5007 14.61327596834005
0 ITUPSAT 1
1 35935U 09051E   25155.68588547  .00001042  00000-0  22965-3 0  9993
2 35935  98.4337  51.7366 0007167 339.2973  20.7934 14.59541161833653
0 AMAZONAS 2
1 35942U 09054A   25156.12784481 -.00000273  00000-0  00000+0 0  9997
2 35942   0.8397  88.5297 0003497 349.8042 160.6854  1.00269761 57390
0 XIWANG-1 (HOPE-1)
1 36122U 09072B   25155.90621090 -.00000003  00000-0  10713-3 0  9996
2 36122 100.3486 111.7812 0007779  21.0712 339.0720 13.16424957743361
0 GOES 15
1 36411U 10008A   25155.88058811  .00000046  00000-0  00000-0 0  9991
2 36411   0.3010  85.6450 0001718 114.9022  71.4360  1.00269166 55850
0 ASTRA 3B
1 36581U 10021A   25155.87311909  .00000145  00000-0  00000-0 0  9993
2 36581   0.4932  89.0033 0003905 341.6173 160.7464  1.00270328 55087
0 JUGNU
1 37839U 11058B   25156.18626473  .00000458  00000-0  99504-4 0  9999
2 37839  19.9611  78.5235 0018568 232.8115 284.1376 14.13602474705723
0 SRMSAT
1 37841U 11058D   25155.80798038  .00000427  00000-0  88260-4 0  9990
2 37841  19.9699 183.4272 0011831  13.4270 143.6055 14.11434684704434
0 METEOSAT 10 (MSG 3)
1 38552U 12035B   25155.86851442  .00000001  00000-0  00000-0 0  9991
2 38552   3.7805  62.0773 0000715  20.1044 124.0744  1.00273744 47075
0 YUBELEINY 2
1 38735U 12041C   25155.91065245  .00000034  00000-0  17733-3 0  9995
2 38735  82.4753 309.9338 0017828 167.8599 192.2914 12.42632407582984
0 METOP-B
1 38771U 12049A   25156.17391450  .00000134  00000-0  80757-4 0  9990
2 38771  98.5770 210.5152 0001562  65.9066 294.2274 14.21501824659699
0 STRAND 1
1 39090U 13009E   25155.93991604  .00000383  00000-0  14408-3 0  9997
2 39090  98.3827 340.7580 0007461 280.2843  79.7502 14.36815703642888
0 CUBEBUG 1
1 39153U 13018D   25156.14713292  .00003676  00000-0  35278-3 0  9992
2 39153  98.1189 296.4763 0011383 318.3745  41.6607 14.93710099654791
0 ESTCUBE 1
1 39161U 13021C   25156.15234449  .00001832  00000-0  25033-3 0  9998
2 39161  97.7804 217.8128 0009204 155.4606 204.7046 14.79719446649271
0 ZACUBE
1 39417U 13066B   25155.83933843  .00005659  00000-0  49118-3 0  9990
2 39417  97.7801 112.8771 0046236  68.8140 291.8012 14.96613571624203
0 TRITON 1
1 39427U 13066M   25156.20908257  .00003206  00000-0  40860-3 0  9995
2 39427  97.8372  70.0925 0095264  21.6237 338.8956 14.79043670618506
0 GOMX 1
1 39430U 13066Q   25156.12246934  .00001899  00000-0  30116-3 0  9996
2 39430  97.6845  15.0610 0131752 206.1487 153.3027 14.67622496614751
0 HUMSAT D
1 39433U 13066T   25155.93738546  .00032320  00000-0  94707-3 0  9991
2 39433  97.5020 151.7277 0013097 125.9372 234.3088 15.35059399629549
0 FIRST-MOVE
1 39439U 13066Z   25155.86097602  .00036780  00000-0  13207-2 0  9999
2 39439  97.7426 129.9976 0025647  11.3567 348.8244 15.28263355624190
0 CUBEBUG 2
1 39440U 13066AA  25156.17788365  .00003375  00000-0  34448-3 0  9994
2 39440  97.8488 100.7686 0061578 193.1780 166.7832 14.89910105621987
0 FUNCUBE 1
1 39444U 13066AE  25155.88459311  .00007941  00000-0  59360-3 0  9994
2 39444  97.7834 117.7801 0043998  45.4603 315.0202 15.02276893622886
0 UWE-3
1 39446U 13066AG  25155.84480927  .00003533  00000-0  33702-3 0  9994
2 39446  97.8229 106.7943 0054280 133.5363 227.0385 14.92865233621793
0 MCUBED-2
1 39469U 13072H   25155.77517705  .00006428  00000-0  33194-3 0  9994
2 39469 120.4985 347.9321 0170851 330.8106  28.3503 15.06143268 60748
0 UNISAT 6
1 40012U 14033C   25156.16819627  .00003239  00000-0  37698-3 0  9990
2 40012  97.7417 312.4831 0046805 228.0678 131.6543 14.85190355590145
0 BUGSAT 1
1 40014U 14033E   25155.90770775  .00004728  00000-0  28546-3 0  9999
2 40014  98.0745 222.2328 0031546  27.6398 332.6499 15.10837414598786
0 DUCHIFAT 1
1 40021U 14033M   25155.48430622  .00016724  00000-0  60694-3 0  9993
2 40021  98.0954 169.3796 0007525 347.8047  12.3007 15.28384755597548
0 NANOSAT C BR1
1 40024U 14033Q   25155.92619032  .00012625  00000-0  61914-3 0  9991
2 40024  98.0904 153.5281 0006366  63.7830 296.4056 15.18260534596507
0 DTUSAT 2
1 40030U 14033W   25155.91244191  .00006939  00000-0  45220-3 0  9990
2 40030  98.0547 127.5054 0011182  78.5812 281.6670 15.08211731595693
0 QB50P2
1 40032U 14033Y   25155.86665984  .00007749  00000-0  50349-3 0  9991
2 40032  98.0425 127.1186 0009297  26.9663 333.2045 15.08292856595661
0 POLYITAN 1
1 40042U 14033AJ  25155.88703908  .00013165  00000-0  64024-3 0  9997
2 40042  98.1025 145.8591 0010556  27.9528 332.2270 15.18510492596072
0 TIGRISAT
1 40043U 14033AK  25156.01343822  .00002433  00000-0  29985-3 0  9992
2 40043  97.7350 311.4412 0050384 229.8402 129.8395 14.82934993589985
0 METEOR M2
1 40069U 14037A   25156.18532641  .00000145  00000-0  85485-4 0  9997
2 40069  98.4674 141.3111 0006818  58.6272 301.5572 14.21297340565769
0 DX 1
1 40071U 14037C   25156.12145822  .00001708  00000-0  19196-3 0  9996
2 40071  98.3440  91.6866 0008795  63.2644 296.9470 14.88147933590078
0 UKUBE 1
1 40074U 14037F   25155.84705864  .00008993  00000-0  63172-3 0  9991
2 40074  98.3922 117.7392 0002228  37.9038 322.2343 15.05389810591637
0 ARSAT 1
1 40272U 14062B   25156.22753216 -.00000250  00000-0  00000+0 0  9992
2 40272   0.0149   3.2291 0001839  69.8102 190.9627  1.00268154 39109
0 METEOSAT 11 (MSG 4)
1 40732U 15034A   25155.87033891  .00000071  00000-0  00000-0 0  9994
2 40732   2.2587  72.3594 0001019 294.3207 209.5428  1.00276600  3432
0 XW-2C
1 40906U 15049H   25047.62605869  .06460715  25777-5  82494-3 0  9990
2 40906  97.4284  83.7622 0006300 238.5188 121.5494 16.35922890522636
0 XW-2D
1 40907U 15049J   24320.92351917  .16701952  27880-5  21132-3 0  9990
2 40907  97.4221 349.6759 0008313 198.6926 161.4075 16.49393757508467
0 LILACSAT 2
1 40908U 15049K   25156.18782636  .00010395  00000-0  27249-3 0  9995
2 40908  97.5061 176.4284 0009855 165.1025 195.0512 15.38823697537550
0 LAPAN A2
1 40931U 15052B   25151.18580175  .00001241  00000-0  78118-4 0  9996
2 40931   6.0006  24.0987 0012733 338.8432  21.1169 14.78805930523047
0 ARSAT 2
1 40941U 15054B   25156.20461405 -.00000216  00000-0  00000+0 0  9993
2 40941   0.0164  14.3854 0001866  49.6610 182.4783  1.00272072 35533
0 HORYU 4
1 41340U 16012D   25156.19095902  .00018586  00000-0  49820-3 0  9990
2 41340  30.9952 161.4508 0005995   7.4860 352.5875 15.36719795512118
0 LAPAN A3
1 41603U 16040E   25156.18358406  .00003371  00000-0  11907-3 0  9994
2 41603  97.1367 160.9640 0009111 288.3230  71.7020 15.29832392497116
0 ALSAT 1N
1 41789U 16059G   25156.12830472  .00001084  00000-0  19489-3 0  9993
2 41789  97.8045 171.4968 0025225 315.6379  44.2806 14.68360420464653
0 CZ-11 R/B
1 41847U 16066G   25156.17623258  .00001641  00000-0  24204-3 0  9993
2 41847  98.4197 230.6776 0346024 191.6284 167.6765 14.43465178450386
0 GOES 16
1 41866U 16071A   25155.49096284 -.00000069  00000-0  00000-0 0  9996
2 41866   0.0473 255.3205 0001567 231.8484 199.0469  1.00125158 31311
0 ZHUHAI-1 02
1 42759U 17034B   25155.99471815  .00070624  00000-0  75154-3 0  9998
2 42759  43.0079 349.2014 0021455 260.6827  99.1611 15.62812467441887
0 DSAT
1 42794U 17036AF  25155.86798311  .00008885  00000-0  49374-3 0  9993
2 42794  97.5144 133.8519 0094392  25.2192 335.3602 15.10130626433788
0 NOAA 20
1 43013U 17073A   25156.18712826  .00000064  00000-0  51079-4 0  9999
2 43013  98.7416  94.8201 0000726  19.7921 340.3283 14.19542170390982
0 AO-91
1 43017U 17073E   25155.60553108  .00006750  00000-0  34754-3 0  9993
2 43017  97.5243  26.5050 0172759 183.1159 176.9008 15.04633028408469
0 GOES 17
1 43226U 18022A   25155.84767553 -.00000085  00000-0  00000-0 0  9997
2 43226   0.0310 191.0504 0002972 273.8876 349.3420  1.00272037 26649
0 DIWATA 2B
1 43678U 18084H   25156.18102155  .00002549  00000-0  21938-3 0  9997
2 43678  98.1052 332.1375 0006657 312.1646  47.9009 14.98328724359729
0 METOP-C
1 43689U 18087A   25156.13960066  .00000135  00000-0  81729-4 0  9994
2 43689  98.7156 216.5283 0001750 138.1615 221.9696 14.21484976341260
0 ES'HAIL 2
1 43700U 18090A   25155.87355348  .00000152  00000-0  00000-0 0  9991
2 43700   0.0173 358.1235 0002101 109.0971 126.5840  1.00271909 23892
0 MINXSS-2
1 43758U 18099A   25156.13250704  .00016618  00000-0  65467-3 0  9998
2 43758  97.5020 222.1533 0012735 165.0611 195.1005 15.25600420356299
0 STPSAT-5
1 43762U 18099E   25155.89985929  .00005122  00000-0  32308-3 0  9995
2 43762  97.4616 210.8230 0003593 170.1074 190.0227 15.09533896355871
0 AISTECHSAT-2
1 43768U 18099L   25155.69065531  .00005481  00000-0  33774-3 0  9993
2 43768  97.4827 207.0944 0006109 149.2205 210.9384 15.10356480355207
0 AO-95
1 43770U 18099N   25156.09798060  .00009496  00000-0  48088-3 0  9995
2 43770  97.4921 214.2332 0009771 219.6760 140.3759 15.17165518355874
0 RANGE A
1 43773U 18099R   25155.69382842  .00004504  00000-0  28807-3 0  9992
2 43773  97.4481 204.2374 0010885 201.0373 159.0409 15.09046945355485
0 OBJECT T
1 43775U 18099T   25156.11461677  .00002739  00000-0  18777-3 0  9999
2 43775  97.4729 206.6792 0006480 164.3159 195.8271 15.06833417355469
0 MOVE-II
1 43780U 18099Y   25156.14750784  .00256334  00000-0  17052-2 0  9994
2 43780  97.4652 231.4371 0006170 191.0365 169.0765 15.74664720357109
0 KAZSCISAT-1
1 43787U 18099AF  25156.14537418  .00249244  00000-0  18752-2 0  9998
2 43787  97.4447 226.7923 0005047 186.4869 173.6330 15.71789385357030
0 JY1SAT
1 43803U 18099AX  25155.91284914  .00012745  00000-0  58116-3 0  9994
2 43803  97.4668 215.0312 0008556 152.5413 207.6276 15.20741646356065
0 SUOMI100
1 43804U 18099AY  25155.72207342  .00008671  00000-0  42497-3 0  9992
2 43804  97.4730 214.1525 0013306 158.6332 201.5460 15.18304209355961
0 OBJECT BA
1 43806U 18099BA  25155.94373743  .00005673  00000-0  34480-3 0  9999
2 43806  97.4534 207.9639 0008136 180.9613 179.1603 15.10828209355384
0 UWE-4
1 43880U 18111E   25155.68743900  .00012395  00000-0  48703-3 0  9995
2 43880  97.5906  68.4851 0010478 220.0422 140.0045 15.25785342352887
0 D-STAR ONE SPARROW
1 43881U 18111F   25156.03262778  .00021196  00000-0  70922-3 0  9992
2 43881  97.6105  73.1848 0004733 245.4333 114.6415 15.30987543351091
0 METEOR M2-2
1 44387U 19038A   25156.21226358  .00000115  00000-0  69567-4 0  9999
2 44387  98.8739 133.8504 0002050  54.4832 305.6537 14.24207649307636
0 TAURUS-1
1 44530U 19059C   25156.22113805  .00005233  00000-0  96769-3 0  9994
2 44530  98.6063 295.4074 0009907  57.7102 302.5058 14.65806886303302
0 OBJECT C
1 44854U 19089C   25156.04031773  .00045722  00000-0  90069-3 0  9993
2 44854  36.9444  24.0531 0005079 285.4936  74.5259 15.46227972302248
0 OBJECT C
1 44881U 19093C   25156.18187047  .00001058  00000-0  12828-3 0  9990
2 44881  97.7924 231.9235 0012491 243.1775 116.8163 14.85593653295423
0 OBJECT G
1 44885U 19093G   25156.20738722  .00004717  00000-0  39963-3 0  9993
2 44885  97.8180 243.7989 0009318 211.3514 148.7153 14.98444523296093
0 BREEZE-KM R/B
1 44909U 19096E   25155.70669322  .00000005  00000-0 -18512-4 0  9991
2 44909  82.5221 230.5154 0216463 307.1680  50.9826 12.79740814254065
0 ONEWEB-0028
1 45140U 20008K   25155.82780036  .00000513  00000-0  14113-2 0  9997
2 45140  87.8833  96.3062 0001486  67.6422 292.4864 13.11416327259162
0 UPMSAT-2
1 46276U 20061E   25155.77358504  .00073420  00000-0  65715-3 0  9994
2 46276  97.2440 229.9960 0001924 164.6929 195.4391 15.68123686264711
0 DIDO 3
1 46284U 20061N   25081.48766028  .07487664  24492-5  76787-3 0  9996
2 46284  97.2679 159.5651 0011148 273.5907  86.4116 16.37766130252652
0 AMICALSAT
1 46287U 20061R   25010.85863821  .11283921  24654-5  56408-3 0  9994
2 46287  97.2840  89.8720 0009935 281.1985  78.8199 16.41970930241877
0 NORBI
1 46494U 20068J   25155.91175362  .00010886  00000-0  35790-3 0  9995
2 46494  97.8549 139.2632 0010850 155.5714 204.6042 15.31679647258179
0 UVSQ-SAT
1 47438U 21006AB  24298.11681880  .03670113  23594-5  18855-2 0  9991
2 47438  97.2775   3.3666 0006581 273.2868  86.7668 16.20433421208899
0 IDEASSAT
1 47458U 21006AX  24344.77491743  .11308816  24541-5  59030-3 0  9995
2 47458  97.2702  49.5935 0010118 282.6552  77.3617 16.41754873215974
0 UNISAT 7
1 47945U 21022P   25155.66384440  .00009353  00000-0  33143-3 0  9996
2 47945  97.4223  54.3078 0010979 352.9165   7.1918 15.29267514231961
0 OBJECT Y
1 47954U 21022Y   25080.91203790  .15245865  27065-5  42405-3 0  9991
2 47954  97.3968 355.6048 0009090 202.7483 157.3418 16.44870059221398
0 OBJECT AD
1 47959U 21022AD  25156.19202199  .01374874  13176-2  13839-2 0  9993
2 47959  97.3979  70.7752 0007481 183.8392 176.2836 16.11328324232003
0 OBJECT AE
1 47960U 21022AE  25102.18991407  .08920267  26050-5  10403-2 0  9994
2 47960  97.4008  17.2508 0008002 203.8387 156.2541 16.36719701224430
0 CSS (TIANHE-1)
1 48274U 21035A   25156.21104554  .00019537  00000-0  25342-3 0  9991
2 48274  41.4641  93.3127 0005512   5.5400 354.5498 15.58366731234281
0 TUBIN
1 48900U 21059X   25156.17076987  .00041257  00000-0  50639-3 0  9997
2 48900  97.6748 325.0403 0003173 228.8310 131.2672 15.60205472219353
0 LEDSAT
1 49069U 21073D   25156.20248677  .00060845  00000-0  74204-3 0  9999
2 49069  97.3891 237.5578 0010181 101.3578 258.8823 15.60230479210758
0 CUTE-LASP
1 49263U 21088D   25155.70036923  .00012384  00000-0  24935-3 0  9995
2 49263  97.4510 231.8145 0006754 251.3955 108.6562 15.46710880203674
0 TEIKYOSAT-4 (OORURI)
1 49396U 21102B   25155.70603549  .00002460  00000-0  16522-3 0  9990
2 49396  97.4108 194.3109 0013617 144.1541 216.0603 15.07626281195817
0 Z-SAT
1 49399U 21102E   25156.19168315  .00004608  00000-0  25348-3 0  9996
2 49399  97.3803 197.8473 0019742 117.4613 242.8629 15.14378177196318
0 KOSEN-1
1 49402U 21102H   25156.12922464  .00006592  00000-0  30576-3 0  9990
2 49402  97.3710 201.1680 0017701  95.2638 265.0618 15.20240199196619
0 XW-3 (CAS 9)
1 50466U 21131B   25156.24693448  .00000657  00000-0  21903-3 0  9994
2 50466  98.5099 245.6210 0005075 138.3156 221.8420 14.40810309180825
0 IRIS-A
1 51044U 22002BN  25156.23223756  .06819668  24683-5  74732-3 0  9997
2 51044  97.2958 237.7951 0014427 259.4872 100.4801 16.37001057189221
0 VZLUSAT-2
1 51085U 22002DF  25156.16946653  .00043014  00000-0  60249-3 0  9990
2 51085  97.3329 228.9308 0006064 197.6567 162.4478 15.56653414188596
0 ORESAT0
1 52017U 22026K   24273.45232859  .15962284  26361-5  29990-3 0  9995
2 52017  97.4545 295.1270 0013084 250.0501 109.9393 16.46521474142074
0 PLANETUM1
1 52738U 22057G   24334.51223436  .16479580  26697-5  24945-3 0  9995
2 52738  97.5508 111.5244 0009582 276.9617  83.0596 16.48177112140342
0 RANDEV
1 52898U 22065E   25156.13433095  .00001135  00000-0  23221-3 0  9997
2 52898  98.1694 297.8725 0009206 123.3526 236.8558 14.62674237156113
0 SNUGLITE-II
1 52899U 22065F   25155.84003059  .00001385  00000-0  27813-3 0  9996
2 52899  98.1682 297.8597 0008774 123.7703 236.4336 14.63204176155793
0 AVUM R/B
1 53109U 22080E   25155.14351457 -.00000003  00000-0  00000-0 0  9992
2 53109  70.1412  69.7102 0008687  10.0327 350.0505  6.42583936 67773
0 NOAA 21
1 54234U 22150A   25155.87106469  .00000105  00000-0  70577-4 0  9993
2 54234  98.7271  94.8124 0001749 147.2332 212.8953 14.19536945133010
0 OBJECT C
1 54684U 22167C   25064.68183564  .08547514  26414-5  93170-3 0  9992
2 54684  97.5856 230.7463 0011725 277.2083  82.7881 16.37185507124845
0 BRO-8
1 55011U 23001C   25156.16661872  .00013685  00000-0  47889-3 0  9996
2 55011  97.3770 215.7408 0009506  49.1267 311.0796 15.29590100134257
0 BDSAT-2
1 55098U 23001CT  25043.17195676  .04841583  24403-5  13946-2 0  9995
2 55098  97.3601 120.6613 0008975 287.7661  72.2652 16.27416800118122
0 SHARJAHSAT-1
1 55104U 23001CZ  25156.10525742  .00011631  00000-0  34842-3 0  9992
2 55104  97.3712 217.7045 0008424  36.8391 323.3430 15.34633152134414
0 EOS-7
1 55562U 23019A   24363.45300977  .04873498  38898-5  83598-3 0  9991
2 55562  37.1672  46.7039 0002842 101.5126 258.5981 16.31915089106730
0 KILICSAT
1 56181U 23054D   25030.22200029  .12678910  26668-5  31275-3 0  9990
2 56181  97.3110 300.8595 0005727 223.4023 136.6830 16.45875275101482
0 BRO-9
1 56185U 23054H   25156.20347096  .00017293  00000-0  33490-3 0  9993
2 56185  97.3251  57.7652 0004653   4.8120 355.3174 15.47773215120260
0 CIRBE
1 56188U 23054L   24278.18657892  .15167412  25747-5  32054-3 0  9995
2 56188  97.3167 183.5106 0004698 260.0967  99.9806 16.46793547 83389
0 IRIS-C
1 56221U 23054AV  24292.66240337  .10137280  25872-5  12701-2 0  9994
2 56221  97.3146 196.9710 0006386 176.8934 183.2405 16.36100452 85534
0 SPEI SATELLES
1 56991U 23084BT  25093.89040148  .09884965  26180-5  77059-3 0  9992
2 56991  97.5226 233.3404 0013114 278.3259  81.6553 16.39623223101252
0 URESAT-1
1 56992U 23084BU  25042.76759540  .17342116  26494-5  33638-3 0  9995
2 56992  97.5047 178.6720 0014759 276.3055  83.6566 16.46134597 93271
0 MRC-100
1 56993U 23084BV  25004.25947094  .12600048  25824-5  83387-3 0  9999
2 56993  97.5134 139.2748 0011223 298.8771  61.1402 16.40581581 87376
0 METEOR M2-3
1 57166U 23091A   25156.20584435  .00000015  00000-0  25747-4 0  9995
2 57166  98.6612 212.7598 0004097 169.4615 190.6651 14.24000140100864
0 OBJECT G
1 57172U 23091G   25156.18258013  .00005155  00000-0  27657-3 0  9990
2 57172  97.5583 211.5875 0013974 356.5289   3.5844 15.15317748106814
0 OBJECT K
1 57175U 23091K   25156.22380616  .00009186  00000-0  43814-3 0  9994
2 57175  97.5583 212.7481 0011827   5.9643 354.1729 15.19252814106898
0 OBJECT Q
1 57180U 23091Q   25156.20157919  .00006952  00000-0  33446-3 0  9994
2 57180  97.5608 213.2064 0013372 347.1000  12.9891 15.19030831106904
0 OBJECT S
1 57182U 23091S   25156.13225725  .00008095  00000-0  38829-3 0  9999
2 57182  97.5603 213.0949 0013442 347.9577  12.1334 15.19078627106893
0 OBJECT Z
1 57189U 23091Z   25156.19643905  .00009605  00000-0  40583-3 0  9994
2 57189  97.5600 215.7626 0008323 332.0739  28.0050 15.23431471107072
0 OBJECT AA
1 57190U 23091AA  25156.15402468  .00022868  00000-0  66393-3 0  9992
2 57190  97.5555 219.5469 0004943 323.4554  36.6352 15.35496320107339
0 OBJECT AP
1 57203U 23091AP  25156.16664641  .00008756  00000-0  38962-3 0  9992
2 57203  97.5602 215.0307 0008951 334.5630  25.5164 15.21687091107026
0 STARLINK-30221
1 57418U 23102Q   25155.50383666  .00001880  00000-0  15427-3 0  9997
2 57418  43.0044 320.1464 0001361 276.1894  83.8793 15.02525449104392
0 OBJECT F
1 58261U 23174F   25156.18700075  .00126007  00000-0  10677-2 0  9995
2 58261  97.4117 242.1005 0002392 105.8970 254.2555 15.69294911 87991
0 OBJECT BP
1 58317U 23174BP  25091.62106398  .07821529  24928-5  14590-2 0  9998
2 58317  97.3838 180.0067 0013270 269.4347  90.5427 16.31943736 78302
0 HADES-D
1 58567U 23174CY  24309.97818561  .05857091  24053-5  40431-2 0  9999
2 58567  97.4081  29.7179 0009578 300.1764  59.8573 16.16392543 55554
0 MDQUBESAT-2
1 58665U 23185P   25156.14787614  .00025221  00000-0  93965-3 0  9993
2 58665  97.5802 229.5889 0012923 153.1305 207.0605 15.27366226 79614
0 OBJECT Q
1 59065U 24039Q   25156.21002755  .00008071  00000-0  22860-3 0  9991
2 59065  97.4388 124.1847 0012752  41.7382 318.4832 15.36466116 70594
0 SONATE-2
1 59112U 24043Q   25155.86842047  .00016888  00000-0  48816-3 0  9999
2 59112  97.5126 286.9524 0012302 129.2070 231.0268 15.35634944 69613
0 EXO-0
1 59175U 23174DK  25155.78602476  .00007545  00000-0  28893-3 0  9996
2 59175  97.4172 232.1136 0012124  74.7062 285.5516 15.26764019 87315
0 OBJECT C
1 60237U 24128C   25155.81152506  .00005062  00000-0  38311-3 0  9993
2 60237  61.9911  96.1831 0051648  56.4766 304.1243 15.02592396 49487
0 ROBUSTA-3A
1 60243U 24128J   25155.25893209  .00006054  00000-0  43245-3 0  9994
2 60243  61.9879  97.2903 0050305  50.0152 310.5340 15.04561072 49429
0 CATSAT
1 60246U 24125J   25155.52599710  .00010119  00000-0  33778-3 0  9991
2 60246  97.2605   6.4729 0044311 111.7508 248.8458 15.30269444 49216
0 OBJECT B
1 60455U 24147B   24306.95056519  .14569292  41128-5  32600-2 0  9995
2 60455  37.3538 162.9853 0013229 282.3917  77.5393 16.28877097 11746
0 BINAR-4
1 60952U 98067WS  24309.27445772  .07980878  12042-4  24966-2 0  9997
2 60952  51.6099 332.5936 0004199  58.1619 301.9809 16.25742416 10490
0 OBJECT WT
1 60953U 98067WT  24343.67168105  .13878711  12527-4  44135-3 0  9990
2 60953  51.5977 155.7050 0005998 270.7882  89.2459 16.44564326 15911
0 OBJECT WU
1 60954U 98067WU  24334.01561250  .09108413  12187-4  11947-2 0  9993
2 60954  51.6047 205.2539 0008835 243.5267 116.4851 16.34683424 14392
0 BINAR-2
1 60956U 98067WW  24314.24347963  .06491887  11953-4  23644-2 0  9995
2 60956  51.6000 307.2284 0003913  97.6580 262.4884 16.23962606 11262
0 BINAR-3
1 60957U 98067WX  24310.06998193  .09654898  12176-4  19638-2 0  9991
2 60957  51.6018 328.1298 0004329  55.5404 304.6027 16.30458602 12600
