iss                  60833.01882936 60833.02581423 23
iss                  60833.08578063 60833.09295247 25
iss                  60833.15480588 60833.15950138 5
iss                  60833.29122707 60833.29653773 7
iss                  60833.35781713 60833.36523127 39
iss                  60833.42520549 60833.43168354 14
iss                  60833.98490343 60833.99103412 12
iss                  60834.05110710 60834.05856196 46
iss                  60834.11964220 60834.12518023 7
iss                  60834.25688475 60834.26134010 4
iss                  60834.32343690 60834.33050223 22
iss                  60834.39048087 60834.39765783 28
iss                  60834.95130428 60834.95590042 5
iss                  60835.01657720 60835.02409297 83
iss                  60835.08456480 60835.09084121 11
iss                  60835.22249869 60835.22607038 2
iss                  60835.28907060 60835.29560223 14
iss                  60835.35588242 60835.36337546 59
iss                  60835.42447822 60835.42803996 2
iss                  60835.98220855 60835.98951970 37
iss                  60836.04959723 60836.05646657 18
iss                  60836.11890598 60836.12299912 3
iss                  60836.25470430 60836.26054337 9
iss                  60836.32135910 60836.32888024 63
iss                  60836.38908105 60836.39475833 8
iss                  60836.94803565 60836.95480053 19
iss                  60837.01475390 60837.02204132 30
iss                  60837.08362229 60837.08859922 5
iss                  60837.22030604 60837.22534270 6
iss                  60837.28688194 60837.29419332 32
iss                  60837.35413550 60837.36088365 18
iss                  60837.91413664 60837.91985228 9
iss                  60837.98004653 60837.98754985 59
iss                  60838.04840172 60838.05419786 8
iss                  60838.18588742 60838.19003412 3
iss                  60838.25242985 60838.25932750 19
iss                  60838.31938122 60838.32668968 35
iss                  60838.88068019 60838.88442259 3
iss                  60838.94548948 60838.95297174 64
iss                  60839.01327785 60839.01977189 13
iss                  60839.08281332 60839.08632761 2
iss                  60839.21798760 60839.22429314 12
iss                  60839.28473362 60839.29225579 78
iss                  60839.35294843 60839.35740904 4
iss                  60839.91110406 60839.91827718 29
iss                  60839.97827042 60839.98530488 21
iss                  60840.04743583 60840.05183082 4
iss                  60840.18354053 60840.18910399 8
iss                  60840.25015019 60840.25761603 49
iss                  60840.31768168 60840.32378875 11
iss                  60840.87693555 60840.88341398 15
iss                  60840.94339277 60840.95078168 37
iss                  60841.01208678 60841.01735751 6
iss                  60841.14905529 60841.15378074 5
iss                  60841.21560625 60841.22278824 26
iss                  60841.28273656 60841.28971522 22
iss                  60841.84309505 60841.84826829 7
iss                  60841.90865667 60841.91618550 77
iss                  60841.97681562 60841.98287326 10
iss                  60842.11453859 60842.11836564 3
iss                  60842.18108174 60842.18778357 16
iss                  60842.24794709 60842.25535606 46
iss                  60842.87407882 60842.88149306 48
iss                  60842.94165041 60842.94835777 15
iss                  60843.01106642 60843.01488509 3
iss                  60843.14656224 60843.15261363 10
iss                  60843.21324767 60843.22077011 80
iss                  60843.28116426 60843.28632923 6
iss                  60843.83968628 60843.84666852 23
iss                  60843.90660810 60843.91379579 25
iss                  60843.97560951 60843.98032592 5
iss                  60844.11203225 60844.11729432 6
iss                  60844.17860277 60844.18598423 38
iss                  60844.24596512 60844.25243884 14
iss                  60844.80554015 60844.81164478 11
iss                  60844.87170100 60844.87917147 47
iss                  60844.94020312 60844.94577511 7
iss                  60845.07745626 60845.08185163 4
iss                  60845.14399044 60845.15101345 21
iss                  60845.21100797 60845.21817712 28
iss                  60845.77173941 60845.77624931 4
iss                  60845.83694237 60845.84446624 80
iss                  60845.90488769 60845.91120490 12
iss                  60846.04283326 60846.04633865 2
iss                  60846.10939221 60846.11586847 13
iss                  60846.17617843 60846.18365476 62
iss                  60846.24469800 60846.24838207 3
iss                  60846.80235084 60846.80965293 36
iss                  60846.86968635 60846.87659744 18
iss                  60846.93895676 60846.94311067 3
iss                  60847.07479354 60847.08056210 9
iss                  60847.14142464 60847.14891608 60
iss                  60847.20909498 60847.21483507 9
iss                  60847.76796357 60847.77468708 18
iss                  60847.83461411 60847.84193734 31
iss                  60847.90343147 60847.90848268 6
iss                  60848.04016155 60848.04511271 5
iss                  60848.10671715 60848.11398242 30
iss                  60848.17392811 60848.18071059 18
AO-07                60832.90496810 60832.91984728 39
AO-07                60832.98323866 60832.99796552 41
AO-07                60833.06336706 60833.07118851 5
AO-07                60833.28635288 60833.29343309 4
AO-07                60833.35920032 60833.37371991 38
AO-07                60833.43713170 60833.45208365 42
AO-07                60833.86442811 60833.87624781 13
AO-07                60833.94141514 60833.95696729 86
AO-07                60834.02044616 60834.03305499 18
AO-07                60834.31959574 60834.33142718 15
AO-07                60834.39518347 60834.41063274 80
AO-07                60834.47529651 60834.48797138 17
AO-07                60834.90008159 60834.91476498 35
AO-07                60834.97825415 60834.99316563 45
AO-07                60835.05818995 60835.06681599 6
AO-07                60835.28210354 60835.28816404 3
AO-07                60835.35442938 60835.36872616 34
AO-07                60835.43208240 60835.44719829 47
AO-07                60835.51599095 60835.52189865 2
AO-07                60835.85974597 60835.87089564 11
AO-07                60835.93648182 60835.95202341 78
AO-07                60836.01541241 60836.02840357 21
AO-07                60836.31501051 60836.32636739 13
AO-07                60836.39028363 60836.40568224 73
AO-07                60836.47005803 60836.48320344 20
AO-07                60836.89522760 60836.90965993 31
AO-07                60836.97327580 60836.98834739 50
AO-07                60837.05304666 60837.06239240 8
AO-07                60837.34967812 60837.36372637 30
AO-07                60837.42705327 60837.44230304 53
AO-07                60837.51011638 60837.51767993 4
AO-07                60837.85511226 60837.86548333 9
AO-07                60837.93155609 60837.94706186 70
AO-07                60838.01038718 60838.02372873 23
AO-07                60838.31045488 60838.32129499 11
AO-07                60838.38540127 60838.40072570 66
AO-07                60838.46485387 60838.47841201 22
AO-07                60838.89038845 60838.90453026 27
AO-07                60838.96830359 60838.98351120 56
AO-07                60839.04792914 60839.05792591 9
AO-07                60839.34494726 60839.35872027 27
AO-07                60839.42204355 60839.43739863 60
AO-07                60839.50444697 60839.51326863 6
AO-07                60839.85054196 60839.85999509 7
AO-07                60839.92663840 60839.94208235 63
AO-07                60840.00536979 60840.01903194 26
AO-07                60840.30593100 60840.31620773 10
AO-07                60840.38053647 60840.39576326 59
AO-07                60840.45968048 60840.47360024 26
AO-07                60840.88556616 60840.89937412 24
AO-07                60840.96333752 60840.97865732 62
AO-07                60841.04283210 60841.05342187 11
AO-07                60841.34023064 60841.35370756 24
AO-07                60841.41705265 60841.43248575 67
AO-07                60841.49890370 60841.50874592 8
AO-07                60841.84606052 60841.85440480 5
AO-07                60841.92172928 60841.93708448 56
AO-07                60842.00035973 60842.01431364 29
AO-07                60842.30150083 60842.31110492 8
AO-07                60842.37569266 60842.39079502 53
AO-07                60842.45453509 60842.46877091 29
AO-07                60842.88076272 60842.89418887 21
AO-07                60842.95837768 60842.97378596 69
AO-07                60843.03775197 60843.04888439 12
AO-07                60843.33554247 60843.34868753 22
AO-07                60843.41208012 60843.42756498 74
AO-07                60843.49344984 60843.50414703 10
AO-07                60843.84171571 60843.84866243 3
AO-07                60843.91682936 60843.93206771 50
AO-07                60843.99535656 60844.00957484 32
AO-07                60844.07608856 60844.08166385 2
AO-07                60844.29705392 60844.30597730 7
AO-07                60844.37086349 60844.38582111 48
AO-07                60844.44941548 60844.46392610 33
AO-07                60844.87598657 60844.88897189 18
AO-07                60844.95342419 60844.96889724 77
AO-07                60845.03268564 60845.04431650 14
AO-07                60845.33087713 60845.34365987 20
AO-07                60845.40712558 60845.42263680 82
AO-07                60845.48806446 60845.49949223 12
AO-07                60845.91193736 60845.92703138 45
AO-07                60845.99035997 60846.00481619 36
AO-07                60846.07077630 60846.07746532 3
AO-07                60846.29265392 60846.30082099 5
AO-07                60846.36605283 60846.38084130 43
AO-07                60846.44431985 60846.45906747 37
AO-07                60846.87123083 60846.88371881 16
AO-07                60846.94847715 60846.96399124 84
AO-07                60847.02763171 60847.03972040 16
AO-07                60847.32623574 60847.33862370 17
AO-07                60847.40218881 60847.41770162 89
AO-07                60847.48273439 60847.49479396 14
AO-07                60847.90705742 60847.92197467 40
AO-07                60847.98536973 60848.00003818 40
AO-07                60848.06554245 60848.07317164 5
AO-07                60848.28831074 60848.29562582 4
AO-07                60848.36126035 60848.37585579 39
AO-07                60848.43924677 60848.45419659 41
AO-07                60848.86650538 60848.87842467 13
LO-19                60832.93298904 60832.94332261 57
LO-19                60833.00249621 60833.01087975 14
LO-19                60833.33397340 60833.33890958 3
LO-19                60833.39946082 60833.40964036 53
LO-19                60833.46939467 60833.47783623 14
LO-19                60833.91041174 60833.92007034 26
LO-19                60833.97922187 60833.98894190 30
LO-19                60834.37715581 60834.38655956 25
LO-19                60834.44572270 60834.45553249 31
LO-19                60834.88821279 60834.89624887 11
LO-19                60834.95619287 60834.96653532 65
LO-19                60835.02662037 60835.03252362 5
LO-19                60835.35534871 60835.36320811 11
LO-19                60835.42257400 60835.43289443 70
LO-19                60835.49441429 60835.49978852 4
LO-19                60835.86699956 60835.87123654 2
LO-19                60835.93337396 60835.94371652 57
LO-19                60836.00287979 60836.01127290 14
LO-19                60836.33435847 60836.33929633 3
LO-19                60836.39984798 60836.41002576 53
LO-19                60836.46978323 60836.47822050 14
LO-19                60836.91079418 60836.92046367 26
LO-19                60836.97960466 60836.98933389 30
LO-19                60837.37754099 60837.38694418 25
LO-19                60837.44610908 60837.45591627 31
LO-19                60837.88859309 60837.89664221 11
LO-19                60837.95657462 60837.96692629 65
LO-19                60838.02700024 60838.03291531 5
LO-19                60838.35573180 60838.36359204 11
LO-19                60838.42295845 60838.43327747 70
LO-19                60838.49480061 60838.50016964 4
LO-19                60838.86737336 60838.87163436 2
LO-19                60838.93375451 60838.94410659 57
LO-19                60839.00325981 60839.01166250 14
LO-19                60839.33473883 60839.33968024 3
LO-19                60839.40023055 60839.41040800 53
LO-19                60839.47016679 60839.47860185 14
LO-19                60839.91117331 60839.92085302 26
LO-19                60839.97998398 60839.98972216 30
LO-19                60840.37792164 60840.38732564 25
LO-19                60840.44649069 60840.45629698 31
LO-19                60840.88897025 60840.89703137 11
LO-19                60840.95695299 60840.96731342 65
LO-19                60841.02737657 60841.03330350 5
LO-19                60841.35611039 60841.36397289 11
LO-19                60841.42333825 60841.43365739 70
LO-19                60841.49518130 60841.50054848 4
LO-19                60841.86774470 60841.87202727 2
LO-19                60841.93413175 60841.94449268 57
LO-19                60842.00363641 60842.01204840 14
LO-19                60842.33511454 60842.34006133 3
LO-19                60842.40060856 60842.41078711 53
LO-19                60842.47054538 60842.47898032 14
LO-19                60842.91154924 60842.92123825 26
LO-19                60842.98035995 60842.99010660 30
LO-19                60843.37829781 60843.38770399 25
LO-19                60843.44686755 60843.45667467 31
LO-19                60843.88934439 60843.89741620 11
LO-19                60843.95732805 60843.96769659 65
LO-19                60844.02774951 60844.03368821 5
LO-19                60844.35648453 60844.36435070 11
LO-19                60844.42371343 60844.43403424 70
LO-19                60844.49555641 60844.50092509 4
LO-19                60844.86811377 60844.87241505 2
LO-19                60844.93450577 60844.94487468 57
LO-19                60845.00400968 60845.01243048 14
LO-19                60845.33548589 60845.34043961 3
LO-19                60845.40098205 60845.41116293 53
LO-19                60845.47091906 60845.47935595 14
LO-19                60845.91192204 60845.92161923 26
LO-19                60845.98073264 60845.99048709 30
LO-19                60846.37866954 60846.38807926 25
LO-19                60846.44723972 60846.45704937 31
LO-19                60846.88971558 60846.89779655 11
LO-19                60846.95769990 60846.96807568 65
LO-19                60847.02811919 60847.03406888 5
LO-19                60847.35685430 60847.36472546 11
LO-19                60847.42408407 60847.43440802 70
LO-19                60847.49592603 60847.50129946 4
LO-19                60847.86848070 60847.87279748 2
LO-19                60847.93487663 60847.94525248 57
LO-19                60848.00437970 60848.01280860 14
LO-19                60848.33585251 60848.34081503 3
LO-19                60848.40135111 60848.41153586 53
LO-19                60848.47128789 60848.47972876 14
LO-19                60848.91229178 60848.92199586 26
LO-19                60848.98110212 60848.99086349 30
LO-19                60849.37903692 60849.38845143 25
LO-19                60849.44760728 60849.45742107 31
LO-19                60849.89008390 60849.89817230 11
LO-19                60849.95806859 60849.96845057 65
LO-19                60850.02848572 60850.03444555 5
LO-19                60850.35721979 60850.36509715 12
LO-19                60850.42445023 60850.43477875 70
LO-19                60850.49629026 60850.50167157 4
LO-19                60850.86884562 60850.87317439 2
LO-19                60850.93524439 60850.94562596 58
LO-19                60851.00474656 60851.01318264 14
LO-19                60851.33621490 60851.34118754 3
FO-29                60833.05536248 60833.06800318 29
FO-29                60833.12743708 60833.14125025 49
FO-29                60833.20483497 60833.21144707 4
FO-29                60833.59705565 60833.60693951 25
FO-29                60833.66996186 60833.67991280 28
FO-29                60834.01935170 60834.02870016 10
FO-29                60834.08911861 60834.10295427 66
FO-29                60834.16319315 60834.17527502 20
FO-29                60834.56021724 60834.56631913 5
FO-29                60834.63138694 60834.64207078 79
FO-29                60834.70543058 60834.71287003 9
FO-29                60835.05188214 60835.06420421 26
FO-29                60835.12378305 60835.13753169 53
FO-29                60835.20082083 60835.20799819 4
FO-29                60835.59341138 60835.60307798 23
FO-29                60835.66622295 60835.67623383 31
FO-29                60836.01603064 60836.02480152 8
FO-29                60836.08555139 60836.09919199 61
FO-29                60836.15944502 60836.17160806 21
FO-29                60836.55678355 60836.56219374 4
FO-29                60836.62768379 60836.63830808 74
FO-29                60836.70162832 60836.70930311 10
FO-29                60837.04841447 60837.06039207 24
FO-29                60837.12013931 60837.13380204 56
FO-29                60837.19682439 60837.20450504 5
FO-29                60837.58976450 60837.59921282 20
FO-29                60837.66247742 60837.67255482 34
FO-29                60838.01273766 60838.02087394 7
FO-29                60838.08199410 60838.09541896 56
FO-29                60838.15570975 60838.16792734 23
FO-29                60838.55340125 60838.55800895 3
FO-29                60838.62397496 60838.63454554 67
FO-29                60838.69782149 60838.70573297 11
FO-29                60839.04495928 60839.05656662 22
FO-29                60839.11650501 60839.13006179 60
FO-29                60839.19289168 60839.20097221 6
FO-29                60839.58611576 60839.59534408 18
FO-29                60839.65872526 60839.66887630 37
FO-29                60840.00947776 60840.01691197 6
FO-29                60840.07844609 60840.09163547 52
FO-29                60840.15198605 60840.16423377 24
FO-29                60840.62026053 60840.63078324 60
FO-29                60840.69401022 60840.70216018 12
FO-29                60841.04151640 60841.05272762 20
FO-29                60841.11287929 60841.12631142 63
FO-29                60841.18898916 60841.19740852 7
FO-29                60841.58246585 60841.59147148 16
FO-29                60841.65496699 60841.66519873 41
FO-29                60842.00632638 60842.01290797 5
FO-29                60842.07490901 60842.08784184 47
FO-29                60842.14827269 60842.16052823 26
FO-29                60842.61653889 60842.62702192 54
FO-29                60842.69019476 60842.69858571 14
FO-29                60843.03808574 60843.04887473 18
FO-29                60843.10926123 60843.12255148 67
FO-29                60843.18511153 60843.19381880 8
FO-29                60843.57881561 60843.58759513 15
FO-29                60843.65120300 60843.66152240 46
FO-29                60844.00316696 60844.00884352 3
FO-29                60844.07137727 60844.08403822 43
FO-29                60844.14456847 60844.15681157 28
FO-29                60844.61281452 60844.62326162 48
FO-29                60844.68637539 60844.69501002 15
FO-29                60845.03466718 60845.04500753 16
FO-29                60845.10565001 60845.11878249 71
FO-29                60845.18125480 60845.19020664 9
FO-29                60845.57516603 60845.58371449 13
FO-29                60845.64743374 60845.65784789 51
FO-29                60845.72270261 60845.72677400 2
FO-29                60846.00009540 60846.00468912 2
FO-29                60846.06785291 60846.08022535 40
FO-29                60846.14087225 60846.15308465 29
FO-29                60846.60908604 60846.61950248 44
FO-29                60846.68255252 60846.69143360 17
FO-29                60847.03126154 60847.04112538 14
FO-29                60847.10204504 60847.11500505 74
FO-29                60847.17741570 60847.18657496 9
FO-29                60847.57151787 60847.57982907 12
FO-29                60847.64365974 60847.65417513 57
FO-29                60847.71867551 60847.72345449 3
FO-29                60848.06433502 60848.07640325 36
FO-29                60848.13718294 60848.14934828 31
FO-29                60848.60535402 60848.61574456 39
FO-29                60848.67872658 60848.68785675 19
FO-29                60849.02786900 60849.03722749 12
FO-29                60849.09844500 60849.11121974 75
FO-29                60849.17359148 60849.18292636 10
FO-29                60849.56787296 60849.57593815 10
FO-29                60849.63988157 60849.65050453 64
FO-29                60849.71468429 60849.72009488 4
FO-29                60850.06082332 60850.07257237 33
FO-29                60850.13349940 60850.14560332 33
FO-29                60850.60161914 60850.61198785 36
FO-29                60850.67489809 60850.68428013 21
FO-29                60851.02449100 60851.03331233 11
FO-29                60851.09484933 60851.10742718 74
FO-29                60851.16977981 60851.17926264 11
FO-29                60851.56423271 60851.57204082 9
FO-29                60851.63609986 60851.64683577 71
SO-50                60832.97510940 60832.98384816 29
SO-50                60833.04469745 60833.05286622 20
SO-50                60833.56252994 60833.57145254 27
SO-50                60833.63185076 60833.64088652 26
SO-50                60833.91957606 60833.92577622 7
SO-50                60833.98806267 60833.99720256 72
SO-50                60834.05852419 60834.06474327 7
SO-50                60834.50892939 60834.51338230 3
SO-50                60834.57518958 60834.58473918 64
SO-50                60834.64574533 60834.65362694 13
SO-50                60834.93213394 60834.94003428 15
SO-50                60835.00120533 60835.01013494 43
SO-50                60835.52010085 60835.52776178 13
SO-50                60835.58827975 60835.59780230 53
SO-50                60835.66021006 60835.66610006 5
SO-50                60835.94492758 60835.95375784 33
SO-50                60836.01461217 60836.02259063 18
SO-50                60836.53228584 60836.54133853 30
SO-50                60836.60178027 60836.61068927 24
SO-50                60836.88932363 60836.89581697 8
SO-50                60836.95789643 60836.96704430 82
SO-50                60837.02859213 60837.03432293 6
SO-50                60837.47837631 60837.48350019 4
SO-50                60837.54500143 60837.55457954 73
SO-50                60837.61573510 60837.62339162 12
SO-50                60837.90191216 60837.90998102 17
SO-50                60837.97106089 60837.97990689 38
SO-50                60838.48976188 60838.49768341 14
SO-50                60838.55813976 60838.56760754 47
SO-50                60838.63029403 60838.63579724 4
SO-50                60838.84683453 60838.85099950 2
SO-50                60838.91472246 60838.92363143 37
SO-50                60838.98450832 60838.99227592 16
SO-50                60839.50202533 60839.51119086 34
SO-50                60839.57169083 60839.58046151 22
SO-50                60839.85905249 60839.86581580 9
SO-50                60839.92770725 60839.93685087 86
SO-50                60839.99861033 60840.00384378 5
SO-50                60840.44785726 60840.45353827 5
SO-50                60840.51479448 60840.52438868 82
SO-50                60840.58570793 60840.59312456 10
SO-50                60840.87166766 60840.87989022 19
SO-50                60840.94089439 60840.94964282 33
SO-50                60841.45941210 60841.46756584 16
SO-50                60841.52798054 60841.53738249 42
SO-50                60841.60037104 60841.60545228 4
SO-50                60841.81646236 60841.82110405 3
SO-50                60841.88449373 60841.89346943 42
SO-50                60841.95438677 60841.96192140 14
SO-50                60842.47174776 60842.48101013 38
SO-50                60842.54158245 60842.55020355 20
SO-50                60842.82876132 60842.83577228 10
SO-50                60842.89749431 60842.90662240 77
SO-50                60842.96864122 60842.97329489 4
SO-50                60843.41735501 60843.42351174 6
SO-50                60843.48456848 60843.49416686 87
SO-50                60843.55566419 60843.56282490 9
SO-50                60843.84140004 60843.84976240 21
SO-50                60843.91070594 60843.91934298 30
SO-50                60844.42905001 60844.43741064 18
SO-50                60844.49780172 60844.50712725 37
SO-50                60844.57044495 60844.57506083 3
SO-50                60844.78608686 60844.79114954 4
SO-50                60844.85424123 60844.86327210 47
SO-50                60844.92424840 60844.93152580 12
SO-50                60845.44145258 60845.45079683 43
SO-50                60845.51145516 60845.51991508 18
SO-50                60845.79844943 60845.80568890 11
SO-50                60845.86725821 60845.87635900 67
SO-50                60845.93870262 60845.94265823 2
SO-50                60846.38685951 60846.39342960 8
SO-50                60846.45432309 60846.46391431 78
SO-50                60846.52560439 60846.53249233 8
SO-50                60846.81110909 60846.81959802 23
SO-50                60846.88049605 60846.88900695 26
SO-50                60847.39867418 60847.40721905 21
SO-50                60847.46760323 60847.47684190 33
SO-50                60847.54052223 60847.54461553 2
SO-50                60847.75570202 60847.76114251 5
SO-50                60847.82396493 60847.83303968 54
SO-50                60847.89409495 60847.90108799 10
SO-50                60848.41113933 60848.42055138 48
SO-50                60848.48130903 60848.48959606 16
SO-50                60848.76811605 60848.77556619 12
SO-50                60848.83699885 60848.84606075 59
SO-50                60849.35636440 60849.36329777 9
SO-50                60849.42405819 60849.43363121 69
SO-50                60849.49552912 60849.50212607 7
SO-50                60849.78079462 60849.78939750 26
SO-50                60849.85026494 60849.85863454 23
SO-50                60850.36828349 60850.37699204 23
SO-50                60850.43738500 60850.44652650 30
SO-50                60850.72530398 60850.73108678 6
SO-50                60850.79366480 60850.80277240 61
SO-50                60850.86392783 60850.87060627 9
SO-50                60851.38080810 60851.39027418 55
SO-50                60851.45114416 60851.45924637 15
SO-50                60851.73775063 60851.74540695 14
SO-50                60851.80671749 60851.81572770 52
HO-68                60832.86849664 60832.87958686 21
HO-68                60833.22588447 60833.23842501 30
HO-68                60833.30008543 60833.31340185 44
HO-68                60833.78091254 60833.79423070 47
HO-68                60833.85595893 60833.86828176 28
HO-68                60834.21455037 60834.22643128 23
HO-68                60834.28810156 60834.30168203 59
HO-68                60834.36668661 60834.37414658 5
HO-68                60834.76923798 60834.78216023 35
HO-68                60834.84399951 60834.85685895 38
HO-68                60834.92112984 60834.92653409 3
HO-68                60835.20334259 60835.21438381 17
HO-68                60835.27622138 60835.28991157 79
HO-68                60835.35364523 60835.36318348 9
HO-68                60835.75763535 60835.76996495 25
HO-68                60835.83208181 60835.84533008 50
HO-68                60835.90855288 60835.91614776 6
HO-68                60836.19227427 60836.20226679 12
HO-68                60836.26443988 60836.27809679 79
HO-68                60836.34097065 60836.35191742 15
HO-68                60836.74612771 60836.75762130 18
HO-68                60836.82020371 60836.83370065 67
HO-68                60836.89624488 60836.90540563 9
HO-68                60837.18139495 60837.19004970 8
HO-68                60837.25275576 60837.26624135 59
HO-68                60837.32852576 60837.34048014 21
HO-68                60837.73476104 60837.74508721 12
HO-68                60837.80836517 60837.82197376 87
HO-68                60837.88407163 60837.89444441 14
HO-68                60838.17083313 60838.17766542 5
HO-68                60838.24117244 60838.25434669 44
HO-68                60838.31625009 60838.32892834 29
HO-68                60838.72360236 60838.73227892 7
HO-68                60838.79656876 60838.81014951 70
HO-68                60838.87198410 60838.88331768 19
HO-68                60839.22968907 60839.24241194 33
HO-68                60839.30411116 60839.31729288 40
HO-68                60839.71287387 60839.71897048 3
HO-68                60839.78481932 60839.79822497 52
HO-68                60839.85995892 60839.87205367 26
HO-68                60840.21831523 60840.23043386 25
HO-68                60840.29208991 60840.30559211 54
HO-68                60840.37121104 60840.37765780 4
HO-68                60840.77312157 60840.78619347 38
HO-68                60840.84798362 60840.86066952 34
HO-68                60841.20706272 60841.21840550 19
HO-68                60841.28017502 60841.29383774 72
HO-68                60841.35795622 60841.36687223 8
HO-68                60841.76149209 60841.77404296 28
HO-68                60841.83605152 60841.84917630 45
HO-68                60841.91271289 60841.91964115 5
HO-68                60842.19594878 60842.20631400 14
HO-68                60842.26836015 60842.28203720 86
HO-68                60842.34517811 60842.35568847 13
HO-68                60842.74994834 60842.76175360 20
HO-68                60842.82415932 60842.83758090 61
HO-68                60842.90033505 60842.90899813 8
HO-68                60843.18499498 60843.19413519 9
HO-68                60843.25664278 60843.27019498 66
HO-68                60843.33266330 60843.34430116 19
HO-68                60843.73852913 60843.74929103 14
HO-68                60843.81230679 60843.82588735 80
HO-68                60843.88812234 60843.89810442 12
HO-68                60844.17433208 60844.18181995 6
HO-68                60844.24502555 60844.25831327 49
HO-68                60844.32033413 60844.33278396 26
HO-68                60844.72728332 60844.73659053 9
HO-68                60844.80049514 60844.81409670 77
HO-68                60844.87600817 60844.88703076 17
HO-68                60845.16398430 60845.16922176 2
HO-68                60845.23350651 60845.24639188 37
HO-68                60845.30815092 60845.32117438 36
HO-68                60845.71636268 60845.72349972 4
HO-68                60845.78872851 60845.80220713 58
HO-68                60845.86396281 60845.87581173 23
HO-68                60846.22209441 60846.23442881 28
HO-68                60846.29609090 60846.30949402 48
HO-68                60846.37585704 60846.38103836 2
HO-68                60846.77701119 60846.79021336 43
HO-68                60846.85197086 60846.86446749 31
HO-68                60847.21079879 60847.22241814 21
HO-68                60847.28414047 60847.29775665 65
HO-68                60847.36231898 60847.37051556 6
HO-68                60847.76535671 60847.77810537 31
HO-68                60847.84002397 60847.85301092 41
HO-68                60847.91691070 60847.92308472 4
HO-68                60848.19963514 60848.21034960 15
HO-68                60848.27229180 60848.28597092 86
HO-68                60848.34941612 60848.35943400 11
HO-68                60848.75378028 60848.76586655 23
HO-68                60848.82811786 60848.84145006 55
HO-68                60848.90444181 60848.91256227 7
HO-68                60849.18862009 60849.19820367 11
HO-68                60849.26054096 60849.27414223 72
HO-68                60849.33682264 60849.34810513 17
HO-68                60849.74230904 60849.75346852 16
HO-68                60849.81625127 60849.82979003 73
HO-68                60849.89218238 60849.90174394 11
HO-68                60850.17787074 60850.18594339 7
AO-73                60832.86860577 60832.87548084 13
AO-73                60833.24828800 60833.25549180 13
AO-73                60833.31324991 60833.32182759 40
AO-73                60833.80114842 60833.80932012 33
AO-73                60833.86744553 60833.87438896 13
AO-73                60834.24720568 60834.25431864 13
AO-73                60834.31209243 60834.32069728 42
AO-73                60834.80001708 60834.80813800 32
AO-73                60834.86626916 60834.87327978 14
AO-73                60835.24610957 60835.25312602 12
AO-73                60835.31091939 60835.31954874 44
AO-73                60835.79886951 60835.80693704 30
AO-73                60835.86507599 60835.87215260 15
AO-73                60836.24499986 60836.25191379 11
AO-73                60836.30973082 60836.31838194 46
AO-73                60836.79770566 60836.80571717 28
AO-73                60836.86386602 60836.87100739 15
AO-73                60837.24387670 60837.25068178 11
AO-73                60837.30852674 60837.31719686 49
AO-73                60837.79652576 60837.80447832 27
AO-73                60837.86263924 60837.86984417 16
AO-73                60838.24274029 60838.24942983 10
AO-73                60838.30730719 60838.31599349 52
AO-73                60838.79533001 60838.80322042 25
AO-73                60838.86139566 60838.86866290 17
AO-73                60839.24159085 60839.24815772 10
AO-73                60839.30602797 60839.31476836 55
AO-73                60839.79411806 60839.80194339 24
AO-73                60839.86014113 60839.86747038 18
AO-73                60840.24042863 60840.24686524 9
AO-73                60840.30477745 60840.31352837 58
AO-73                60840.79289021 60840.80064713 23
AO-73                60840.85886397 60840.86625298 19
AO-73                60841.23925416 60841.24555213 8
AO-73                60841.30351156 60841.31227003 62
AO-73                60841.79164653 60841.79933155 21
AO-73                60841.85757001 60841.86501732 19
AO-73                60842.23806721 60842.24421811 8
AO-73                60842.30223031 60842.31099331 66
AO-73                60842.79038711 60842.79799648 20
AO-73                60842.85625928 60842.86376376 21
AO-73                60843.23686841 60843.24286286 7
AO-73                60843.30093375 60843.30969820 70
AO-73                60843.78911208 60843.79664210 19
AO-73                60843.85493178 60843.86249210 22
AO-73                60844.23565810 60844.24148585 7
AO-73                60844.29962190 60844.30838468 74
AO-73                60844.36832004 60844.37219153 2
AO-73                60844.78782155 60844.79526787 18
AO-73                60844.85358734 60844.86120230 23
AO-73                60845.23443686 60845.24008687 6
AO-73                60845.29829480 60845.30705272 79
AO-73                60845.36682176 60845.37099626 3
AO-73                60845.78651564 60845.79387383 17
AO-73                60845.85222635 60845.85989440 24
AO-73                60846.23320523 60846.23866520 6
AO-73                60846.29695249 60846.30570232 84
AO-73                60846.36531925 60846.36977115 3
AO-73                60846.78519450 60846.79245981 16
AO-73                60846.85084865 60846.85856829 25
AO-73                60847.23196404 60847.23722018 5
AO-73                60847.29559499 60847.30433346 88
AO-73                60847.36381039 60847.36851841 4
AO-73                60847.78385830 60847.79102565 15
AO-73                60847.84945425 60847.85722397 27
AO-73                60848.23071388 60848.23575087 5
AO-73                60848.29422234 60848.30294610 86
AO-73                60848.36229346 60848.36723966 4
AO-73                60848.78250721 60848.78957117 14
AO-73                60848.84804318 60848.85586143 29
AO-73                60849.22945601 60849.23425651 4
AO-73                60849.29283459 60849.30154025 81
AO-73                60849.36076754 60849.36593595 5
AO-73                60849.78114143 60849.78809616 13
AO-73                60849.84661547 60849.85448063 30
AO-73                60850.22819182 60850.23273538 4
AO-73                60850.29143176 60850.30011587 76
AO-73                60850.35922706 60850.36460108 5
AO-73                60850.77976121 60850.78660035 12
AO-73                60850.84517115 60850.85308155 32
AO-73                60851.22692304 60851.23118575 3
AO-73                60851.29001391 60851.29867295 71
AO-73                60851.35768014 60851.36325048 6
AO-73                60851.77836680 60851.78508348 11
AO-73                60851.84371023 60851.85166414 34
AO-73                60852.22565242 60852.22960494 3
AO-73                60852.28858108 60852.29721146 66
AO-73                60852.35612187 60852.36187730 6
AO-73                60852.77695848 60852.78354525 11
AO-73                60852.84218929 60852.85022535 37
AO-73                60853.22444165 60853.22798933 2
AO-73                60853.28713349 60853.29573139 61
AO-73                60853.35455177 60853.36048201 7
AO-73                60853.77553660 60853.78198530 10
AO-73                60853.84069534 60853.84877123 39
AO-73                60854.28567074 60854.29423270 57
AO-73                60854.35296946 60854.35906520 8
AO-73                60854.77410153 60854.78040323 9
AO-73                60854.83918484 60854.84729866 42
TITA                 60833.08102441 60833.08847589 20
TITA                 60833.14651492 60833.15387782 20
TITA                 60833.52527874 60833.53080436 6
TITA                 60833.58884643 60833.59736335 75
TITA                 60833.65719766 60833.66074472 2
TITA                 60834.07453377 60834.08157300 15
TITA                 60834.13975383 60834.14740451 27
TITA                 60834.51918822 60834.52376395 4
TITA                 60834.58219286 60834.59070270 80
TITA                 60834.64976240 60834.65470657 4
TITA                 60835.06808416 60835.07458920 11
TITA                 60835.13296438 60835.14087177 35
TITA                 60835.57556828 60835.58400718 58
TITA                 60835.64254456 60835.64844523 7
TITA                 60836.06169500 60836.06750452 7
TITA                 60836.12623167 60836.13428825 49
TITA                 60836.56897268 60836.57727668 42
TITA                 60836.63543959 60836.64205340 10
TITA                 60837.05540362 60837.06028058 5
TITA                 60837.11951123 60837.12765215 69
TITA                 60837.18681819 60837.19025916 2
TITA                 60837.56240799 60837.57051030 31
TITA                 60837.62842363 60837.63559005 14
TITA                 60838.04930743 60838.05281663 2
TITA                 60838.11280309 60838.12096389 82
TITA                 60838.17961913 60838.18424627 4
TITA                 60838.55587677 60838.56370617 24
TITA                 60838.62146226 60838.62905369 19
TITA                 60839.10610556 60839.11422302 59
TITA                 60839.17256081 60839.17804702 7
TITA                 60839.54938246 60839.55686124 18
TITA                 60839.61454848 60839.62246312 25
TITA                 60840.09942426 60840.10742807 42
TITA                 60840.16557530 60840.17173019 10
TITA                 60840.54293105 60840.54997017 14
TITA                 60840.60767515 60840.61582539 33
TITA                 60841.09276034 60841.10057644 30
TITA                 60841.15863507 60841.16532402 13
TITA                 60841.53653177 60841.54302503 10
TITA                 60841.60083751 60841.60914536 45
TITA                 60842.08611736 60842.09366395 22
TITA                 60842.15173191 60842.15885028 17
TITA                 60842.53019882 60842.53601164 7
TITA                 60842.59398839 60842.60242313 64
TITA                 60843.07950199 60843.08668450 17
TITA                 60843.14484620 60843.15230372 23
TITA                 60843.52396025 60843.52890348 5
TITA                 60843.58721390 60843.59566711 88
TITA                 60843.65513327 60843.65938385 3
TITA                 60844.07292345 60844.07962795 12
TITA                 60844.13797862 60844.14569722 31
TITA                 60844.51793649 60844.52163618 2
TITA                 60844.58046995 60844.58887512 67
TITA                 60844.64770819 60844.65311112 6
TITA                 60845.06639761 60845.07247818 9
TITA                 60845.13108287 60845.13903122 42
TITA                 60845.57375592 60845.58204739 48
TITA                 60845.64044293 60845.64667342 9
TITA                 60846.05995339 60846.06520538 6
TITA                 60846.12424404 60846.13231373 60
TITA                 60846.56707352 60846.57518330 35
TITA                 60846.63327538 60846.64013232 12
TITA                 60847.05365640 60847.05774179 3
TITA                 60847.11741841 60847.12554267 84
TITA                 60847.18442501 60847.18854518 3
TITA                 60847.56042467 60847.56828129 26
TITA                 60847.62617745 60847.63351565 16
TITA                 60848.11060403 60848.11871797 68
TITA                 60848.17719651 60848.18232034 6
TITA                 60848.55381295 60848.56133846 20
TITA                 60848.61913401 60848.62683837 22
TITA                 60849.10380600 60849.11183859 47
TITA                 60849.17006709 60849.17595073 8
TITA                 60849.54724373 60849.55435044 15
TITA                 60849.61213533 60849.62011009 29
TITA                 60850.09702483 60850.10490234 34
TITA                 60850.16299524 60850.16947899 12
TITA                 60850.54072555 60850.54730945 11
TITA                 60850.60517558 60850.61333669 40
TITA                 60851.09026446 60851.09790560 25
TITA                 60851.15596684 60851.16293226 16
TITA                 60851.53427144 60851.54020292 8
TITA                 60851.59820703 60851.60651904 56
TITA                 60852.08352997 60852.09084283 18
TITA                 60852.14896024 60852.15630797 21
TITA                 60852.52790641 60852.53300670 5
TITA                 60852.59131473 60852.59966605 79
TITA                 60852.65955518 60852.66310276 2
TITA                 60853.07682990 60853.08370511 13
TITA                 60853.14197458 60853.14961994 28
TITA                 60853.52168445 60853.52566669 3
TITA                 60853.58445427 60853.59277593 74
TITA                 60853.65190655 60853.65683660 5
TITA                 60854.07017806 60854.07647847 10
TITA                 60854.13496298 60854.14287003 38
TITA                 60854.57762542 60854.58584919 52
TITA                 60854.64447633 60854.65034725 7
TITA                 60855.06359864 60855.06913788 6
TITA                 60855.12800927 60855.13606674 54
NOAA-15              60832.92739182 60832.93382495 6
NOAA-15              60832.99500232 60833.00554952 80
NOAA-15              60833.06519511 60833.07285293 10
NOAA-15              60833.39680559 60833.40369972 7
NOAA-15              60833.46356018 60833.47418853 78
NOAA-15              60833.53462532 60833.54228413 9
NOAA-15              60833.97697114 60833.98727863 43
NOAA-15              60834.04658444 60834.05567645 19
NOAA-15              60834.44566147 60834.45596778 42
NOAA-15              60834.51549126 60834.52480432 19
NOAA-15              60834.95910695 60834.96872205 23
NOAA-15              60835.02817134 60835.03815112 33
NOAA-15              60835.42802705 60835.43761414 24
NOAA-15              60835.49681358 60835.50701764 34
NOAA-15              60835.94149100 60835.94979594 12
NOAA-15              60836.00990027 60836.02034586 61
NOAA-15              60836.08077597 60836.08653929 5
NOAA-15              60836.41070452 60836.41909268 13
NOAA-15              60836.47844221 60836.48904243 64
NOAA-15              60836.55090284 60836.55612622 3
NOAA-15              60836.92437678 60836.93024435 5
NOAA-15              60836.99175691 60837.00228538 72
NOAA-15              60837.06183989 60837.06979082 11
NOAA-15              60837.39381879 60837.40029348 6
NOAA-15              60837.46033277 60837.47092456 70
NOAA-15              60837.53116615 60837.53917146 11
NOAA-15              60837.97374881 60837.98396560 38
NOAA-15              60838.04326800 60838.05254368 21
NOAA-15              60838.44247705 60838.45267898 38
NOAA-15              60838.51211838 60838.52162161 21
NOAA-15              60838.95591759 60838.96535064 21
NOAA-15              60839.02487935 60839.03496451 37
NOAA-15              60839.42489073 60839.43429674 22
NOAA-15              60839.49349751 60839.50379424 38
NOAA-15              60839.93835929 60839.94634041 11
NOAA-15              60840.00662825 60840.01711181 69
NOAA-15              60840.07734266 60840.08356695 6
NOAA-15              60840.40763060 60840.41573504 12
NOAA-15              60840.47517182 60840.48578948 72
NOAA-15              60840.54727689 60840.55314657 5
NOAA-15              60840.92139290 60840.92660327 3
NOAA-15              60840.98850515 60840.99900518 65
NOAA-15              60841.05848270 60841.06670717 13
NOAA-15              60841.39084961 60841.39685595 5
NOAA-15              60841.45710458 60841.46764631 63
NOAA-15              60841.52768549 60841.53603533 12
NOAA-15              60841.97052129 60841.98063546 34
NOAA-15              60842.03994606 60842.04939328 23
NOAA-15              60842.43929237 60842.44937532 34
NOAA-15              60842.50874820 60842.51842072 23
NOAA-15              60842.95272583 60842.96195911 19
NOAA-15              60843.02158069 60843.03176177 41
NOAA-15              60843.42175596 60843.43096332 19
NOAA-15              60843.49018144 60843.50055536 42
NOAA-15              60843.93523298 60843.94285643 9
NOAA-15              60844.00334950 60844.01386226 76
NOAA-15              60844.07388484 60844.08056421 7
NOAA-15              60844.40456262 60844.41235747 10
NOAA-15              60844.47190041 60844.48252205 80
NOAA-15              60844.54369118 60844.55011161 6
NOAA-15              60844.91848373 60844.92287872 2
NOAA-15              60844.98524725 60844.99570870 58
NOAA-15              60845.05512265 60845.06360299 14
NOAA-15              60845.38790396 60845.39338128 4
NOAA-15              60845.45387537 60845.46435365 56
NOAA-15              60845.52424425 60845.53287311 14
NOAA-15              60845.96728896 60845.97728782 31
NOAA-15              60846.03661841 60846.04622571 25
NOAA-15              60846.43610731 60846.44605706 31
NOAA-15              60846.50537982 60846.51520242 26
NOAA-15              60846.94953258 60846.95854652 17
NOAA-15              60847.01827567 60847.02854300 46
NOAA-15              60847.08974443 60847.09386103 2
NOAA-15              60847.41862306 60847.42761339 18
NOAA-15              60847.48686488 60847.49730130 47
NOAA-15              60847.93211549 60847.93934097 8
NOAA-15              60848.00006413 60848.01059685 84
NOAA-15              60848.07046527 60848.07752960 8
NOAA-15              60848.40150204 60848.40895849 9
NOAA-15              60848.46862792 60848.47924039 88
NOAA-15              60848.54013375 60848.54703310 7
NOAA-15              60848.98198338 60848.99239627 52
NOAA-15              60849.05175914 60849.06047915 16
NOAA-15              60849.38504619 60849.38986081 3
NOAA-15              60849.45064585 60849.46104711 50
NOAA-15              60849.52080926 60849.52968909 15
NOAA-15              60849.96405232 60849.97392238 28
NOAA-15              60850.03328492 60850.04304130 28
NOAA-15              60850.43292207 60850.44272410 28
NOAA-15              60850.50201244 60850.51196745 29
NOAA-15              60850.94633915 60850.95511228 15
NOAA-15              60851.01496395 60851.02530852 51
NOAA-15              60851.08617723 60851.09098759 3
NOAA-15              60851.41549241 60851.42424702 16
NOAA-15              60851.48354741 60851.49403248 53
NOAA-15              60851.92901070 60851.93578998 7
NOAA-15              60851.99677248 60852.00731579 86
NOAA-15              60852.06704860 60852.07446863 9
NOAA-15              60852.39845044 60852.40553671 8
NOAA-18              60833.13298389 60833.14388997 53
NOAA-18              60833.20335114 60833.21260823 17
NOAA-18              60833.53919699 60833.54542678 5
NOAA-18              60833.60599984 60833.61683785 61
NOAA-18              60833.67711896 60833.68590900 13
NOAA-18              60834.12410169 60834.13479990 39
NOAA-18              60834.19421409 60834.20402603 23
NOAA-18              60834.53127915 60834.53585488 3
NOAA-18              60834.59716980 60834.60782412 46
NOAA-18              60834.66772131 60834.67722853 18
NOAA-18              60835.11526201 60835.12563910 29
NOAA-18              60835.18511655 60835.19536695 30
NOAA-18              60835.58840134 60835.59877963 34
NOAA-18              60835.65842656 60835.66847449 25
NOAA-18              60836.10647114 60836.11639932 22
NOAA-18              60836.17605310 60836.18663796 39
NOAA-18              60836.57969888 60836.58970227 26
NOAA-18              60836.64921729 60836.65966372 33
NOAA-18              60837.09774175 60837.10706766 16
NOAA-18              60837.16702063 60837.17784361 52
NOAA-18              60837.23873521 60837.24419889 4
NOAA-18              60837.57106828 60837.58058803 20
NOAA-18              60837.64008261 60837.65080679 44
NOAA-18              60838.08909381 60838.09762278 12
NOAA-18              60838.15801767 60838.16898685 69
NOAA-18              60838.22923956 60838.23609978 7
NOAA-18              60838.56251805 60838.57143006 15
NOAA-18              60838.63101560 60838.64191060 60
NOAA-18              60838.70434860 60838.70944318 3
NOAA-18              60839.08056367 60839.08802677 8
NOAA-18              60839.14904404 60839.16006885 87
NOAA-18              60839.21991627 60839.22781130 10
NOAA-18              60839.55406135 60839.56221689 11
NOAA-18              60839.62201200 60839.63297969 81
NOAA-18              60839.69438083 60839.70124207 6
NOAA-18              60840.07223902 60840.07819746 4
NOAA-18              60840.14010086 60840.15108946 67
NOAA-18              60840.21067898 60840.21939394 14
NOAA-18              60840.54572128 60840.55292792 8
NOAA-18              60840.61306942 60840.62401693 77
NOAA-18              60840.68470849 60840.69277782 10
NOAA-18              60841.13119059 60841.14204700 50
NOAA-18              60841.20150185 60841.21087569 18
NOAA-18              60841.53754133 60841.54352112 5
NOAA-18              60841.60418748 60841.61502382 57
NOAA-18              60841.67517799 60841.68417252 14
NOAA-18              60842.12231367 60842.13293800 37
NOAA-18              60842.19237095 60842.20227220 24
NOAA-18              60842.52969393 60842.53388375 2
NOAA-18              60842.59536779 60842.60600062 43
NOAA-18              60842.66580195 60842.67547062 20
NOAA-18              60843.11348108 60843.12375666 28
NOAA-18              60843.18327816 60843.19359346 31
NOAA-18              60843.58661005 60843.59694637 33
NOAA-18              60843.65652419 60843.66669966 26
NOAA-18              60844.10469962 60844.11449398 21
NOAA-18              60844.17421862 60844.18484604 41
NOAA-18              60844.57791933 60844.58785859 25
NOAA-18              60844.64732904 60844.65787467 35
NOAA-18              60845.09598337 60845.10513550 15
NOAA-18              60845.16518961 60845.17603401 55
NOAA-18              60845.23679413 60845.24256536 4
NOAA-18              60845.56930216 60845.57873283 19
NOAA-18              60845.63820669 60845.64900545 48
NOAA-18              60846.08735478 60846.09565701 11
NOAA-18              60846.15619001 60846.16715984 74
NOAA-18              60846.22733179 60846.23441528 7
NOAA-18              60846.56076768 60846.56956144 14
NOAA-18              60846.62915089 60846.64009807 64
NOAA-18              60846.70223352 60846.70782943 4
NOAA-18              60847.07885694 60847.08601437 7
NOAA-18              60847.14721988 60847.15822449 83
NOAA-18              60847.21802646 60847.22609223 11
NOAA-18              60847.55233032 60847.56033162 10
NOAA-18              60847.62015789 60847.63115673 85
NOAA-18              60847.69234969 60847.69954500 7
NOAA-18              60848.07059706 60848.07610479 4
NOAA-18              60848.13828063 60848.14922746 63
NOAA-18              60848.20880023 60848.21764775 15
NOAA-18              60848.54401619 60848.55101995 7
NOAA-18              60848.61122582 60848.62218397 72
NOAA-18              60848.68269005 60848.69104059 11
NOAA-18              60849.12937270 60849.14016670 46
NOAA-18              60849.19963058 60849.20910622 19
NOAA-18              60849.53587643 60849.54157660 4
NOAA-18              60849.60235414 60849.61318100 54
NOAA-18              60849.67321758 60849.68240518 16
NOAA-18              60850.12050360 60850.13103835 35
NOAA-18              60850.19050511 60850.20048189 25
NOAA-18              60850.59354511 60850.60414786 40
NOAA-18              60850.66386241 60850.67368244 21
NOAA-18              60851.11167847 60851.12183578 26
NOAA-18              60851.18141652 60851.19178391 33
NOAA-18              60851.58479900 60851.59508317 31
NOAA-18              60851.65460130 60851.66489477 28
NOAA-18              60852.10290715 60852.11254907 19
NOAA-18              60852.17236048 60852.18301820 44
NOAA-18              60852.24445419 60852.24882268 2
NOAA-18              60852.57612112 60852.58598431 23
NOAA-19              60833.06884412 60833.07880675 24
NOAA-19              60833.13852041 60833.14886890 35
NOAA-19              60833.54200287 60833.55225411 30
NOAA-19              60833.61172557 60833.62210527 30
NOAA-19              60834.06024869 60834.06966802 18
NOAA-19              60834.12963518 60834.14025169 46
NOAA-19              60834.20160633 60834.20624629 3
NOAA-19              60834.53349881 60834.54331460 23
NOAA-19              60834.60272585 60834.61342044 39
NOAA-19              60835.05172573 60835.06042627 13
NOAA-19              60835.12077900 60835.13157262 62
NOAA-19              60835.19217726 60835.19840749 5
NOAA-19              60835.52506869 60835.53433589 17
NOAA-19              60835.59379422 60835.60469478 53
NOAA-19              60836.04330392 60836.05105124 9
NOAA-19              60836.11195121 60836.12283342 82
NOAA-19              60836.18296338 60836.19033408 8
NOAA-19              60836.51672273 60836.52530905 13
NOAA-19              60836.58492567 60836.59593347 71
NOAA-19              60836.65767047 60836.66392118 5
NOAA-19              60837.03504225 60837.04148221 5
NOAA-19              60837.10315257 60837.11403444 75
NOAA-19              60837.17385221 60837.18211564 12
NOAA-19              60837.50847817 60837.51621940 9
NOAA-19              60837.57611728 60837.58713987 87
NOAA-19              60837.64806577 60837.65569433 8
NOAA-19              60838.02711029 60838.03155183 2
NOAA-19              60838.09438476 60838.10517459 56
NOAA-19              60838.16480911 60838.17378842 16
NOAA-19              60838.50036444 60838.50703887 6
NOAA-19              60838.56736776 60838.57831597 66
NOAA-19              60838.63863545 60838.64729448 12
NOAA-19              60839.08564829 60839.09625122 41
NOAA-19              60839.15581637 60839.16537209 21
NOAA-19              60839.49244574 60839.49770469 3
NOAA-19              60839.55867717 60839.56946255 50
NOAA-19              60839.62937221 60839.63878310 17
NOAA-19              60840.07695215 60840.08725967 31
NOAA-19              60840.14686392 60840.15687828 27
NOAA-19              60840.55004813 60840.56057915 38
NOAA-19              60840.62021479 60840.63019451 23
NOAA-19              60841.06830198 60841.07819255 23
NOAA-19              60841.13794578 60841.14831462 36
NOAA-19              60841.54148080 60841.55166443 29
NOAA-19              60841.61114412 60841.62154699 31
NOAA-19              60842.05970919 60842.06903828 17
NOAA-19              60842.12905842 60842.13968640 48
NOAA-19              60842.20095930 60842.20578673 3
NOAA-19              60842.53298157 60842.54271483 22
NOAA-19              60842.60214843 60842.61285186 41
NOAA-19              60843.05119138 60843.05977801 12
NOAA-19              60843.12020007 60843.13099641 64
NOAA-19              60843.19155110 60843.19791208 6
NOAA-19              60843.52455750 60843.53372491 17
NOAA-19              60843.59322020 60843.60411654 55
NOAA-19              60843.66694571 60843.67132981 2
NOAA-19              60844.04278003 60844.05037907 8
NOAA-19              60844.11137023 60844.12224633 85
NOAA-19              60844.18234500 60844.18981658 9
NOAA-19              60844.51621948 60844.52468511 12
NOAA-19              60844.58435471 60844.59534598 73
NOAA-19              60844.65699843 60844.66340758 5
NOAA-19              60845.03454044 60845.04077415 5
NOAA-19              60845.10256969 60845.11343632 72
NOAA-19              60845.17323679 60845.18158107 12
NOAA-19              60845.50798608 60845.51557949 9
NOAA-19              60845.57554922 60845.58654337 85
NOAA-19              60845.64741721 60845.65515131 9
NOAA-19              60846.09380048 60846.10456516 54
NOAA-19              60846.16419435 60846.17323928 16
NOAA-19              60846.49988974 60846.50637697 6
NOAA-19              60846.56680261 60846.57771053 64
NOAA-19              60846.63799974 60846.64673196 13
NOAA-19              60847.08506294 60847.09562999 40
NOAA-19              60847.15520103 60847.16480992 22
NOAA-19              60847.49206032 60847.49700565 3
NOAA-19              60847.55811616 60847.56884811 48
NOAA-19              60847.62874551 60847.63820561 18
NOAA-19              60848.07636665 60848.08662572 30
NOAA-19              60848.14624729 60848.15630399 28
NOAA-19              60848.54948951 60848.55995554 36
NOAA-19              60848.61959439 60848.62960449 24
NOAA-19              60849.06771750 60849.07754480 22
NOAA-19              60849.13732745 60849.14772890 37
NOAA-19              60849.54092621 60849.55103112 28
NOAA-19              60849.61052851 60849.62094588 32
NOAA-19              60850.05912752 60850.06837479 17
NOAA-19              60850.12843820 60850.13908942 50
NOAA-19              60850.20026588 60850.20529882 3
NOAA-19              60850.53243191 60850.54207118 21
NOAA-19              60850.60153666 60850.61224062 42
NOAA-19              60851.05061553 60851.05909563 12
NOAA-19              60851.11957790 60851.13038846 67
NOAA-19              60851.19087880 60851.19738801 6
NOAA-19              60851.52401413 60851.53306961 16
NOAA-19              60851.59261168 60851.60349579 57
NOAA-19              60851.66618732 60851.67083019 2
NOAA-19              60852.04221548 60852.04967206 8
NOAA-19              60852.11074623 60852.12162742 87
METOA                60833.16560319 60833.17567432 53
METOA                60833.23325123 60833.24154032 15
METOA                60833.62073570 60833.62843853 22
METOA                60833.68795684 60833.69539216 18
METOA                60834.11764572 60834.12490066 8
METOA                60834.18356214 60834.19374738 80
METOA                60834.25188774 60834.25846499 7
METOA                60834.63835569 60834.64665114 47
METOA                60834.70678789 60834.71281188 8
METOA                60835.13498906 60835.14390805 18
METOA                60835.20165155 60835.21156378 43
METOA                60835.59111200 60835.59649815 6
METOA                60835.65624994 60835.66470036 72
METOA                60836.15264453 60836.16247627 33
METOA                60836.21987402 60836.22911252 24
METOA                60836.60806272 60836.61513665 14
METOA                60836.67445593 60836.68258649 32
METOA                60837.10545964 60837.11066612 4
METOA                60837.17049010 60837.18073305 63
METOA                60837.23826463 60837.24634750 13
METOA                60837.62543796 60837.63348019 27
METOA                60837.69293432 60837.70025704 15
METOA                60838.12233640 60838.13021808 11
METOA                60838.18847467 60838.19872509 69
METOA                60838.25696889 60838.26313956 6
METOA                60838.64311626 60838.65163923 58
METOA                60838.71186695 60838.71756427 6
METOA                60839.13977785 60839.14906842 21
METOA                60839.20658624 60839.21646246 37
METOA                60839.59556861 60839.60168309 8
METOA                60839.66106048 60839.66964084 59
METOA                60840.15748248 60840.16753091 39
METOA                60840.22483422 60840.23392712 21
METOA                60840.61264820 60840.62020216 17
METOA                60840.67931759 60840.68747664 27
METOA                60841.10995993 60841.11612443 5
METOA                60841.17535849 60841.18570127 75
METOA                60841.24326411 60841.25106138 11
METOA                60841.63009678 60841.63847886 33
METOA                60841.69785713 60841.70507502 13
METOA                60842.12704212 60842.13540719 13
METOA                60842.19336659 60842.20361428 59
METOA                60842.26205751 60842.26769921 5
METOA                60842.58336119 60842.58797770 4
METOA                60842.64782919 60842.65658706 70
METOA                60842.71691295 60842.72227193 5
METOA                60843.14455903 60843.15412407 25
METOA                60843.21150060 60843.22127232 32
METOA                60843.60001731 60843.60679307 10
METOA                60843.66586332 60843.67454535 49
METOA                60844.16230438 60844.17248967 46
METOA                60844.22977656 60844.23864996 18
METOA                60844.61720135 60844.62521573 21
METOA                60844.68412648 60844.69231990 24
METOA                60845.11453032 60845.12139496 7
METOA                60845.18020728 60845.19057746 86
METOA                60845.24825396 60845.25567537 10
METOA                60845.63471597 60845.64343213 41
METOA                60845.70274070 60845.70985614 12
METOA                60846.13175162 60846.14047714 15
METOA                60846.19823755 60846.20841247 51
METOA                60846.26717226 60846.27212281 3
METOA                60846.58761256 60846.59319360 6
METOA                60846.65249978 60846.66149187 78
METOA                60846.72193222 60846.72691944 4
METOA                60847.14932786 60847.15907709 29
METOA                60847.21639461 60847.22599054 28
METOA                60847.60445317 60847.61183386 13
METOA                60847.67058190 60847.67940362 42
METOA                60848.10257162 60848.10669844 2
METOA                60848.16710939 60848.17735257 54
METOA                60848.23470241 60848.24327732 16
METOA                60848.62172499 60848.63017584 25
METOA                60848.68889861 60848.69712541 21
METOA                60849.11913297 60849.12651346 9
METOA                60849.18503432 60849.19536080 80
METOA                60849.25323962 60849.26018123 8
METOA                60849.63929931 60849.64833687 49
METOA                60849.70758729 60849.71458840 10
METOA                60850.13645548 60850.14543447 18
METOA                60850.20308616 60850.21311861 43
METOA                60850.27235048 60850.27636972 2
METOA                60850.59189842 60850.59829392 8
METOA                60850.65713232 60850.66634942 73
METOA                60850.72694009 60850.73149333 3
METOA                60851.15407959 60851.16392952 33
METOA                60851.22126775 60851.23061489 24
METOA                60851.60887422 60851.61680726 16
METOA                60851.67525712 60851.68420815 37
METOA                60852.10691615 60852.11201082 3
METOA                60852.17188999 60852.18212020 62
METOA                60852.23961286 60852.24780502 13
METOA                60852.62622171 60852.63507953 30
METOA                60852.69363487 60852.70188147 19
METOA                60853.12374651 60853.13149923 10
METOA                60853.18983722 60853.20005115 69
METOA                60853.25826345 60853.26456588 6
METOA                60853.57965116 60853.58448985 4
METOA                60853.64385055 60853.65318883 59
METOB                60833.06279149 60833.07340082 52
METOB                60833.13281469 60833.14175267 16
METOB                60833.46711515 60833.47252273 4
METOB                60833.53322622 60833.54381373 54
METOB                60833.60376326 60833.61265308 15
METOB                60834.04854825 60834.05876739 32
METOB                60834.11815024 60834.12793685 26
METOB                60834.51911875 60834.52929998 34
METOB                60834.58878863 60834.59863158 24
METOB                60835.03442774 60835.04393798 20
METOB                60835.10358405 60835.11393173 40
METOB                60835.50518324 60835.51469917 22
METOB                60835.57403915 60835.58446028 39
METOB                60836.02048275 60836.02885578 12
METOB                60836.08910044 60836.09975927 65
METOB                60836.16012728 60836.16634899 6
METOB                60836.49144996 60836.49998901 14
METOB                60836.55947278 60836.57018009 63
METOB                60836.63224625 60836.63749406 3
METOB                60837.00684532 60837.01338271 6
METOB                60837.07469508 60837.08542834 79
METOB                60837.14510534 60837.15304464 11
METOB                60837.47797946 60837.48511621 8
METOB                60837.54507016 60837.55581131 81
METOB                60837.61648266 60837.62411505 9
METOB                60838.06037097 60838.07093755 48
METOB                60838.13032853 60838.13942055 18
METOB                60838.46499398 60838.46992171 3
METOB                60838.53082593 60838.54136284 50
METOB                60838.60121832 60838.61028710 16
METOB                60839.04614506 60839.05627411 30
METOB                60839.11567971 60839.12557128 28
METOB                60839.51674229 60839.52683451 31
METOB                60839.58628209 60839.59623631 26
METOB                60840.03204606 60840.04140815 18
METOB                60840.10112565 60840.11153735 43
METOB                60840.50283497 60840.51221682 20
METOB                60840.57156209 60840.58204428 42
METOB                60841.01813579 60841.02627548 11
METOB                60841.08665284 60841.09733821 70
METOB                60841.15753925 60841.16411003 6
METOB                60841.48913670 60841.49748407 13
METOB                60841.55702104 60841.56774765 69
METOB                60841.62953126 60841.63526540 4
METOB                60842.00457998 60842.01071154 5
METOB                60842.07225862 60842.08298101 73
METOB                60842.14259193 60842.15074094 12
METOB                60842.47571689 60842.48257433 7
METOB                60842.54264201 60842.55336438 75
METOB                60842.61388349 60842.62178089 10
METOB                60843.05794701 60843.06846278 45
METOB                60843.12783733 60843.13707589 19
METOB                60843.46284004 60843.46728707 3
METOB                60843.52842150 60843.53890183 46
METOB                60843.59867303 60843.60790802 17
METOB                60844.04373715 60844.05376836 28
METOB                60844.11320344 60844.12319418 30
METOB                60844.51436305 60844.52435886 29
METOB                60844.58377328 60844.59382984 28
METOB                60845.02966120 60845.03886436 17
METOB                60845.09866119 60845.10913180 47
METOB                60845.17029705 60845.17478908 3
METOB                60845.50048479 60845.50972362 19
METOB                60845.56908194 60845.57961811 45
METOB                60846.01578942 60846.02367744 10
METOB                60846.08419928 60846.09490611 76
METOB                60846.15498482 60846.16184961 7
METOB                60846.48682330 60846.49496674 12
METOB                60846.55456587 60846.56530524 74
METOB                60846.62683656 60846.63300317 5
METOB                60847.00231370 60847.00800841 4
METOB                60847.06981639 60847.08052247 68
METOB                60847.14007486 60847.14842340 13
METOB                60847.47345867 60847.48001574 6
METOB                60847.54021044 60847.55090763 70
METOB                60847.61128731 60847.61943040 11
METOB                60848.05551767 60848.06597614 41
METOB                60848.12534097 60848.13471908 20
METOB                60848.52601365 60848.53643113 43
METOB                60848.59612679 60848.60551645 19
METOB                60849.04132476 60849.05125007 26
METOB                60849.11072142 60849.12080565 32
METOB                60849.51198106 60849.52187300 27
METOB                60849.58126196 60849.59141240 30
METOB                60850.02727376 60850.03630602 16
METOB                60850.09619097 60850.10671534 51
METOB                60850.16765604 60850.17261973 3
METOB                60850.49813282 60850.50721948 18
METOB                60850.56659857 60850.57718150 49
METOB                60851.01344453 60851.02106064 9
METOB                60851.08173981 60851.09246295 81
METOB                60851.15243017 60851.15957171 8
METOB                60851.48450994 60851.49243667 11
METOB                60851.55210720 60851.56285295 80
METOB                60851.62415669 60851.63071280 6
METOB                60852.00008311 60852.00526719 3
METOB                60852.06736850 60852.07805268 63
METOB                60852.13755386 60852.14609238 14
METOB                60852.47120623 60852.47743910 5
