iss                  60832.68201411 60832.68863263 15
iss                  60833.31081212 60833.31756869 17
iss                  60833.37728990 60833.38489925 60
iss                  60833.44506184 60833.45208110 19
iss                  60833.51290217 60833.51979493 17
iss                  60833.58017582 60833.58768425 41
iss                  60833.64737818 60833.65456852 27
iss                  60834.27693023 60834.28280024 10
iss                  60834.34279415 60834.35040913 81
iss                  60834.41033402 60834.41753556 23
iss                  60834.47826539 60834.48508241 16
iss                  60834.54567974 60834.55302848 29
iss                  60834.61281068 60834.62030481 48
iss                  60834.68084212 60834.68546339 5
iss                  60835.24341105 60835.24772510 4
iss                  60835.30839557 60835.31587017 45
iss                  60835.37561440 60835.38300373 30
iss                  60835.44356030 60835.45038641 16
iss                  60835.51113883 60835.51830064 22
iss                  60835.57827156 60835.58588021 86
iss                  60835.64582220 60835.65185462 10
iss                  60836.27412305 60836.28125571 25
iss                  60836.34092932 60836.34847204 43
iss                  60836.40879907 60836.41571760 17
iss                  60836.47653984 60836.48352670 18
iss                  60836.54373548 60836.55132023 56
iss                  60836.61103114 60836.61788005 19
iss                  60837.24001550 60837.24652444 15
iss                  60837.30630326 60837.31392417 71
iss                  60837.37400222 60837.38107721 20
iss                  60837.44187276 60837.44873356 16
iss                  60837.50918255 60837.51664755 36
iss                  60837.57634634 60837.58366660 32
iss                  60838.20615313 60838.21159855 8
iss                  60838.27175943 60838.27934161 67
iss                  60838.33919557 60838.34645840 25
iss                  60838.40713431 60838.41394495 16
iss                  60838.47459540 60838.48188549 26
iss                  60838.54171341 60838.54926838 59
iss                  60838.60953913 60838.61473558 6
iss                  60839.17269301 60839.17624513 2
iss                  60839.23732314 60839.24470191 36
iss                  60839.30440636 60839.31184965 33
iss                  60839.37233023 60839.37917781 16
iss                  60839.43995847 60839.44705955 21
iss                  60839.50709989 60839.51471727 79
iss                  60839.57454023 60839.58090346 13
iss                  60840.20302435 60840.20997451 21
iss                  60840.26966067 60840.27723586 50
iss                  60840.33747593 60840.34443974 18
iss                  60840.40525937 60840.41219645 18
iss                  60840.47248247 60840.48003761 47
iss                  60840.53971549 60840.54676239 22
iss                  60841.16891357 60841.17510890 12
iss                  60841.23498271 60841.24259988 84
iss                  60841.30259438 60841.30972905 21
iss                  60841.37048985 60841.37732286 16
iss                  60841.43784210 60841.44525236 32
iss                  60841.50497520 60841.51240337 39
iss                  60841.57324317 60841.57719171 3
iss                  60842.13510152 60842.13999797 6
iss                  60842.20039605 60842.20792190 54
iss                  60842.26771260 60842.27503670 27
iss                  60842.33564950 60842.34246088 16
iss                  60842.40316172 60842.41038585 24
iss                  60842.47027448 60842.47787094 73
iss                  60842.53792965 60842.54361601 8
iss                  60843.16592800 60843.17317698 30
iss                  60843.23285796 60843.24034975 38
iss                  60843.30074759 60843.30762458 17
iss                  60843.36842688 60843.37546418 19
iss                  60843.43558461 60843.44319355 65
iss                  60843.50292974 60843.50958234 16
iss                  60844.13161329 60844.13832898 17
iss                  60844.19805618 60844.20565209 60
iss                  60844.26580265 60844.27281824 19
iss                  60844.33362587 60844.34051509 17
iss                  60844.40088387 60844.40839489 41
iss                  60844.46806426 60844.47528000 27
iss                  60845.09751721 60845.10331336 9
iss                  60845.16333130 60845.17092553 79
iss                  60845.23083990 60845.23803725 23
iss                  60845.29875290 60845.30556432 16
iss                  60845.36615395 60845.37349843 28
iss                  60845.43326490 60845.44077704 49
iss                  60845.50124513 60845.50597122 5
iss                  60846.06380958 60846.06796908 4
iss                  60846.12870763 60846.13614848 43
iss                  60846.19588716 60846.20327056 30
iss                  60846.26381092 60846.27063174 16
iss                  60846.33137823 60846.33852964 22
iss                  60846.39849390 60846.40611099 88
iss                  60846.46600597 60846.47211173 11
iss                  60847.09421573 60847.10129268 24
iss                  60847.16097166 60847.16850392 44
iss                  60847.22881290 60847.23572805 17
iss                  60847.29654310 60847.30351559 18
iss                  60847.36372546 60847.37130800 54
iss                  60847.43098961 60847.43789098 19
AO-07                60832.68134652 60832.69679373 72
AO-07                60832.76239860 60832.77418737 13
AO-07                60833.18216413 60833.19691563 37
AO-07                60833.26045939 60833.27544834 52
AO-07                60833.33936329 60833.35045754 12
AO-07                60833.56478776 60833.57620101 13
AO-07                60833.63995523 60833.65508486 55
AO-07                60833.71866032 60833.73333348 35
AO-07                60834.14123515 60834.15333618 14
AO-07                60834.21872281 60834.23416465 76
AO-07                60834.29737323 60834.31102670 27
AO-07                60834.37645695 60834.38437981 5
AO-07                60834.52634274 60834.53411553 5
AO-07                60834.59957234 60834.61320145 26
AO-07                60834.67636153 60834.69186274 78
AO-07                60834.75709283 60834.76939906 15
AO-07                60835.17726592 60835.19182329 33
AO-07                60835.25549449 60835.27060203 57
AO-07                60835.33437262 60835.34583825 14
AO-07                60835.56022241 60835.57120660 12
AO-07                60835.63511393 60835.65011813 50
AO-07                60835.71357614 60835.72843206 39
AO-07                60835.79787028 60835.80389361 2
AO-07                60836.13645555 60836.14801733 12
AO-07                60836.21378325 60836.22919730 70
AO-07                60836.29239450 60836.30628499 29
AO-07                60836.37145290 60836.37986842 6
AO-07                60836.52185501 60836.52910507 4
AO-07                60836.59485273 60836.60821927 24
AO-07                60836.67141636 60836.68691709 85
AO-07                60836.75182516 60836.76458855 17
AO-07                60837.17237613 60837.18671068 30
AO-07                60837.25053195 60837.26574153 62
AO-07                60837.32938303 60837.34120420 15
AO-07                60837.55563326 60837.56621710 11
AO-07                60837.63029457 60837.64514929 46
AO-07                60837.70851120 60837.72352336 43
AO-07                60837.79205222 60837.79951646 4
AO-07                60838.13170514 60838.14265453 10
AO-07                60838.20884799 60838.22421453 63
AO-07                60838.28741737 60838.30152893 32
AO-07                60838.36645116 60838.37534253 7
AO-07                60838.51738262 60838.52409080 4
AO-07                60838.59014773 60838.60323593 22
AO-07                60838.66648630 60838.68196796 88
AO-07                60838.74659028 60838.75975935 19
AO-07                60839.16749590 60839.18157657 27
AO-07                60839.24557193 60839.26086688 68
AO-07                60839.32439505 60839.33655541 17
AO-07                60839.55099857 60839.56121813 10
AO-07                60839.62548025 60839.64017844 42
AO-07                60839.70346463 60839.71860807 47
AO-07                60839.78638559 60839.79499569 5
AO-07                60840.12699094 60840.13723976 8
AO-07                60840.20391742 60840.21921598 57
AO-07                60840.28244192 60840.29675856 35
AO-07                60840.36145146 60840.37080214 8
AO-07                60840.51292606 60840.51907176 3
AO-07                60840.58545766 60840.59825109 20
AO-07                60840.66157113 60840.67701561 81
AO-07                60840.74138496 60840.75491432 22
AO-07                60841.16262643 60841.17641951 24
AO-07                60841.24061462 60841.25597801 74
AO-07                60841.31940842 60841.33189192 18
AO-07                60841.39862908 60841.40426474 2
AO-07                60841.54643229 60841.55622085 9
AO-07                60841.62068419 60841.63520579 38
AO-07                60841.69843572 60841.71368683 52
AO-07                60841.78083593 60841.79038381 7
AO-07                60842.12232332 60842.13176147 7
AO-07                60842.19899196 60842.21420119 52
AO-07                60842.27746826 60842.29197396 39
AO-07                60842.35645363 60842.36624729 9
AO-07                60842.50848616 60842.51404648 2
AO-07                60842.58078255 60842.59326487 18
AO-07                60842.65667068 60842.67206029 74
AO-07                60842.73620662 60842.75005544 24
AO-07                60843.15776935 60843.17123776 21
AO-07                60843.23566023 60843.25107484 81
AO-07                60843.31442319 60843.32721376 20
AO-07                60843.39360650 60843.39982020 3
AO-07                60843.54188083 60843.55122163 8
AO-07                60843.61590265 60843.63023133 35
AO-07                60843.69342382 60843.70876020 58
AO-07                60843.77536549 60843.78571069 9
AO-07                60844.11771968 60844.12620170 5
AO-07                60844.19407214 60844.20916962 47
AO-07                60844.27249647 60844.28717508 42
AO-07                60844.35145750 60844.36167757 10
AO-07                60844.57612244 60844.58827737 17
AO-07                60844.65178484 60844.66710222 68
AO-07                60844.73105315 60844.74518465 27
AO-07                60845.15292602 60845.16602891 19
AO-07                60845.23070892 60845.24615724 88
AO-07                60845.30943939 60845.32252095 22
AO-07                60845.38858952 60845.39535956 4
AO-07                60845.53739873 60845.54622310 7
AO-07                60845.61113874 60845.62525521 32
AO-07                60845.68842842 60845.70382866 64
LO-19                60832.66859593 60832.67891761 58
LO-19                60832.73832978 60832.74743996 18
LO-19                60833.17621464 60833.18533507 18
LO-19                60833.24476067 60833.25504435 55
LO-19                60833.31463832 60833.32141722 7
LO-19                60833.58131180 60833.58527567 2
LO-19                60833.64615349 60833.65593182 30
LO-19                60833.71480895 60833.72491348 35
LO-19                60834.15403471 60834.16124093 8
LO-19                60834.22188501 60834.23231022 74
LO-19                60834.29129199 60834.29984525 15
LO-19                60834.62410857 60834.63280467 16
LO-19                60834.69170237 60834.70218518 72
LO-19                60834.76288736 60834.76998366 8
LO-19                60835.19914748 60835.20922199 36
LO-19                60835.26815419 60835.27782027 28
LO-19                60835.60250618 60835.60947765 8
LO-19                60835.66895121 60835.67931478 58
LO-19                60835.73872583 60835.74783072 18
LO-19                60836.17660794 60836.18571850 18
LO-19                60836.24515390 60836.25542742 55
LO-19                60836.31503370 60836.32179799 7
LO-19                60836.58170088 60836.58566484 2
LO-19                60836.64654241 60836.65632134 30
LO-19                60836.71519828 60836.72530288 35
LO-19                60837.15442737 60837.16162242 8
LO-19                60837.22227672 60837.23269218 74
LO-19                60837.29168470 60837.30022598 15
LO-19                60837.62449651 60837.63319256 16
LO-19                60837.69209045 60837.70257313 72
LO-19                60837.76327669 60837.77037088 8
LO-19                60838.19953781 60838.20960269 36
LO-19                60838.26854493 60838.27820029 28
LO-19                60838.60289331 60838.60986371 8
LO-19                60838.66933815 60838.67970120 58
LO-19                60838.73911340 60838.74821685 18
LO-19                60839.17699710 60839.18609774 18
LO-19                60839.24554293 60839.25580647 55
LO-19                60839.31542488 60839.32217483 7
LO-19                60839.58208799 60839.58604829 2
LO-19                60839.64692832 60839.65670616 30
LO-19                60839.71558444 60839.72568767 35
LO-19                60840.15481592 60840.16199963 8
LO-19                60840.22266420 60840.23307012 74
LO-19                60840.29207317 60840.30060280 15
LO-19                60840.62488150 60840.63357564 16
LO-19                60840.69247538 60840.70295645 72
LO-19                60840.76366286 60840.77075338 8
LO-19                60841.19992389 60841.20997936 36
LO-19                60841.26893139 60841.27857641 28
LO-19                60841.60327770 60841.61024478 8
LO-19                60841.66972196 60841.68008296 58
LO-19                60841.73949775 60841.74859835 18
LO-19                60842.17738199 60842.18647293 18
LO-19                60842.24592765 60842.25618162 55
LO-19                60842.31581170 60842.32254789 7
LO-19                60842.58247301 60842.58642603 2
LO-19                60842.64731114 60842.65708625 30
LO-19                60842.71596739 60842.72606781 35
LO-19                60843.15520022 60843.16237272 8
LO-19                60843.22304734 60843.23344416 74
LO-19                60843.29245727 60843.30097583 15
LO-19                60843.62526350 60843.63395391 16
LO-19                60843.69285710 60843.70333492 72
LO-19                60843.76404582 60843.77113114 8
LO-19                60844.20030562 60844.21035212 36
LO-19                60844.26931346 60844.27894875 28
LO-19                60844.60365920 60844.61062086 8
LO-19                60844.67010259 60844.68046004 58
LO-19                60844.73987882 60844.74897517 18
LO-19                60845.17776252 60845.18684419 18
LO-19                60845.24630797 60845.25655300 55
LO-19                60845.31619403 60845.32291733 7
LO-19                60845.58285582 60845.58679814 2
LO-19                60845.64769081 60845.65746163 30
LO-19                60845.71634704 60845.72644331 35
LO-19                60846.15558014 60846.16274186 8
LO-19                60846.22342606 60846.23381442 74
LO-19                60846.29283689 60846.30134522 15
LO-19                60846.62564240 60846.63432739 16
LO-19                60846.69323554 60846.70370893 72
LO-19                60846.76442546 60846.77150417 8
LO-19                60847.20068290 60847.21072111 36
LO-19                60847.26969105 60847.27931743 28
LO-19                60847.60403775 60847.61099200 8
LO-19                60847.67047996 60847.68083245 58
LO-19                60847.74025653 60847.74934735 18
LO-19                60848.17813858 60848.18721167 18
LO-19                60848.24668379 60848.25692071 55
LO-19                60848.31657173 60848.32328331 7
LO-19                60848.58323624 60848.58716469 2
LO-19                60848.64806724 60848.65783229 30
LO-19                60848.71672333 60848.72681418 35
LO-19                60849.15595557 60849.16310721 8
LO-19                60849.22380028 60849.23418103 74
LO-19                60849.29321193 60849.30171109 15
LO-19                60849.62601810 60849.63469610 16
LO-19                60849.69361062 60849.70407831 72
LO-19                60849.76480169 60849.77187251 7
FO-29                60832.81848623 60832.82802817 8
FO-29                60832.89013064 60832.90429931 54
FO-29                60832.96331380 60832.97653319 34
FO-29                60833.03752875 60833.04511363 6
FO-29                60833.31698083 60833.32706410 21
FO-29                60833.38899328 60833.40035092 57
FO-29                60833.46508688 60833.47185870 6
FO-29                60833.85212246 60833.86497573 23
FO-29                60833.92475089 60833.93902762 74
FO-29                60833.99833727 60834.00965249 17
FO-29                60834.28054113 60834.28812221 8
FO-29                60834.35069636 60834.36200904 49
FO-29                60834.42436210 60834.43471996 22
FO-29                60834.81490544 60834.82412315 7
FO-29                60834.88642665 60834.90062811 51
FO-29                60834.95956589 60834.97300577 37
FO-29                60835.03367431 60835.04180716 6
FO-29                60835.31329631 60835.32339997 20
FO-29                60835.38517304 60835.39671894 62
FO-29                60835.46097658 60835.46841151 7
FO-29                60835.84845862 60835.86121264 22
FO-29                60835.92102954 60835.93542114 78
FO-29                60835.99456498 60836.00620449 18
FO-29                60836.27693419 60836.28444771 7
FO-29                60836.34694739 60836.35836012 45
FO-29                60836.42045452 60836.43113041 25
FO-29                60836.81134877 60836.82018998 7
FO-29                60836.88273324 60836.89694410 48
FO-29                60836.95582865 60836.96946532 39
FO-29                60837.02984493 60837.03847450 7
FO-29                60837.30961598 60837.31974238 19
FO-29                60837.38135768 60837.39309144 66
FO-29                60837.45689937 60837.46494213 8
FO-29                60837.84480742 60837.85743379 21
FO-29                60837.91731822 60837.93180190 83
FO-29                60837.99080569 60838.00274110 19
FO-29                60838.27333278 60838.28077994 7
FO-29                60838.34320284 60838.35471671 43
FO-29                60838.41655568 60838.42754184 28
FO-29                60838.80781971 60838.81622426 6
FO-29                60838.87905017 60838.89324664 45
FO-29                60838.95210202 60838.96591140 42
FO-29                60839.02603755 60839.03511805 8
FO-29                60839.30594080 60839.31609068 18
FO-29                60839.37754784 60839.38946798 70
FO-29                60839.45282343 60839.46145804 10
FO-29                60839.84116938 60839.85363820 19
FO-29                60839.91361720 60839.92816977 88
FO-29                60839.98705899 60839.99926214 21
FO-29                60840.26973797 60840.27711797 6
FO-29                60840.33946353 60840.35107825 40
FO-29                60840.41266580 60840.42395406 30
FO-29                60840.80432407 60840.81222038 5
FO-29                60840.87537786 60840.88953538 43
FO-29                60840.94838589 60840.96234364 45
FO-29                60841.02224989 60841.03173925 9
FO-29                60841.30227176 60841.31244414 17
FO-29                60841.37374415 60841.38584810 73
FO-29                60841.44879645 60841.45795836 11
FO-29                60841.83754510 60841.84982484 18
FO-29                60841.90992602 60841.92452398 87
FO-29                60841.98332449 60841.99576748 22
FO-29                60842.26615086 60842.27346072 6
FO-29                60842.33573027 60842.34744409 38
FO-29                60842.40878513 60842.42036690 33
FO-29                60842.80086860 60842.80817026 4
FO-29                60842.87171627 60842.88580934 40
FO-29                60842.94468013 60842.95876173 47
FO-29                60843.01848015 60843.02833951 10
FO-29                60843.29860981 60843.30880194 16
FO-29                60843.36994726 60843.38223125 74
FO-29                60843.44479083 60843.45444818 13
FO-29                60843.83393519 60843.84599261 17
FO-29                60843.90624485 60843.92086428 83
FO-29                60843.97960177 60843.99225697 24
FO-29                60844.05417306 60844.05970168 3
FO-29                60844.26257278 60844.26980697 6
FO-29                60844.33200388 60844.34381355 36
FO-29                60844.40491374 60844.41678008 37
FO-29                60844.79746481 60844.80406177 3
FO-29                60844.86806560 60844.88206832 38
FO-29                60844.94098453 60844.95516529 50
FO-29                60845.01472689 60845.02491925 11
FO-29                60845.29495569 60845.30516318 16
FO-29                60845.36615785 60845.37861680 73
FO-29                60845.44080474 60845.45092897 15
FO-29                60845.83034035 60845.84214031 15
FO-29                60845.90257357 60845.91719036 78
FO-29                60845.97589040 60845.98873045 25
FO-29                60846.05030962 60846.05645167 3
FO-29                60846.25905009 60846.26615748 5
FO-29                60846.32828723 60846.34018585 34
FO-29                60846.40105239 60846.41319327 40
FO-29                60846.47850094 60846.48389796 3
FO-29                60846.79418900 60846.79987324 2
FO-29                60846.86442348 60846.87831176 35
FO-29                60846.93729883 60846.95155443 53
FO-29                60847.01098885 60847.02147922 12
FO-29                60847.29131082 60847.30152691 15
SO-50                60832.85585938 60832.86424929 21
SO-50                60832.92467131 60832.93396130 44
SO-50                60832.99600088 60833.00315117 9
SO-50                60833.06865518 60833.07296266 2
SO-50                60833.13914765 60833.14536335 6
SO-50                60833.20833860 60833.21747595 25
SO-50                60833.27772072 60833.28731805 48
SO-50                60833.34884163 60833.35361434 3
SO-50                60833.80237550 60833.80627624 2
SO-50                60833.86840140 60833.87757429 45
SO-50                60833.93817511 60833.94698822 24
SO-50                60834.01021068 60834.01621066 5
SO-50                60834.08246204 60834.08683603 2
SO-50                60834.15219052 60834.15960429 10
SO-50                60834.22135540 60834.23100338 45
SO-50                60834.29101943 60834.29989201 23
SO-50                60834.81349924 60834.82058296 11
SO-50                60834.88131910 60834.89073778 81
SO-50                60834.95195901 60834.95998746 14
SO-50                60835.02449516 60835.02940643 3
SO-50                60835.09585283 60835.10106394 4
SO-50                60835.16518403 60835.17363597 16
SO-50                60835.23442441 60835.24422521 89
SO-50                60835.30459062 60835.31196744 10
SO-50                60835.82560268 60835.83414698 24
SO-50                60835.89455814 60835.90380581 40
SO-50                60835.96599341 60835.97299321 8
SO-50                60836.03862669 60836.04289659 2
SO-50                60836.10899147 60836.11538351 6
SO-50                60836.17817200 60836.18740289 27
SO-50                60836.24758498 60836.25711649 43
SO-50                60836.31896985 60836.32306077 2
SO-50                60836.77181338 60836.77639470 3
SO-50                60836.83819447 60836.84743450 51
SO-50                60836.90809339 60836.91681838 22
SO-50                60836.98021378 60836.98605678 5
SO-50                60837.05236177 60837.05682206 3
SO-50                60837.12201554 60837.12959070 10
SO-50                60837.19118564 60837.20087932 50
SO-50                60837.26090285 60837.26962220 21
SO-50                60837.78315203 60837.79050924 12
SO-50                60837.85115067 60837.86057277 73
SO-50                60837.92190544 60837.92980772 13
SO-50                60837.99448333 60837.99927441 3
SO-50                60838.06569822 60838.07106905 4
SO-50                60838.13499773 60838.14357815 17
SO-50                60838.20425610 60838.21404777 82
SO-50                60838.27452316 60838.28159873 9
SO-50                60838.79532896 60838.80401210 26
SO-50                60838.86442334 60838.87362230 36
SO-50                60838.93596153 60838.94280944 8
SO-50                60839.00856190 60839.01281185 2
SO-50                60839.07880633 60839.08537272 7
SO-50                60839.14797902 60839.15729636 29
SO-50                60839.21742504 60839.22688077 38
SO-50                60839.74128858 60839.74643122 4
SO-50                60839.80796778 60839.81726470 57
SO-50                60839.87798934 60839.88662118 20
SO-50                60839.95018954 60839.95587895 5
SO-50                60840.02222613 60840.02678616 3
SO-50                60840.09181297 60840.09954419 11
SO-50                60840.16099003 60840.17072185 55
SO-50                60840.23076439 60840.23931621 19
SO-50                60840.75279360 60840.76039736 13
SO-50                60840.82096125 60840.83037902 66
SO-50                60840.89182852 60840.89960133 12
SO-50                60840.96443944 60840.96912140 3
SO-50                60841.03551238 60841.04104640 4
SO-50                60841.10478459 60841.11348701 18
SO-50                60841.17406263 60841.18383681 74
SO-50                60841.24448750 60841.25118525 8
SO-50                60841.76503757 60841.77384521 29
SO-50                60841.83426674 60841.84341086 33
SO-50                60841.90590468 60841.91260002 7
SO-50                60841.97846062 60841.98270827 2
SO-50                60842.04859249 60842.05533067 7
SO-50                60842.11775974 60842.12715647 32
SO-50                60842.18724109 60842.19661086 35
SO-50                60842.71078142 60842.71640333 5
SO-50                60842.77772103 60842.78706517 64
SO-50                60842.84786278 60842.85639667 19
SO-50                60842.92013743 60842.92567730 4
SO-50                60842.99205581 60842.99672741 3
SO-50                60843.06158295 60843.06946513 12
SO-50                60843.13076863 60843.14053107 60
SO-50                60843.20060449 60843.20897369 17
SO-50                60843.72242226 60843.73024924 15
SO-50                60843.79075042 60843.80015669 60
SO-50                60843.86172829 60843.86936830 11
SO-50                60843.93436279 60843.93894775 3
SO-50                60844.00529583 60844.01099534 5
SO-50                60844.07454469 60844.08336257 20
SO-50                60844.14384410 60844.15359238 67
SO-50                60844.21439718 60844.22072648 7
SO-50                60844.73472792 60844.74364705 32
SO-50                60844.80408815 60844.81317161 31
SO-50                60844.87582262 60844.88236510 7
SO-50                60844.94832298 60844.95258552 2
SO-50                60845.01835021 60845.02525710 8
HO-68                60832.98418847 60832.99090991 4
HO-68                60833.05689135 60833.07022848 43
HO-68                60833.13180058 60833.14476060 39
HO-68                60833.20758507 60833.21577885 7
HO-68                60833.42305843 60833.43067818 6
HO-68                60833.49379108 60833.50653350 35
HO-68                60833.56812565 60833.58149690 48
HO-68                60833.64699885 60833.65449475 5
HO-68                60834.04516697 60834.05813181 33
HO-68                60834.11991477 60834.13321547 49
HO-68                60834.19553532 60834.20484040 10
HO-68                60834.41232367 60834.41852588 4
HO-68                60834.48235837 60834.49462365 28
HO-68                60834.55615969 60834.56972575 63
HO-68                60834.63396632 60834.64333573 9
HO-68                60835.03349201 60835.04592419 25
HO-68                60835.10804764 60835.12158833 63
HO-68                60835.18352871 60835.19378553 13
HO-68                60835.47101263 60835.48269468 22
HO-68                60835.54428295 60835.55792551 81
HO-68                60835.62126564 60835.63194456 13
HO-68                60836.02187991 60836.03358799 19
HO-68                60836.09620050 60836.10987944 81
HO-68                60836.17155346 60836.18262661 17
HO-68                60836.45975763 60836.47074463 17
HO-68                60836.53249119 60836.54610049 80
HO-68                60836.60877214 60836.62042123 19
HO-68                60837.01035539 60837.02109453 13
HO-68                60837.08437513 60837.09808788 80
HO-68                60837.15960303 60837.17137148 22
HO-68                60837.44859912 60837.45876972 13
HO-68                60837.52078205 60837.53425372 63
HO-68                60837.59643597 60837.60881011 25
HO-68                60837.99896916 60838.00839375 9
HO-68                60838.07257474 60838.08621127 62
HO-68                60838.14767374 60838.16002557 28
HO-68                60838.22375782 60838.23013746 4
HO-68                60838.43754480 60838.44676334 10
HO-68                60838.50915455 60838.52238721 49
HO-68                60838.58422835 60838.59713606 33
HO-68                60838.98780543 60838.99538107 5
HO-68                60839.06080365 60839.07424537 48
HO-68                60839.13576359 60839.14859266 36
HO-68                60839.21161069 60839.21939421 6
HO-68                60839.42660748 60839.43471348 7
HO-68                60839.49760933 60839.51050198 38
HO-68                60839.57213136 60839.58541401 44
HO-68                60839.65145022 60839.65811972 4
HO-68                60840.04906580 60840.06218352 36
HO-68                60840.12387178 60840.13707581 45
HO-68                60840.19954275 60840.20849918 9
HO-68                60840.41586211 60840.42259810 4
HO-68                60840.48614977 60840.49859883 30
HO-68                60840.56013329 60840.57365423 57
HO-68                60840.63826353 60840.64708708 8
HO-68                60841.03737314 60841.05001542 28
HO-68                60841.11199842 60841.12547640 58
HO-68                60841.18752382 60841.19748180 12
HO-68                60841.40526502 60841.41035552 2
HO-68                60841.47477351 60841.48667691 24
HO-68                60841.54822639 60841.56186354 74
HO-68                60841.62547289 60841.63575842 12
HO-68                60842.02573733 60842.03772576 21
HO-68                60842.10014453 60842.11379528 75
HO-68                60842.17553933 60842.18635690 16
HO-68                60842.46348656 60842.47473480 18
HO-68                60842.53640567 60842.55004679 87
HO-68                60842.61291592 60842.62427353 17
HO-68                60843.01417912 60843.02529039 15
HO-68                60843.08831155 60843.10203195 86
HO-68                60843.16358140 60843.17513357 20
HO-68                60843.45229387 60843.46276946 14
HO-68                60843.52466819 60843.53820738 68
HO-68                60843.60052995 60843.61268889 23
HO-68                60844.00274061 60844.01266863 10
HO-68                60844.07650238 60844.09018459 68
HO-68                60844.15164556 60844.16381782 26
HO-68                60844.22783123 60844.23367185 3
HO-68                60844.44120220 60844.45077555 11
HO-68                60844.51301254 60844.52634767 53
HO-68                60844.58828073 60844.60103421 30
HO-68                60844.99148056 60844.99978164 6
HO-68                60845.06472083 60845.07824964 52
HO-68                60845.13972934 60845.15241402 33
HO-68                60845.21564543 60845.22299161 5
HO-68                60845.43022223 60845.43874316 8
HO-68                60845.50143889 60845.51446914 41
HO-68                60845.57614737 60845.58932742 40
HO-68                60845.65599295 60845.66166353 3
HO-68                60845.98060184 60845.98642109 3
HO-68                60846.05297231 60846.06622135 40
HO-68                60846.12783159 60846.14092530 42
HO-68                60846.20355621 60846.21214294 8
HO-68                60846.41942303 60846.42665610 5
HO-68                60846.48995035 60846.50257231 33
HO-68                60846.56411638 60846.57757975 52
HO-68                60846.64260087 60846.65080795 6
HO-68                60847.04126178 60847.05409078 30
HO-68                60847.11595212 60847.12935360 53
AO-73                60833.03497114 60833.04039956 5
AO-73                60833.09969525 60833.10835457 78
AO-73                60833.16630260 60833.17270327 10
AO-73                60833.48564808 60833.48949350 3
AO-73                60833.54864610 60833.55683023 45
AO-73                60833.61539968 60833.62226602 13
AO-73                60834.03388518 60834.03917506 5
AO-73                60834.09854978 60834.10721997 75
AO-73                60834.16512331 60834.17163238 10
AO-73                60834.48461264 60834.48827371 2
AO-73                60834.54751010 60834.55567452 43
AO-73                60834.61419530 60834.62114512 13
AO-73                60835.03278674 60835.03792789 5
AO-73                60835.09738798 60835.10606720 71
AO-73                60835.16392781 60835.17054341 11
AO-73                60835.48356738 60835.48703092 2
AO-73                60835.54635786 60835.55450164 41
AO-73                60835.61297451 60835.62000674 14
AO-73                60836.03167639 60836.03665751 4
AO-73                60836.09620988 60836.10489618 68
AO-73                60836.16271647 60836.16943633 11
AO-73                60836.54518944 60836.55331155 39
AO-73                60836.61173740 60836.61885088 15
AO-73                60837.03055481 60837.03536298 4
AO-73                60837.09501553 60837.10370683 64
AO-73                60837.16148913 60837.16831108 12
AO-73                60837.54400489 60837.55210425 37
AO-73                60837.61048402 60837.61767752 15
AO-73                60838.02942284 60838.03404357 3
AO-73                60838.09380498 60838.10249909 61
AO-73                60838.16024578 60838.16716764 12
AO-73                60838.54280430 60838.55087970 36
AO-73                60838.60921437 60838.61648665 16
AO-73                60839.02828151 60839.03269813 3
AO-73                60839.09257827 60839.10127287 58
AO-73                60839.15898643 60839.16600596 13
AO-73                60839.54158779 60839.54963790 34
AO-73                60839.60792858 60839.61527828 17
AO-73                60840.02713227 60840.03132522 3
AO-73                60840.09133539 60840.10002808 55
AO-73                60840.15771110 60840.16482602 13
AO-73                60840.54035530 60840.54837879 33
AO-73                60840.60662685 60840.61405221 18
AO-73                60841.02597669 60841.02992289 2
AO-73                60841.09007661 60841.09876466 52
AO-73                60841.15641979 60841.16362776 14
AO-73                60841.53910700 60841.54710237 31
AO-73                60841.60530888 60841.61280879 19
AO-73                60842.02481743 60842.02848866 2
AO-73                60842.08880169 60842.09748251 50
AO-73                60842.15511250 60842.16241113 15
AO-73                60842.53784292 60842.54580859 30
AO-73                60842.60397488 60842.61154784 20
AO-73                60843.08751080 60843.09618154 47
AO-73                60843.15378925 60843.16117610 15
AO-73                60843.53656318 60843.54449743 28
AO-73                60843.60262492 60843.61026933 21
AO-73                60844.08620168 60844.09486168 45
AO-73                60844.15245003 60844.15992261 16
AO-73                60844.53526789 60844.54316884 27
AO-73                60844.60125905 60844.60897331 22
AO-73                60845.08487889 60845.09352283 42
AO-73                60845.15109485 60845.15865043 17
AO-73                60845.53395710 60845.54182278 26
AO-73                60845.59987731 60845.60765966 23
AO-73                60846.08354039 60846.09216490 40
AO-73                60846.14972371 60846.15735990 18
AO-73                60846.53263091 60846.54045921 25
AO-73                60846.59847977 60846.60632843 24
AO-73                60847.08218594 60847.09078780 38
AO-73                60847.14833663 60847.15605083 19
AO-73                60847.53128942 60847.53907808 24
AO-73                60847.59706648 60847.60497958 25
AO-73                60848.08081589 60848.08939141 36
AO-73                60848.14693359 60848.15472308 20
AO-73                60848.52993270 60848.53767933 22
AO-73                60848.59563749 60848.60361312 27
AO-73                60849.07943014 60849.08797565 34
AO-73                60849.14551460 60849.15337665 21
AO-73                60849.52856088 60849.53626292 21
AO-73                60849.59419287 60849.60222901 29
AO-73                60850.07802879 60850.08654041 33
AO-73                60850.14407966 60850.15201150 22
AO-73                60850.52717405 60850.53482874 20
AO-73                60850.59273266 60850.60082724 30
AO-73                60851.07661191 60851.08508559 31
AO-73                60851.14262877 60851.15062758 23
AO-73                60851.52577231 60851.53337680 20
AO-73                60851.59125692 60851.59940778 32
AO-73                60852.07517954 60852.08361107 29
AO-73                60852.14116194 60852.14922486 24
AO-73                60852.52435580 60852.53190701 19
AO-73                60852.58976572 60852.59797062 34
AO-73                60853.07373177 60853.08211674 28
AO-73                60853.13967915 60853.14780328 25
AO-73                60853.52292461 60853.53041948 18
AO-73                60853.58825911 60853.59651573 36
AO-73                60854.07226867 60854.08060249 26
AO-73                60854.13818042 60854.14636281 26
TITA                 60832.82981824 60832.83763958 32
TITA                 60832.89571161 60832.90293191 17
TITA                 60833.37663299 60833.38495794 42
TITA                 60833.44250544 60833.44967277 15
TITA                 60833.82330543 60833.83091700 25
TITA                 60833.88884705 60833.89638441 22
TITA                 60834.37001682 60834.37819814 32
TITA                 60834.43573103 60834.44324895 20
TITA                 60834.81681782 60834.82416595 19
TITA                 60834.88201609 60834.88979909 29
TITA                 60835.36341045 60835.37138720 25
TITA                 60835.42896519 60835.43677449 25
TITA                 60835.81035805 60835.81738391 15
TITA                 60835.87521475 60835.88317973 38
TITA                 60836.35681736 60836.36452136 20
TITA                 60836.42221169 60836.43025819 31
TITA                 60836.80392992 60836.81056787 12
TITA                 60836.86844014 60836.87652918 51
TITA                 60837.35024270 60837.35759540 15
TITA                 60837.41545734 60837.42368831 40
TITA                 60837.48250438 60837.48613525 2
TITA                 60837.79753890 60837.80371274 9
TITA                 60837.86169032 60837.86984942 69
TITA                 60837.92955471 60837.93391974 3
TITA                 60838.34369305 60838.35060140 12
TITA                 60838.40866288 60838.41706940 53
TITA                 60838.47540915 60838.48005867 4
TITA                 60838.79119358 60838.79681040 7
TITA                 60838.85491980 60838.86313880 86
TITA                 60838.92225696 60838.92759926 6
TITA                 60839.33717990 60839.34352760 9
TITA                 60839.40191660 60839.41040844 71
TITA                 60839.46840790 60839.47384356 6
TITA                 60839.78490856 60839.78984682 5
TITA                 60839.84821604 60839.85640432 65
TITA                 60839.91507971 60839.92115678 8
TITA                 60840.33072208 60840.33635394 6
TITA                 60840.39517441 60840.40370203 86
TITA                 60840.46145714 60840.46753362 8
TITA                 60840.77876508 60840.78279386 3
TITA                 60840.84153548 60840.84964323 48
TITA                 60840.90798068 60840.91463357 12
TITA                 60841.32435730 60841.32904141 4
TITA                 60841.38843688 60841.39694963 65
TITA                 60841.45453740 60841.46114846 11
TITA                 60841.83487742 60841.84285548 36
TITA                 60841.90093913 60841.90805015 15
TITA                 60842.38170502 60842.39015021 49
TITA                 60842.44763831 60842.45469911 14
TITA                 60842.82824344 60842.83604056 28
TITA                 60842.89394309 60842.90141792 20
TITA                 60843.37497743 60843.38330214 37
TITA                 60843.44075334 60843.44819204 18
TITA                 60843.82163474 60843.82919738 22
TITA                 60843.88698471 60843.89474464 26
TITA                 60844.36826121 60844.37640306 28
TITA                 60844.43387850 60844.44163187 22
TITA                 60844.81505358 60844.82232447 17
TITA                 60844.88005898 60844.88803499 34
TITA                 60845.36155716 60845.36944962 22
TITA                 60845.42701709 60845.43502791 28
TITA                 60845.80850309 60845.81541880 14
TITA                 60845.87316237 60845.88129246 45
TITA                 60846.35486993 60846.36243702 17
TITA                 60846.42015559 60846.42836871 36
TITA                 60846.80198794 60846.80847650 11
TITA                 60846.86629247 60846.87451946 61
TITA                 60846.93439300 60846.93841398 3
TITA                 60847.34820525 60847.35535870 13
TITA                 60847.41325433 60847.42165900 48
TITA                 60847.48009371 60847.48446236 4
TITA                 60847.79551504 60847.80149115 8
TITA                 60847.85940362 60847.86771450 83
TITA                 60847.92692004 60847.93205211 5
TITA                 60848.34157298 60848.34820410 10
TITA                 60848.40640183 60848.41490619 64
TITA                 60848.47296253 60848.47818369 5
TITA                 60848.78909557 60848.79445183 6
TITA                 60848.85258261 60848.86088509 73
TITA                 60848.91959509 60848.92554134 8
TITA                 60849.33498886 60849.34095664 7
TITA                 60849.39955367 60849.40810693 84
TITA                 60849.46589267 60849.47179820 8
TITA                 60849.78274983 60849.78733884 4
TITA                 60849.84578550 60849.85402856 54
TITA                 60849.91236096 60849.91893850 11
TITA                 60850.32848237 60850.33358550 5
TITA                 60850.39271029 60850.40126085 73
TITA                 60850.45885942 60850.46533129 10
TITA                 60850.77657719 60850.78010749 2
TITA                 60850.83901277 60850.84714504 41
TITA                 60850.90519144 60850.91226902 14
TITA                 60851.32212193 60851.32601963 2
TITA                 60851.38587264 60851.39436705 54
TITA                 60851.45184965 60851.45879596 13
TITA                 60851.83226418 60851.84023421 31
TITA                 60851.89807212 60851.90554684 19
TITA                 60852.37903934 60852.38742404 40
TITA                 60852.44485617 60852.45220016 17
NOAA-15              60832.66217988 60832.66975011 10
NOAA-15              60832.72927447 60832.73980817 71
NOAA-15              60832.79979567 60832.80851340 14
NOAA-15              60833.23915112 60833.24907636 26
NOAA-15              60833.30830776 60833.31857778 40
NOAA-15              60833.37890418 60833.38458828 5
NOAA-15              60833.64527613 60833.65107150 5
NOAA-15              60833.71137647 60833.72159645 41
NOAA-15              60833.78095576 60833.79071878 25
NOAA-15              60834.22133369 60834.23027199 15
NOAA-15              60834.29008855 60834.30069774 68
NOAA-15              60834.36017007 60834.36776385 10
NOAA-15              60834.69369223 60834.70330816 25
NOAA-15              60834.76241605 60834.77276381 43
NOAA-15              60834.83557052 60834.83986224 2
NOAA-15              60835.20377803 60835.21105387 8
NOAA-15              60835.27194469 60835.28260562 71
NOAA-15              60835.34168234 60835.35056392 17
NOAA-15              60835.67624134 60835.68493041 15
NOAA-15              60835.74412012 60835.75469930 75
NOAA-15              60835.81559921 60835.82291312 8
NOAA-15              60836.25388713 60836.26429280 41
NOAA-15              60836.32331330 60836.33309191 27
NOAA-15              60836.65906827 60836.66642681 9
NOAA-15              60836.72604281 60836.73654914 65
NOAA-15              60836.79638592 60836.80533733 16
NOAA-15              60837.23593665 60837.24573270 24
NOAA-15              60837.30503026 60837.31538756 44
NOAA-15              60837.37552149 60837.38160525 5
NOAA-15              60837.64228796 60837.64768941 4
NOAA-15              60837.70817704 60837.71832261 38
NOAA-15              60837.77760290 60837.78750680 27
NOAA-15              60838.21815187 60838.22686591 14
NOAA-15              60838.28682226 60838.29746798 75
NOAA-15              60838.35683641 60838.36469860 11
NOAA-15              60838.69052949 60838.70001838 23
NOAA-15              60838.75910662 60838.76952801 47
NOAA-15              60838.83187106 60838.83691486 3
NOAA-15              60839.20066298 60839.20754831 7
NOAA-15              60839.26869068 60839.27933588 65
NOAA-15              60839.33837226 60839.34744368 18
NOAA-15              60839.67312047 60839.68162087 14
NOAA-15              60839.74084801 60839.75144538 82
NOAA-15              60839.81210933 60839.81978199 9
NOAA-15              60840.25064600 60840.26097998 37
NOAA-15              60840.32001831 60840.32992621 29
NOAA-15              60840.65600124 60840.66308689 8
NOAA-15              60840.72280577 60840.73327951 59
NOAA-15              60840.79297792 60840.80214617 18
NOAA-15              60841.23271930 60841.24236943 22
NOAA-15              60841.30174717 60841.31218077 48
NOAA-15              60841.37210894 60841.37859692 6
NOAA-15              60841.63936587 60841.64428250 3
NOAA-15              60841.70497609 60841.71503822 35
NOAA-15              60841.77424893 60841.78428236 30
NOAA-15              60842.21497092 60842.22343592 12
NOAA-15              60842.28355046 60842.29422163 82
NOAA-15              60842.35350052 60842.36161299 12
NOAA-15              60842.68736480 60842.69671767 21
NOAA-15              60842.75579483 60842.76628092 52
NOAA-15              60842.82822604 60842.83390048 4
NOAA-15              60843.19756151 60843.20400535 5
NOAA-15              60843.26543146 60843.27604905 59
NOAA-15              60843.33505772 60843.34430536 20
NOAA-15              60843.66999926 60843.67829915 13
NOAA-15              60843.73757309 60843.74818075 89
NOAA-15              60843.80862821 60843.81662893 11
NOAA-15              60844.24740258 60844.25764892 34
NOAA-15              60844.31671800 60844.32674349 32
NOAA-15              60844.38766057 60844.39212425 3
NOAA-15              60844.65293778 60844.65973144 7
NOAA-15              60844.71956577 60844.72999953 53
NOAA-15              60844.78957166 60844.79894004 19
NOAA-15              60845.22949961 60845.23898577 20
NOAA-15              60845.29845850 60845.30895724 53
NOAA-15              60845.36873404 60845.37556019 7
NOAA-15              60845.63641214 60845.64084297 3
NOAA-15              60845.70177144 60845.71174310 32
NOAA-15              60845.77089389 60845.78104550 33
NOAA-15              60846.21179235 60846.21998048 11
NOAA-15              60846.28027315 60846.29095844 87
NOAA-15              60846.35016183 60846.35850767 13
NOAA-15              60846.68419854 60846.69340565 20
NOAA-15              60846.75248089 60846.76302269 58
NOAA-15              60846.82461705 60846.83083775 5
NOAA-15              60847.19447956 60847.20041858 4
NOAA-15              60847.26216725 60847.27274480 53
NOAA-15              60847.33173851 60847.34114917 21
NOAA-15              60847.66687848 60847.67496466 12
NOAA-15              60847.73429565 60847.74490522 83
NOAA-15              60847.80515424 60847.81345586 12
NOAA-15              60848.24415535 60848.25429925 31
NOAA-15              60848.31341230 60848.32354366 35
NOAA-15              60848.38420393 60848.38918098 3
NOAA-15              60848.64987908 60848.65635899 6
NOAA-15              60848.71632338 60848.72670875 49
NOAA-15              60848.78616652 60848.79571945 21
NOAA-15              60849.22627814 60849.23558092 18
NOAA-15              60849.29516412 60849.30571703 58
NOAA-18              60832.79795738 60832.80471039 7
NOAA-18              60832.86494956 60832.87566536 48
NOAA-18              60832.93534229 60832.94533831 23
NOAA-18              60833.37965393 60833.38930128 20
NOAA-18              60833.44921775 60833.45995537 55
NOAA-18              60833.52005964 60833.52723599 8
NOAA-18              60833.78972782 60833.79542056 4
NOAA-18              60833.85615894 60833.86664295 37
NOAA-18              60833.92611788 60833.93648796 30
NOAA-18              60834.37087403 60834.37994867 15
NOAA-18              60834.44022330 60834.45108105 71
NOAA-18              60834.51087494 60834.51883507 11
NOAA-18              60834.78173231 60834.78599201 2
NOAA-18              60834.84742187 60834.85760242 30
NOAA-18              60834.91695985 60834.92760457 39
NOAA-18              60835.36215669 60835.37049572 11
NOAA-18              60835.43124614 60835.44215524 87
NOAA-18              60835.50173169 60835.51035274 14
NOAA-18              60835.83873756 60835.84854238 23
NOAA-18              60835.90786222 60835.91869348 50
NOAA-18              60835.98106635 60835.98688018 4
NOAA-18              60836.35352851 60836.36091282 8
NOAA-18              60836.42228725 60836.43317718 69
NOAA-18              60836.49261971 60836.50179997 18
NOAA-18              60836.83011082 60836.83946078 19
NOAA-18              60836.89882085 60836.90975843 66
NOAA-18              60836.97125329 60836.97843469 7
NOAA-18              60837.34504476 60837.35114180 5
NOAA-18              60837.41334860 60837.42414530 53
NOAA-18              60837.48353289 60837.49318356 22
NOAA-18              60837.82154532 60837.83035411 15
NOAA-18              60837.88983297 60837.90080207 85
NOAA-18              60837.96164299 60837.96982742 10
NOAA-18              60838.40443261 60838.41505702 41
NOAA-18              60838.47446743 60838.48450840 28
NOAA-18              60838.81304761 60838.82121698 11
NOAA-18              60838.88089684 60838.89182621 76
NOAA-18              60838.95213622 60838.96112455 14
NOAA-18              60839.39553984 60839.40590845 31
NOAA-18              60839.46542095 60839.47577768 35
NOAA-18              60839.53676736 60839.54206127 4
NOAA-18              60839.80462771 60839.81204043 8
NOAA-18              60839.87201157 60839.88283201 59
NOAA-18              60839.94276397 60839.95235240 19
NOAA-18              60840.38668008 60840.39669400 24
NOAA-18              60840.45639208 60840.46699358 45
NOAA-18              60840.52741328 60840.53386641 6
NOAA-18              60840.79630191 60840.80280864 6
NOAA-18              60840.86317708 60840.87382000 45
NOAA-18              60840.93347696 60840.94353039 24
NOAA-18              60841.37785866 60841.38740550 19
NOAA-18              60841.44738018 60841.45815736 58
NOAA-18              60841.51817915 60841.52554040 8
NOAA-18              60841.78815463 60841.79349101 4
NOAA-18              60841.85439518 60841.86479016 35
NOAA-18              60841.92426307 60841.93466938 32
NOAA-18              60842.36908623 60842.37803075 14
NOAA-18              60842.43838528 60842.44926967 75
NOAA-18              60842.50900014 60842.51711886 11
NOAA-18              60842.84566444 60842.85574187 28
NOAA-18              60842.91511422 60842.92577654 41
NOAA-18              60843.36038075 60843.36855070 10
NOAA-18              60843.42940787 60843.44033034 84
NOAA-18              60843.49986006 60843.50861858 15
NOAA-18              60843.83698873 60843.84667372 22
NOAA-18              60843.90602483 60843.91685684 53
NOAA-18              60843.97905274 60843.98515801 5
NOAA-18              60844.35177261 60844.35893203 7
NOAA-18              60844.42044913 60844.43133846 66
NOAA-18              60844.49074979 60844.50004949 18
NOAA-18              60844.82837088 60844.83758340 18
NOAA-18              60844.89699108 60844.90791379 70
NOAA-18              60844.96928488 60844.97666904 8
NOAA-18              60845.34332744 60845.34910568 4
NOAA-18              60845.41151116 60845.42229226 50
NOAA-18              60845.48166381 60845.49141787 23
NOAA-18              60845.81981584 60845.82846689 14
NOAA-18              60845.88801040 60845.89894986 89
NOAA-18              60845.95970188 60845.96803564 11
NOAA-18              60846.40259430 60846.41318891 38
NOAA-18              60846.47259864 60846.48272822 29
NOAA-18              60846.54426720 60846.54845052 2
NOAA-18              60846.81133046 60846.81931826 11
NOAA-18              60846.87908125 60846.88996671 72
NOAA-18              60846.95021399 60846.95931432 15
NOAA-18              60847.39370574 60847.40402423 30
NOAA-18              60847.46355215 60847.47398347 37
NOAA-18              60847.53482481 60847.54040315 4
NOAA-18              60847.80292590 60847.81012736 8
NOAA-18              60847.87020289 60847.88096537 55
NOAA-18              60847.94085680 60847.95052762 20
NOAA-18              60848.38484949 60848.39479217 23
NOAA-18              60848.45452313 60848.46518564 48
NOAA-18              60848.52548998 60848.53217348 6
NOAA-18              60848.79462110 60848.80087583 5
NOAA-18              60848.86137543 60848.87194631 43
NOAA-18              60848.93158190 60848.94169374 26
NOAA-18              60849.37603352 60849.38548390 18
NOAA-18              60849.44551107 60849.45633585 62
NOAA-19              60832.80093706 60832.81086445 26
NOAA-19              60832.87024160 60832.88094735 45
NOAA-19              60832.94386486 60832.94882538 3
NOAA-19              60833.31572185 60833.32363638 9
NOAA-19              60833.38462024 60833.39565857 76
NOAA-19              60833.45499160 60833.46414089 17
NOAA-19              60833.79243422 60833.80195602 21
NOAA-19              60833.86133215 60833.87218325 59
NOAA-19              60833.93407902 60833.94065623 6
NOAA-19              60834.30732000 60834.31412290 6
NOAA-19              60834.37583237 60834.38680755 59
NOAA-19              60834.44605962 60834.45569973 21
NOAA-19              60834.78398864 60834.79302520 16
NOAA-19              60834.85247571 60834.86339726 76
NOAA-19              60834.92455135 60834.93226958 9
NOAA-19              60835.29912585 60835.30436337 3
NOAA-19              60835.36706532 60835.37790252 45
NOAA-19              60835.43714895 60835.44720019 26
NOAA-19              60835.77560537 60835.78406819 13
NOAA-19              60835.84367015 60835.85459152 84
NOAA-19              60835.91514971 60835.92376595 12
NOAA-19              60836.35831959 60836.36894030 35
NOAA-19              60836.42825703 60836.43864560 33
NOAA-19              60836.49967397 60836.50473449 3
NOAA-19              60836.76729155 60836.77507828 10
NOAA-19              60836.83491422 60836.84576746 66
NOAA-19              60836.90589142 60836.91518198 17
NOAA-19              60837.34960327 60837.35991629 27
NOAA-19              60837.41938231 60837.43003829 42
NOAA-19              60837.49045958 60837.49673057 5
NOAA-19              60837.75905928 60837.76604447 7
NOAA-19              60837.82620736 60837.83692593 51
NOAA-19              60837.89672405 60837.90654185 22
NOAA-19              60838.34092061 60838.35082391 21
NOAA-19              60838.41052398 60838.42137975 53
NOAA-19              60838.48137257 60838.48858782 8
NOAA-19              60838.75092893 60838.75694694 5
NOAA-19              60838.81754995 60838.82806717 40
NOAA-19              60838.88763312 60838.89785879 28
NOAA-19              60839.33228001 60839.34165352 16
NOAA-19              60839.40168185 60839.41267079 68
NOAA-19              60839.47234422 60839.48034648 10
NOAA-19              60839.74299718 60839.74774326 3
NOAA-19              60839.80894398 60839.81919128 32
NOAA-19              60839.87860909 60839.88914120 36
NOAA-19              60840.32369519 60840.33239043 12
NOAA-19              60840.39285627 60840.40391153 86
NOAA-19              60840.46335652 60840.47202502 13
NOAA-19              60840.80038844 60840.81029686 25
NOAA-19              60840.86964544 60840.88039517 46
NOAA-19              60840.94313713 60840.94836928 3
NOAA-19              60841.31518735 60841.32301099 9
NOAA-19              60841.38404811 60841.39510142 74
NOAA-19              60841.45439947 60841.46363416 17
NOAA-19              60841.79188724 60841.80138268 20
NOAA-19              60841.86073764 60841.87162455 61
NOAA-19              60841.93339074 60841.94015707 6
NOAA-19              60842.30679792 60842.31347118 6
NOAA-19              60842.37525888 60842.38623914 57
NOAA-19              60842.44546704 60842.45518058 22
NOAA-19              60842.78344364 60842.79244583 16
NOAA-19              60842.85188260 60842.86283234 78
NOAA-19              60842.92388214 60842.93174720 9
NOAA-19              60843.29863322 60843.30366774 3
NOAA-19              60843.36649084 60843.37732249 44
NOAA-19              60843.43655544 60843.44666911 27
NOAA-19              60843.77506280 60843.78348232 12
NOAA-19              60843.84307828 60843.85402060 82
NOAA-19              60843.91449182 60843.92322796 13
NOAA-19              60844.35774439 60844.36834814 34
NOAA-19              60844.42766227 60844.43810289 34
NOAA-19              60844.49902728 60844.50427839 4
NOAA-19              60844.76675270 60844.77448519 9
NOAA-19              60844.83432356 60844.84519070 64
NOAA-19              60844.90524133 60844.91463186 17
NOAA-19              60845.34902805 60845.35931126 27
NOAA-19              60845.41878611 60845.42948417 43
NOAA-19              60845.48982634 60845.49624720 6
NOAA-19              60845.75852546 60845.76544292 7
NOAA-19              60845.82561791 60845.83634341 50
NOAA-19              60845.89607955 60845.90598169 22
NOAA-19              60846.34034622 60846.35020504 21
NOAA-19              60846.40992625 60846.42081432 55
NOAA-19              60846.48074599 60846.48808468 8
NOAA-19              60846.75040256 60846.75633446 5
NOAA-19              60846.81696193 60846.82747890 39
NOAA-19              60846.88699281 60846.89728983 29
NOAA-19              60847.33170773 60847.34101931 16
NOAA-19              60847.40108253 60847.41209406 70
NOAA-19              60847.47172076 60847.47982692 11
NOAA-19              60847.74248518 60847.74711366 3
NOAA-19              60847.80835740 60847.81859721 31
NOAA-19              60847.87797205 60847.88856461 37
NOAA-19              60848.32312708 60848.33173854 12
NOAA-19              60848.39225549 60848.40332343 88
NOAA-19              60848.46273432 60848.47149086 14
NOAA-19              60848.79980371 60848.80969692 25
NOAA-19              60848.86901103 60848.87981118 48
NOAA-19              60848.94237293 60848.94787900 4
METOA                60832.84365842 60832.85054456 8
METOA                60832.90847058 60832.91855663 63
METOA                60832.97654350 60832.98520063 16
METOA                60833.40363716 60833.41003553 9
METOA                60833.46998906 60833.47854891 64
METOA                60833.53811445 60833.54351612 6
METOA                60833.86072971 60833.86895316 15
METOA                60833.92644488 60833.93658411 74
METOA                60833.99562963 60834.00265431 8
METOA                60834.42122144 60834.42881615 18
METOA                60834.48815401 60834.49632256 33
METOA                60834.87808584 60834.88721749 24
METOA                60834.94463640 60834.95451759 41
METOA                60835.43901782 60835.44724666 34
METOA                60835.50636809 60835.51385056 18
METOA                60835.83171949 60835.83691400 4
METOA                60835.89567606 60835.90538015 41
METOA                60835.96307197 60835.97233148 24
METOA                60836.39126343 60836.39586083 4
METOA                60836.45694984 60836.46541105 68
METOA                60836.52472171 60836.53110843 10
METOA                60836.84845814 60836.85551971 9
METOA                60836.91348174 60836.92345579 71
METOA                60836.98184823 60836.98996716 13
METOA                60837.40849063 60837.41508336 10
METOA                60837.47498266 60837.48334100 54
METOA                60837.54331861 60837.54797355 4
METOA                60837.86558541 60837.87388136 16
METOA                60837.93149886 60837.94144404 63
METOA                60838.00104773 60838.00728268 6
METOA                60838.42611124 60838.43376570 20
METOA                60838.49315555 60838.50104550 28
METOA                60838.88298623 60838.89210788 27
METOA                60838.94973966 60838.95933160 35
METOA                60839.44392311 60839.45212090 39
METOA                60839.51138626 60839.51849495 15
METOA                60839.83641636 60839.84187172 5
METOA                60839.90061686 60839.91023512 46
METOA                60839.96823844 60839.97708627 20
METOA                60840.39595146 60840.40101206 5
METOA                60840.46186300 60840.47021799 79
METOA                60840.52977846 60840.53565096 8
METOA                60840.85323242 60840.86041035 10
METOA                60840.91846254 60840.92827435 79
METOA                60840.98710927 60840.99463238 11
METOA                60841.41327513 60841.42007436 12
METOA                60841.47990230 60841.48808222 45
METOA                60841.54849851 60841.55232807 3
METOA                60841.87041045 60841.87872948 18
METOA                60841.93652289 60841.94622226 53
METOA                60842.00650874 60842.01175625 4
METOA                60842.43092753 60842.43866461 23
METOA                60842.49808366 60842.50571736 24
METOA                60842.88785321 60842.89692006 29
METOA                60842.95481481 60842.96406130 30
METOA                60843.44875375 60843.45694695 46
METOA                60843.51633321 60843.52308634 13
METOA                60843.84109032 60843.84674145 5
METOA                60843.90552268 60843.91501257 52
METOA                60843.97341897 60843.98174814 17
METOA                60844.40058640 60844.40609233 6
METOA                60844.46670094 60844.47497820 79
METOA                60844.53477243 60844.54013222 6
METOA                60844.85797353 60844.86522249 11
METOA                60844.92344844 60844.93301310 80
METOA                60844.99236500 60844.99918850 8
METOA                60845.41798920 60845.42501414 14
METOA                60845.48478964 60845.49278040 38
METOA                60845.87519827 60845.88350218 19
METOA                60845.94151153 60845.95092154 45
METOA                60846.01207236 60846.01602360 2
METOA                60846.43567029 60846.44351719 27
METOA                60846.50293125 60846.51033683 20
METOA                60846.89268076 60846.90165818 33
METOA                60846.95989516 60846.96870651 25
METOA                60847.45351155 60847.46172901 56
METOA                60847.52120755 60847.52762969 11
METOA                60847.84573063 60847.85153260 6
METOA                60847.91038775 60847.91971641 58
METOA                60847.97853675 60847.98632173 14
METOA                60848.40516445 60848.41111015 8
METOA                60848.47146349 60848.47969567 68
METOA                60848.53970329 60848.54455578 5
METOA                60848.86267391 60848.86996220 12
METOA                60848.92835822 60848.93768575 71
METOA                60848.99762229 60849.00362687 6
METOA                60849.42263338 60849.42990664 16
METOA                60849.48955778 60849.49743363 33
METOA                60849.87994242 60849.88820460 21
METOA                60849.94649875 60849.95554323 38
METOA                60850.44034009 60850.44832672 32
METOA                60850.50770946 60850.51492038 17
METOA                60850.83392677 60850.83747422 2
METOA                60850.89746282 60850.90632699 36
METOA                60850.96489933 60850.97327456 21
METOA                60851.39261220 60851.39678780 3
METOA                60851.45819308 60851.46647001 68
METOA                60851.52600832 60851.53212946 9
METOA                60851.85032810 60851.85625377 7
METOB                60832.72952004 60832.73605031 6
METOB                60832.79616808 60832.80667223 48
METOB                60832.86622170 60832.87596932 22
METOB                60833.30804383 60833.31749430 19
METOB                60833.37721455 60833.38784833 57
METOB                60833.44768570 60833.45483486 8
METOB                60833.71646489 60833.72104010 3
METOB                60833.78207010 60833.79217723 32
METOB                60833.85143229 60833.86174911 34
METOB                60834.29399096 60834.30240835 12
METOB                60834.36278439 60834.37356132 85
METOB                60834.43295827 60834.44129103 13
METOB                60834.76810998 60834.77763279 22
METOB                60834.83680679 60834.84745100 52
METOB                60834.90951174 60834.91534386 4
METOB                60835.28015674 60835.28700306 6
METOB                60835.34840268 60835.35914062 63
METOB                60835.41832430 60835.42755456 19
METOB                60835.75430188 60835.76302946 15
METOB                60835.82232640 60835.83309200 80
METOB                60835.89390348 60835.90167218 9
METOB                60836.33407685 60836.34457956 41
METOB                60836.40375551 60836.41365717 27
METOB                60836.74066956 60836.74834704 10
METOB                60836.80798144 60836.81868161 68
METOB                60836.87866492 60836.88770058 16
METOB                60837.31981652 60837.32986355 27
METOB                60837.38923883 60837.39961566 40
METOB                60837.46007929 60837.46587640 5
METOB                60837.72726300 60837.73353917 6
METOB                60837.79376857 60837.80422430 45
METOB                60837.86371000 60837.87356787 24
METOB                60838.30565071 60838.31496635 18
METOB                60838.37476868 60838.38543867 61
METOB                60838.44518734 60838.45254888 9
METOB                60838.71427946 60838.71846571 2
METOB                60838.77969045 60838.78972065 30
METOB                60838.84894677 60838.85933241 36
METOB                60839.29162279 60839.29983727 11
METOB                60839.36034458 60839.37112928 87
METOB                60839.43047644 60839.43896986 13
METOB                60839.76575166 60839.77516643 21
METOB                60839.83434368 60839.84502241 56
METOB                60839.90683910 60839.91305340 5
METOB                60840.27783801 60840.28436274 6
METOB                60840.34596975 60840.35668551 59
METOB                60840.41585282 60840.42520487 20
METOB                60840.75196802 60840.76055105 14
METOB                60840.81988369 60840.83065344 85
METOB                60840.89131221 60840.89931399 10
METOB                60841.33165013 60841.34209953 38
METOB                60841.40129157 60841.41128237 29
METOB                60841.73836545 60841.74585172 9
METOB                60841.80555824 60841.81623408 64
METOB                60841.87611803 60841.88531006 17
METOB                60842.31740318 60842.32735568 25
METOB                60842.38678116 60842.39721749 43
METOB                60842.45751397 60842.46362798 5
METOB                60842.72500136 60842.73101481 5
METOB                60842.79136482 60842.80176818 42
METOB                60842.86119514 60842.87115682 26
METOB                60843.30325398 60843.31242460 16
METOB                60843.37231702 60843.38301799 65
METOB                60843.44268527 60843.45024950 9
METOB                60843.77730690 60843.78725555 28
METOB                60843.84645745 60843.85690668 39
METOB                60844.28925349 60844.29724960 10
METOB                60844.35789891 60844.36868608 83
METOB                60844.42798954 60844.43663663 14
METOB                60844.76339025 60844.77269127 19
METOB                60844.83187647 60844.84258516 60
METOB                60844.90417636 60844.91074066 6
METOB                60845.27552596 60845.28169761 5
METOB                60845.34353116 60845.35421897 55
METOB                60845.41337569 60845.42284373 21
METOB                60845.74963144 60845.75806326 13
METOB                60845.81743676 60845.82820638 89
METOB                60845.88872165 60845.89694266 11
METOB                60846.32922022 60846.33960778 36
METOB                60846.39882173 60846.40889638 31
METOB                60846.47006784 60846.47442569 2
METOB                60846.73606003 60846.74334578 8
METOB                60846.80313079 60846.81377812 59
METOB                60846.87356935 60846.88290869 18
METOB                60847.31498524 60847.32483507 23
METOB                60847.38431749 60847.39480821 46
METOB                60847.45498218 60847.46136018 6
METOB                60847.72274213 60847.72847612 4
METOB                60847.78895706 60847.79930357 39
METOB                60847.85867714 60847.86873621 27
METOB                60848.30085373 60848.30986843 15
METOB                60848.36985919 60848.38058621 69
METOB                60848.44017920 60848.44793695 10
METOB                60848.77491963 60848.78478183 27
METOB                60848.84396440 60848.85447193 42
METOB                60848.91752329 60848.92175193 2
METOB                60849.28688383 60849.29464455 9
METOB                60849.35544737 60849.36623163 78
METOB                60849.42549748 60849.43429136 15
