iss                  60832.88269094 60832.88915616 14
iss                  60832.94952563 60832.95628314 18
iss                  60833.36511603 60833.37139195 12
iss                  60833.43175531 60833.43869950 20
iss                  60833.84902243 60833.85388546 5
iss                  60833.91477753 60833.92214104 42
iss                  60834.33148084 60834.33598787 4
iss                  60834.39705733 60834.40450411 51
iss                  60834.88027689 60834.88773171 66
iss                  60834.94910245 60834.95293871 3
iss                  60835.36259315 60835.37003821 55
iss                  60835.43110996 60835.43547126 4
iss                  60835.84600355 60835.85305342 25
iss                  60835.91350839 60835.91949188 10
iss                  60836.32835087 60836.33529200 21
iss                  60836.39565699 60836.40190251 12
iss                  60836.81196063 60836.81803661 11
iss                  60836.87846603 60836.88549066 23
iss                  60837.29434319 60837.30018300 9
iss                  60837.36068190 60837.36784200 27
iss                  60837.77843960 60837.78243140 3
iss                  60837.84372663 60837.85117985 60
iss                  60838.26093398 60838.26439249 2
iss                  60838.32598790 60838.33347731 74
iss                  60838.80922281 60838.81660583 46
iss                  60838.87752574 60838.88229293 5
iss                  60839.29151915 60839.29884299 38
iss                  60839.35956735 60839.36471706 6
iss                  60839.77495512 60839.78174689 19
iss                  60839.84209477 60839.84852243 13
iss                  60840.25725051 60840.26390791 16
iss                  60840.32423735 60840.33086339 15
iss                  60840.74095531 60840.74649667 8
iss                  60840.80708945 60840.81432741 31
iss                  60841.22333278 60841.22854749 6
iss                  60841.28929165 60841.29661314 37
iss                  60841.77235673 60841.77984716 87
iss                  60842.25460065 60842.26207737 77
iss                  60842.73785511 60842.74510070 33
iss                  60842.80570163 60842.81120084 7
iss                  60843.22013350 60843.22726596 28
iss                  60843.28775794 60843.29353986 9
iss                  60843.70356985 60843.71004250 14
iss                  60843.77037385 60843.77717194 18
iss                  60844.18591916 60844.19212312 12
iss                  60844.25251097 60844.25944543 21
iss                  60844.66969769 60844.67450783 5
iss                  60844.73539758 60844.74279107 44
iss                  60845.15208995 60845.15644127 4
iss                  60845.21758582 60845.22501081 53
iss                  60845.70067236 60845.70813797 63
iss                  60845.76939326 60845.77341535 3
iss                  60846.18289967 60846.19029943 51
iss                  60846.25132443 60846.25578743 4
iss                  60846.66618104 60846.67320827 24
iss                  60846.73360298 60846.73969534 11
iss                  60847.14844356 60847.15529819 20
iss                  60847.21566452 60847.22195980 12
iss                  60847.63193209 60847.63792486 10
iss                  60847.69834698 60847.70544128 24
iss                  60848.11423808 60848.11991383 8
iss                  60848.18047482 60848.18764882 29
iss                  60848.59825734 60848.60199809 3
iss                  60848.66339317 60848.67087795 66
iss                  60849.14556720 60849.15303139 81
iss                  60849.62867889 60849.63604601 42
iss                  60849.69682769 60849.70184709 6
iss                  60850.11089007 60850.11813714 35
iss                  60850.17879542 60850.18411581 7
iss                  60850.59421062 60850.60091701 17
iss                  60850.66121782 60850.66779031 15
iss                  60851.07642327 60851.08292682 15
iss                  60851.14327771 60851.14998629 17
iss                  60851.56003469 60851.56536578 7
iss                  60851.62601416 60851.63332933 35
iss                  60852.04234612 60852.04724926 5
iss                  60852.10813147 60852.11547212 42
iss                  60852.59108047 60852.59858345 81
iss                  60853.07323963 60853.08067022 66
iss                  60853.14202331 60853.14578558 3
iss                  60853.55638347 60853.56356329 29
iss                  60853.62403639 60853.62981422 9
iss                  60854.03857893 60854.04558207 24
iss                  60854.10601876 60854.11200388 10
iss                  60854.52191733 60854.52820980 12
iss                  60854.58853975 60854.59549232 21
iss                  60855.00415359 60855.01013502 10
iss                  60855.07059517 60855.07762362 24
iss                  60855.48792987 60855.49231076 4
iss                  60855.55337722 60855.56083412 53
iss                  60855.97028090 60855.97405102 3
iss                  60856.03548175 60856.04291302 65
iss                  60856.51846459 60856.52590156 51
iss                  60856.58686892 60856.59144642 4
iss                  60857.00060769 60857.00792094 42
iss                  60857.06874985 60857.07364897 5
iss                  60857.48379581 60857.49067831 20
iss                  60857.55098553 60857.55735620 13
iss                  60857.96594297 60857.97262089 17
AO-07                60832.91077448 60832.92498746 31
AO-07                60833.27792470 60833.28396406 3
AO-07                60833.35108354 60833.36631163 62
AO-07                60833.43055842 60833.44290875 17
AO-07                60833.79333892 60833.80352225 9
AO-07                60833.86865898 60833.88413659 89
AO-07                60833.94921137 60833.95936914 9
AO-07                60834.31081335 60834.32371303 20
AO-07                60834.38772553 60834.40283327 54
AO-07                60834.82777794 60834.84202620 31
AO-07                60834.90569793 60834.92021933 36
AO-07                60835.34622309 60835.36132522 54
AO-07                60835.42537301 60835.43827054 20
AO-07                60835.78895724 60835.79811463 7
AO-07                60835.86374292 60835.87920117 81
AO-07                60835.94389898 60835.95490297 11
AO-07                60836.30617625 60836.31854235 17
AO-07                60836.38273367 60836.39797286 62
AO-07                60836.46527908 60836.47115136 2
AO-07                60836.82303444 60836.83693301 27
AO-07                60836.90065539 60836.91542630 41
AO-07                60837.34138200 60837.35632159 47
AO-07                60837.42022061 60837.43359404 23
AO-07                60837.78469724 60837.79259471 5
AO-07                60837.85884454 60837.87424821 71
AO-07                60837.93864320 60837.95037077 14
AO-07                60838.30158378 60838.31333548 14
AO-07                60838.37775978 60838.39309389 70
AO-07                60838.45952336 60838.46713057 4
AO-07                60838.81832073 60838.83181469 23
AO-07                60838.89563215 60838.91061036 47
AO-07                60839.33656226 60839.35129994 41
AO-07                60839.41509709 60839.42888372 27
AO-07                60839.78063116 60839.78688861 3
AO-07                60839.85396438 60839.86927768 63
AO-07                60839.93343249 60839.94578470 17
AO-07                60840.29704425 60840.30808486 11
AO-07                60840.37280359 60840.38819713 80
AO-07                60840.45397701 60840.46289450 6
AO-07                60840.81364058 60840.82666804 20
AO-07                60840.89062727 60840.90577260 53
AO-07                60841.33176549 60841.34625963 36
AO-07                60841.40999934 60841.42414366 31
AO-07                60841.84910369 60841.86428938 55
AO-07                60841.92825909 60841.94115337 19
AO-07                60842.29256966 60842.30277960 9
AO-07                60842.36786530 60842.38328310 89
AO-07                60842.44855220 60842.45852875 9
AO-07                60842.80899826 60842.82148937 17
AO-07                60842.88564011 60842.90091459 61
AO-07                60842.96808217 60842.97396575 2
AO-07                60843.32699352 60843.34119933 31
AO-07                60843.40492502 60843.41937674 35
AO-07                60843.84426175 60843.85928289 48
AO-07                60843.92311747 60843.93648316 23
AO-07                60844.28817781 60844.29740214 7
AO-07                60844.36294464 60844.37835219 81
AO-07                60844.44321028 60844.45407181 11
AO-07                60844.80439280 60844.81627326 14
AO-07                60844.88067023 60844.89603719 69
AO-07                60844.96235617 60844.96994516 4
AO-07                60845.32224843 60845.33611750 27
AO-07                60845.39987236 60845.41458527 40
AO-07                60845.83944072 60845.85425759 42
AO-07                60845.91800363 60845.93177844 26
AO-07                60846.28389946 60846.29192229 5
AO-07                60846.35804219 60846.37340458 72
AO-07                60846.43793011 60846.44954555 13
AO-07                60846.79984768 60846.81101213 12
AO-07                60846.87571737 60846.89114115 78
AO-07                60846.95683226 60846.96571405 6
AO-07                60847.31753352 60847.33101213 24
AO-07                60847.39484000 60847.40977134 46
AO-07                60847.83464219 60847.84921258 37
AO-07                60847.91291456 60847.92704326 30
AO-07                60848.27979674 60848.28627722 3
AO-07                60848.35315848 60848.36844029 63
AO-07                60848.43269869 60848.44496359 16
AO-07                60848.79536591 60848.80569477 9
AO-07                60848.87078173 60848.88622704 88
AO-07                60848.95142611 60848.96135484 9
AO-07                60849.31284475 60849.32588020 20
AO-07                60849.38982694 60849.40493625 53
AO-07                60849.82986762 60849.84414664 32
AO-07                60849.90784798 60849.92228048 35
AO-07                60850.34829509 60850.36345914 56
AO-07                60850.42750735 60850.44033534 19
AO-07                60850.79096659 60850.80030362 7
AO-07                60850.86586301 60850.88129522 83
AO-07                60850.94610027 60850.95690485 11
AO-07                60851.30820009 60851.32071835 17
AO-07                60851.38483248 60851.40008141 60
AO-07                60851.46755937 60851.47305904 2
AO-07                60851.82511938 60851.83905817 28
AO-07                60851.90280215 60851.91749238 40
AO-07                60852.34345061 60852.35846074 49
AO-07                60852.42235004 60852.43566741 22
AO-07                60852.78668077 60852.79480818 5
AO-07                60852.86096180 60852.87634590 73
LO-19                60832.86927573 60832.87959246 69
LO-19                60832.94000844 60832.94616380 6
LO-19                60833.32537792 60833.33314667 11
LO-19                60833.39293496 60833.40297553 43
LO-19                60833.84682102 60833.85644998 27
LO-19                60833.91584768 60833.92484922 18
LO-19                60834.37002727 60834.38031673 74
LO-19                60834.44105806 60834.44670552 5
LO-19                60834.82504595 60834.83269764 10
LO-19                60834.89249813 60834.90267415 46
LO-19                60835.34758327 60835.35721008 28
LO-19                60835.41673776 60835.42550059 17
LO-19                60835.86962448 60835.87998798 69
LO-19                60835.94039413 60835.94655708 6
LO-19                60836.32576753 60836.33353035 11
LO-19                60836.39332562 60836.40335850 42
LO-19                60836.84720555 60836.85684269 27
LO-19                60836.91623277 60836.92524085 19
LO-19                60837.37041592 60837.38069898 74
LO-19                60837.44145056 60837.44708378 5
LO-19                60837.82542845 60837.83309014 10
LO-19                60837.89288215 60837.90306457 46
LO-19                60838.34797008 60838.35759139 28
LO-19                60838.41712605 60838.42588049 17
LO-19                60838.87000735 60838.88037725 69
LO-19                60838.94077658 60838.94694634 6
LO-19                60839.32615265 60839.33391051 11
LO-19                60839.39371161 60839.40373808 42
LO-19                60839.84758710 60839.85723098 27
LO-19                60839.91661464 60839.92562836 19
LO-19                60840.37079997 60840.38107781 74
LO-19                60840.44183770 60840.44745933 4
LO-19                60840.82580824 60840.83347794 10
LO-19                60840.89326301 60840.90345076 46
LO-19                60841.34835233 60841.35796928 28
LO-19                60841.41750948 60841.42625722 17
LO-19                60841.87038695 60841.88076218 69
LO-19                60841.94115588 60841.94733145 6
LO-19                60842.32653323 60842.33428728 11
LO-19                60842.39409289 60842.40411436 42
LO-19                60842.84796569 60842.85761477 27
LO-19                60842.91699334 60842.92601165 19
LO-19                60843.37117940 60843.38145331 74
LO-19                60843.44221940 60843.44783230 4
LO-19                60843.82618534 60843.83386092 10
LO-19                60843.89364076 60843.90383262 46
LO-19                60844.34873002 60844.35834384 28
LO-19                60844.41788801 60844.42663088 17
LO-19                60844.87076370 60844.88114267 69
LO-19                60844.94153208 60844.94771228 6
LO-19                60845.32690927 60845.33466074 11
LO-19                60845.39446943 60845.40448745 42
LO-19                60845.84834135 60845.85799397 27
LO-19                60845.91736891 60845.92639062 19
LO-19                60846.37155418 60846.38182556 74
LO-19                60846.44259560 60846.44820281 4
LO-19                60846.82655979 60846.83423900 10
LO-19                60846.89401531 60846.90421007 46
LO-19                60847.34910313 60847.35871513 28
LO-19                60847.41826163 60847.42700154 17
LO-19                60847.87113739 60847.88151864 69
LO-19                60847.94190521 60847.94808871 6
LO-19                60848.32728077 60848.33503098 11
LO-19                60848.39484125 60848.40485741 42
LO-19                60848.84871407 60848.85836848 27
LO-19                60848.91774136 60848.92676519 19
LO-19                60849.37192434 60849.38219464 74
LO-19                60849.44296630 60849.44857096 4
LO-19                60849.82693158 60849.83461209 10
LO-19                60849.89438700 60849.90458304 46
LO-19                60850.34947168 60850.35908323 28
LO-19                60850.41863035 60850.42736928 17
LO-19                60850.87150802 60850.88189002 69
LO-19                60850.94227528 60850.94846067 6
LO-19                60851.32764773 60851.33539807 11
LO-19                60851.39520835 60851.40522431 42
LO-19                60851.84908385 60851.85873827 27
LO-19                60851.91811066 60851.92713549 19
LO-19                60852.37228989 60852.38256058 74
LO-19                60852.44333150 60852.44893682 4
LO-19                60852.82730068 60852.83498014 10
LO-19                60852.89475543 60852.90495146 46
LO-19                60853.34983571 60853.35944818 28
LO-19                60853.41899418 60853.42773415 17
LO-19                60853.87187555 60853.88225677 69
LO-19                60853.94264228 60853.94882810 6
LO-19                60854.32801022 60854.33576202 11
LO-19                60854.39557077 60854.40558818 42
LO-19                60854.84945063 60854.85910328 27
LO-19                60854.91847680 60854.92750107 19
LO-19                60855.37265088 60855.38292344 74
LO-19                60855.44369125 60855.44930044 4
LO-19                60855.82766704 60855.83534312 10
LO-19                60855.89512058 60855.90531530 46
LO-19                60856.35019526 60856.35981001 28
LO-19                60856.41935320 60856.42809619 17
LO-19                60856.87223994 60856.88261886 69
LO-19                60856.94300615 60856.94919096 6
LO-19                60857.32836829 60857.33612287 11
FO-29                60832.97880640 60832.98491384 3
FO-29                60833.04717110 60833.06150552 61
FO-29                60833.12114728 60833.13293897 17
FO-29                60833.52974468 60833.53919318 22
FO-29                60833.60262486 60833.61193990 20
FO-29                60834.01007661 60834.02232200 20
FO-29                60834.08177444 60834.09597639 52
FO-29                60834.56372757 60834.57431582 85
FO-29                60835.04357306 60835.05778514 56
FO-29                60835.11735710 60835.12942459 19
FO-29                60835.52610377 60835.53538308 19
FO-29                60835.59877572 60835.60834128 23
FO-29                60836.00661053 60836.01848807 18
FO-29                60836.07809940 60836.09233007 57
FO-29                60836.15524104 60836.16037282 2
FO-29                60836.55998018 60836.57060988 76
FO-29                60836.63558464 60836.64046528 3
FO-29                60837.03998953 60837.05404894 51
FO-29                60837.11358684 60837.12588641 20
FO-29                60837.52246692 60837.53157123 17
FO-29                60837.59492977 60837.60474001 26
FO-29                60838.00316828 60838.01463033 16
FO-29                60838.07443801 60838.08866753 61
FO-29                60838.15106880 60838.15726557 3
FO-29                60838.55623352 60838.56690521 67
FO-29                60838.63144305 60838.63717617 4
FO-29                60839.03642039 60839.05029660 47
FO-29                60839.10983478 60839.12232582 22
FO-29                60839.51883552 60839.52775756 15
FO-29                60839.59108707 60839.60113678 30
FO-29                60839.99975165 60840.01074659 14
FO-29                60840.07078967 60840.08498905 66
FO-29                60840.14701032 60840.15404019 4
FO-29                60840.55248782 60840.56320211 60
FO-29                60840.62736058 60840.63382836 6
FO-29                60841.03286592 60841.04652794 42
FO-29                60841.10609939 60841.11874406 24
FO-29                60841.51521061 60841.52394112 14
FO-29                60841.58724776 60841.59753212 34
FO-29                60841.99636298 60842.00683406 12
FO-29                60842.06715407 60842.08129491 71
FO-29                60842.14302638 60842.15073458 5
FO-29                60842.54874377 60842.55950058 53
FO-29                60842.62331885 60842.63044095 8
FO-29                60843.02932561 60843.04274273 39
FO-29                60843.10237926 60843.11514218 26
FO-29                60843.51159395 60843.52012109 12
FO-29                60843.58341211 60843.59392642 39
FO-29                60843.99300578 60844.00288905 11
FO-29                60844.06353011 60844.07758561 75
FO-29                60844.13909629 60844.14736833 6
FO-29                60844.54500212 60844.55580046 47
FO-29                60844.61928047 60844.62702737 9
FO-29                60845.02579958 60845.03894071 35
FO-29                60845.09867308 60845.11152153 28
FO-29                60845.50798738 60845.51629634 11
FO-29                60845.57958044 60845.59031999 44
FO-29                60845.98968438 60845.99890634 9
FO-29                60846.05991739 60846.07386101 78
FO-29                60846.13520781 60846.14395339 7
FO-29                60846.54126369 60846.55210151 42
FO-29                60846.61529263 60846.62358936 11
FO-29                60847.02228781 60847.03512159 31
FO-29                60847.09497961 60847.10788262 31
FO-29                60847.50439303 60847.51246538 10
FO-29                60847.57575315 60847.58671286 50
FO-29                60847.98640645 60847.99487838 7
FO-29                60848.05631529 60848.07012183 78
FO-29                60848.13135265 60848.14049766 8
FO-29                60848.53752936 60848.54840340 38
FO-29                60848.61132519 60848.62013436 13
FO-29                60849.01879037 60849.03128472 28
FO-29                60849.09129768 60849.10422659 33
FO-29                60849.50081335 60849.50862640 8
FO-29                60849.57193070 60849.58310518 56
FO-29                60849.98318271 60849.99079329 6
FO-29                60850.05272317 60850.06636828 75
FO-29                60850.12752484 60850.13700697 10
FO-29                60850.53380003 60850.54470570 35
FO-29                60850.60737528 60850.61666563 16
FO-29                60851.01530741 60851.02742986 25
FO-29                60851.08762616 60851.10055431 36
FO-29                60851.49725230 60851.50477693 7
FO-29                60851.56811360 60851.57949682 63
FO-29                60851.98002457 60851.98663041 4
FO-29                60852.04914051 60852.06260069 70
FO-29                60852.12371980 60852.13348544 11
FO-29                60852.53007669 60852.54100786 32
FO-29                60852.60344101 60852.61318523 18
FO-29                60853.01183931 60853.02355623 23
FO-29                60853.08396397 60853.09686663 38
FO-29                60853.49371180 60853.50091388 6
FO-29                60853.56430242 60853.57588760 69
FO-29                60853.97698878 60853.98234777 3
FO-29                60854.04556643 60854.05881940 65
FO-29                60854.11993390 60854.12993674 12
FO-29                60854.52636036 60854.53730923 29
FO-29                60854.59952105 60854.60969502 21
FO-29                60855.00838666 60855.01966294 20
SO-50                60832.98203573 60832.99095134 43
SO-50                60833.05263893 60833.05889011 7
SO-50                60833.48874437 60833.49841193 69
SO-50                60833.56018353 60833.56574084 5
SO-50                60833.92760486 60833.93277478 4
SO-50                60833.99499842 60834.00405907 58
SO-50                60834.43371100 60834.44095812 10
SO-50                60834.50189435 60834.51134246 41
SO-50                60834.93931557 60834.94726281 17
SO-50                60835.00846743 60835.01665606 19
SO-50                60835.44583791 60835.45493000 28
SO-50                60835.51558797 60835.52376520 15
SO-50                60835.95183523 60835.96083238 50
SO-50                60836.02273021 60836.02848394 6
SO-50                60836.45856970 60836.46826021 80
SO-50                60836.53038810 60836.53524082 3
SO-50                60836.89715801 60836.90290978 6
SO-50                60836.96485618 60836.97386179 49
SO-50                60837.40336094 60837.41097222 12
SO-50                60837.47177869 60837.48111680 35
SO-50                60837.90902936 60837.91720061 20
SO-50                60837.97839897 60837.98636961 17
SO-50                60838.41558579 60838.42482131 32
SO-50                60838.48555937 60838.49344321 13
SO-50                60838.92161808 60838.93067601 60
SO-50                60838.99291808 60838.99800773 4
SO-50                60839.36176860 60839.36601786 2
SO-50                60839.42837715 60839.43807234 87
SO-50                60839.50065244 60839.50462976 2
SO-50                60839.86674649 60839.87297411 7
SO-50                60839.93469773 60839.94362806 42
SO-50                60840.37300599 60840.38093599 13
SO-50                60840.44164634 60840.45085464 30
SO-50                60840.87873012 60840.88709623 23
SO-50                60840.94831783 60840.95604243 15
SO-50                60841.38531761 60841.39467400 36
SO-50                60841.45552182 60841.46307763 11
SO-50                60841.89138317 60841.90048273 71
SO-50                60841.96306822 60841.96744558 3
SO-50                60842.33115830 60842.33621692 4
SO-50                60842.39816644 60842.40784862 77
SO-50                60842.83631756 60842.84297232 9
SO-50                60842.90452056 60842.91335787 36
SO-50                60843.34264274 60843.35085288 16
SO-50                60843.41149745 60843.42055576 27
SO-50                60843.84841628 60843.85695111 26
SO-50                60843.91822536 60843.92567333 12
SO-50                60844.35503273 60844.36448887 42
SO-50                60844.42547745 60844.43266587 9
SO-50                60844.86113021 60844.87025298 83
SO-50                60845.30059830 60845.30630905 5
SO-50                60845.36793768 60845.37758928 66
SO-50                60845.80588887 60845.81291481 10
SO-50                60845.87432613 60845.88305092 31
SO-50                60846.31226908 60846.32072526 18
SO-50                60846.38133263 60846.39021983 23
SO-50                60846.81808678 60846.82676639 30
SO-50                60846.88812331 60846.89526034 11
SO-50                60847.32473054 60847.33426662 49
SO-50                60847.39542969 60847.40220497 8
SO-50                60847.83085893 60847.83998710 84
SO-50                60848.27008752 60848.27632294 6
SO-50                60848.33769177 60848.34729448 57
SO-50                60848.77545556 60848.78280639 12
SO-50                60848.84411477 60848.85270739 27
SO-50                60849.28188244 60849.29055507 20
SO-50                60849.35115235 60849.35984621 20
SO-50                60849.78774082 60849.79654305 35
SO-50                60849.85801395 60849.86480136 9
SO-50                60850.29441056 60850.30400782 57
SO-50                60850.36538268 60850.37169029 6
SO-50                60850.73362631 60850.73791982 3
SO-50                60850.80056918 60850.80968537 72
SO-50                60851.23955795 60851.24626567 8
SO-50                60851.30742644 60851.31696432 49
SO-50                60851.74501398 60851.75265034 14
SO-50                60851.81388684 60851.82232673 23
SO-50                60852.25148182 60852.26034380 23
SO-50                60852.32095727 60852.32943458 18
SO-50                60852.75737761 60852.76628215 41
SO-50                60852.82790015 60852.83429313 7
SO-50                60853.26407240 60853.27371298 66
SO-50                60853.33542284 60853.34111382 5
SO-50                60853.70296375 60853.70796670 4
SO-50                60853.77026088 60853.77934800 61
SO-50                60854.20903243 60854.21614959 9
SO-50                60854.27714298 60854.28659886 42
SO-50                60854.71456220 60854.72244965 16
SO-50                60854.78364270 60854.79190858 20
SO-50                60855.22106607 60855.23009305 26
SO-50                60855.29074824 60855.29898401 16
SO-50                60855.72699669 60855.73598399 48
SO-50                60855.79778661 60855.80373113 6
SO-50                60856.23371574 60856.24338249 76
SO-50                60856.30541137 60856.31046669 4
SO-50                60856.67233658 60856.67792103 5
SO-50                60856.73993379 60856.74897514 52
SO-50                60857.17850491 60857.18598048 11
SO-50                60857.24684125 60857.25619807 37
HO-68                60833.21803010 60833.23150725 58
HO-68                60833.29399395 60833.30468491 14
HO-68                60833.71170922 60833.72487271 46
HO-68                60833.78714051 60833.79856554 19
HO-68                60834.20644293 60834.21954729 41
HO-68                60834.28164892 60834.29351359 22
HO-68                60834.70019704 60834.71283050 32
HO-68                60834.77492501 60834.78727229 28
HO-68                60835.19498245 60835.20747716 29
HO-68                60835.26947084 60835.28215422 31
HO-68                60835.68882712 60835.70066002 22
HO-68                60835.76284403 60835.77582136 40
HO-68                60836.18367676 60836.19527572 20
HO-68                60836.25742233 60836.27065087 45
HO-68                60836.67764269 60836.68832511 15
HO-68                60836.75087491 60836.76424186 57
HO-68                60837.17257570 60837.18290009 13
HO-68                60837.24548482 60837.25902825 64
HO-68                60837.32427869 60837.32916251 2
HO-68                60837.66672185 60837.67574838 9
HO-68                60837.73900674 60837.75255064 80
HO-68                60837.81656314 60837.82385848 5
HO-68                60838.16177565 60838.17025441 7
HO-68                60838.23364990 60838.24730039 89
HO-68                60838.31087880 60838.31911278 7
HO-68                60838.65629788 60838.66271385 4
HO-68                60838.72723727 60838.74075606 73
HO-68                60838.80372947 60838.81326607 10
HO-68                60839.15160365 60839.15703036 2
HO-68                60839.22191709 60839.23547374 66
HO-68                60839.29816530 60839.30834878 12
HO-68                60839.71556967 60839.72885991 52
HO-68                60839.79125213 60839.80227700 17
HO-68                60840.21029161 60840.22354838 46
HO-68                60840.28574847 60840.29725771 19
HO-68                60840.70401448 60840.71685696 36
HO-68                60840.77898134 60840.79104844 25
HO-68                60841.19878556 60841.21151726 32
HO-68                60841.27351899 60841.28595589 28
HO-68                60841.69259172 60841.70473358 25
HO-68                60841.76685728 60841.77964746 35
HO-68                60842.18742300 60842.19936378 22
HO-68                60842.26142907 60842.27449794 40
HO-68                60842.68133677 60842.69246101 17
HO-68                60842.75485101 60842.76810994 50
HO-68                60843.17624422 60843.18705426 15
HO-68                60843.24945491 60843.26291369 57
HO-68                60843.67030871 60843.67998078 11
HO-68                60843.74294868 60843.75645588 72
HO-68                60843.82100234 60843.82721024 3
HO-68                60844.16532099 60844.17451769 9
HO-68                60844.23758560 60844.25122038 80
HO-68                60844.31524120 60844.32256963 5
HO-68                60844.65967079 60844.66714861 5
HO-68                60844.73114485 60844.74469638 82
HO-68                60844.80795942 60844.81684095 8
HO-68                60845.15486667 60845.16156174 4
HO-68                60845.22581767 60845.23942681 74
HO-68                60845.30237094 60845.31197372 10
HO-68                60845.71944166 60845.73283542 58
HO-68                60845.79538524 60845.80596179 14
HO-68                60846.21415489 60846.22753521 52
HO-68                60846.28987038 60846.30097561 17
HO-68                60846.70784555 60846.72087043 41
HO-68                60846.78305263 60846.79480541 22
HO-68                60847.20260590 60847.21554126 37
HO-68                60847.27758405 60847.28973751 25
HO-68                60847.69637398 60847.70879073 28
HO-68                60847.77088233 60847.78345865 31
HO-68                60848.19119106 60848.20343179 26
HO-68                60848.26544995 60848.27832844 35
HO-68                60848.68505568 60848.69657402 20
HO-68                60848.75883761 60848.77196521 45
HO-68                60849.17994332 60849.19118060 17
HO-68                60849.25343803 60849.26678448 50
HO-68                60849.67394289 60849.68417503 13
HO-68                60849.74690037 60849.76034958 64
HO-68                60850.16892503 60850.17873331 11
HO-68                60850.24153368 60850.25512674 71
HO-68                60850.31970680 60850.32591886 3
HO-68                60850.66313838 60850.67149160 7
HO-68                60850.73506254 60850.74862562 89
HO-68                60850.81223708 60850.82036209 7
HO-68                60851.15826617 60851.16595902 6
HO-68                60851.22973100 60851.24336650 83
HO-68                60851.30661843 60851.31555160 8
HO-68                60851.65299690 60851.65818326 2
HO-68                60851.72332394 60851.73679957 66
HO-68                60851.79954362 60851.80961601 12
HO-68                60852.21803198 60852.23150815 59
HO-68                60852.29401755 60852.30466395 14
HO-68                60852.71168935 60852.72487115 46
HO-68                60852.78714070 60852.79854128 19
HO-68                60853.20644219 60853.21954971 41
HO-68                60853.28166732 60853.29349734 22
HO-68                60853.70017250 60853.71283277 32
HO-68                60853.77492015 60853.78725353 28
HO-68                60854.19497861 60854.20748141 29
HO-68                60854.26948553 60854.28214115 31
AO-73                60833.24114618 60833.24975256 48
AO-73                60833.30861304 60833.31372885 5
AO-73                60833.74034415 60833.74845499 40
AO-73                60833.80766660 60833.81254949 5
AO-73                60834.24001908 60834.24860457 45
AO-73                60834.30736361 60834.31270419 5
AO-73                60834.73921517 60834.74728268 38
AO-73                60834.80641913 60834.81149926 5
AO-73                60835.23887707 60835.24743758 42
AO-73                60835.30610318 60835.31165617 6
AO-73                60835.73807051 60835.74609178 35
AO-73                60835.80515876 60835.81042722 6
AO-73                60836.23772024 60836.24625149 40
AO-73                60836.30483133 60836.31058545 7
AO-73                60836.73691027 60836.74488223 33
AO-73                60836.80388541 60836.80933399 6
AO-73                60837.23654868 60837.24504621 37
AO-73                60837.30354757 60837.30949245 7
AO-73                60837.73573454 60837.74365394 31
AO-73                60837.80259839 60837.80821984 7
AO-73                60838.23536249 60838.24382163 35
AO-73                60838.30225151 60838.30837773 8
AO-73                60838.73454343 60838.74240684 29
AO-73                60838.80129760 60838.80708502 8
AO-73                60839.23416177 60839.24257763 33
AO-73                60839.30094281 60839.30724131 8
AO-73                60839.73333706 60839.74114083 27
AO-73                60839.79998281 60839.80592976 8
AO-73                60840.23294665 60840.24131411 31
AO-73                60840.29962122 60840.30608360 9
AO-73                60840.73211557 60840.73985581 25
AO-73                60840.79865885 60840.80476180 9
AO-73                60841.23171723 60841.24003093 29
AO-73                60841.29828653 60841.30490480 10
AO-73                60841.73087910 60841.73855165 24
AO-73                60841.79731562 60841.80356621 10
AO-73                60842.23047365 60842.23872798 27
AO-73                60842.29693853 60842.30370507 11
AO-73                60842.72962778 60842.73722819 22
AO-73                60842.79595795 60842.80235076 10
AO-73                60843.22921603 60843.23740510 26
AO-73                60843.29557682 60843.30248457 11
AO-73                60843.72836196 60843.73588558 21
AO-73                60843.79458571 60843.80111554 11
AO-73                60844.22794453 60844.23606215 24
AO-73                60844.29420165 60844.30124344 12
AO-73                60844.72708150 60844.73452324 19
AO-73                60844.79319881 60844.79986064 12
AO-73                60845.22665929 60845.23469897 23
AO-73                60845.29281271 60845.29998181 13
AO-73                60845.72578674 60845.73314118 18
AO-73                60845.79179719 60845.79858615 13
AO-73                60846.22536051 60846.23331539 21
AO-73                60846.29140988 60846.29869974 14
AO-73                60846.72447785 60846.73173923 17
AO-73                60846.79038085 60846.79729215 14
AO-73                60847.22404836 60847.23191121 20
AO-73                60847.28999308 60847.29739732 15
AO-73                60847.72315523 60847.73031716 16
AO-73                60847.78894970 60847.79597873 15
AO-73                60848.22272330 60848.23048622 19
AO-73                60848.28856777 60848.29608143 16
AO-73                60848.72181902 60848.72887476 15
AO-73                60848.78750371 60848.79464590 16
AO-73                60849.22138505 60849.22904013 17
AO-73                60849.28712281 60849.29473846 17
AO-73                60849.72046954 60849.72741176 14
AO-73                60849.78604287 60849.79329372 17
AO-73                60850.22003416 60850.22757297 16
AO-73                60850.28566366 60850.29337536 18
AO-73                60850.71910713 60850.72592783 13
AO-73                60850.78456715 60850.79192222 19
AO-73                60851.21867089 60851.22608405 15
AO-73                60851.28419025 60851.29199209 20
AO-73                60851.71773217 60851.72442265 12
AO-73                60851.78307655 60851.79053123 20
AO-73                60852.21729558 60852.22457321 14
AO-73                60852.28270255 60852.29058875 21
AO-73                60852.71634509 60852.72289580 11
AO-73                60852.78157108 60852.78912114 22
AO-73                60853.21590859 60853.22304010 13
AO-73                60853.28120050 60853.28916535 23
AO-73                60853.71494638 60853.72134683 10
AO-73                60853.78005074 60853.78769178 23
AO-73                60854.21451031 60854.22148430 12
AO-73                60854.27968409 60854.28772192 24
AO-73                60854.71353661 60854.71977520 9
AO-73                60854.77851556 60854.78624319 25
AO-73                60855.21310133 60855.21990531 11
AO-73                60855.27815329 60855.28625849 26
AO-73                60855.71211645 60855.71818026 8
AO-73                60855.77692427 60855.78477226 27
AO-73                60856.21168218 60856.21830252 10
AO-73                60856.27660806 60856.28477507 28
AO-73                60856.71068667 60856.71656116 7
AO-73                60856.77535941 60856.78328513 30
AO-73                60857.21025358 60857.21667526 9
AO-73                60857.27500560 60857.28326841 30
AO-73                60857.70924826 60857.71491722 7
TITA                 60833.02057610 60833.02804926 22
TITA                 60833.08659596 60833.09273310 10
TITA                 60833.51760991 60833.52539854 22
TITA                 60833.58346368 60833.59024262 12
TITA                 60834.01414722 60834.02118909 16
TITA                 60834.07963565 60834.08641859 14
TITA                 60834.51118891 60834.51853714 16
TITA                 60834.57653533 60834.58389493 17
TITA                 60835.00778403 60835.01424296 11
TITA                 60835.07274341 60835.08000777 20
TITA                 60835.50483381 60835.51159176 11
TITA                 60835.56966214 60835.57745347 23
TITA                 60836.00151318 60836.00718480 7
TITA                 60836.06586176 60836.07351487 28
TITA                 60836.49857024 60836.50453807 8
TITA                 60836.56279476 60836.57093598 33
TITA                 60836.99539153 60836.99995784 4
TITA                 60837.05906343 60837.06695618 40
TITA                 60837.49245055 60837.49732379 4
TITA                 60837.55600955 60837.56435694 47
TITA                 60838.05230311 60838.06033450 61
TITA                 60838.54926151 60838.55771776 69
TITA                 60839.04557653 60839.05365301 88
TITA                 60839.54254738 60839.55102093 81
TITA                 60840.03888603 60840.04691277 58
TITA                 60840.53586955 60840.54426701 54
TITA                 60840.60328007 60840.60751830 3
TITA                 60841.03223239 60841.04011283 39
TITA                 60841.09916354 60841.10382030 4
TITA                 60841.52922934 60841.53745474 37
TITA                 60841.59591585 60841.60144586 6
TITA                 60842.02561963 60842.03324989 27
TITA                 60842.09191041 60842.09763771 8
TITA                 60842.52263108 60842.53058066 26
TITA                 60842.58873249 60842.59516361 10
TITA                 60843.01905502 60843.02631795 19
TITA                 60843.08478793 60843.09128226 12
TITA                 60843.51608205 60843.52363830 19
TITA                 60843.58165827 60843.58875695 14
TITA                 60844.01255001 60844.01930567 13
TITA                 60844.07774969 60844.08481371 17
TITA                 60844.50959452 60844.51661684 13
TITA                 60844.57465019 60844.58224479 20
TITA                 60845.00612532 60845.01219349 9
TITA                 60845.07077231 60845.07825643 24
TITA                 60845.50318843 60845.50949631 9
TITA                 60845.56769658 60845.57565260 28
TITA                 60845.99982104 60846.00494157 5
TITA                 60846.06380170 60846.07162166 34
TITA                 60846.49690398 60846.50223748 6
TITA                 60846.56074530 60846.56898768 40
TITA                 60846.99374095 60846.99744502 2
TITA                 60847.05691334 60847.06492288 51
TITA                 60847.49084235 60847.49473843 3
TITA                 60847.55387590 60847.56226250 59
TITA                 60848.05006140 60848.05816172 79
TITA                 60848.54704266 60848.55547734 86
TITA                 60849.04324663 60849.05134022 69
TITA                 60849.54024666 60849.54863352 63
TITA                 60849.60802183 60849.61150175 2
TITA                 60850.03646924 60850.04445828 45
TITA                 60850.10365885 60850.10787749 3
TITA                 60850.53348887 60850.54173040 42
TITA                 60850.60041550 60850.60546629 5
TITA                 60851.02973240 60851.03751357 30
TITA                 60851.09621402 60851.10167247 7
TITA                 60851.52677302 60851.53476515 29
TITA                 60851.59306448 60851.59914587 8
TITA                 60852.02304226 60852.03050110 21
TITA                 60852.08894534 60852.09527312 10
TITA                 60852.52010568 60852.52773203 21
TITA                 60852.58584701 60852.59267591 12
TITA                 60853.01640857 60853.02341136 15
TITA                 60853.08177121 60853.08873756 15
TITA                 60853.51349805 60853.52062128 15
TITA                 60853.57870763 60853.58608832 18
TITA                 60854.00984872 60854.01622825 10
TITA                 60854.07466587 60854.08210498 22
TITA                 60854.50696823 60854.51341491 10
TITA                 60854.57162946 60854.57941311 25
TITA                 60855.00339475 60855.00892025 7
TITA                 60855.06757229 60855.07538959 31
TITA                 60855.50055187 60855.50607836 6
TITA                 60855.56455809 60855.57266060 35
TITA                 60855.99712015 60856.00141363 3
TITA                 60856.06056372 60856.06860686 46
TITA                 60856.49433313 60856.49852726 3
TITA                 60856.55757134 60856.56584453 52
TITA                 60857.05359531 60857.06175938 71
TITA                 60857.55062431 60857.55896609 79
TITA                 60858.04666283 60858.05484991 76
TITA                 60858.54371335 60858.55202719 69
TITA                 60859.03976987 60859.04787897 50
TITA                 60859.10711074 60859.11112001 3
TITA                 60859.53684307 60859.54502761 45
TITA                 60859.60394906 60859.60857129 4
TITA                 60860.03291782 60860.04084478 33
TITA                 60860.09950865 60860.10487059 6
TITA                 60860.53001559 60860.53796484 31
NOAA-15              60832.93095759 60832.94144231 84
NOAA-15              60833.00317762 60833.00720733 2
NOAA-15              60833.38859558 60833.39776687 18
NOAA-15              60833.45731460 60833.46718781 28
NOAA-15              60833.91297773 60833.92324928 46
NOAA-15              60833.98331203 60833.99101101 10
NOAA-15              60834.37155844 60834.37872039 8
NOAA-15              60834.43891451 60834.44942312 58
NOAA-15              60834.89530435 60834.90475760 23
NOAA-15              60834.96440966 60834.97380863 22
NOAA-15              60835.42079995 60835.43136939 69
NOAA-15              60835.49195848 60835.49835165 6
NOAA-15              60835.87806415 60835.88585692 10
NOAA-15              60835.94591256 60835.95615981 45
NOAA-15              60836.40296824 60836.41304297 33
NOAA-15              60836.47268022 60836.48148747 16
NOAA-15              60836.86178223 60836.86603571 2
NOAA-15              60836.92770766 60836.93819612 86
NOAA-15              60836.99947250 60837.00444616 3
NOAA-15              60837.38549005 60837.39439415 16
NOAA-15              60837.45399283 60837.46402154 32
NOAA-15              60837.90977490 60837.91995200 41
NOAA-15              60837.97987773 60837.98795994 12
NOAA-15              60838.36858335 60838.37522271 6
NOAA-15              60838.43564341 60838.44619988 66
NOAA-15              60838.89216147 60838.90139895 20
NOAA-15              60838.96106007 60838.97066011 25
NOAA-15              60839.41757411 60839.42809643 60
NOAA-15              60839.48844302 60839.49538285 7
NOAA-15              60839.87502367 60839.88239773 9
NOAA-15              60839.94261608 60839.95294878 52
NOAA-15              60840.39979620 60840.40971672 29
NOAA-15              60840.46929459 60840.47837506 18
NOAA-15              60840.92445646 60840.93493326 76
NOAA-15              60840.99585040 60841.00158088 5
NOAA-15              60841.38239323 60841.39099555 14
NOAA-15              60841.45067310 60841.46083433 36
NOAA-15              60841.90657142 60841.91663739 36
NOAA-15              60841.97645239 60841.98488011 14
NOAA-15              60842.36564388 60842.37167300 5
NOAA-15              60842.43237263 60842.44295768 75
NOAA-15              60842.88902238 60842.89801914 18
NOAA-15              60842.95771107 60842.96749192 28
NOAA-15              60843.41435006 60843.42480428 53
NOAA-15              60843.48495310 60843.49236786 9
NOAA-15              60843.87200225 60843.87890270 7
NOAA-15              60843.93931776 60843.94972080 59
NOAA-15              60844.39662749 60844.40636941 26
NOAA-15              60844.46591475 60844.47523699 20
NOAA-15              60844.92120209 60844.93165428 67
NOAA-15              60844.99227748 60844.99864582 6
NOAA-15              60845.37930736 60845.38756882 12
NOAA-15              60845.44735445 60845.45762663 41
NOAA-15              60845.90336796 60845.91330525 32
NOAA-15              60845.97303382 60845.98177390 16
NOAA-15              60846.36275483 60846.36805550 4
NOAA-15              60846.42910213 60846.43969663 85
NOAA-15              60846.50129707 60846.50559618 2
NOAA-15              60846.88588867 60846.89461723 15
NOAA-15              60846.95436188 60846.96430471 32
NOAA-15              60847.41112693 60847.42149313 46
NOAA-15              60847.48145057 60847.48931583 10
NOAA-15              60847.86900723 60847.87536483 6
NOAA-15              60847.93601772 60847.94647606 68
NOAA-15              60848.39346304 60848.40300031 23
NOAA-15              60848.46253931 60848.47207480 23
NOAA-15              60848.91794725 60848.92835883 58
NOAA-15              60848.98873746 60848.99565769 7
NOAA-15              60849.37623510 60849.38411127 10
NOAA-15              60849.44403655 60849.45439900 46
NOAA-15              60849.90016536 60849.90995494 28
NOAA-15              60849.96962020 60849.97864306 18
NOAA-15              60850.35994607 60850.36433981 2
NOAA-15              60850.42583162 60850.43641677 85
NOAA-15              60850.49758373 60850.50277925 4
NOAA-15              60850.88276236 60850.89119117 13
NOAA-15              60850.95101248 60850.96109895 36
NOAA-15              60851.40790513 60851.41816249 41
NOAA-15              60851.47799293 60851.48622674 12
NOAA-15              60851.86604957 60851.87177316 4
NOAA-15              60851.93271633 60851.94321485 77
NOAA-15              60852.39030324 60852.39960855 20
NOAA-15              60852.45916706 60852.46888962 26
NOAA-15              60852.91469166 60852.92504661 51
NOAA-15              60852.98522044 60852.99262635 9
NOAA-15              60853.37318002 60853.38061939 9
NOAA-15              60853.44071894 60853.45115173 53
NOAA-15              60853.89696482 60853.90658572 25
NOAA-15              60853.96621075 60853.97548935 20
NOAA-15              60854.42256118 60854.43311823 75
NOAA-15              60854.49394727 60854.49986392 5
NOAA-15              60854.87964595 60854.88773877 12
NOAA-15              60854.94766278 60854.95787506 42
NOAA-15              60855.40468445 60855.41481220 36
NOAA-15              60855.47454604 60855.48310648 14
NOAA-15              60855.86314808 60855.86810903 3
NOAA-15              60855.92941357 60855.93993668 87
NOAA-15              60856.00145792 60856.00588247 3
NOAA-15              60856.38714935 60856.39619292 18
NOAA-18              60833.06838094 60833.07924359 59
NOAA-18              60833.13968603 60833.14722850 8
NOAA-18              60833.53073638 60833.53938128 13
NOAA-18              60833.59948538 60833.60997890 40
NOAA-18              60834.05956024 60834.07018690 41
NOAA-18              60834.13020722 60834.13887946 13
NOAA-18              60834.52237404 60834.52991244 9
NOAA-18              60834.59041995 60834.60116452 57
NOAA-18              60835.05081472 60835.06105731 29
NOAA-18              60835.12087385 60835.13036998 19
NOAA-18              60835.51426100 60835.52020981 5
NOAA-18              60835.58142233 60835.59228055 81
NOAA-18              60835.65441578 60835.65859880 2
NOAA-18              60836.04215687 60836.05184439 21
NOAA-18              60836.11164526 60836.12174304 27
NOAA-18              60836.57249101 60836.58333090 72
NOAA-18              60836.64436419 60836.65082459 6
NOAA-18              60837.03360698 60837.04253000 15
NOAA-18              60837.10250045 60837.11302207 38
NOAA-18              60837.56362580 60837.57431623 51
NOAA-18              60837.63469770 60837.64261993 10
NOAA-18              60838.02520258 60838.03307946 10
NOAA-18              60838.09342790 60838.10422111 53
NOAA-18              60838.55483306 60838.56523388 36
NOAA-18              60838.62525988 60838.63419790 15
NOAA-18              60839.01702085 60839.02341673 5
NOAA-18              60839.08442161 60839.09534815 76
NOAA-18              60839.54612121 60839.55607725 25
NOAA-18              60839.61595386 60839.62563418 22
NOAA-18              60840.07547963 60840.08640756 77
NOAA-18              60840.14744586 60840.15370428 5
NOAA-18              60840.53750563 60840.54683372 18
NOAA-18              60840.60674673 60840.61696376 30
NOAA-18              60841.06660163 60841.07740035 54
NOAA-18              60841.13775995 60841.14554529 9
NOAA-18              60841.52901113 60841.53748011 12
NOAA-18              60841.59762091 60841.60820648 43
NOAA-18              60842.05779328 60842.06832444 38
NOAA-18              60842.12831255 60842.13715393 14
NOAA-18              60842.52068618 60842.52797106 8
NOAA-18              60842.58856698 60842.59937386 62
NOAA-18              60843.04906239 60843.05917350 27
NOAA-18              60843.11899992 60843.12861343 20
NOAA-18              60843.51264368 60843.51819521 4
NOAA-18              60843.57958026 60843.59047289 87
NOAA-18              60843.65226419 60843.65711207 3
NOAA-18              60844.04042295 60844.04993618 19
NOAA-18              60844.10978674 60844.11996134 29
NOAA-18              60844.57066002 60844.58150665 67
NOAA-18              60844.64234389 60844.64919674 7
NOAA-18              60845.03189810 60845.04059120 13
NOAA-18              60845.10065446 60845.11121877 40
NOAA-18              60845.56180608 60845.57247513 47
NOAA-18              60845.63272824 60845.64093117 11
NOAA-18              60846.02353135 60846.03109781 9
NOAA-18              60846.09159290 60846.10239791 57
NOAA-18              60846.55302639 60846.56337495 33
NOAA-18              60846.62332078 60846.63247071 17
NOAA-18              60847.01541832 60847.02136136 5
NOAA-18              60847.08259699 60847.09350632 81
NOAA-18              60847.15543320 60847.15986700 2
NOAA-18              60847.54433014 60847.55419844 24
NOAA-18              60847.61403558 60847.62387823 23
NOAA-18              60848.07366561 60848.08454747 72
NOAA-18              60848.14545062 60848.15204268 6
NOAA-18              60848.53573435 60848.54493140 17
NOAA-18              60848.60484439 60848.61518449 33
NOAA-18              60849.06479843 60849.07552170 50
NOAA-18              60849.13581378 60849.14382184 10
NOAA-18              60849.52726713 60849.53554740 11
NOAA-18              60849.59573199 60849.60640700 47
NOAA-18              60850.05600275 60850.06642604 35
NOAA-18              60850.12639496 60850.13539130 15
NOAA-18              60850.51898488 60850.52599338 7
NOAA-18              60850.58668984 60850.59755613 67
NOAA-18              60851.04728713 60851.05725341 25
NOAA-18              60851.11710156 60851.12682138 22
NOAA-18              60851.51102795 60851.51612901 3
NOAA-18              60851.57771453 60851.58863783 87
NOAA-18              60851.65012902 60851.65555719 4
NOAA-18              60852.03866729 60852.04799045 18
NOAA-18              60852.10790293 60852.11814509 31
NOAA-18              60852.56880460 60852.57965452 62
NOAA-18              60852.64028144 60852.64753337 8
NOAA-18              60853.03016996 60853.03861262 12
NOAA-18              60853.09878254 60853.10938126 43
NOAA-18              60853.55996393 60853.57060553 44
NOAA-18              60853.63073963 60853.63921014 12
NOAA-18              60854.02184551 60854.02907153 8
NOAA-18              60854.08973176 60854.10054109 62
NOAA-18              60854.55119828 60854.56148662 31
NOAA-18              60854.62136043 60854.63071313 18
NOAA-18              60855.01381658 60855.01924572 4
NOAA-18              60855.08074601 60855.09163109 87
NOAA-18              60855.15331497 60855.15828021 3
NOAA-18              60855.54251898 60855.55228912 22
NOAA-18              60855.61209531 60855.62209284 25
NOAA-18              60856.07182532 60856.08265407 66
NOAA-18              60856.14343791 60856.15033792 7
NOAA-19              60833.00443862 60833.01423101 23
NOAA-19              60833.07414663 60833.08390823 23
NOAA-19              60833.46837206 60833.47314823 3
NOAA-19              60833.53485050 60833.54584034 83
NOAA-19              60833.60704374 60833.61298487 5
NOAA-19              60833.99599722 60834.00511870 17
NOAA-19              60834.06512789 60834.07537826 32
NOAA-19              60834.52611883 60834.53701017 59
NOAA-19              60834.59745151 60834.60503278 9
NOAA-19              60834.98768185 60834.99588785 11
NOAA-19              60835.05618366 60835.06676495 46
NOAA-19              60835.51745511 60835.52811563 42
NOAA-19              60835.58812151 60835.59682622 13
NOAA-19              60835.97954805 60835.98648489 7
NOAA-19              60836.04730598 60836.05807830 65
NOAA-19              60836.50886539 60836.51915210 30
NOAA-19              60836.57893715 60836.58846293 19
NOAA-19              60836.97173906 60836.97676712 3
NOAA-19              60837.03849153 60837.04932408 89
NOAA-19              60837.11091535 60837.11612635 3
NOAA-19              60837.50036155 60837.51011051 21
NOAA-19              60837.56985810 60837.57998527 27
NOAA-19              60838.02973912 60838.04050456 63
NOAA-19              60838.10126129 60838.10828472 7
NOAA-19              60838.49196228 60838.50097408 15
NOAA-19              60838.56086337 60838.57141637 37
NOAA-19              60839.02105212 60839.03161907 44
NOAA-19              60839.09185919 60839.10014190 12
NOAA-19              60839.48370091 60839.49171216 10
NOAA-19              60839.55194139 60839.56277029 52
NOAA-19              60840.01243655 60840.02266350 32
NOAA-19              60840.08264610 60840.09182019 17
NOAA-19              60840.47564530 60840.48225934 6
NOAA-19              60840.54308581 60840.55405501 74
NOAA-19              60841.00390320 60841.01362919 23
NOAA-19              60841.07354449 60841.08337371 24
NOAA-19              60841.46798767 60841.47242198 2
NOAA-19              60841.53429450 60841.54527511 80
NOAA-19              60841.60637459 60841.61253950 5
NOAA-19              60841.99546933 60842.00450075 16
NOAA-19              60842.06452972 60842.07482962 34
NOAA-19              60842.52556694 60842.53643197 56
NOAA-19              60842.59681420 60842.60454375 9
NOAA-19              60842.98716638 60842.99524970 11
NOAA-19              60843.05558835 60843.06620376 48
NOAA-19              60843.51690806 60843.52752401 40
NOAA-19              60843.58750058 60843.59631006 14
NOAA-19              60843.97905497 60843.98581666 6
NOAA-19              60844.04671304 60844.05750531 68
NOAA-19              60844.50832439 60844.51854618 29
NOAA-19              60844.57832629 60844.58792624 20
NOAA-19              60844.97129995 60844.97603690 3
NOAA-19              60845.03790082 60845.04873965 86
NOAA-19              60845.11019300 60845.11568176 4
NOAA-19              60845.49982857 60845.50948842 21
NOAA-19              60845.56925418 60845.57943143 28
NOAA-19              60846.02915076 60846.03990871 61
NOAA-19              60846.10055260 60846.10778938 8
NOAA-19              60846.49144068 60846.50033290 14
NOAA-19              60846.56026468 60846.57084751 39
NOAA-19              60847.02046677 60847.03101151 43
NOAA-19              60847.09119731 60847.09961459 12
NOAA-19              60847.48319687 60847.49104593 9
NOAA-19              60847.55134700 60847.56218720 55
NOAA-19              60848.01185524 60848.02204331 30
NOAA-19              60848.08199465 60848.09127211 18
NOAA-19              60848.47517303 60848.48155390 5
NOAA-19              60848.54249538 60848.55345851 77
NOAA-19              60849.00332763 60849.01299518 22
NOAA-19              60849.07289962 60849.08280904 25
NOAA-19              60849.53370804 60849.54466543 76
NOAA-19              60849.60567925 60849.61204561 5
NOAA-19              60849.99490231 60850.00385037 15
NOAA-19              60850.06388938 60850.07425072 35
NOAA-19              60850.52498486 60850.53580898 54
NOAA-19              60850.59614732 60850.60400945 10
NOAA-19              60850.98661295 60850.99457813 10
NOAA-19              60851.05495141 60851.06561189 50
NOAA-19              60851.51633085 60851.52688721 38
NOAA-19              60851.58684882 60851.59574959 14
NOAA-19              60851.97852609 60851.98511324 6
NOAA-19              60852.04607899 60852.05690138 71
NOAA-19              60852.50775363 60852.51789430 27
NOAA-19              60852.57768396 60852.58734562 21
NOAA-19              60852.97083342 60852.97526332 2
NOAA-19              60853.03726956 60853.04812399 82
NOAA-19              60853.10943023 60853.11520548 4
NOAA-19              60853.49926667 60853.50881966 20
NOAA-19              60853.56861840 60853.57883381 29
NOAA-19              60854.02852242 60854.03928136 58
NOAA-19              60854.09982993 60854.10726152 8
NOAA-19              60854.49089103 60854.49964369 14
NOAA-19              60854.55963390 60854.57023468 40
NOAA-19              60855.01984205 60855.03037211 41
NOAA-19              60855.09049360 60855.09905741 13
NOAA-19              60855.48266693 60855.49032926 9
NOAA-19              60855.55072037 60855.56156031 57
NOAA-19              60856.01123526 60856.02139099 29
NOAA-19              60856.08130193 60856.09069383 19
METOA                60833.10356546 60833.11383752 67
METOA                60833.17234438 60833.17879380 6
METOA                60833.61414982 60833.62232412 75
METOA                60834.05627562 60834.06328189 8
METOA                60834.12156417 60834.13178984 58
METOA                60834.56641161 60834.57212295 7
METOA                60834.63233873 60834.64007053 27
METOA                60835.07325265 60835.08221249 18
METOA                60835.13983624 60835.14944731 28
METOA                60835.58351900 60835.59089925 19
METOA                60835.65095279 60835.65741336 11
METOA                60836.09072165 60836.10067204 38
METOA                60836.15845090 60836.16672365 13
METOA                60836.60111322 60836.60921083 49
METOA                60836.67032041 60836.67391104 2
METOA                60837.04477782 60837.04881087 2
METOA                60837.10851114 60837.11881657 80
METOA                60837.17771865 60837.18331535 4
METOA                60837.61904526 60837.62719306 58
METOA                60838.06092770 60838.06851878 10
METOA                60838.12656814 60838.13668174 48
METOA                60838.57097749 60838.57728010 10
METOA                60838.63733714 60838.64484817 22
METOA                60839.07804687 60839.08728608 22
METOA                60839.14490755 60839.15423942 23
METOA                60839.58822072 60839.59590347 24
METOA                60839.65601635 60839.66204895 9
METOA                60840.09559459 60840.10564233 45
METOA                60840.16362918 60840.17137303 11
METOA                60840.60588931 60840.61411984 64
METOA                60841.04910778 60841.05428214 4
METOA                60841.11344353 60841.12369986 83
METOA                60841.18320498 60841.18761487 3
METOA                60841.55886106 60841.56320005 3
METOA                60841.62388005 60841.63201736 45
METOA                60842.06560344 60842.07362182 12
METOA                60842.13155883 60842.14147671 40
METOA                60842.57551767 60842.58236488 13
METOA                60842.64223832 60842.64957572 18
METOA                60843.08283638 60843.09225348 26
METOA                60843.14997190 60843.15892743 19
METOA                60843.59287385 60843.60085759 30
METOA                60843.66103324 60843.66661326 7
METOA                60844.10045382 60844.11051490 54
METOA                60844.16885807 60844.17588998 8
METOA                60844.61061023 60844.61898399 80
METOA                60845.05356498 60845.05951124 5
METOA                60845.11835930 60845.12848745 69
METOA                60845.56312805 60845.56847881 6
METOA                60845.62865827 60845.63679745 36
METOA                60846.07028621 60846.07860491 15
METOA                60846.13653435 60846.14617368 33
METOA                60846.58002817 60846.58738437 16
METOA                60846.64708559 60846.65425529 15
METOA                60847.08761373 60847.09711934 30
METOA                60847.15503052 60847.16350744 16
METOA                60847.59748020 60847.60576227 39
METOA                60847.66602097 60847.67111611 5
METOA                60848.10529424 60848.11529181 65
METOA                60848.17408776 60848.18025982 6
METOA                60848.61528028 60848.62380290 76
METOA                60849.05807627 60849.06457027 7
METOA                60849.12325479 60849.13318035 57
METOA                60849.56743275 60849.57362721 8
METOA                60849.63338372 60849.64153239 30
METOA                60850.07496336 60850.08347799 17
METOA                60850.14149270 60850.15077184 27
METOA                60850.58450770 60850.59234190 21
METOA                60850.65187896 60850.65887796 13
METOA                60851.09237186 60851.10188805 35
METOA                60851.16012113 60851.16797122 12
METOA                60851.60204273 60851.61061689 49
METOA                60851.67098892 60851.67553901 4
METOA                60852.11011171 60852.11997567 75
METOA                60852.17938745 60852.18444106 4
METOA                60852.55535580 60852.55932462 3
METOA                60852.61990071 60852.62857488 62
METOA                60853.06260733 60853.06949222 8
METOA                60853.12812571 60853.13777973 46
METOA                60853.57174747 60853.57867575 11
METOA                60853.63809959 60853.64622343 25
METOA                60854.07962428 60854.08824930 20
METOA                60854.14646932 60854.15526808 22
METOA                60854.58895691 60854.59723873 26
METOA                60854.65663450 60854.66345435 11
METOA                60855.09710367 60855.10656417 41
METOA                60855.16517640 60855.17231634 10
METOA                60855.60656502 60855.61541944 62
METOA                60855.67596024 60855.67986155 2
METOA                60856.05094254 60856.05476424 2
METOA                60856.11489800 60856.12456960 78
METOA                60856.55935143 60856.56462033 5
METOA                60856.62447805 60856.63329709 50
METOA                60857.06713620 60857.07429701 10
METOA                60857.13296787 60857.14228759 37
METOA                60857.57605958 60857.58363803 14
METOA                60857.64273369 60857.65086015 22
METOA                60858.08425963 60858.09292625 22
METOA                60858.15138628 60858.15966670 18
METOB                60832.99852397 60833.00911260 58
METOB                60833.06953212 60833.07671469 8
METOB                60833.45846838 60833.46665520 12
METOB                60833.52665149 60833.53708771 44
METOB                60833.98439603 60833.99453249 33
METOB                60834.05433262 60834.06324468 16
METOB                60834.44528738 60834.45121599 5
METOB                60834.51216375 60834.52286232 78
METOB                60834.97048117 60834.97974600 19
METOB                60835.03948715 60835.04941572 28
METOB                60835.49784815 60835.50846607 60
METOB                60835.56894213 60835.57604643 8
METOB                60835.95687447 60835.96467063 10
METOB                60836.02485749 60836.03534830 49
METOB                60836.48371407 60836.49389835 34
METOB                60836.55370246 60836.56258474 16
METOB                60836.94385794 60836.94903121 3
METOB                60837.01040493 60837.02109051 87
METOB                60837.08266695 60837.08733464 3
METOB                60837.46979687 60837.47913259 19
METOB                60837.53883328 60837.54875653 27
METOB                60837.99611992 60838.00665902 53
METOB                60838.06691264 60838.07445931 9
METOB                60838.45618222 60838.46409281 10
METOB                60838.52418885 60838.53468971 48
METOB                60838.98201763 60838.99204774 30
METOB                60839.05180577 60839.06091532 17
METOB                60839.44312479 60839.44853336 4
METOB                60839.50972749 60839.52043504 85
METOB                60839.58215220 60839.58662102 2
METOB                60839.96814171 60839.97722192 17
METOB                60840.03699736 60840.04704216 31
METOB                60840.49543776 60840.50601078 54
METOB                60840.56631244 60840.57379083 9
METOB                60840.95459827 60840.96208418 9
METOB                60841.02239575 60841.03294129 54
METOB                60841.48133346 60841.49141277 31
METOB                60841.55116887 60841.56025264 17
METOB                60841.94174980 60841.94627744 2
METOB                60842.00796833 60842.01865405 86
METOB                60842.07993367 60842.08521606 4
METOB                60842.46745533 60842.47660914 18
METOB                60842.53633864 60842.54637970 30
METOB                60842.99370897 60843.00419364 48
METOB                60843.06432802 60843.07218025 10
METOB                60843.45390211 60843.46151031 9
METOB                60843.52172348 60843.53227946 53
METOB                60843.97963710 60843.98955046 27
METOB                60844.04927789 60844.05857113 19
METOB                60844.44099720 60844.44580125 3
METOB                60844.50728812 60844.51799567 87
METOB                60844.57939453 60844.58451431 3
METOB                60844.96580268 60844.97468287 16
METOB                60845.03450455 60845.04465610 33
METOB                60845.49302485 60845.50354327 49
METOB                60845.56371890 60845.57150989 10
METOB                60845.95232971 60845.95947592 8
METOB                60846.01993037 60846.03052245 59
METOB                60846.47895140 60846.48891404 28
METOB                60846.54863531 60846.55790473 19
METOB                60847.00552819 60847.01620618 79
METOB                60847.07723327 60847.08304814 5
METOB                60847.46511464 60847.47407015 16
METOB                60847.53384188 60847.54398954 33
METOB                60847.99129498 60848.00171673 44
METOB                60848.06174713 60848.06988153 11
METOB                60848.45162981 60848.45890586 8
METOB                60848.51925527 60848.52985664 58
METOB                60848.97725504 60848.98704039 25
METOB                60849.04674864 60849.05621274 21
METOB                60849.50484595 60849.51554419 81
METOB                60849.57667657 60849.58235198 4
METOB                60849.96346488 60849.97212841 14
METOB                60850.03200896 60850.04225758 36
METOB                60850.49060972 60850.50106315 45
METOB                60850.56113040 60850.56920792 11
METOB                60850.95007149 60850.95684331 7
METOB                60851.01746149 60851.02809205 65
METOB                60851.47656815 60851.48640190 26
METOB                60851.54610122 60851.55554170 20
METOB                60852.00308470 60852.01374684 72
METOB                60852.07455543 60852.08084160 6
METOB                60852.46277556 60852.47151534 15
METOB                60852.53134272 60852.54158637 36
METOB                60852.98887819 60852.99922790 40
METOB                60853.05916858 60853.06756465 13
METOB                60853.44936749 60853.45627721 7
METOB                60853.51678407 60853.52742158 63
METOB                60853.97487146 60853.98451719 23
METOB                60854.04421778 60854.05384046 23
METOB                60854.50240090 60854.51308060 74
METOB                60854.57398479 60854.58014694 5
METOB                60854.96112923 60854.96955761 13
METOB                60855.02951014 60855.03984701 40
METOB                60855.48819200 60855.49857074 41
METOB                60855.55854547 60855.56688664 12
METOB                60855.94782704 60855.95418290 6
METOB                60856.01498917 60856.02565006 71
METOB                60856.47418392 60856.48387609 24
