iss                  60833.31537910 60833.32058602 7
iss                  60833.38098896 60833.38771574 17
iss                  60833.44743693 60833.45443018 21
iss                  60833.51423875 60833.52072039 14
iss                  60833.58163841 60833.58586706 4
iss                  60834.28163113 60834.28589228 4
iss                  60834.34678799 60834.35328146 14
iss                  60834.41308280 60834.42007772 21
iss                  60834.47979996 60834.48651906 16
iss                  60834.54693405 60834.55211953 6
iss                  60835.31264234 60835.31879245 11
iss                  60835.37873631 60835.38568117 20
iss                  60835.44536538 60835.45223999 19
iss                  60835.51233665 60835.51816027 9
iss                  60836.27857502 60836.28423159 8
iss                  60836.34440567 60836.35124277 18
iss                  60836.41093128 60836.41789632 20
iss                  60836.47778911 60836.48405504 12
iss                  60836.54548919 60836.54874223 2
iss                  60837.24462854 60837.24956586 6
iss                  60837.31010203 60837.31676136 16
iss                  60837.37649779 60837.38349805 21
iss                  60837.44326516 60837.44983807 15
iss                  60837.51055353 60837.51515122 5
iss                  60838.21089113 60838.21471741 3
iss                  60838.27584023 60838.28223163 13
iss                  60838.34206830 60838.34905231 20
iss                  60838.40875092 60838.41553163 17
iss                  60838.47581644 60838.48124603 7
iss                  60839.24164204 60839.24764217 10
iss                  60839.30764915 60839.31456340 19
iss                  60839.37423939 60839.38115180 19
iss                  60839.44116216 60839.44715589 10
iss                  60840.20753455 60840.21297180 7
iss                  60840.27324966 60840.28003246 17
iss                  60840.33972819 60840.34671075 20
iss                  60840.40654727 60840.41293269 13
iss                  60840.47406358 60840.47787173 3
iss                  60841.17357123 60841.17817664 5
iss                  60841.23888223 60841.24545704 15
iss                  60841.30521863 60841.31221760 21
iss                  60841.37195054 60841.37860559 16
iss                  60841.43914204 60841.44407051 6
iss                  60842.13988313 60842.14313985 2
iss                  60842.20456348 60842.21082991 12
iss                  60842.27071519 60842.27767861 20
iss                  60842.33736071 60842.34419462 18
iss                  60842.40436342 60842.41001634 8
iss                  60843.17031838 60843.17613667 9
iss                  60843.23622533 60843.24309705 19
iss                  60843.30277250 60843.30971453 20
iss                  60843.36964917 60843.37579859 11
iss                  60844.13617982 60844.14134982 6
iss                  60844.20175955 60844.20847287 16
iss                  60844.26818490 60844.27517649 21
iss                  60844.33496549 60844.34145878 14
iss                  60844.40233431 60844.40661126 4
iss                  60845.10221894 60845.10640923 4
iss                  60845.16733172 60845.17380204 14
iss                  60845.23360042 60845.24058871 21
iss                  60845.30029535 60845.30702251 16
iss                  60845.36740174 60845.37262667 7
iss                  60846.13296213 60846.13907503 11
iss                  60846.19902467 60846.20595646 20
iss                  60846.26562985 60846.27250777 19
iss                  60846.33257505 60846.33843032 9
iss                  60847.09867567 60847.10427326 8
iss                  60847.16446633 60847.17128187 18
iss                  60847.23096535 60847.23792804 20
iss                  60847.29779785 60847.30408765 12
iss                  60847.36543734 60847.36882055 2
iss                  60848.06451830 60848.06936044 5
iss                  60848.12993718 60848.13656351 15
iss                  60848.19630221 60848.20329349 21
iss                  60848.26304407 60848.26963292 15
iss                  60848.33029058 60848.33497214 5
iss                  60849.03059082 60849.03424731 3
iss                  60849.09545300 60849.10179542 13
iss                  60849.16164415 60849.16861134 20
iss                  60849.22829998 60849.23508860 17
iss                  60849.29533095 60849.30082105 8
iss                  60850.06103709 60850.06696500 10
iss                  60850.12699804 60850.13388576 19
iss                  60850.19355884 60850.20047098 19
iss                  60850.26045069 60850.26648807 10
iss                  60851.02671943 60851.03204839 7
iss                  60851.09237384 60851.09911759 17
iss                  60851.15881858 60851.16579233 20
iss                  60851.22560828 60851.23202295 13
iss                  60851.29305517 60851.29702579 3
iss                  60851.99256099 60851.99699488 4
iss                  60852.05778486 60852.06430377 14
iss                  60852.12408094 60852.13106181 21
iss                  60852.19078321 60852.19745493 16
iss                  60852.25792618 60852.26296060 6
iss                  60853.02325049 60853.02943597 12
iss                  60853.08935094 60853.09628552 20
iss                  60853.15596476 60853.16280382 18
iss                  60853.22292843 60853.22865452 9
AO-07                60832.60573384 60832.62124967 76
AO-07                60832.68569099 60832.69985101 26
AO-07                60832.76925226 60832.77794373 5
AO-07                60833.02114188 60833.02769863 3
AO-07                60833.09880435 60833.11232040 21
AO-07                60833.17738705 60833.19281821 63
AO-07                60833.25586578 60833.27094967 55
AO-07                60833.33380248 60833.34763016 29
AO-07                60833.41080294 60833.42408789 24
AO-07                60833.48717419 60833.50137733 33
AO-07                60833.56414967 60833.57951758 69
AO-07                60833.64284989 60833.65807268 47
AO-07                60833.72422525 60833.73658660 15
AO-07                60834.05721808 60834.06809801 10
AO-07                60834.13559970 60834.15038707 36
AO-07                60834.21418957 60834.22965935 85
AO-07                60834.29247206 60834.30698793 39
AO-07                60834.37000105 60834.38339168 25
AO-07                60834.44659554 60834.46016746 26
AO-07                60834.52308084 60834.53790168 45
AO-07                60834.60075088 60834.61629008 80
AO-07                60834.68055855 60834.69489272 28
AO-07                60834.76380288 60834.77307216 6
AO-07                60835.09385507 60835.10712769 19
AO-07                60835.17242691 60835.18781704 59
AO-07                60835.25092576 60835.26607461 58
AO-07                60835.32891220 60835.34281611 30
AO-07                60835.40597729 60835.41924691 24
AO-07                60835.48235749 60835.49647113 32
AO-07                60835.55925492 60835.57456884 65
AO-07                60835.63781708 60835.65310986 51
AO-07                60835.71897831 60835.73164553 16
AO-07                60836.05230827 60836.06274300 9
AO-07                60836.13064034 60836.14529532 33
AO-07                60836.20923547 60836.22472382 89
AO-07                60836.28755136 60836.30215177 40
AO-07                60836.36514239 60836.37857525 25
AO-07                60836.44178535 60836.45529560 26
AO-07                60836.51823683 60836.53297175 43
AO-07                60836.59579816 60836.61133157 85
AO-07                60836.67543965 60836.68993340 31
AO-07                60836.75838662 60836.76818551 7
AO-07                60837.08890834 60837.10191912 18
AO-07                60837.16746635 60837.18280610 55
AO-07                60837.24598353 60837.26119329 61
AO-07                60837.32401771 60837.33800102 31
AO-07                60837.40114816 60837.41441003 24
AO-07                60837.47754299 60837.49156895 31
AO-07                60837.55436726 60837.56962210 62
AO-07                60837.63279490 60837.64814730 54
AO-07                60837.71374944 60837.72670103 17
AO-07                60838.04740797 60838.05736173 8
AO-07                60838.12568151 60838.14019149 31
AO-07                60838.20428015 60838.21978016 86
AO-07                60838.28262748 60838.29731128 42
AO-07                60838.36027918 60838.37376065 25
AO-07                60838.43697401 60838.45042842 25
AO-07                60838.51339763 60838.52804482 41
AO-07                60838.59085414 60838.60637424 89
AO-07                60838.67033381 60838.68497314 33
AO-07                60838.75297881 60838.76328797 8
AO-07                60839.08396461 60839.09669371 16
AO-07                60839.16250550 60839.17778516 52
AO-07                60839.24103923 60839.25630548 64
AO-07                60839.31911911 60839.33318450 32
AO-07                60839.39631531 60839.40957707 24
AO-07                60839.47273028 60839.48667093 30
AO-07                60839.54948644 60839.56467748 59
AO-07                60839.62778309 60839.64318511 58
AO-07                60839.70853779 60839.72175357 19
AO-07                60840.04251962 60840.05195154 7
AO-07                60840.12072377 60840.13507489 29
AO-07                60840.19932371 60840.21482815 81
AO-07                60840.27770057 60840.29246653 44
AO-07                60840.35541139 60840.36894751 26
AO-07                60840.43216115 60840.44556592 25
AO-07                60840.50856292 60840.52312131 39
AO-07                60840.58591858 60840.60141822 86
AO-07                60840.66524063 60840.68001249 35
AO-07                60840.74761813 60840.75837895 9
AO-07                60841.07902431 60841.09145069 15
AO-07                60841.15754449 60841.17275395 48
AO-07                60841.23609299 60841.25141092 68
AO-07                60841.31421652 60841.32836615 33
AO-07                60841.39147854 60841.40474784 24
AO-07                60841.46791894 60841.48177720 29
AO-07                60841.54461221 60841.55973514 56
AO-07                60841.62278138 60841.63822344 62
AO-07                60841.70334264 60841.71680378 21
AO-07                60841.78812768 60841.79445432 3
AO-07                60842.03764562 60842.04650934 6
AO-07                60842.11576706 60842.12994519 27
AO-07                60842.19436628 60842.20986759 77
AO-07                60842.27277077 60842.28761690 47
AO-07                60842.35053906 60842.36413546 27
AO-07                60842.42734639 60842.44070782 24
AO-07                60842.50373233 60842.51820107 38
AO-07                60842.58099128 60842.59646362 82
AO-07                60842.66015972 60842.67505130 38
LO-19                60832.60226663 60832.61274497 73
LO-19                60832.67178997 60832.68170916 28
LO-19                60832.74387958 60832.75006024 5
LO-19                60833.10307542 60833.11143064 12
LO-19                60833.17182701 60833.18222062 51
LO-19                60833.24084460 60833.25099264 42
LO-19                60833.30976393 60833.31833784 15
LO-19                60833.37818703 60833.38505117 8
LO-19                60833.44545998 60833.45244671 8
LO-19                60833.51212857 60833.52091803 17
LO-19                60833.57958413 60833.58986384 47
LO-19                60833.64852043 60833.65887632 45
LO-19                60833.71959271 60833.72756386 10
LO-19                60834.08051414 60834.08728887 6
LO-19                60834.14898608 60834.15901730 32
LO-19                60834.21796607 60834.22838122 64
LO-19                60834.28695433 60834.29613989 21
LO-19                60834.35558428 60834.36293511 9
LO-19                60834.42329339 60834.42997248 7
LO-19                60834.49003947 60834.49814008 13
LO-19                60834.55708954 60834.56698891 32
LO-19                60834.62547628 60834.63601325 72
LO-19                60834.69571276 60834.70488009 18
LO-19                60835.12618767 60835.13556505 20
LO-19                60835.19508773 60835.20559137 82
LO-19                60835.26410744 60835.27382834 29
LO-19                60835.33291186 60835.34084339 12
LO-19                60835.40100823 60835.40763978 7
LO-19                60835.46795077 60835.47543609 10
LO-19                60835.53474361 60835.54413148 23
LO-19                60835.60263392 60835.61313463 73
LO-19                60835.67218207 60835.68209866 28
LO-19                60835.74427360 60835.75044842 5
LO-19                60836.10346978 60836.11181472 12
LO-19                60836.17222056 60836.18260481 51
LO-19                60836.24123809 60836.25137656 42
LO-19                60836.31015765 60836.31872149 15
LO-19                60836.37858081 60836.38543495 8
LO-19                60836.44585256 60836.45283206 8
LO-19                60836.51251978 60836.52130506 17
LO-19                60836.57997482 60836.59025168 47
LO-19                60836.64891125 60836.65926434 45
LO-19                60836.71998464 60836.72795125 10
LO-19                60837.08090815 60837.08767082 6
LO-19                60837.14937847 60837.15940006 32
LO-19                60837.21835824 60837.22876381 64
LO-19                60837.28734669 60837.29652218 21
LO-19                60837.35597694 60837.36331724 9
LO-19                60837.42368542 60837.43035560 7
LO-19                60837.49043001 60837.49852507 13
LO-19                60837.55747926 60837.56737500 32
LO-19                60837.62586590 60837.63639973 72
LO-19                60837.69610305 60837.70526627 18
LO-19                60838.12657899 60838.13594631 20
LO-19                60838.19547860 60838.20597262 82
LO-19                60838.26449841 60838.27420930 29
LO-19                60838.33330324 60838.34122406 12
LO-19                60838.40139954 60838.40802083 7
LO-19                60838.46834070 60838.47581893 10
LO-19                60838.53513244 60838.54451574 23
LO-19                60838.60302243 60838.61351949 73
LO-19                60838.67257092 60838.68248347 28
LO-19                60838.74466448 60838.75083166 5
LO-19                60839.10386025 60839.11219428 12
LO-19                60839.17261016 60839.18298468 51
LO-19                60839.24162766 60839.25175621 42
LO-19                60839.31054761 60839.31910080 15
LO-19                60839.37897112 60839.38581420 8
LO-19                60839.44624192 60839.45321268 8
LO-19                60839.51290781 60839.52168739 17
LO-19                60839.58036228 60839.59063485 47
LO-19                60839.64929880 60839.65964768 45
LO-19                60839.72037329 60839.72833384 10
LO-19                60840.08129831 60840.08804814 6
LO-19                60840.14976687 60840.15977851 32
LO-19                60840.21874643 60840.22914216 64
LO-19                60840.28773519 60840.29690020 21
LO-19                60840.35636598 60840.36369495 9
LO-19                60840.42407414 60840.43073406 7
LO-19                60840.49081733 60840.49890535 13
LO-19                60840.55786575 60840.56775642 32
LO-19                60840.62625224 60840.63678154 72
LO-19                60840.69649003 60840.70564773 18
LO-19                60841.12696629 60841.13632323 20
LO-19                60841.19586543 60841.20634965 82
LO-19                60841.26488542 60841.27458606 29
LO-19                60841.33369085 60841.34160041 12
LO-19                60841.40178740 60841.40839733 7
LO-19                60841.46872737 60841.47619707 10
LO-19                60841.53551800 60841.54489532 23
LO-19                60841.60340764 60841.61389969 73
LO-19                60841.67295642 60841.68286360 28
LO-19                60841.74505210 60841.75120996 5
LO-19                60842.10424669 60842.11256945 12
LO-19                60842.17299567 60842.18336035 51
LO-19                60842.24201321 60842.25213170 42
LO-19                60842.31093368 60842.31947588 15
LO-19                60842.37935783 60842.38618901 8
LO-19                60842.44662793 60842.45358866 8
FO-29                60832.74008755 60832.74931514 8
FO-29                60832.81290840 60832.82605539 31
FO-29                60832.88606795 60832.90000650 81
FO-29                60832.95916098 60832.97199621 35
FO-29                60833.03186693 60833.04268809 17
FO-29                60833.10371761 60833.11327101 12
FO-29                60833.17470068 60833.18491273 17
FO-29                60833.24593890 60833.25752280 37
FO-29                60833.31850209 60833.33054652 66
FO-29                60833.39304157 60833.40358709 19
FO-29                60833.47089585 60833.47577594 2
FO-29                60833.77452909 60833.78624674 17
FO-29                60833.84760200 60833.86148731 52
FO-29                60833.92076228 60833.93442770 56
FO-29                60833.99371210 60834.00569351 24
FO-29                60834.06605773 60834.07615448 14
FO-29                60834.13740944 60834.14716767 13
FO-29                60834.20834547 60834.21933832 24
FO-29                60834.28012419 60834.29219928 60
FO-29                60834.35355063 60834.36527840 38
FO-29                60834.42937117 60834.43815103 10
FO-29                60834.73634305 60834.74549179 8
FO-29                60834.80915678 60834.82235495 30
FO-29                60834.88231483 60834.89639708 81
FO-29                60834.95540758 60834.96846188 37
FO-29                60835.02812023 60835.03919901 18
FO-29                60835.09999499 60835.10976398 13
FO-29                60835.17099236 60835.18134540 17
FO-29                60835.24219642 60835.25391334 36
FO-29                60835.31468952 60835.32692250 69
FO-29                60835.38912175 60835.39997862 21
FO-29                60835.46668266 60835.47235044 3
FO-29                60835.77078263 60835.78248685 16
FO-29                60835.84385318 60835.85783059 51
FO-29                60835.91701240 60835.93085441 59
FO-29                60835.98996411 60836.00218509 25
FO-29                60836.06232401 60836.07266497 14
FO-29                60836.13370107 60836.14363301 14
FO-29                60836.20462775 60836.21574890 23
FO-29                60836.27635232 60836.28858198 58
FO-29                60836.34969360 60836.36165897 40
FO-29                60836.42537044 60836.43457677 11
FO-29                60836.73260671 60836.74165801 7
FO-29                60836.80541250 60836.81864592 29
FO-29                60836.87856911 60836.89277970 80
FO-29                60836.95166168 60836.96492104 39
FO-29                60837.02438061 60837.03570627 19
FO-29                60837.09627757 60837.10625845 13
FO-29                60837.16728804 60837.17778292 17
FO-29                60837.23845808 60837.25030910 35
FO-29                60837.31088166 60837.32330299 71
FO-29                60837.38520968 60837.39637200 22
FO-29                60837.46251969 60837.46888561 4
FO-29                60837.76704383 60837.77871733 16
FO-29                60837.84011188 60837.85416534 49
FO-29                60837.91327015 60837.92727344 62
FO-29                60837.98622373 60837.99867082 27
FO-29                60838.05859692 60838.06917365 15
FO-29                60838.12999749 60838.14010141 14
FO-29                60838.20091448 60838.21216425 23
FO-29                60838.27258517 60838.28496927 56
FO-29                60838.34584278 60838.35804293 43
FO-29                60838.42135411 60838.43100181 12
FO-29                60838.72887910 60838.73781277 7
FO-29                60838.80167591 60838.81492753 28
FO-29                60838.87483109 60838.88915394 79
FO-29                60838.94792361 60838.96137283 40
FO-29                60839.02064855 60839.03220885 19
FO-29                60839.09256615 60839.10275314 13
FO-29                60839.16358863 60839.17422416 17
FO-29                60839.23472470 60839.24670921 34
FO-29                60839.30707924 60839.31968718 73
FO-29                60839.38130577 60839.39276689 24
FO-29                60839.45839464 60839.46539366 5
FO-29                60839.76331323 60839.77493736 15
FO-29                60839.83637836 60839.85049088 47
FO-29                60839.90953580 60839.92368392 65
FO-29                60839.98249135 60839.99514978 28
FO-29                60840.05487707 60840.06567935 15
FO-29                60840.12629955 60840.13657165 14
FO-29                60840.19720652 60840.20858337 23
FO-29                60840.26882347 60840.28136032 54
FO-29                60840.34199852 60840.35442960 46
FO-29                60840.41737894 60840.42742164 13
FO-29                60840.72516124 60840.73395496 6
FO-29                60840.79794727 60840.81119909 27
FO-29                60840.87110101 60840.88551897 77
FO-29                60840.94419367 60840.95781643 42
FO-29                60841.01692448 60841.02870576 20
FO-29                60841.08886146 60841.09924684 14
FO-29                60841.15989494 60841.17066804 17
FO-29                60841.23099706 60841.24311281 34
FO-29                60841.30328294 60841.31607471 74
FO-29                60841.37741044 60841.38916274 26
FO-29                60841.45430017 60841.46188163 6
FO-29                60841.75959098 60841.77114616 14
FO-29                60841.83265284 60841.84680655 45
FO-29                60841.90580958 60841.92008546 68
FO-29                60841.97876726 60841.99162102 29
SO-50                60832.79297804 60832.79829917 5
SO-50                60832.85968720 60832.86849881 26
SO-50                60832.92845490 60832.93805257 84
SO-50                60832.99814801 60833.00774327 51
SO-50                60833.06800237 60833.07767214 53
SO-50                60833.13761741 60833.14737821 79
SO-50                60833.20713590 60833.21607744 24
SO-50                60833.27744147 60833.28258447 4
SO-50                60833.80474390 60833.81186524 10
SO-50                60833.87239311 60833.88165044 41
SO-50                60833.94157922 60833.95120894 72
SO-50                60834.01140572 60834.02099919 47
SO-50                60834.08119262 60834.09092817 63
SO-50                60834.15073340 60834.16037591 54
SO-50                60834.22034414 60834.22850860 15
SO-50                60834.81696086 60834.82517050 18
SO-50                60834.88527690 60834.89477965 62
SO-50                60834.95477822 60834.96439477 57
SO-50                60835.02465048 60835.03427452 48
SO-50                60835.09434516 60835.10412314 80
SO-50                60835.16384962 60835.17321256 35
SO-50                60835.23371922 60835.24060997 9
SO-50                60835.76259819 60835.76824653 5
SO-50                60835.82946765 60835.83836145 28
SO-50                60835.89830046 60835.90791118 86
SO-50                60835.96801764 60835.97761495 50
SO-50                60836.03786478 60836.04754726 54
SO-50                60836.10746756 60836.11722219 75
SO-50                60836.17699302 60836.18584872 23
SO-50                60836.24741188 60836.25216493 3
SO-50                60836.77443806 60836.78174945 11
SO-50                60836.84219262 60836.85149907 43
SO-50                60836.91142861 60836.92106229 69
SO-50                60836.98126619 60836.99086568 47
SO-50                60837.05104084 60837.06078785 65
SO-50                60837.12057370 60837.13019060 51
SO-50                60837.19020575 60837.19823169 14
SO-50                60837.78669371 60837.79502398 19
SO-50                60837.85508948 60837.86461849 66
SO-50                60837.92462653 60837.93424397 56
SO-50                60837.99449879 60838.00413325 49
SO-50                60838.06417988 60838.07396256 83
SO-50                60838.13368308 60838.14299298 33
SO-50                60838.20360224 60838.21026714 8
SO-50                60838.73220913 60838.73815437 6
SO-50                60838.79922602 60838.80819575 30
SO-50                60838.86812103 60838.87774305 85
SO-50                60838.93786024 60838.94746000 49
SO-50                60839.00769929 60839.01739445 55
SO-50                60839.07729035 60839.08703655 71
SO-50                60839.14682433 60839.15558881 22
SO-50                60839.21737727 60839.22169323 3
SO-50                60839.74411411 60839.75160212 12
SO-50                60839.81196872 60839.82132024 46
SO-50                60839.88125223 60839.89088908 67
SO-50                60839.95109915 60839.96070522 47
SO-50                60840.02086124 60840.03061899 67
SO-50                60840.09038693 60840.09997516 48
SO-50                60840.16004289 60840.16792204 13
SO-50                60840.75640560 60840.76484830 20
SO-50                60840.82487776 60840.83443034 70
SO-50                60840.89444835 60840.90406665 55
SO-50                60840.96431929 60840.97396455 49
SO-50                60841.03398697 60841.04377286 87
SO-50                60841.10349005 60841.11274271 31
SO-50                60841.17346445 60841.17988796 7
SO-50                60841.70180834 60841.70802458 7
SO-50                60841.76896178 60841.77800202 32
SO-50                60841.83791647 60841.84754821 83
SO-50                60841.90767572 60841.91727837 49
SO-50                60841.97750591 60841.98721364 56
SO-50                60842.04708582 60842.05682125 68
SO-50                60842.11662994 60842.12529746 20
SO-50                60842.18734541 60842.19116157 2
SO-50                60842.71377138 60842.72142357 13
SO-50                60842.78172123 60842.79111403 49
SO-50                60842.85104996 60842.86068932 65
SO-50                60842.92090453 60842.93051775 47
SO-50                60842.99065385 60843.00042152 69
SO-50                60843.06017305 60843.06972957 45
SO-50                60843.12985580 60843.13757942 12
SO-50                60843.66000079 60843.66408421 3
SO-50                60843.72609607 60843.73464369 22
SO-50                60843.79464157 60843.80421523 73
SO-50                60843.86424357 60843.87386278 54
SO-50                60843.93411198 60843.94376835 50
SO-50                60844.00376649 60844.01355397 89
SO-50                60844.07327062 60844.08246174 30
SO-50                60844.14330693 60844.14947160 6
SO-50                60844.67139414 60844.67785915 8
SO-50                60844.73867481 60844.74778039 34
SO-50                60844.80768666 60844.81732669 80
SO-50                60844.87746402 60844.88707002 48
SO-50                60844.94728467 60844.95700476 57
SO-50                60845.01685402 60845.02657626 64
SO-50                60845.08640997 60845.09497454 19
SO-50                60845.68340928 60845.69121469 14
SO-50                60845.75144997 60845.76088052 52
SO-50                60845.82082168 60845.83046302 63
HO-68                60832.58537109 60832.59632071 14
HO-68                60832.90313023 60832.91031380 4
HO-68                60832.97748467 60832.98990506 24
HO-68                60833.05247037 60833.06621287 76
HO-68                60833.12738476 60833.14046665 42
HO-68                60833.20182728 60833.21343508 21
HO-68                60833.27534826 60833.28628915 17
HO-68                60833.34811848 60833.36004581 24
HO-68                60833.42131314 60833.43463679 52
HO-68                60833.49599558 60833.50959950 59
HO-68                60833.57292143 60833.58453529 18
HO-68                60833.89172945 60833.89715465 2
HO-68                60833.96566519 60833.97761266 20
HO-68                60834.04062468 60834.05432065 64
HO-68                60834.11557529 60834.12885113 48
HO-68                60834.19012316 60834.20195725 23
HO-68                60834.26380759 60834.27474026 17
HO-68                60834.33663338 60834.34833324 22
HO-68                60834.40967661 60834.42282431 45
HO-68                60834.48407411 60834.49775500 70
HO-68                60834.56058519 60834.57272654 22
HO-68                60834.64061875 60834.64690983 3
HO-68                60834.95386221 60834.96523756 16
HO-68                60835.02877848 60835.04237519 54
HO-68                60835.10375617 60835.11719923 56
HO-68                60835.17839698 60835.19047077 25
HO-68                60835.25224246 60835.26321453 17
HO-68                60835.32515401 60835.33664394 20
HO-68                60835.39807478 60835.41102250 39
HO-68                60835.47220443 60835.48591181 82
HO-68                60835.54832824 60835.56090489 26
HO-68                60835.62759495 60835.63537558 5
HO-68                60835.94207997 60835.95277046 13
HO-68                60836.01693327 60836.03037355 45
HO-68                60836.09192901 60836.10550798 65
HO-68                60836.16665080 60836.17897017 28
HO-68                60836.24065105 60836.25170866 17
HO-68                60836.31367460 60836.32497970 19
HO-68                60836.38650420 60836.39923293 34
HO-68                60836.46038393 60836.47407133 85
HO-68                60836.53614371 60836.54907408 32
HO-68                60836.61476786 60836.62372148 8
HO-68                60836.93032719 60836.94019891 10
HO-68                60837.00509067 60837.01831240 37
HO-68                60837.08009529 60837.09377466 76
HO-68                60837.15488676 60837.16745031 31
HO-68                60837.22903258 60837.24021822 18
HO-68                60837.30218943 60837.31334187 18
HO-68                60837.37496102 60837.38745781 30
HO-68                60837.44861009 60837.46223493 74
HO-68                60837.52402638 60837.53723666 38
HO-68                60837.60206409 60837.61201010 10
HO-68                60837.91861777 60837.92750474 7
HO-68                60837.99325258 60838.00618794 31
HO-68                60838.06825640 60838.08199671 87
HO-68                60838.14310691 60838.15590645 35
HO-68                60838.21738722 60838.22873815 19
HO-68                60838.29069303 60838.30173121 17
HO-68                60838.36344095 60838.37569899 27
HO-68                60838.43688040 60838.45040401 63
HO-68                60838.51197178 60838.52539510 46
HO-68                60838.58950582 60838.60025498 13
HO-68                60838.90697672 60838.91465857 5
HO-68                60838.98142132 60838.99399538 26
HO-68                60839.05641391 60839.07017163 80
HO-68                60839.13131325 60839.14433465 40
HO-68                60839.20571585 60839.21726289 20
HO-68                60839.27918048 60839.29014769 17
HO-68                60839.35193925 60839.36395859 25
HO-68                60839.42519228 60839.43858001 54
HO-68                60839.49997613 60839.51355124 55
HO-68                60839.57705031 60839.58847158 17
HO-68                60839.89550454 60839.90160095 3
HO-68                60839.96959777 60839.98172959 21
HO-68                60840.04456881 60840.05829690 68
HO-68                60840.11950763 60840.13273072 46
HO-68                60840.19401992 60840.20578664 22
HO-68                60840.26764760 60840.27859038 17
HO-68                60840.34045076 60840.35223873 22
HO-68                60840.41354297 60840.42676446 47
HO-68                60840.48803616 60840.50170672 66
HO-68                60840.56468548 60840.57666819 20
HO-68                60840.64502422 60840.65071597 3
HO-68                60840.95778903 60840.96938380 17
HO-68                60841.03272272 60841.04636988 57
HO-68                60841.10769181 60841.12109148 53
HO-68                60841.18230127 60841.19430365 24
HO-68                60841.25609118 60841.26705711 17
HO-68                60841.32896997 60841.34054146 21
HO-68                60841.40192947 60841.41495898 41
HO-68                60841.47614893 60841.48986303 78
HO-68                60841.55240208 60841.56485043 25
HO-68                60841.63191000 60841.63924145 5
HO-68                60841.94599876 60841.95694953 14
HO-68                60842.02087707 60842.03438772 48
HO-68                60842.09586741 60842.10941386 62
HO-68                60842.17056193 60842.18280835 27
HO-68                60842.24450903 60842.25554490 17
HO-68                60842.31749116 60842.32886864 19
AO-73                60832.96488280 60832.96991280 4
AO-73                60833.03011513 60833.03837517 29
AO-73                60833.09609540 60833.10452970 49
AO-73                60833.16219726 60833.16908898 13
AO-73                60833.22827996 60833.23248358 3
AO-73                60833.35691729 60833.36148394 4
AO-73                60833.42049433 60833.42758176 15
AO-73                60833.48532843 60833.49366777 65
AO-73                60833.55181886 60833.55953008 21
AO-73                60833.96376552 60833.96870246 4
AO-73                60834.02897076 60834.03722150 28
AO-73                60834.09494459 60834.10340698 50
AO-73                60834.16104280 60834.16799128 13
AO-73                60834.22712353 60834.23140319 3
AO-73                60834.35581237 60834.36034357 4
AO-73                60834.41937396 60834.42643443 15
AO-73                60834.48418137 60834.49252002 63
AO-73                60834.55063584 60834.55838833 22
AO-73                60834.96263303 60834.96747200 4
AO-73                60835.02780977 60835.03604988 28
AO-73                60835.09377683 60835.10226692 52
AO-73                60835.15987132 60835.16687673 13
AO-73                60835.22595002 60835.23030645 3
AO-73                60835.35469049 60835.35918699 4
AO-73                60835.41823701 60835.42527047 14
AO-73                60835.48301753 60835.49135554 61
AO-73                60835.54943579 60835.55722976 23
AO-73                60835.61850130 60835.62208478 2
AO-73                60835.96148555 60835.96622118 4
AO-73                60836.02663188 60836.03486023 27
AO-73                60836.09259214 60836.10110948 54
AO-73                60836.15868285 60836.16574531 14
AO-73                60836.22475948 60836.22919331 4
AO-73                60836.35355201 60836.35801421 4
AO-73                60836.41708354 60836.42408989 14
AO-73                60836.48183694 60836.49017431 59
AO-73                60836.54821875 60836.55605435 23
AO-73                60836.61719141 60836.62096640 2
AO-73                60836.96032330 60836.96494972 3
AO-73                60837.02543731 60837.03365249 26
AO-73                60837.09139056 60837.09993460 56
AO-73                60837.15747743 60837.16459694 14
AO-73                60837.22355197 60837.22806369 4
AO-73                60837.35239678 60837.35682523 4
AO-73                60837.41591357 60837.42289268 14
AO-73                60837.48063965 60837.48897633 57
AO-73                60837.54698478 60837.55486209 24
AO-73                60837.61586817 60837.61982719 3
AO-73                60837.95914652 60837.96365733 3
AO-73                60838.02422600 60838.03242661 26
AO-73                60838.09017212 60838.09874224 58
AO-73                60838.15625510 60838.16343157 14
AO-73                60838.22232752 60838.22691754 4
AO-73                60838.35122482 60838.35562004 4
AO-73                60838.41472714 60838.42167882 14
AO-73                60838.47942570 60838.48776159 55
AO-73                60838.54573393 60838.55365295 25
AO-73                60838.61453117 60838.61866777 3
AO-73                60838.95795572 60838.96234363 3
AO-73                60839.02299830 60839.03118252 25
AO-73                60839.08893685 60839.09753232 60
AO-73                60839.15501588 60839.16224915 15
AO-73                60839.22108619 60839.22575481 4
AO-73                60839.35003616 60839.35439864 4
AO-73                60839.41352430 60839.42044832 13
AO-73                60839.47819515 60839.48653008 53
AO-73                60839.54446625 60839.55242693 26
AO-73                60839.61318008 60839.61748837 3
AO-73                60839.95675094 60839.96100823 3
AO-73                60840.02175375 60840.02992014 24
AO-73                60840.08768477 60840.09630480 62
AO-73                60840.15375981 60840.16104963 15
AO-73                60840.21982798 60840.22457543 4
AO-73                60840.34883083 60840.35316103 3
AO-73                60840.41230510 60840.41920115 13
AO-73                60840.47694803 60840.48528178 52
AO-73                60840.54318179 60840.55118401 27
AO-73                60840.61181465 60840.61628931 3
AO-73                60840.95553280 60840.95965066 3
AO-73                60841.02049274 60841.02863942 23
AO-73                60841.08641591 60841.09505963 64
AO-73                60841.15248691 60841.15983295 16
AO-73                60841.21855297 60841.22337936 4
AO-73                60841.34760884 60841.35190719 3
AO-73                60841.41106956 60841.41793730 13
AO-73                60841.47568440 60841.48401669 50
AO-73                60841.54188062 60841.54992416 28
AO-73                60841.61043481 60841.61507086 4
AO-73                60841.95430180 60841.95827027 2
AO-73                60842.01921520 60842.02734027 23
AO-73                60842.08513030 60842.09379676 66
AO-73                60842.15119722 60842.15859906 16
AO-73                60842.21726140 60842.22216653 5
AO-73                60842.34637022 60842.35063712 3
AO-73                60842.40981775 60842.41665677 12
AO-73                60842.47440431 60842.48273478 48
AO-73                60842.54056277 60842.54864738 29
AO-73                60842.60904012 60842.61383320 4
AO-73                60842.95305858 60842.95686655 2
TITA                 60832.63932779 60832.64345755 3
TITA                 60832.70245252 60832.70916295 13
TITA                 60832.76675181 60832.77487681 52
TITA                 60832.83263587 60832.84039061 25
TITA                 60832.90098683 60832.90501064 3
TITA                 60833.30744200 60833.31515285 20
TITA                 60833.37294808 60833.38134441 72
TITA                 60833.43864192 60833.44586782 16
TITA                 60833.50437015 60833.50913572 4
TITA                 60833.63295004 60833.63680371 3
TITA                 60833.69599260 60833.70248576 11
TITA                 60833.76014774 60833.76820618 43
TITA                 60833.82584457 60833.83375355 30
TITA                 60833.89380690 60833.89858286 4
TITA                 60834.30080894 60834.30830425 17
TITA                 60834.36622253 60834.37469691 87
TITA                 60834.43194651 60834.43937808 19
TITA                 60834.49767831 60834.50275617 5
TITA                 60834.62656080 60834.63014686 2
TITA                 60834.68953382 60834.69579806 10
TITA                 60834.75354891 60834.76152282 37
TITA                 60834.81906438 60834.82709936 36
TITA                 60834.88669640 60834.89208283 6
TITA                 60835.29417463 60835.30141573 14
TITA                 60835.35953341 60835.36802293 78
TITA                 60835.42524068 60835.43286224 21
TITA                 60835.49097361 60835.49635709 6
TITA                 60835.68307556 60835.68910025 9
TITA                 60835.74695501 60835.75482696 31
TITA                 60835.81229434 60835.82042886 44
TITA                 60835.87963357 60835.88553209 7
TITA                 60836.28754122 60836.29448487 12
TITA                 60836.35283611 60836.36131856 65
TITA                 60836.41852458 60836.42632022 25
TITA                 60836.48425660 60836.48993762 7
TITA                 60836.67661711 60836.68239248 8
TITA                 60836.74036577 60836.74811881 27
TITA                 60836.80553366 60836.81374270 53
TITA                 60836.87260665 60836.87894224 9
TITA                 60837.28091162 60837.28750826 10
TITA                 60837.34613101 60837.35458314 53
TITA                 60837.41179836 60837.41975130 28
TITA                 60837.47752765 60837.48349666 8
TITA                 60837.67015763 60837.67567550 7
TITA                 60837.73378070 60837.74139857 23
TITA                 60837.79878165 60837.80704143 65
TITA                 60837.86560821 60837.87232009 11
TITA                 60838.27428961 60838.28048130 8
TITA                 60838.33941858 60838.34781593 44
TITA                 60838.40506221 60838.41315507 33
TITA                 60838.47078709 60838.47703354 9
TITA                 60838.53640057 60838.53994241 2
TITA                 60838.66369618 60838.66894970 6
TITA                 60838.72719985 60838.73466651 20
TITA                 60838.79203775 60838.80032555 79
TITA                 60838.85863328 60838.86567035 14
TITA                 60839.26768141 60839.27339741 6
TITA                 60839.33269935 60839.34101606 37
TITA                 60839.39831630 60839.40653107 39
TITA                 60839.46403492 60839.47054722 11
TITA                 60839.52967616 60839.53351991 3
TITA                 60839.65723161 60839.66221580 5
TITA                 60839.72062260 60839.72792300 18
TITA                 60839.78530145 60839.79359546 83
TITA                 60839.85167847 60839.85899623 17
TITA                 60840.26109623 60840.26624662 5
TITA                 60840.32597400 60840.33418256 31
TITA                 60840.39156688 60840.39988527 46
TITA                 60840.45727171 60840.46403706 12
TITA                 60840.52293398 60840.52708631 3
TITA                 60840.65076256 60840.65547449 4
TITA                 60840.71404867 60840.72116791 16
TITA                 60840.77857231 60840.78685152 70
TITA                 60840.84474107 60840.85229988 20
TITA                 60841.25455053 60841.25901150 3
TITA                 60841.31924327 60841.32731431 26
TITA                 60841.38480207 60841.39320432 55
TITA                 60841.45049746 60841.45750240 14
TITA                 60841.51617559 60841.52063917 4
TITA                 60841.64428726 60841.64872690 4
TITA                 60841.70747761 60841.71440166 14
TITA                 60841.77184993 60841.78009407 58
TITA                 60841.83781892 60841.84558348 23
TITA                 60841.90634001 60841.91010841 2
TITA                 60842.31250808 60842.32040997 22
TITA                 60842.37802814 60842.38649420 66
TITA                 60842.44371238 60842.45094266 16
TITA                 60842.50940210 60842.51417646 4
TITA                 60842.63780413 60842.64197428 3
TITA                 60842.70090907 60842.70762454 12
TITA                 60842.76513396 60842.77332338 48
TITA                 60842.83091054 60842.83884817 28
TITA                 60842.89900907 60842.90361162 4
TITA                 60843.30576717 60843.31346796 18
TITA                 60843.37120014 60843.37975112 80
TITA                 60843.43691664 60843.44435720 18
TITA                 60843.50261464 60843.50769654 5
TITA                 60843.63131060 60843.63521821 3
TITA                 60843.69434238 60843.70083679 11
NOAA-15              60832.59435352 60832.60391934 25
NOAA-15              60832.66267522 60832.67330254 81
NOAA-15              60832.73275443 60832.74261483 25
NOAA-15              60832.80553622 60832.81122349 4
NOAA-15              60833.16574714 60833.17490266 16
NOAA-15              60833.23496542 60833.24564938 66
NOAA-15              60833.30435473 60833.31448027 35
NOAA-15              60833.37358610 60833.38195125 13
NOAA-15              60833.44221209 60833.44896670 7
NOAA-15              60833.50963149 60833.51686846 9
NOAA-15              60833.57664956 60833.58580470 19
NOAA-15              60833.64463553 60833.65514069 58
NOAA-15              60833.71421182 60833.72450019 36
NOAA-15              60833.78610414 60833.79344744 8
NOAA-15              60834.14773316 60834.15595837 11
NOAA-15              60834.21681501 60834.22734623 46
NOAA-15              60834.28619437 60834.29662037 47
NOAA-15              60834.35550075 60834.36438658 17
NOAA-15              60834.42432106 60834.43139336 8
NOAA-15              60834.49207832 60834.49897325 8
NOAA-15              60834.55904534 60834.56770326 15
NOAA-15              60834.62670624 60834.63697981 41
NOAA-15              60834.69581744 60834.70636232 52
NOAA-15              60834.76699601 60834.77549331 13
NOAA-15              60835.12982505 60835.13675501 7
NOAA-15              60835.19868135 60835.20890274 32
NOAA-15              60835.26802902 60835.27865597 66
NOAA-15              60835.33738424 60835.34676470 21
NOAA-15              60835.40638918 60835.41386068 9
NOAA-15              60835.47446977 60835.48116408 7
NOAA-15              60835.54153428 60835.54963446 12
NOAA-15              60835.60887464 60835.61882526 31
NOAA-15              60835.67755764 60835.68820958 76
NOAA-15              60835.74809192 60835.75745958 19
NOAA-15              60836.11214405 60836.11715873 3
NOAA-15              60836.18057364 60836.19030415 22
NOAA-15              60836.24986348 60836.26057872 87
NOAA-15              60836.31924543 60836.32906891 27
NOAA-15              60836.38838947 60836.39634099 11
NOAA-15              60836.45678276 60836.46344607 7
NOAA-15              60836.52400426 60836.53161479 10
NOAA-15              60836.59113565 60836.60068255 24
NOAA-15              60836.65942193 60836.67004857 77
NOAA-15              60836.72941101 60836.73937118 27
NOAA-15              60836.80201375 60836.80805974 5
NOAA-15              60837.16250364 60837.17152855 15
NOAA-15              60837.23170292 60837.24238033 62
NOAA-15              60837.30109143 60837.31128637 36
NOAA-15              60837.37033660 60837.37880566 14
NOAA-15              60837.43900540 60837.44581251 7
NOAA-15              60837.50647267 60837.51365625 8
NOAA-15              60837.57347539 60837.58255835 18
NOAA-15              60837.64140152 60837.65188453 54
NOAA-15              60837.71089345 60837.72124961 39
NOAA-15              60837.78265026 60837.79023914 9
NOAA-15              60838.14450150 60838.15254236 10
NOAA-15              60838.21355311 60838.22405137 43
NOAA-15              60838.28292811 60838.29340637 50
NOAA-15              60838.35224358 60838.36122987 17
NOAA-15              60838.42109778 60838.42824643 8
NOAA-15              60838.48890972 60838.49577366 7
NOAA-15              60838.55592344 60838.56445847 15
NOAA-15              60838.62348599 60838.63372267 39
NOAA-15              60838.69252140 60838.70310653 56
NOAA-15              60838.76358623 60838.77226297 14
NOAA-15              60839.12661743 60839.13328267 6
NOAA-15              60839.19542109 60839.20557976 30
NOAA-15              60839.26476063 60839.27542053 70
NOAA-15              60839.33412104 60839.34359377 22
NOAA-15              60839.40315154 60839.41071578 10
NOAA-15              60839.47128693 60839.47797851 7
NOAA-15              60839.53837188 60839.54639741 12
NOAA-15              60839.60567095 60839.61556802 29
NOAA-15              60839.67428192 60839.68494997 81
NOAA-15              60839.74471582 60839.75421567 20
NOAA-15              60840.10905278 60840.11358414 2
NOAA-15              60840.17731514 60840.18694978 21
NOAA-15              60840.24659392 60840.25732036 83
NOAA-15              60840.31597751 60840.32588122 29
NOAA-15              60840.38514013 60840.39319280 12
NOAA-15              60840.45358289 60840.46027406 7
NOAA-15              60840.52084149 60840.52838574 10
NOAA-15              60840.58794453 60840.59742626 23
NOAA-15              60840.65616492 60840.66678613 72
NOAA-15              60840.72606317 60840.73611813 29
NOAA-15              60840.79849753 60840.80487684 5
NOAA-15              60841.15925417 60841.16813820 14
NOAA-15              60841.22843287 60841.23909749 58
NOAA-15              60841.29781984 60841.30807981 38
NOAA-15              60841.36707795 60841.37564952 14
NOAA-15              60841.43578797 60841.44265130 7
NOAA-15              60841.50330452 60841.51043776 8
NOAA-15              60841.57029448 60841.57930415 18
NOAA-15              60841.63816177 60841.64862019 51
NOAA-15              60841.70757025 60841.71798990 41
NOAA-15              60841.77919137 60841.78701170 9
NOAA-15              60842.14126533 60842.14910803 9
NOAA-15              60842.21028363 60842.22074203 40
NOAA-15              60842.27965374 60842.29017966 53
NOAA-18              60832.59324042 60832.60050413 8
NOAA-18              60832.66127997 60832.66905408 10
NOAA-18              60832.72896511 60832.73859544 21
NOAA-18              60832.79764388 60832.80854835 64
NOAA-18              60832.86795194 60832.87853375 34
NOAA-18              60832.94066133 60832.94809092 8
NOAA-18              60833.30546980 60833.31432089 13
NOAA-18              60833.37525184 60833.38610766 53
NOAA-18              60833.44525844 60833.45584234 43
NOAA-18              60833.51512802 60833.52412817 16
NOAA-18              60833.58440369 60833.59180920 8
NOAA-18              60833.65260591 60833.66019534 9
NOAA-18              60833.72024908 60833.72964264 19
NOAA-18              60833.78875892 60833.79956800 54
NOAA-18              60833.85882760 60833.86956690 41
NOAA-18              60833.93115211 60833.93922863 10
NOAA-18              60834.29657554 60834.30490915 11
NOAA-18              60834.36628080 60834.37703172 44
NOAA-18              60834.43628186 60834.44699170 50
NOAA-18              60834.50618915 60834.51542871 18
NOAA-18              60834.57557748 60834.58311563 9
NOAA-18              60834.64392258 60834.65135504 9
NOAA-18              60834.71154714 60834.72069684 17
NOAA-18              60834.77989936 60834.79058836 46
NOAA-18              60834.84973794 60834.86059528 49
NOAA-18              60834.92171502 60834.93034262 12
NOAA-18              60835.28770671 60835.29543306 8
NOAA-18              60835.35731332 60835.36792104 37
NOAA-18              60835.42730327 60835.43811545 59
NOAA-18              60835.49724159 60835.50671536 20
NOAA-18              60835.56673104 60835.57443222 10
NOAA-18              60835.63522669 60835.64253440 8
NOAA-18              60835.70285719 60835.71175906 15
NOAA-18              60835.77106414 60835.78161014 40
NOAA-18              60835.84068137 60835.85161980 58
NOAA-18              60835.91233648 60835.92143449 15
NOAA-18              60836.27887348 60836.28588093 6
NOAA-18              60836.34835037 60836.35877388 31
NOAA-18              60836.41832329 60836.42921252 69
NOAA-18              60836.48828650 60836.49798616 23
NOAA-18              60836.55786572 60836.56575560 10
NOAA-18              60836.62651523 60836.63373428 8
NOAA-18              60836.69417644 60836.70283085 14
NOAA-18              60836.76225214 60836.77263374 34
NOAA-18              60836.83165650 60836.84264128 70
NOAA-18              60836.90297574 60836.91251097 18
NOAA-18              60837.27009316 60837.27623382 5
NOAA-18              60837.33939331 60837.34958829 26
NOAA-18              60837.40934254 60837.42028189 81
NOAA-18              60837.47932492 60837.48923917 25
NOAA-18              60837.54898308 60837.55708216 11
NOAA-18              60837.61778564 60837.62495502 8
NOAA-18              60837.68550228 60837.69391355 13
NOAA-18              60837.75346215 60837.76366012 30
NOAA-18              60837.82266208 60837.83366048 82
NOAA-18              60837.89369594 60837.90357205 21
NOAA-18              60837.96779647 60837.97253504 3
NOAA-18              60838.26140050 60838.26645500 3
NOAA-18              60838.33044350 60838.34036179 22
NOAA-18              60838.40036165 60838.41132251 85
NOAA-18              60838.47035780 60838.48047269 29
NOAA-18              60838.54008475 60838.54840873 12
NOAA-18              60838.60899441 60838.61619849 8
NOAA-18              60838.67683390 60838.68500873 11
NOAA-18              60838.74469283 60838.75468994 26
NOAA-18              60838.81369696 60838.82467808 85
NOAA-18              60838.88445991 60838.89462245 25
NOAA-18              60838.95798084 60838.96387009 4
NOAA-18              60839.32150065 60839.33109152 18
NOAA-18              60839.39138131 60839.40233333 73
NOAA-18              60839.46138599 60839.47168515 33
NOAA-18              60839.53117238 60839.53973194 13
NOAA-18              60839.60022364 60839.60745932 8
NOAA-18              60839.66820585 60839.67611588 10
NOAA-18              60839.73594045 60839.74572404 23
NOAA-18              60839.80476008 60839.81569471 72
NOAA-18              60839.87526458 60839.88566420 30
NOAA-18              60839.94830836 60839.95510400 6
NOAA-18              60840.31257169 60840.32177393 15
NOAA-18              60840.38240207 60840.39331322 61
NOAA-18              60840.45241029 60840.46287522 38
NOAA-18              60840.52224755 60840.53104868 15
NOAA-18              60840.59143104 60840.59873801 8
NOAA-18              60840.65953232 60840.66724098 10
NOAA-18              60840.72720782 60840.73676332 21
NOAA-18              60840.79585039 60840.80671100 61
NOAA-18              60840.86610747 60840.87669898 36
NOAA-18              60840.93873564 60840.94627822 8
NOAA-18              60841.30365805 60841.31240428 13
NOAA-18              60841.37342483 60841.38426092 51
NOAA-18              60841.44343142 60841.45404169 44
NOAA-18              60841.51331175 60841.52235605 16
NOAA-18              60841.58261652 60841.59003223 9
NOAA-18              60841.65085214 60841.65838335 9
NOAA-18              60841.71849088 60841.72780880 18
NOAA-18              60841.78696689 60841.79772755 52
NOAA-18              60841.85698650 60841.86772797 42
NOAA-18              60841.92923659 60841.93740669 10
NOAA-18              60842.29476450 60842.30297670 10
NOAA-19              60832.59731602 60832.60480175 9
NOAA-19              60832.66499919 60832.67404934 16
NOAA-19              60832.73329111 60832.74390351 43
NOAA-19              60832.80301514 60832.81390554 54
NOAA-19              60832.87481186 60832.88368669 13
NOAA-19              60833.24115274 60833.24853896 7
NOAA-19              60833.31068501 60833.32128770 33
NOAA-19              60833.38066460 60833.39164500 66
NOAA-19              60833.45061587 60833.46036597 22
NOAA-19              60833.52016008 60833.52812971 10
NOAA-19              60833.58872791 60833.59615655 8
NOAA-19              60833.65646140 60833.66528147 15
NOAA-19              60833.72461976 60833.73508929 37
NOAA-19              60833.79413116 60833.80509053 64
NOAA-19              60833.86558799 60833.87493277 16
NOAA-19              60834.23250233 60834.23909994 5
NOAA-19              60834.30188241 60834.31227916 28
NOAA-19              60834.37184154 60834.38288408 78
NOAA-19              60834.44181375 60834.45178261 25
NOAA-19              60834.51143831 60834.51961207 11
NOAA-19              60834.58015315 60834.58753113 8
NOAA-19              60834.64793067 60834.65652380 13
NOAA-19              60834.71597007 60834.72627759 32
NOAA-19              60834.78527722 60834.79627292 76
NOAA-19              60834.85644514 60834.86616159 19
NOAA-19              60835.22391899 60835.22955127 4
NOAA-19              60835.29308639 60835.30323150 24
NOAA-19              60835.36301814 60835.37409526 89
NOAA-19              60835.43300623 60835.44318058 28
NOAA-19              60835.50270119 60835.51109504 12
NOAA-19              60835.57156025 60835.57892527 8
NOAA-19              60835.63940440 60835.64777782 12
NOAA-19              60835.70734082 60835.71746908 28
NOAA-19              60835.77645217 60835.78745343 88
NOAA-19              60835.84734665 60835.85737854 23
NOAA-19              60835.92112788 60835.92649904 3
NOAA-19              60836.21550748 60836.21983575 2
NOAA-19              60836.28429635 60836.29414211 20
NOAA-19              60836.35419496 60836.36527753 77
NOAA-19              60836.42419373 60836.43455833 32
NOAA-19              60836.49395020 60836.50257546 13
NOAA-19              60836.56294782 60836.57033815 8
NOAA-19              60836.63087962 60836.63904500 11
NOAA-19              60836.69873064 60836.70866449 25
NOAA-19              60836.76765493 60836.77863270 78
NOAA-19              60836.83828916 60836.84858585 27
NOAA-19              60836.91155509 60836.91793610 5
NOAA-19              60837.27551835 60837.28500791 17
NOAA-19              60837.34537274 60837.35642982 65
NOAA-19              60837.41537720 60837.42591439 37
NOAA-19              60837.48518684 60837.49405033 15
NOAA-19              60837.55431493 60837.56176832 9
NOAA-19              60837.62235319 60837.63032684 10
NOAA-19              60837.69013801 60837.69986471 22
NOAA-19              60837.75888448 60837.76981136 67
NOAA-19              60837.82927003 60837.83978543 33
NOAA-19              60837.90209759 60837.90929758 7
NOAA-19              60838.26675344 60838.27582482 14
NOAA-19              60838.33655206 60838.34755097 55
NOAA-19              60838.40655736 60838.41724779 43
NOAA-19              60838.47641250 60838.48551694 16
NOAA-19              60838.54566170 60838.55321373 9
NOAA-19              60838.61382183 60838.62162491 10
NOAA-19              60838.68156125 60838.69107067 20
NOAA-19              60838.75013985 60838.76099002 57
NOAA-19              60838.82028703 60838.83097875 39
NOAA-19              60838.89272166 60838.90060513 9
NOAA-19              60839.25800561 60839.26658813 11
NOAA-19              60839.32773360 60839.33863975 46
NOAA-19              60839.39773487 60839.40855710 49
NOAA-19              60839.46762827 60839.47697247 18
NOAA-19              60839.53698846 60839.54467187 9
NOAA-19              60839.60528251 60839.61294030 9
NOAA-19              60839.67299846 60839.68228339 18
NOAA-19              60839.74142003 60839.75216928 49
NOAA-19              60839.81133828 60839.82216686 46
NOAA-19              60839.88342022 60839.89188553 11
NOAA-19              60840.24928033 60840.25729071 9
NOAA-19              60840.31891840 60840.32969472 39
NOAA-19              60840.38891032 60840.39984134 58
NOAA-19              60840.45883576 60840.46841479 20
NOAA-19              60840.52829606 60840.53613981 10
NOAA-19              60840.59673219 60840.60427428 9
NOAA-19              60840.66444753 60840.67350380 16
NOAA-19              60840.73272402 60840.74334976 42
NOAA-19              60840.80242217 60840.81335082 55
NOAA-19              60840.87417873 60840.88314163 14
NOAA-19              60841.24058597 60841.24792291 7
NOAA-19              60841.31010721 60841.32071428 33
NOAA-19              60841.38008434 60841.39109949 68
NOAA-19              60841.45003585 60841.45984177 23
NOAA-19              60841.51958568 60841.52761424 11
NOAA-19              60841.58816778 60841.59562759 9
NOAA-19              60841.65590604 60841.66473351 15
NOAA-19              60841.72405074 60841.73453204 36
NOAA-19              60841.79353728 60841.80453150 66
NOAA-19              60841.86495656 60841.87438123 17
NOAA-19              60842.23193630 60842.23846940 5
NOAA-19              60842.30130128 60842.31169657 28
METOA                60832.58228989 60832.58801186 6
METOA                60832.64833293 60832.65318476 4
METOA                60832.71310398 60832.71966422 8
METOA                60832.77802939 60832.78679911 22
METOA                60832.84410636 60832.85406870 75
METOA                60832.91191138 60832.92119934 25
METOA                60832.98233099 60832.98754777 4
METOA                60833.33224991 60833.33833955 7
METOA                60833.39893268 60833.40763032 37
METOA                60833.46614457 60833.47480262 40
METOA                60833.53335320 60833.54050375 12
METOA                60833.60020730 60833.60538041 5
METOA                60833.66585219 60833.67087027 4
METOA                60833.73050201 60833.73762837 10
METOA                60833.79563499 60833.80483890 29
METOA                60833.86215744 60833.87209782 70
METOA                60833.93054483 60833.93912564 17
METOA                60834.35006857 60834.35718603 11
METOA                60834.41696652 60834.42580224 58
METOA                60834.48421894 60834.49253628 28
METOA                60834.55139278 60834.55792456 9
METOA                60834.61803609 60834.62278347 4
METOA                60834.68328959 60834.68866403 5
METOA                60834.74793718 60834.75562246 13
METOA                60834.81337380 60834.82287682 40
METOA                60834.88033046 60834.89010803 47
METOA                60834.94934520 60834.95698522 11
METOA                60835.36798010 60835.37580006 17
METOA                60835.43501453 60835.44384215 76
METOA                60835.50228922 60835.51016765 20
METOA                60835.56940180 60835.57529213 7
METOA                60835.63575324 60835.64026412 3
METOA                60835.70066828 60835.70653362 6
METOA                60835.76542310 60835.77362956 17
METOA                60835.83120737 60835.84091003 57
METOA                60835.89863968 60835.90809140 32
METOA                60835.96840285 60835.97470877 6
METOA                60836.31959460 60836.32424541 3
METOA                60836.38594676 60836.39422914 26
METOA                60836.45311750 60836.46176255 53
METOA                60836.52035125 60836.52770511 15
METOA                60836.58736570 60836.59263163 5
METOA                60836.65334426 60836.65785383 3
METOA                60836.71803348 60836.72446208 8
METOA                60836.78298995 60836.79165240 23
METOA                60836.84915720 60836.85893350 79
METOA                60836.91713935 60836.92603420 22
METOA                60836.98789570 60836.99213975 2
METOA                60837.33722896 60837.34335778 7
METOA                60837.40394434 60837.41249953 41
METOA                60837.47117191 60837.47955857 35
METOA                60837.53839988 60837.54515890 11
METOA                60837.60526342 60837.60997652 4
METOA                60837.67082576 60837.67556664 4
METOA                60837.73541776 60837.74242990 10
METOA                60837.80064275 60837.80967871 31
METOA                60837.86722490 60837.87694175 63
METOA                60837.93577579 60837.94392222 14
METOA                60838.35504199 60838.36214496 12
METOA                60838.42196369 60838.43062790 64
METOA                60838.48923259 60838.49725179 25
METOA                60838.55642820 60838.56254314 8
METOA                60838.62306716 60838.62736940 3
METOA                60838.68821565 60838.69337564 5
METOA                60838.75284644 60838.76042280 13
METOA                60838.81835197 60838.82770478 43
METOA                60838.88542231 60838.89492813 42
METOA                60838.95463473 60838.96172534 9
METOA                60839.37294268 60839.38070770 19
METOA                60839.43999703 60839.44862593 72
METOA                60839.50728975 60839.51484341 18
METOA                60839.57442587 60839.57987692 6
METOA                60839.64074828 60839.64485507 3
METOA                60839.70556299 60839.71126116 6
METOA                60839.77033857 60839.77843002 18
METOA                60839.83620524 60839.84572180 62
METOA                60839.90375833 60839.91288368 28
METOA                60839.97379207 60839.97935319 5
METOA                60840.32448311 60840.32928787 4
METOA                60840.39089621 60840.39909000 29
METOA                60840.45808488 60840.46650558 47
METOA                60840.52533935 60840.53234205 13
METOA                60840.59237707 60840.59718704 4
METOA                60840.65830109 60840.66246940 3
METOA                60840.72290674 60840.72919881 8
METOA                60840.78790209 60840.79643836 23
METOA                60840.85416402 60840.86372675 79
METOA                60840.92229112 60840.93079249 19
METOA                60841.34212795 60841.34832362 8
METOA                60841.40887950 60841.41731648 45
METOA                60841.47612498 60841.48426150 31
METOA                60841.54337631 60841.54975814 9
METOA                60841.61025808 60841.61451050 3
METOA                60841.67572818 60841.68020121 3
METOA                60841.74027815 60841.74716976 10
METOA                60841.80556205 60841.81445315 32
METOA                60841.87225036 60841.88171391 56
METOA                60841.94097784 60841.94864199 12
METOA                60842.35993574 60842.36705321 13
METOB                60832.59359109 60832.60111220 9
METOB                60832.66090822 60832.67033738 21
METOB                60832.72922481 60832.73993791 63
METOB                60832.79917507 60832.80955453 34
METOB                60832.87151729 60832.87872657 7
METOB                60833.23423567 60833.24293284 13
METOB                60833.30364242 60833.31436323 52
METOB                60833.37328741 60833.38374589 43
METOB                60833.44281841 60833.45166702 16
METOB                60833.51179191 60833.51893830 8
METOB                60833.57967454 60833.58689827 8
METOB                60833.64691236 60833.65596212 17
METOB                60833.71496493 60833.72552001 48
METOB                60833.78453615 60833.79515845 45
METOB                60833.85627916 60833.86449540 11
METOB                60834.21997010 60834.22778863 9
METOB                60834.28923989 60834.29977165 39
METOB                60834.35886997 60834.36952112 55
METOB                60834.42845169 60834.43769665 19
METOB                60834.49759274 60834.50500101 9
METOB                60834.56572116 60834.57272569 8
METOB                60834.63295698 60834.64160652 14
METOB                60834.70077020 60834.71110500 38
METOB                60834.76998503 60834.78075163 60
METOB                60834.84120843 60834.85020318 15
METOB                60835.20578981 60835.21245904 6
METOB                60835.27484963 60835.28508828 29
METOB                60835.34445031 60835.35522857 72
METOB                60835.41406730 60835.42368591 23
METOB                60835.48334562 60835.49108296 10
METOB                60835.55172761 60835.55860818 7
METOB                60835.61907170 60835.62727347 12
METOB                60835.68663393 60835.69669546 30
METOB                60835.75551586 60835.76633763 80
METOB                60835.82623585 60835.83587000 20
METOB                60835.90009814 60835.90435927 2
METOB                60836.19177499 60836.19685733 3
METOB                60836.26047698 60836.27030518 22
METOB                60836.33003087 60836.34086421 87
METOB                60836.39966938 60836.40962727 28
METOB                60836.46905754 60836.47716926 12
METOB                60836.53768387 60836.54454665 7
METOB                60836.60515523 60836.61297361 10
METOB                60836.67255550 60836.68229439 24
METOB                60836.74112373 60836.75191940 79
METOB                60836.81141298 60836.82150546 27
METOB                60836.88434779 60836.89045760 5
METOB                60837.24612658 60837.25541110 17
METOB                60837.31561422 60837.32642386 67
METOB                60837.38526143 60837.39551430 35
METOB                60837.45473556 60837.46324617 14
METOB                60837.52354318 60837.53053955 7
METOB                60837.59123871 60837.59871154 9
METOB                60837.65852686 60837.66790507 20
METOB                60837.72680434 60837.73749954 61
METOB                60837.79669305 60837.80712047 35
METOB                60837.86893447 60837.87632499 8
METOB                60838.23181444 60838.24039028 12
METOB                60838.30120309 60838.31190286 50
METOB                60838.37084646 60838.38134179 44
METOB                60838.44038620 60838.44930112 16
METOB                60838.50938771 60838.51657363 8
METOB                60838.57730756 60838.58449467 8
METOB                60838.64454087 60838.65353125 17
METOB                60838.71255358 60838.72308061 47
METOB                60838.78206698 60838.79272103 47
METOB                60838.85372336 60838.86207931 11
METOB                60839.21755797 60839.22521863 8
METOB                60839.28680084 60839.29729586 37
METOB                60839.35642716 60839.36710518 57
METOB                60839.42601508 60839.43532353 19
METOB                60839.49517923 60839.50263890 9
METOB                60839.56334728 60839.57032922 8
METOB                60839.63058872 60839.63917785 14
METOB                60839.69836732 60839.70866484 36
METOB                60839.76752772 60839.77831146 63
METOB                60839.83867388 60839.84777774 16
METOB                60840.20339478 60840.20985273 5
METOB                60840.27241155 60840.28259590 28
METOB                60840.34200602 60840.35280009 75
METOB                60840.41162699 60840.42130423 24
METOB                60840.48092390 60840.48872108 10
METOB                60840.54934503 60840.55621923 7
METOB                60840.61670509 60840.62484792 12
METOB                60840.68423876 60840.69425513 29
METOB                60840.75306959 60840.76389522 83
METOB                60840.82371901 60840.83343753 21
METOB                60840.89740582 60840.90202699 2
METOB                60841.18942013 60841.19419035 3
METOB                60841.25804086 60841.26779454 21
METOB                60841.32758542 60841.33842254 84
METOB                60841.39722595 60841.40723594 29
METOB                60841.46662873 60841.47480530 12
METOB                60841.53529140 60841.54216493 7
METOB                60841.60278816 60841.61055224 10
METOB                60841.67016722 60841.67985432 24
METOB                60841.73868782 60841.74947517 76
METOB                60841.80891166 60841.81906783 28
METOB                60841.88172537 60841.88806968 5
