iss                  60833.56946938 60833.57325358 3
iss                  60833.63417700 60833.64151201 33
iss                  60833.70112073 60833.70869705 47
iss                  60833.76874899 60833.77604261 25
iss                  60833.83617797 60833.84367847 38
iss                  60833.90334789 60833.91084436 47
iss                  60833.97113764 60833.97627144 6
iss                  60834.60000151 60834.60691968 20
iss                  60834.66655711 60834.67419055 68
iss                  60834.73410391 60834.74144123 27
iss                  60834.80163350 60834.80904020 31
iss                  60834.86882599 60834.87643813 78
iss                  60834.93627070 60834.94252835 12
iss                  60835.56598986 60835.57220838 12
iss                  60835.63204509 60835.63966539 78
iss                  60835.69943233 60835.70685053 31
iss                  60835.76703795 60835.77436832 27
iss                  60835.83429597 60835.84191743 67
iss                  60835.90155933 60835.90849708 20
iss                  60836.53223404 60836.53729134 6
iss                  60836.59760738 60836.60510502 46
iss                  60836.66475367 60836.67226849 38
iss                  60836.73238951 60836.73968195 25
iss                  60836.79974155 60836.80730452 46
iss                  60836.86692143 60836.87426276 33
iss                  60836.93512437 60836.93904065 3
iss                  60837.56327056 60837.57048803 28
iss                  60837.63008973 60837.63768806 52
iss                  60837.69769270 60837.70499583 26
iss                  60837.76514975 60837.77262137 35
iss                  60837.83231544 60837.83986865 56
iss                  60837.89995880 60837.90553847 8
iss                  60838.52906654 60838.53578274 17
iss                  60838.59546297 60838.60309817 78
iss                  60838.66295866 60838.67031862 28
iss                  60838.73051086 60838.73789021 29
iss                  60838.79771493 60838.80534333 88
iss                  60838.86507894 60838.87160820 14
iss                  60839.49505170 60839.50093594 10
iss                  60839.56089594 60839.56848455 66
iss                  60839.62820425 60839.63565235 33
iss                  60839.69581948 60839.70313211 26
iss                  60839.76310056 60839.77071035 59
iss                  60839.83032028 60839.83742514 24
iss                  60840.46135513 60840.46582532 4
iss                  60840.52641226 60840.53382894 39
iss                  60840.59345017 60840.60099314 42
iss                  60840.66107580 60840.66836521 25
iss                  60840.72845705 60840.73599199 42
iss                  60840.79561899 60840.80305487 39
iss                  60840.86357024 60840.86819210 5
iss                  60841.49204088 60841.49910706 23
iss                  60841.55871882 60841.56633236 60
iss                  60841.62628669 60841.63360250 26
iss                  60841.69377233 60841.70121073 33
iss                  60841.76093977 60841.76853462 67
iss                  60841.82845881 60841.83442918 10
iss                  60842.45781939 60842.46428122 14
iss                  60842.52403300 60842.53165766 88
iss                  60842.59146556 60842.59885044 29
iss                  60842.65903793 60842.66638877 28
iss                  60842.72625893 60842.73389078 77
iss                  60842.79355377 60842.80032325 17
iss                  60843.42382075 60843.42928219 8
iss                  60843.48941572 60843.49695328 54
iss                  60843.55663107 60843.56410890 35
iss                  60843.62425019 60843.63154672 26
iss                  60843.69155855 60843.69914651 51
iss                  60843.75874292 60843.76599154 28
iss                  60844.39016929 60844.39391692 3
iss                  60844.45489285 60844.46219896 32
iss                  60844.52180498 60844.52937213 47
iss                  60844.58941161 60844.59670135 25
iss                  60844.65682432 60844.66432433 38
iss                  60844.72397541 60844.73148677 48
iss                  60844.79172810 60844.79693141 6
iss                  60845.42049400 60845.42736642 19
iss                  60845.48701022 60845.49462990 69
iss                  60845.55453154 60845.56186357 27
iss                  60845.62204523 60845.62944704 31
iss                  60845.68922083 60845.69684118 80
iss                  60845.75663466 60845.76294603 12
iss                  60846.38626807 60846.39240931 11
iss                  60846.45226990 60846.45986852 75
iss                  60846.51962569 60846.52703747 31
iss                  60846.58721430 60846.59453679 27
iss                  60846.65445773 60846.66207983 66
iss                  60846.72169473 60846.72867272 21
iss                  60847.35231550 60847.35723174 6
iss                  60847.41760768 60847.42507054 44
iss                  60847.48471434 60847.49222069 39
iss                  60847.55232994 60847.55961330 25
iss                  60847.61966947 60847.62722575 45
iss                  60847.68682719 60847.69419541 34
iss                  60847.75494851 60847.75904994 3
iss                  60848.38305158 60848.39021315 26
iss                  60848.44982014 60848.45740560 54
iss                  60848.51739718 60848.52469157 26
iss                  60848.58484277 60848.59230190 34
AO-07                60833.00110462 60833.01611597 42
AO-07                60833.08431281 60833.09263535 5
AO-07                60833.42281663 60833.43373407 10
AO-07                60833.50012001 60833.51543859 58
AO-07                60833.57862228 60833.59307694 38
AO-07                60833.65727507 60833.66768295 10
AO-07                60833.73488972 60833.74079699 3
AO-07                60833.80859909 60833.81736481 7
AO-07                60833.88239656 60833.89591126 25
AO-07                60833.95902228 60833.97452917 89
AO-07                60834.03915572 60834.05245392 20
AO-07                60834.45872516 60834.47269825 26
AO-07                60834.53683608 60834.55221292 76
AO-07                60834.61548623 60834.62837744 21
AO-07                60834.69393264 60834.70187247 5
AO-07                60834.76983245 60834.77613356 3
AO-07                60834.84288579 60834.85409793 13
AO-07                60834.91790770 60834.93276986 46
AO-07                60834.99604444 60835.01119282 47
AO-07                60835.07874449 60835.08800574 6
AO-07                60835.41807331 60835.42832180 8
AO-07                60835.49518756 60835.51042489 53
AO-07                60835.57365753 60835.58827633 41
AO-07                60835.65232098 60835.66306134 11
AO-07                60835.73009652 60835.73613583 3
AO-07                60835.80401737 60835.81243379 6
AO-07                60835.87767332 60835.89094327 23
AO-07                60835.95409747 60835.96957707 84
AO-07                60836.03395783 60836.04758794 22
AO-07                60836.45384560 60836.46753063 23
AO-07                60836.53188229 60836.54730394 82
AO-07                60836.61052038 60836.62366743 23
AO-07                60836.68901475 60836.69728859 6
AO-07                60836.76520188 60836.77130597 3
AO-07                60836.83825545 60836.84913856 12
AO-07                60836.91309266 60836.92780484 42
AO-07                60836.99101185 60837.00626488 51
AO-07                60837.07325544 60837.08331655 8
AO-07                60837.41337082 60837.42285132 7
AO-07                60837.49025938 60837.50539549 48
AO-07                60837.56869351 60837.58346287 45
AO-07                60837.64736428 60837.65843091 12
AO-07                60837.72528096 60837.73149413 3
AO-07                60837.79943744 60837.80751012 5
AO-07                60837.87296235 60837.88597584 22
AO-07                60837.94918650 60837.96462284 78
AO-07                60838.02878478 60838.04271068 25
AO-07                60838.44897678 60838.46233888 21
AO-07                60838.52693063 60838.54238151 88
AO-07                60838.60555412 60838.61894566 25
AO-07                60838.68408899 60838.69270389 6
AO-07                60838.76055316 60838.76649990 3
AO-07                60838.83363449 60838.84418140 11
AO-07                60838.90829059 60838.92283917 39
AO-07                60838.98599546 60839.00133264 57
AO-07                60839.06782837 60839.07858349 10
AO-07                60839.40872281 60839.41730772 5
AO-07                60839.48533599 60839.50034982 44
AO-07                60839.56373038 60839.57863686 49
AO-07                60839.64240534 60839.65379108 14
AO-07                60839.72044491 60839.72686922 3
AO-07                60839.79485755 60839.80259487 5
AO-07                60839.86826345 60839.88100891 20
AO-07                60839.94428918 60839.95966671 72
AO-07                60840.02363480 60840.03782374 28
AO-07                60840.44412035 60840.45712141 18
AO-07                60840.52198124 60840.53744544 84
AO-07                60840.60058763 60840.61421166 27
AO-07                60840.67915648 60840.68811684 7
AO-07                60840.75588371 60840.76171715 3
AO-07                60840.82902222 60840.83922727 10
AO-07                60840.90350142 60840.91787289 36
AO-07                60840.98099475 60840.99639651 62
AO-07                60841.06245263 60841.07381675 11
AO-07                60841.40415230 60841.41166624 4
AO-07                60841.48041782 60841.49528727 39
AO-07                60841.55876829 60841.57379803 53
AO-07                60841.63744424 60841.64914129 15
AO-07                60841.71559043 60841.72225825 3
AO-07                60841.79027572 60841.79768948 4
AO-07                60841.86357634 60841.87604273 18
AO-07                60841.93940538 60841.95470888 66
AO-07                60842.01850642 60842.03292829 31
AO-07                60842.43928394 60842.45187543 16
AO-07                60842.51703476 60842.53249553 78
AO-07                60842.59562110 60842.60946552 29
AO-07                60842.67421818 60842.68352595 8
AO-07                60842.75119143 60842.75695897 3
AO-07                60842.82441786 60842.83427658 9
AO-07                60842.89872508 60842.91290620 33
AO-07                60842.97600930 60842.99145688 68
AO-07                60843.05712026 60843.06902315 13
AO-07                60843.39976288 60843.40587816 2
AO-07                60843.47550370 60843.49020705 36
AO-07                60843.55380742 60843.56894638 58
AO-07                60843.63248183 60843.64448109 16
AO-07                60843.71071960 60843.71765838 4
AO-07                60843.78568975 60843.79279553 4
AO-07                60843.85890084 60843.87107756 17
LO-19                60832.95239757 60832.95873965 23
LO-19                60833.01775770 60833.02755105 27
LO-19                60833.45519120 60833.46331162 11
LO-19                60833.52343060 60833.53387899 86
LO-19                60833.59282324 60833.60131289 15
LO-19                60833.92627876 60833.93572359 24
LO-19                60833.99448244 60834.00486835 52
LO-19                60834.06629829 60834.07244073 5
LO-19                60834.43334288 60834.43866403 4
LO-19                60834.50063946 60834.51088479 44
LO-19                60834.56972030 60834.57929051 26
LO-19                60834.64013039 60834.64435052 2
LO-19                60834.90433234 60834.91259543 13
LO-19                60834.97155901 60834.98205098 82
LO-19                60835.04189594 60835.05041123 14
LO-19                60835.47799116 60835.48752586 23
LO-19                60835.54672385 60835.55693398 49
LO-19                60835.61647871 60835.62332433 7
LO-19                60835.88279875 60835.88929174 6
LO-19                60835.94895462 60835.95912984 43
LO-19                60836.01814799 60836.02794123 27
LO-19                60836.45558459 60836.46369451 11
LO-19                60836.52382341 60836.53426196 86
LO-19                60836.59321698 60836.60169469 15
LO-19                60836.92666771 60836.93611230 24
LO-19                60836.99487161 60837.00525711 52
LO-19                60837.06668914 60837.07282842 5
LO-19                60837.43373683 60837.43904381 4
LO-19                60837.50103088 60837.51126650 44
LO-19                60837.57011214 60837.57967153 26
LO-19                60837.64052751 60837.64472626 2
LO-19                60837.90472040 60837.91298238 13
LO-19                60837.97194699 60837.98243823 82
LO-19                60838.04228477 60838.05079807 14
LO-19                60838.47838136 60838.48790618 23
LO-19                60838.54711402 60838.55731397 49
LO-19                60838.61687082 60838.62370234 7
LO-19                60838.88318618 60838.88967665 6
LO-19                60838.94934152 60838.95951550 43
LO-19                60839.01853529 60839.02832679 27
LO-19                60839.45597391 60839.46407311 11
LO-19                60839.52421205 60839.53464085 86
LO-19                60839.59360658 60839.60207248 15
LO-19                60839.92705363 60839.93649627 24
LO-19                60839.99525761 60840.00564123 52
LO-19                60840.06707690 60840.07321129 5
LO-19                60840.43412680 60840.43941912 4
LO-19                60840.50141811 60840.51164412 44
LO-19                60840.57049978 60840.58004856 26
LO-19                60840.64092050 60840.64509803 2
LO-19                60840.90510552 60840.91336450 13
LO-19                60840.97233182 60840.98282082 82
LO-19                60841.04267038 60841.05118023 13
LO-19                60841.47876734 60841.48828240 23
LO-19                60841.54749996 60841.55769000 48
LO-19                60841.61725870 60841.62407646 7
LO-19                60841.88357086 60841.89005653 6
LO-19                60841.94972529 60841.95989647 43
LO-19                60842.01891936 60842.02870769 27
LO-19                60842.45635900 60842.46444755 11
LO-19                60842.52459642 60842.53501578 86
LO-19                60842.59399190 60842.60244640 15
LO-19                60842.92743648 60842.93687551 24
LO-19                60842.99564038 60843.00602070 52
LO-19                60843.06746149 60843.07358934 5
LO-19                60843.43451261 60843.43979016 4
LO-19                60843.50180104 60843.51201778 44
LO-19                60843.57088311 60843.58042174 26
LO-19                60843.64130911 60843.64546608 2
LO-19                60843.90548761 60843.91374179 13
LO-19                60843.97271343 60843.98319875 82
LO-19                60844.04305271 60844.05155769 13
LO-19                60844.47914900 60844.48865464 23
LO-19                60844.54788154 60844.55806239 48
LO-19                60844.61764221 60844.62444682 7
LO-19                60844.88395266 60844.89043140 6
LO-19                60844.95010586 60844.96027274 43
LO-19                60845.01930012 60845.02908394 27
LO-19                60845.45673977 60845.46481799 11
LO-19                60845.52497641 60845.53538686 86
LO-19                60845.59437282 60845.60281658 15
LO-19                60845.92781615 60845.93725001 24
LO-19                60845.99601984 60846.00639552 52
LO-19                60846.06784280 60846.07396257 5
LO-19                60846.43489409 60846.44015714 3
LO-19                60846.50217957 60846.51238760 44
LO-19                60846.57126201 60846.58079118 26
LO-19                60846.64169313 60846.64583062 2
LO-19                60846.90586659 60846.91411428 13
LO-19                60846.97309174 60846.98357203 82
LO-19                60847.04343166 60847.05193048 13
LO-19                60847.47952625 60847.48902304 23
LO-19                60847.54825868 60847.55843085 48
LO-19                60847.61802120 60847.62481360 7
LO-19                60847.88433148 60847.89080132 6
LO-19                60847.95048314 60847.96064434 43
LO-19                60848.01967750 60848.02945554 27
LO-19                60848.45711609 60848.46518457 11
LO-19                60848.52535193 60848.53575423 86
FO-29                60833.11327261 60833.12330492 10
FO-29                60833.18522775 60833.19937034 55
FO-29                60833.25839085 60833.27170385 37
FO-29                60833.33220533 60833.34085781 8
FO-29                60833.54403599 60833.54943968 3
FO-29                60833.61296768 60833.62354799 26
FO-29                60833.68529365 60833.69671699 52
FO-29                60833.76146475 60833.76838328 6
FO-29                60834.14713290 60834.16008373 25
FO-29                60834.21986243 60834.23412029 76
FO-29                60834.29331122 60834.30498515 19
FO-29                60834.57615082 60834.58485064 11
FO-29                60834.64686868 60834.65840603 57
FO-29                60834.72073661 60834.73111472 21
FO-29                60835.10965194 60835.11943261 9
FO-29                60835.18151623 60835.19570192 52
FO-29                60835.25464467 60835.26816936 39
FO-29                60835.32839387 60835.33749485 9
FO-29                60835.54045416 60835.54578782 3
FO-29                60835.60926311 60835.61989807 24
FO-29                60835.68146357 60835.69309047 56
FO-29                60835.75736063 60835.76492252 7
FO-29                60836.14345355 60836.15633033 23
FO-29                60836.21613779 60836.23051293 80
FO-29                60836.28954872 60836.30151922 20
FO-29                60836.36387806 60836.36900065 2
FO-29                60836.57250782 60836.58120287 11
FO-29                60836.64310652 60836.65476602 53
FO-29                60836.71682236 60836.72752642 24
FO-29                60837.10604983 60837.11553748 8
FO-29                60837.17781441 60837.19202153 49
FO-29                60837.25090854 60837.26462278 42
FO-29                60837.32459979 60837.33411405 10
FO-29                60837.53687556 60837.54214506 3
FO-29                60837.60556274 60837.61625452 23
FO-29                60837.67763874 60837.68946823 60
FO-29                60837.75328736 60837.76144196 8
FO-29                60838.13978569 60838.15256239 22
FO-29                60838.21242277 60838.22689362 84
FO-29                60838.28579784 60838.29803974 22
FO-29                60838.35997402 60838.36577760 3
FO-29                60838.56886964 60838.57756191 10
FO-29                60838.63934900 60838.65113130 50
FO-29                60838.71291718 60838.72393904 26
FO-29                60839.10246887 60839.11161722 7
FO-29                60839.17412283 60839.18832831 46
FO-29                60839.24718249 60839.26106359 44
FO-29                60839.32082190 60839.33071560 11
FO-29                60839.53330152 60839.53851014 3
FO-29                60839.60186744 60839.61261666 22
FO-29                60839.67381978 60839.68584982 65
FO-29                60839.74921384 60839.75794861 10
FO-29                60840.13612982 60840.14877890 20
FO-29                60840.20871767 60840.22326156 88
FO-29                60840.28205840 60840.29454637 23
FO-29                60840.35611346 60840.36251209 4
FO-29                60840.56523731 60840.57392689 10
FO-29                60840.63559690 60840.64750127 47
FO-29                60840.70902130 60840.72035228 29
FO-29                60841.09891158 60841.10766822 6
FO-29                60841.17044123 60841.18462167 43
FO-29                60841.24346646 60841.25749137 47
FO-29                60841.31705922 60841.32730008 12
FO-29                60841.52973345 60841.53488153 3
FO-29                60841.59817833 60841.60898396 22
FO-29                60841.67000710 60841.68223471 68
FO-29                60841.74518839 60841.75444068 11
FO-29                60842.13248636 60842.14497902 19
FO-29                60842.20502204 60842.21961660 86
FO-29                60842.27833016 60842.29103874 25
FO-29                60842.35228653 60842.35921254 4
FO-29                60842.56161188 60842.57029680 9
FO-29                60842.63185101 60842.64387528 45
FO-29                60842.70513474 60842.71676596 31
FO-29                60843.09538166 60843.10368634 5
FO-29                60843.16676995 60843.18090127 41
FO-29                60843.23976038 60843.25390577 50
FO-29                60843.31331090 60843.32386761 13
FO-29                60843.52617286 60843.53125759 3
FO-29                60843.59449595 60843.60535516 21
FO-29                60843.66620175 60843.67862231 71
FO-29                60843.74118373 60843.75092311 13
FO-29                60844.12885560 60844.14116179 18
FO-29                60844.20133609 60844.21595822 82
FO-29                60844.27461286 60844.28751649 26
FO-29                60844.34848722 60844.35588418 5
FO-29                60844.55799437 60844.56667058 9
FO-29                60844.62811210 60844.64025259 43
FO-29                60844.70125822 60844.71317975 34
FO-29                60844.77912181 60844.78385715 2
FO-29                60845.09188381 60845.09966608 5
FO-29                60845.16310900 60845.17716626 39
FO-29                60845.23606410 60845.25030625 53
FO-29                60845.30957620 60845.32041826 13
FO-29                60845.52262128 60845.52763674 2
FO-29                60845.59082136 60845.60172963 20
FO-29                60845.66240415 60845.67501191 74
FO-29                60845.73719812 60845.74739704 15
FO-29                60846.12523845 60846.13732623 17
SO-50                60833.12686403 60833.13364409 9
SO-50                60833.19444702 60833.20386411 78
SO-50                60833.26468248 60833.27327601 19
SO-50                60833.33642389 60833.34303322 7
SO-50                60833.40752612 60833.41432546 7
SO-50                60833.47718640 60833.48612800 21
SO-50                60833.54657314 60833.55634182 73
SO-50                60833.61678499 60833.62387484 9
SO-50                60834.13889215 60834.14723344 20
SO-50                60834.20758202 60834.21697726 53
SO-50                60834.27849130 60834.28638811 13
SO-50                60834.35030124 60834.35657236 6
SO-50                60834.42080220 60834.42833382 10
SO-50                60834.49024787 60834.49973481 35
SO-50                60834.55976165 60834.56915745 36
SO-50                60835.08530554 60835.08940801 3
SO-50                60835.15140979 60835.16054672 41
SO-50                60835.22098232 60835.23005148 29
SO-50                60835.29242806 60835.29958403 9
SO-50                60835.36397149 60835.37034924 6
SO-50                60835.43394922 60835.44227686 15
SO-50                60835.50331517 60835.51309114 64
SO-50                60835.57309843 60835.58159857 18
SO-50                60836.09651909 60836.10358982 10
SO-50                60836.16428012 60836.17371932 84
SO-50                60836.23461606 60836.24312403 18
SO-50                60836.30638560 60836.31293021 7
SO-50                60836.37740520 60836.38430071 8
SO-50                60836.44702640 60836.45605996 23
SO-50                60836.51642403 60836.52616752 66
SO-50                60836.58677905 60836.59350931 8
SO-50                60837.10862264 60837.11711680 22
SO-50                60837.17744537 60837.18681591 48
SO-50                60837.24843859 60837.25623586 12
SO-50                60837.32023048 60837.32649385 6
SO-50                60837.39065064 60837.39829771 11
SO-50                60837.46007805 60837.46962439 38
SO-50                60837.52961948 60837.53892676 33
SO-50                60838.05476337 60838.05948112 4
SO-50                60838.12118657 60838.13039590 46
SO-50                60838.19087141 60838.19987903 27
SO-50                60838.26237645 60838.26943988 9
SO-50                60838.33385843 60838.34029190 6
SO-50                60838.40377625 60838.41221369 16
SO-50                60838.47314032 60838.48293425 70
SO-50                60838.54297691 60838.55129820 16
SO-50                60839.06616367 60839.07349705 12
SO-50                60839.13409199 60839.14354599 84
SO-50                60839.20452559 60839.21294578 17
SO-50                60839.27631733 60839.28280409 7
SO-50                60839.34725337 60839.35424863 8
SO-50                60839.41683898 60839.42595979 24
SO-50                60839.48624952 60839.49596011 60
SO-50                60839.55671889 60839.56309994 7
SO-50                60840.07833557 60840.08696819 25
SO-50                60840.14728649 60840.15662690 44
SO-50                60840.21836020 60840.22605825 12
SO-50                60840.29012761 60840.29639230 6
SO-50                60840.36046975 60840.36823165 11
SO-50                60840.42988148 60840.43948146 41
SO-50                60840.49945312 60840.50866209 30
SO-50                60841.02424755 60841.02948222 5
SO-50                60841.09094318 60841.10021546 51
SO-50                60841.16073734 60841.16967965 25
SO-50                60841.23229690 60841.23927161 8
SO-50                60841.30371334 60841.31020967 7
SO-50                60841.37357513 60841.38211914 17
SO-50                60841.44293932 60841.45274464 77
SO-50                60841.51283395 60841.52096131 15
SO-50                60842.03579595 60842.04336743 13
SO-50                60842.10388236 60842.11334428 78
SO-50                60842.17441082 60842.18274138 16
SO-50                60842.24621844 60842.25265491 6
SO-50                60842.31707093 60842.32416883 8
SO-50                60842.38662425 60842.39582748 26
SO-50                60842.45604954 60842.46571959 54
SO-50                60842.52664805 60842.53264334 6
SO-50                60843.04803032 60843.05678807 27
SO-50                60843.11710517 60843.12641034 40
SO-50                60843.18825593 60843.19585568 11
SO-50                60843.25999258 60843.26626750 6
SO-50                60843.33025973 60843.33813565 12
SO-50                60843.39965824 60843.40930604 44
SO-50                60843.46926278 60843.47836335 27
SO-50                60843.99374334 60843.99942442 6
SO-50                60844.06067931 60844.07000566 56
SO-50                60844.13057992 60844.13945344 24
SO-50                60844.20218905 60844.20907933 8
SO-50                60844.27353642 60844.28010211 7
SO-50                60844.34334600 60844.35199313 18
SO-50                60844.41271232 60844.42252234 84
SO-50                60844.48267010 60844.49058739 13
SO-50                60845.00541444 60845.01320213 15
SO-50                60845.07365083 60845.08311433 71
SO-50                60845.14427149 60845.15251092 15
SO-50                60845.21608876 60845.22248266 6
SO-50                60845.28685834 60845.29406093 9
SO-50                60845.35638232 60845.36566303 28
SO-50                60845.42582453 60845.43544599 49
HO-68                60833.28646877 60833.29532504 7
HO-68                60833.36005576 60833.37357868 52
HO-68                60833.43503673 60833.44786955 36
HO-68                60833.51053190 60833.51906872 8
HO-68                60833.72600199 60833.73570459 11
HO-68                60833.79787016 60833.81109436 48
HO-68                60833.87284545 60833.88591785 37
HO-68                60833.95273871 60833.95851754 3
HO-68                60834.27533670 60834.28219422 4
HO-68                60834.34829010 60834.36155089 40
HO-68                60834.42315822 60834.43634417 45
HO-68                60834.49857471 60834.50804153 10
HO-68                60834.71494323 60834.72375518 9
HO-68                60834.78631629 60834.79922117 38
HO-68                60834.86078293 60834.87416372 48
HO-68                60834.93941345 60834.94755436 6
HO-68                60835.33655505 60835.34942710 31
HO-68                60835.41129179 60835.42474361 57
HO-68                60835.48663430 60835.49693118 13
HO-68                60835.70401889 60835.71178808 6
HO-68                60835.77484037 60835.78733643 31
HO-68                60835.84881087 60835.86238111 61
HO-68                60835.92649956 60835.93624659 10
HO-68                60836.32486358 60836.33719623 24
HO-68                60836.39943860 60836.41306784 72
HO-68                60836.47470747 60836.48573987 17
HO-68                60836.69313949 60836.69978992 4
HO-68                60836.76343723 60836.77544102 25
HO-68                60836.83692305 60836.85057524 78
HO-68                60836.91386032 60836.92476759 14
HO-68                60837.31322775 60837.32484097 18
HO-68                60837.38760071 60837.40131589 88
HO-68                60837.46279248 60837.47446950 21
HO-68                60837.53853384 60837.54444195 3
HO-68                60837.68236751 60837.68774448 3
HO-68                60837.75211079 60837.76353500 20
HO-68                60837.82511527 60837.83874997 83
HO-68                60837.90140099 60837.91318553 20
HO-68                60838.30166947 60838.31233497 13
HO-68                60838.37578006 60838.38948587 73
HO-68                60838.45088850 60838.46312151 27
HO-68                60838.52650560 60838.53363367 5
HO-68                60838.74086225 60838.75161799 16
HO-68                60838.81338480 60838.82690816 67
HO-68                60838.88908351 60838.90153306 26
HO-68                60839.29023475 60839.29963301 9
HO-68                60839.36397995 60839.37757468 57
HO-68                60839.43899530 60839.45169707 33
HO-68                60839.51451701 60839.52272481 7
HO-68                60839.72969314 60839.73968898 12
HO-68                60839.80173008 60839.81505201 52
HO-68                60839.87688457 60839.88982947 34
HO-68                60840.27899332 60840.28664411 5
HO-68                60840.35220476 60840.36557761 44
HO-68                60840.42711314 60840.44019709 42
HO-68                60840.50255376 60840.51172635 9
HO-68                60840.71860534 60840.72774588 9
HO-68                60840.79015032 60840.80318313 42
HO-68                60840.86478905 60840.87808672 44
HO-68                60840.94379344 60840.95126082 5
HO-68                60841.34045798 60841.35348778 34
HO-68                60841.41524271 60841.42862194 52
HO-68                60841.49060872 60841.50064354 12
HO-68                60841.70760230 60841.71578501 7
HO-68                60841.77864577 60841.79130252 33
HO-68                60841.85278669 60841.86631330 56
HO-68                60841.93076462 60841.94003941 9
HO-68                60842.32875092 60842.34129496 26
HO-68                60842.40338508 60842.41697173 66
HO-68                60842.47867803 60842.48947920 16
HO-68                60842.69673689 60842.70380144 5
HO-68                60842.76721894 60842.77941107 27
HO-68                60842.84087042 60842.85451504 72
HO-68                60842.91805015 60842.92860778 13
HO-68                60843.31709405 60843.32898459 20
HO-68                60843.39154197 60843.40524576 83
HO-68                60843.46675958 60843.47823530 20
HO-68                60843.54254971 60843.54801777 3
HO-68                60843.68592386 60843.69177715 3
HO-68                60843.75586580 60843.76750905 21
HO-68                60843.82903544 60843.84269619 89
HO-68                60843.90553482 60843.91705606 18
HO-68                60844.30550585 60844.31653409 15
HO-68                60844.37971523 60844.39344251 79
HO-68                60844.45485228 60844.46691335 25
HO-68                60844.53050392 60844.53724721 4
HO-68                60844.74459012 60844.75559629 17
HO-68                60844.81727855 60844.83085994 72
HO-68                60844.89317204 60844.90542495 24
HO-68                60845.29402464 60845.30390640 10
HO-68                60845.36790789 60845.38155931 62
HO-68                60845.44295573 60845.45551460 31
HO-68                60845.51850524 60845.52636985 6
HO-68                60845.73339322 60845.74367201 13
HO-68                60845.80559783 60845.81900868 57
HO-68                60845.88093454 60845.89373706 31
HO-68                60846.28269979 60846.29103188 6
HO-68                60846.35612373 60846.36959207 48
HO-68                60846.43107005 60846.44404009 38
AO-73                60833.36593990 60833.37410136 26
AO-73                60833.43187174 60833.43995646 28
AO-73                60833.81630821 60833.82383795 20
AO-73                60833.88184896 60833.88988583 33
AO-73                60834.36480080 60834.37293630 25
AO-73                60834.43071419 60834.43885142 29
AO-73                60834.81518576 60834.82267117 20
AO-73                60834.88067112 60834.88874045 34
AO-73                60835.36364563 60835.37175256 24
AO-73                60835.42953419 60835.43772197 31
AO-73                60835.81404735 60835.82148694 19
AO-73                60835.87947663 60835.88757801 36
AO-73                60836.36247445 60836.37055003 23
AO-73                60836.42833767 60836.43657470 32
AO-73                60836.81289306 60836.82028543 18
AO-73                60836.87826557 60836.88639850 38
AO-73                60837.36128733 60837.36932860 22
AO-73                60837.42712466 60837.43540957 33
AO-73                60837.49448810 60837.49811841 2
AO-73                60837.81172315 60837.81906661 18
AO-73                60837.87703798 60837.88520191 40
AO-73                60838.36008435 60838.36808819 21
AO-73                60838.42589521 60838.43422651 35
AO-73                60838.49318680 60838.49704036 3
AO-73                60838.81053734 60838.81783045 17
AO-73                60838.87579393 60838.88398821 42
AO-73                60839.35886557 60839.36682866 20
AO-73                60839.42464933 60839.43302546 36
AO-73                60839.49187432 60839.49593967 3
AO-73                60839.80933587 60839.81657691 16
AO-73                60839.87453347 60839.88275739 44
AO-73                60840.35763107 60840.36554991 20
AO-73                60840.42338707 60840.43180635 38
AO-73                60840.49054988 60840.49481680 3
AO-73                60840.80811885 60840.81530597 16
AO-73                60840.87325667 60840.88150944 46
AO-73                60841.35638094 60841.36425183 19
AO-73                60841.42210844 60841.43056912 40
AO-73                60841.48921289 60841.49367253 4
AO-73                60841.80688636 60841.81401756 15
AO-73                60841.87196358 60841.88024433 49
AO-73                60841.94073306 60841.94448035 2
AO-73                60842.35511527 60842.36293428 18
AO-73                60842.42081348 60842.42931371 42
AO-73                60842.48786285 60842.49250722 4
AO-73                60842.80563849 60842.81271166 14
AO-73                60842.87065427 60842.87896204 52
AO-73                60842.93927879 60842.94330243 3
AO-73                60843.35383413 60843.36159713 17
AO-73                60843.41950221 60843.42804004 44
AO-73                60843.48649938 60843.49132124 4
AO-73                60843.80437534 60843.81138822 14
AO-73                60843.86932880 60843.87766256 55
AO-73                60843.93781700 60843.94209864 3
AO-73                60844.35253791 60844.36024024 17
AO-73                60844.41817466 60844.42674807 46
AO-73                60844.48512207 60844.49011487 5
AO-73                60844.80309702 60844.81004717 13
AO-73                60844.86798723 60844.87634586 58
AO-73                60844.93634598 60844.94087024 4
AO-73                60845.35122615 60845.35886341 16
AO-73                60845.41683086 60845.42543772 49
AO-73                60845.48373098 60845.48888817 5
AO-73                60845.80180363 60845.80868844 13
AO-73                60845.86662963 60845.87501191 62
AO-73                60845.93486488 60845.93961843 4
AO-73                60846.34989924 60846.35746679 15
AO-73                60846.41542600 60846.42410544 51
AO-73                60846.48232548 60846.48764163 5
AO-73                60846.80049528 60846.80731198 12
AO-73                60846.86525607 60846.87366068 65
AO-73                60846.93337284 60846.93834407 5
AO-73                60847.34855728 60847.35604977 14
AO-73                60847.41404972 60847.42275818 54
AO-73                60847.48090557 60847.48637517 6
AO-73                60847.79917210 60847.80591772 12
AO-73                60847.86386660 60847.87229216 69
AO-73                60847.93186928 60847.93704768 5
AO-73                60848.34720042 60848.35461238 14
AO-73                60848.41265726 60848.42139235 57
AO-73                60848.47947107 60848.48508898 6
AO-73                60848.79783420 60848.80450556 11
AO-73                60848.86246131 60848.87090632 73
AO-73                60848.93035346 60848.93573003 6
AO-73                60849.34582878 60849.35315442 13
AO-73                60849.41124863 60849.42000790 60
AO-73                60849.47802183 60849.48378313 7
AO-73                60849.79648170 60849.80307542 11
AO-73                60849.86104026 60849.86950311 77
AO-73                60849.92882533 60849.93439138 6
AO-73                60850.34444252 60850.35167570 12
AO-73                60850.40982387 60850.41860476 64
AO-73                60850.47655773 60850.48245771 7
AO-73                60850.79511480 60850.80162721 10
AO-73                60850.85960351 60850.86808252 81
AO-73                60850.92728441 60850.93303212 7
AO-73                60851.34304181 60851.35017601 12
AO-73                60851.40838299 60851.41718305 67
AO-73                60851.47507865 60851.48111296 8
TITA                 60833.09620326 60833.10310162 14
TITA                 60833.16089494 60833.16896416 49
TITA                 60833.22931284 60833.23276721 2
TITA                 60833.64161001 60833.64884038 14
TITA                 60833.70676120 60833.71509230 49
TITA                 60833.77336230 60833.77819977 5
TITA                 60834.08980748 60834.09632497 11
TITA                 60834.15418221 60834.16232440 65
TITA                 60834.22194471 60834.22659267 4
TITA                 60834.63509125 60834.64188450 11
TITA                 60834.70006369 60834.70849443 64
TITA                 60834.76646256 60834.77198946 6
TITA                 60835.08344401 60835.08951356 9
TITA                 60835.14749030 60835.15565938 85
TITA                 60835.21474542 60835.22024840 6
TITA                 60835.62860470 60835.63485262 8
TITA                 60835.69336745 60835.70185421 83
TITA                 60835.75959738 60835.76570170 9
TITA                 60836.07711974 60836.08266071 7
TITA                 60836.14077379 60836.14896696 71
TITA                 60836.20764230 60836.21380653 9
TITA                 60836.62216779 60836.62772648 6
TITA                 60836.68667282 60836.69517125 75
TITA                 60836.75275366 60836.75934952 11
TITA                 60837.07084631 60837.07575522 5
TITA                 60837.13412142 60837.14225372 54
TITA                 60837.20060504 60837.20729659 12
TITA                 60837.61581365 60837.62047128 4
TITA                 60837.67998053 60837.68844478 57
TITA                 60837.74592406 60837.75294072 14
TITA                 60838.06469729 60838.06877571 3
TITA                 60838.12748933 60838.13551673 41
TITA                 60838.19361763 60838.20073421 15
TITA                 60838.67329165 60838.68167361 43
TITA                 60838.73910370 60838.74648020 17
TITA                 60839.12087687 60839.12875582 32
TITA                 60839.18667034 60839.19412855 20
TITA                 60839.66660481 60839.67485605 33
TITA                 60839.73228953 60839.73997096 22
TITA                 60840.11428548 60840.12197047 25
TITA                 60840.17975660 60840.18748608 25
TITA                 60840.65992691 60840.66798977 26
TITA                 60840.72547950 60840.73341546 27
TITA                 60841.10771649 60841.11515985 20
TITA                 60841.17287212 60841.18081074 33
TITA                 60841.65325863 60841.66107156 21
TITA                 60841.71867824 60841.72682166 34
TITA                 60841.78560857 60841.78925392 2
TITA                 60842.10117154 60842.10832221 16
TITA                 60842.16601378 60842.17410555 43
TITA                 60842.64660390 60842.65409712 16
TITA                 60842.71187300 60842.72017723 43
TITA                 60842.77850730 60842.78309733 4
TITA                 60843.09465334 60843.10145550 13
TITA                 60843.15917939 60843.16737264 57
TITA                 60843.22718460 60843.23147097 3
TITA                 60843.63996868 60843.64705995 13
TITA                 60843.70502464 60843.71348617 57
TITA                 60843.77148385 60843.77681901 6
TITA                 60844.08816570 60844.09455634 10
TITA                 60844.15236742 60844.16061354 76
TITA                 60844.21981341 60844.22507991 5
TITA                 60844.63336092 60844.63995109 10
TITA                 60844.69822233 60844.70675523 74
TITA                 60844.76450258 60844.77045454 8
TITA                 60845.08171420 60845.08761958 8
TITA                 60845.14557690 60845.15382930 80
TITA                 60845.21256188 60845.21856906 8
TITA                 60845.62679448 60845.63275585 7
TITA                 60845.69142176 60845.69998074 84
TITA                 60845.75754711 60845.76402081 10
TITA                 60846.07530757 60846.08063652 6
TITA                 60846.13876239 60846.14701763 61
TITA                 60846.20538767 60846.21197945 11
TITA                 60846.62029429 60846.62544809 5
TITA                 60846.68462350 60846.69316208 64
TITA                 60846.75060796 60846.75752693 13
TITA                 60847.06896111 60847.07359243 4
TITA                 60847.13201323 60847.14018496 46
TITA                 60847.19827018 60847.20533150 14
TITA                 60847.61391489 60847.61797114 3
TITA                 60847.67782859 60847.68629819 49
TITA                 60847.74367989 60847.75097878 16
TITA                 60848.06275932 60848.06645617 2
TITA                 60848.12528553 60848.13332816 36
TITA                 60848.19119748 60848.19863648 18
TITA                 60848.67103575 60848.67938753 37
TITA                 60848.73675915 60848.74437988 20
TITA                 60849.11857899 60849.12644688 28
TITA                 60849.18416173 60849.19190202 23
TITA                 60849.66425121 60849.67242794 29
TITA                 60849.72984336 60849.73773316 25
TITA                 60850.11189505 60850.11954031 22
TITA                 60850.17715787 60850.18513280 30
TITA                 60850.65747575 60850.66541643 23
TITA                 60850.72293693 60850.73104671 31
TITA                 60851.10523561 60851.11260742 18
TITA                 60851.17018226 60851.17833231 39
TITA                 60851.65071300 60851.65834883 18
NOAA-15              60833.01057151 60833.02098795 54
NOAA-15              60833.08050465 60833.09002314 21
NOAA-15              60833.51935971 60833.52862647 18
NOAA-15              60833.58827626 60833.59887387 66
NOAA-15              60833.65821873 60833.66607000 11
NOAA-15              60833.92682839 60833.93230361 4
NOAA-15              60833.99275732 60834.00275423 33
NOAA-15              60834.06187980 60834.07208013 35
NOAA-15              60834.50164888 60834.50956587 10
NOAA-15              60834.57012182 60834.58079896 76
NOAA-15              60834.63980703 60834.64879140 17
NOAA-15              60834.97514794 60834.98445910 21
NOAA-15              60835.04349654 60835.05403367 60
NOAA-15              60835.11532620 60835.12219320 7
NOAA-15              60835.48433378 60835.48993942 4
NOAA-15              60835.55203577 60835.56252009 45
NOAA-15              60835.62147918 60835.63128114 27
NOAA-15              60835.69222788 60835.69667763 3
NOAA-15              60835.95775503 60835.96609006 13
NOAA-15              60836.02532450 60836.03591043 82
NOAA-15              60836.09604206 60836.10463323 14
NOAA-15              60836.53403412 60836.54401582 27
NOAA-15              60836.60321563 60836.61356316 43
NOAA-15              60836.67342050 60836.68003991 7
NOAA-15              60836.94061749 60836.94761422 8
NOAA-15              60837.00735022 60837.01772369 49
NOAA-15              60837.07713825 60837.08681466 23
NOAA-15              60837.51615876 60837.52524267 16
NOAA-15              60837.58501024 60837.59564787 72
NOAA-15              60837.65490306 60837.66298839 12
NOAA-15              60837.92388592 60837.92893656 3
NOAA-15              60837.98957247 60837.99947792 30
NOAA-15              60838.05855686 60838.06884859 39
NOAA-15              60838.13174933 60838.13612566 2
NOAA-15              60838.49849258 60838.50610516 9
NOAA-15              60838.56686510 60838.57753577 70
NOAA-15              60838.63650712 60838.64566402 19
NOAA-15              60838.97199581 60838.98116964 19
NOAA-15              60839.04021001 60839.05078534 66
NOAA-15              60839.11181665 60839.11906890 8
NOAA-15              60839.48130056 60839.48631839 3
NOAA-15              60839.54879081 60839.55921699 41
NOAA-15              60839.61818994 60839.62811341 29
NOAA-15              60839.68881680 60839.69373210 3
NOAA-15              60839.95464146 60839.96278382 12
NOAA-15              60840.02207101 60840.03264848 75
NOAA-15              60840.09258682 60840.10144774 15
NOAA-15              60840.53080535 60840.54066751 25
NOAA-15              60840.59993512 60840.61035786 47
NOAA-15              60840.67007500 60840.67699692 7
NOAA-15              60840.93755257 60840.94428185 7
NOAA-15              60841.00412859 60841.01444950 45
NOAA-15              60841.07377081 60841.08359379 25
NOAA-15              60841.51295641 60841.52183741 15
NOAA-15              60841.58173819 60841.59240587 78
NOAA-15              60841.65158329 60841.65988889 13
NOAA-15              60841.92090375 60841.92554495 3
NOAA-15              60841.98638324 60841.99619155 28
NOAA-15              60842.05523146 60842.06560606 42
NOAA-15              60842.12805870 60842.13314287 3
NOAA-15              60842.49534149 60842.50261564 8
NOAA-15              60842.56360280 60842.57425613 64
NOAA-15              60842.63320180 60842.64251972 20
NOAA-15              60842.96884137 60842.97786946 18
NOAA-15              60843.03692040 60843.04752660 72
NOAA-15              60843.10831753 60843.11592169 9
NOAA-15              60843.47837401 60843.48262443 2
NOAA-15              60843.54553857 60843.55589673 38
NOAA-15              60843.61489476 60843.62492946 32
NOAA-15              60843.68541762 60843.69075259 4
NOAA-15              60843.95152676 60843.95946596 11
NOAA-15              60844.01881428 60844.02937637 69
NOAA-15              60844.08916621 60844.09824518 17
NOAA-15              60844.52757290 60844.53730018 23
NOAA-15              60844.59664853 60844.60713644 52
NOAA-15              60844.66672825 60844.67393303 8
NOAA-15              60844.93448992 60844.94093489 6
NOAA-15              60845.00090390 60845.01116513 42
NOAA-15              60845.07040231 60845.08036063 28
NOAA-15              60845.50975329 60845.51840985 13
NOAA-15              60845.57846019 60845.58914760 85
NOAA-15              60845.64825915 60845.65677145 14
NOAA-15              60845.91793797 60845.92212487 2
NOAA-15              60845.98319140 60845.99289483 26
NOAA-15              60846.05190375 60846.06235233 47
NOAA-15              60846.12441594 60846.13009991 4
NOAA-15              60846.49219827 60846.49909431 7
NOAA-15              60846.56033474 60846.57095969 58
NOAA-15              60846.62989098 60846.63935860 22
NOAA-15              60846.96568512 60846.97455862 17
NOAA-15              60847.03362796 60847.04425728 79
NOAA-15              60847.10482666 60847.11275336 10
NOAA-15              60847.54228348 60847.55255864 34
NOAA-15              60847.61159363 60847.62172911 35
NOAA-15              60847.68202562 60847.68774351 5
NOAA-15              60847.94841203 60847.95613596 10
NOAA-15              60848.01555460 60848.02609391 63
NOAA-15              60848.08574692 60848.09502791 18
NOAA-15              60848.52433717 60848.53391319 21
NOAA-18              60833.08193181 60833.08863820 6
NOAA-18              60833.14889007 60833.15946863 41
NOAA-18              60833.21892526 60833.22932194 30
NOAA-18              60833.66247146 60833.67146269 14
NOAA-18              60833.73184818 60833.74274975 82
NOAA-18              60833.80227694 60833.81091848 14
NOAA-18              60834.07365820 60834.07941203 4
NOAA-18              60834.14012474 60834.15044418 33
NOAA-18              60834.20976981 60834.22042458 39
NOAA-18              60834.28365361 60834.28834035 2
NOAA-18              60834.65373249 60834.66200375 11
NOAA-18              60834.72287858 60834.73379544 79
NOAA-18              60834.79319127 60834.80234964 17
NOAA-18              60835.06556245 60835.07009289 3
NOAA-18              60835.13140864 60835.14140550 26
NOAA-18              60835.20067088 60835.21150400 50
NOAA-18              60835.27366371 60835.28001104 5
NOAA-18              60835.64507410 60835.65242221 7
NOAA-18              60835.71392427 60835.72479175 62
NOAA-18              60835.78412377 60835.79372530 22
NOAA-18              60836.12274082 60836.13235157 21
NOAA-18              60836.19162477 60836.20256340 64
NOAA-18              60836.26394373 60836.27145630 8
NOAA-18              60836.63654455 60836.64266662 5
NOAA-18              60836.70498729 60836.71573678 48
NOAA-18              60836.77507199 60836.78504870 27
NOAA-18              60836.84639842 60836.85100955 3
NOAA-18              60837.11412505 60837.12328081 17
NOAA-18              60837.18262887 60837.19360511 82
NOAA-18              60837.25438480 60837.26278222 11
NOAA-18              60837.62833373 60837.63260104 2
NOAA-18              60837.69606771 60837.70662777 37
NOAA-18              60837.76603439 60837.77632184 33
NOAA-18              60837.83708837 60837.84284317 5
NOAA-18              60838.10556434 60838.11419039 14
NOAA-18              60838.17368141 60838.18463081 80
NOAA-18              60838.24490902 60838.25403353 15
NOAA-18              60838.68717281 60838.69746069 29
NOAA-18              60838.75701011 60838.76754643 42
NOAA-18              60838.82783060 60838.83455215 7
NOAA-18              60839.09706310 60839.10507644 11
NOAA-18              60839.16478130 60839.17564166 63
NOAA-18              60839.23555650 60839.24522800 20
NOAA-18              60839.67830530 60839.68823020 23
NOAA-18              60839.74799876 60839.75872286 53
NOAA-18              60839.81866060 60839.82616699 9
NOAA-18              60840.08862858 60840.09593240 8
NOAA-18              60840.15592805 60840.16663838 49
NOAA-18              60840.22628136 60840.23638142 25
NOAA-18              60840.66947224 60840.67892842 18
NOAA-18              60840.73900040 60840.74985183 68
NOAA-18              60840.80952677 60840.81770738 12
NOAA-18              60841.08027208 60841.08674708 6
NOAA-18              60841.14712171 60841.15762122 39
NOAA-18              60841.21707363 60841.22750230 32
NOAA-18              60841.66068327 60841.66954390 14
NOAA-18              60841.73001555 60841.74093307 85
NOAA-18              60841.80041975 60841.80918298 15
NOAA-18              60842.07206598 60842.07750056 4
NOAA-18              60842.13836412 60842.14859035 31
NOAA-18              60842.20792646 60842.21859652 41
NOAA-18              60842.28160179 60842.28665502 3
NOAA-18              60842.65195465 60842.66005904 10
NOAA-18              60842.72104504 60842.73196588 75
NOAA-18              60842.79133393 60842.80059987 18
NOAA-18              60843.06395737 60843.06814242 2
NOAA-18              60843.12965347 60843.13954485 25
NOAA-18              60843.19883500 60843.20966823 52
NOAA-18              60843.27167683 60843.27826319 6
NOAA-18              60843.64331387 60843.65044377 7
NOAA-18              60843.71209032 60843.72294893 59
NOAA-18              60843.78226577 60843.79196195 23
NOAA-18              60844.12099290 60844.13048386 20
NOAA-18              60844.18979577 60844.20072044 68
NOAA-18              60844.26199049 60844.26967675 9
NOAA-18              60844.63481821 60844.64063744 4
NOAA-18              60844.70315315 60844.71388015 45
NOAA-18              60844.77321303 60844.78327219 28
NOAA-18              60844.84447115 60844.84936170 3
NOAA-18              60845.11238491 60845.12140538 16
NOAA-18              60845.18080634 60845.19175536 86
NOAA-18              60845.25245375 60845.26098180 12
NOAA-18              60845.69423400 60845.70475662 35
NOAA-18              60845.76417431 60845.77453252 35
NOAA-18              60845.83514579 60845.84116377 5
NOAA-18              60846.10383277 60846.11230678 13
NOAA-18              60846.17186509 60846.18277455 76
NOAA-18              60846.24299398 60846.25221758 16
NOAA-18              60846.68534057 60846.69557400 28
NOAA-18              60846.75514884 60846.76574428 44
NOAA-18              60846.82593202 60846.83284616 7
NOAA-18              60847.09534172 60847.10318337 10
NOAA-18              60847.16297107 60847.17377908 59
NOAA-18              60847.23365462 60847.24339975 21
NOAA-18              60847.67647576 60847.68632632 22
NOAA-18              60847.74613634 60847.75690813 56
NOAA-18              60847.81676689 60847.82444171 9
NOAA-18              60848.08691954 60848.09402765 8
NOAA-18              60848.15412386 60848.16476959 47
NOAA-19              60833.08497079 60833.09472258 23
NOAA-19              60833.15402463 60833.16487903 57
NOAA-19              60833.22661820 60833.23360992 7
NOAA-19              60833.59873444 60833.60551240 6
NOAA-19              60833.66735977 60833.67829105 53
NOAA-19              60833.73747768 60833.74747197 25
NOAA-19              60833.80884549 60833.81328381 2
NOAA-19              60834.07648009 60834.08582350 19
NOAA-19              60834.14516200 60834.15608966 74
NOAA-19              60834.21715697 60834.22514163 10
NOAA-19              60834.59047398 60834.59578032 3
NOAA-19              60834.65859243 60834.66936441 41
NOAA-19              60834.72859610 60834.73891890 31
NOAA-19              60834.79968122 60834.80529865 4
NOAA-19              60835.06804114 60835.07690715 15
NOAA-19              60835.13634704 60835.14728399 88
NOAA-19              60835.20779420 60835.21658423 13
NOAA-19              60835.64984354 60835.66038284 32
NOAA-19              60835.71972745 60835.73031796 39
NOAA-19              60835.79057574 60835.79718355 6
NOAA-19              60836.05965706 60836.06797065 12
NOAA-19              60836.12757841 60836.13846341 70
NOAA-19              60836.19856082 60836.20796202 17
NOAA-19              60836.64112096 60836.65134158 26
NOAA-19              60836.71087124 60836.72166986 49
NOAA-19              60836.78155996 60836.78897270 8
NOAA-19              60837.05133314 60837.05900935 9
NOAA-19              60837.11885533 60837.12962884 55
NOAA-19              60837.18940903 60837.19929378 22
NOAA-19              60837.63242861 60837.64223431 20
NOAA-19              60837.70202742 60837.71297527 62
NOAA-19              60837.77258144 60837.78068696 11
NOAA-19              60838.04307728 60838.05001555 7
NOAA-19              60838.11017747 60838.12078085 44
NOAA-19              60838.18032717 60838.19058995 28
NOAA-19              60838.62377411 60838.63305200 16
NOAA-19              60838.69319641 60838.70423416 79
NOAA-19              60838.76363022 60838.77233648 14
NOAA-19              60839.03490275 60839.04097606 5
NOAA-19              60839.10154535 60839.11191956 35
NOAA-19              60839.17130730 60839.18185705 36
NOAA-19              60839.61516993 60839.62378083 12
NOAA-19              60839.68437853 60839.69544604 83
NOAA-19              60839.75470036 60839.76392758 17
NOAA-19              60840.02688810 60840.03186559 3
NOAA-19              60840.09296061 60840.10304480 28
NOAA-19              60840.16234380 60840.17310044 46
NOAA-19              60840.23557263 60840.24144761 4
NOAA-19              60840.60663562 60840.61439915 8
NOAA-19              60840.67557534 60840.68660991 66
NOAA-19              60840.74578810 60840.75546427 21
NOAA-19              60841.08442197 60841.09415588 23
NOAA-19              60841.15343267 60841.16432323 59
NOAA-19              60841.22594408 60841.23310160 7
NOAA-19              60841.59820789 60841.60486743 6
NOAA-19              60841.66678822 60841.67772411 51
NOAA-19              60841.73689105 60841.74694965 26
NOAA-19              60841.80820565 60841.81284689 3
NOAA-19              60842.07593241 60842.08525161 18
NOAA-19              60842.14457105 60842.15552806 76
NOAA-19              60842.21649718 60842.22461505 10
NOAA-19              60842.58997150 60842.59509650 3
NOAA-19              60842.65801945 60842.66878621 40
NOAA-19              60842.72800768 60842.73838574 32
NOAA-19              60842.79902250 60842.80483613 4
NOAA-19              60843.06749474 60843.07632989 15
NOAA-19              60843.13575696 60843.14671678 86
NOAA-19              60843.20714340 60843.21604427 14
NOAA-19              60843.64926942 60843.65979290 32
NOAA-19              60843.71913710 60843.72977396 40
NOAA-19              60843.78995813 60843.79669882 6
NOAA-19              60844.05911235 60844.06738775 12
NOAA-19              60844.12698911 60844.13789074 68
NOAA-19              60844.19791639 60844.20741142 18
NOAA-19              60844.64054635 60844.65073911 25
NOAA-19              60844.71027890 60844.72111521 51
NOAA-19              60844.78094550 60844.78847205 9
NOAA-19              60845.05079073 60845.05842032 9
NOAA-19              60845.11826682 60845.12905081 54
NOAA-19              60845.18876925 60845.19873417 23
NOAA-19              60845.63185428 60845.64161847 20
NOAA-19              60845.70143306 60845.71240990 64
NOAA-19              60845.77196813 60845.78017227 11
NOAA-19              60846.04253810 60846.04941965 7
NOAA-19              60846.10958979 60846.12019751 42
NOAA-19              60846.17969088 60846.19002226 29
NOAA-19              60846.62320122 60846.63242138 15
NOAA-19              60846.69260004 60846.70365800 81
NOAA-19              60846.76301691 60846.77180885 14
NOAA-19              60847.03436833 60847.04037181 5
NOAA-19              60847.10095871 60847.11133093 34
NOAA-19              60847.17067372 60847.18128236 37
NOAA-19              60847.24473873 60847.24905349 2
NOAA-19              60847.61460031 60847.62313329 11
NOAA-19              60847.68378041 60847.69485896 81
NOAA-19              60847.75408629 60847.76338768 18
NOAA-19              60848.02636185 60848.03124977 3
NOAA-19              60848.09237496 60848.10245085 27
NOAA-19              60848.16171240 60848.17251886 48
METOA                60833.11707389 60833.12251272 4
METOA                60833.18111560 60833.19078839 36
METOA                60833.24824718 60833.25788241 30
METOA                60833.74122160 60833.74972567 45
METOA                60833.80865390 60833.81610450 17
METOA                60834.13391191 60834.14101690 9
METOA                60834.19888646 60834.20888503 61
METOA                60834.26684057 60834.27565547 18
METOA                60834.69294355 60834.69897789 7
METOA                60834.75921424 60834.76780375 77
METOA                60834.82698833 60834.83335819 9
METOA                60835.15107050 60835.15933886 15
METOA                60835.21685162 60835.22691208 76
METOA                60835.28580583 60835.29322602 9
METOA                60835.71050283 60835.71784204 15
METOA                60835.77733149 60835.78567353 44
METOA                60835.84552048 60835.85026820 4
METOA                60836.16847063 60836.17755413 25
METOA                60836.23501886 60836.24486073 44
METOA                60836.30531316 60836.31037045 3
METOA                60836.72827775 60836.73634702 27
METOA                60836.79547419 60836.80332393 24
METOA                60837.12183097 60837.12748306 5
METOA                60837.18607960 60837.19568949 40
METOA                60837.25341071 60837.26271045 26
METOA                60837.68061476 60837.68467493 3
METOA                60837.74618314 60837.75458800 53
METOA                60837.81371204 60837.82075356 14
METOA                60838.13872780 60838.14593716 10
METOA                60838.20388667 60838.21375394 69
METOA                60838.27211142 60838.28041579 15
METOA                60838.69777542 60838.70402865 8
METOA                60838.76417834 60838.77260357 72
METOA                60838.83208035 60838.83791067 7
METOA                60839.15592899 60839.16422385 17
METOA                60839.22189038 60839.23174580 66
METOA                60839.29115743 60839.29787917 7
METOA                60839.71537107 60839.72279313 17
METOA                60839.78229756 60839.79041076 37
METOA                60839.85071808 60839.85465166 3
METOA                60840.17336601 60840.18240798 27
METOA                60840.24010169 60840.24965358 37
METOA                60840.73315948 60840.74122376 31
METOA                60840.80044654 60840.80799410 21
METOA                60841.12656183 60841.13236888 6
METOA                60841.19100995 60841.20051270 45
METOA                60841.25854896 60841.26745165 22
METOA                60841.68526485 60841.68984733 4
METOA                60841.75106953 60841.75940007 63
METOA                60841.81870036 60841.82534624 12
METOA                60842.14351048 60842.15077924 11
METOA                60842.20885242 60842.21854493 76
METOA                60842.27732888 60842.28508192 12
METOA                60842.70253712 60842.70902343 10
METOA                60842.76906703 60842.77735431 62
METOA                60842.83711142 60842.84239821 6
METOA                60843.16075120 60843.16903304 18
METOA                60843.22689456 60843.23650082 56
METOA                60843.29652250 60843.30240503 5
METOA                60843.72016451 60843.72769445 19
METOA                60843.78718828 60843.79509946 32
METOA                60844.11478232 60844.11848141 2
METOA                60844.17822328 60844.18718713 30
METOA                60844.24515123 60844.25436566 32
METOA                60844.73796530 60844.74605350 36
METOA                60844.80534424 60844.81261566 18
METOA                60845.13125712 60845.13717818 6
METOA                60845.19590097 60845.20526164 50
METOA                60845.26369515 60845.27210478 18
METOA                60845.68986578 60845.69494397 5
METOA                60845.75587970 60845.76416675 75
METOA                60845.82361664 60845.82988791 10
METOA                60846.14825295 60846.15554869 12
METOA                60846.21381910 60846.22325936 80
METOA                60846.28252901 60846.28964999 10
METOA                60846.70722730 60846.71396772 12
METOA                60846.77387928 60846.78206067 53
METOA                60846.84208075 60846.84682446 5
METOA                60847.16553085 60847.17377120 20
METOA                60847.23185911 60847.24118048 48
METOA                60847.30192784 60847.30678603 4
METOA                60847.72488342 60847.73255029 22
METOA                60847.79200250 60847.79974436 27
METOA                60848.11935350 60848.12329225 2
METOA                60848.18303647 60848.19189603 32
METOA                60848.25020107 60848.25899765 27
METOA                60848.74269524 60848.75084028 43
METOA                60848.81016595 60848.81719314 15
METOA                60849.13590846 60849.14191798 7
METOA                60849.20074686 60849.20994060 57
METOA                60849.26877060 60849.27667646 15
METOA                60849.69441229 60849.69997535 6
METOA                60849.76061364 60849.76889188 87
METOA                60849.82845899 60849.83438379 8
METOA                60850.15294842 60850.16025132 13
METOA                60850.21870510 60850.22791137 74
METOA                60850.28771333 60850.29411644 7
METOA                60850.71184697 60850.71886520 14
METOA                60850.77865775 60850.78672939 45
METOB                60833.01206985 60833.01837363 6
METOB                60833.07857914 60833.08891140 39
METOB                60833.14820006 60833.15841822 31
METOB                60833.58935089 60833.59801165 13
METOB                60833.65829396 60833.66908158 87
METOB                60833.72833358 60833.73701217 15
METOB                60833.99894725 60834.00345643 3
METOB                60834.06453467 60834.07441027 27
METOB                60834.13353494 60834.14411906 46
METOB                60834.20637127 60834.21210925 4
METOB                60834.57539920 60834.58270656 8
METOB                60834.64390740 60834.65465483 63
METOB                60834.71375791 60834.72319943 21
METOB                60835.05061772 60835.05986967 19
METOB                60835.11900955 60835.12976601 70
METOB                60835.19075489 60835.19839119 9
METOB                60835.56179426 60835.56694104 3
METOB                60835.62956636 60835.64009681 42
METOB                60835.69922685 60835.70924988 30
METOB                60835.77008689 60835.77513234 3
METOB                60836.03684030 60836.04528124 13
METOB                60836.10461292 60836.11536893 80
METOB                60836.17549354 60836.18439290 14
METOB                60836.61527926 60836.62539476 28
METOB                60836.68473374 60836.69517258 43
METOB                60836.75519599 60836.76187314 7
METOB                60837.02322156 60837.03062821 9
METOB                60837.09033959 60837.10093332 54
METOB                60837.16050838 60837.17024453 22
METOB                60837.60106945 60837.61052676 19
METOB                60837.67027617 60837.68097209 63
METOB                60837.74048863 60837.74836486 10
METOB                60838.00980084 60838.01587273 5
METOB                60838.07618821 60838.08646158 37
METOB                60838.14570964 60838.15600185 33
METOB                60838.58696961 60838.59545305 12
METOB                60838.65585502 60838.66664910 86
METOB                60838.72586368 60838.73467792 15
METOB                60838.99674137 60839.00090605 2
METOB                60839.06216212 60839.07195332 26
METOB                60839.13106613 60839.14169197 49
METOB                60839.20370018 60839.20981041 5
METOB                60839.57305360 60839.58009244 7
METOB                60839.64147359 60839.65220070 59
METOB                60839.71129444 60839.72084123 22
METOB                60840.04826487 60840.05740461 18
METOB                60840.11656018 60840.12733009 74
METOB                60840.18816172 60840.19602879 10
METOB                60840.55960300 60840.56420719 2
METOB                60840.62713726 60840.63761934 39
METOB                60840.69676838 60840.70686956 31
METOB                60840.76755741 60840.77289519 4
METOB                60841.03450947 60841.04280611 12
METOB                60841.10218183 60841.11292527 75
METOB                60841.17294347 60841.18200009 16
METOB                60841.61286113 60841.62289148 26
METOB                60841.68227964 60841.69277104 45
METOB                60841.75269683 60841.75958709 7
METOB                60842.02091696 60842.02813904 8
METOB                60842.08792627 60842.09848255 50
METOB                60842.15798927 60842.16783288 23
METOB                60842.59866450 60842.60799276 18
METOB                60842.66782648 60842.67854976 68
METOB                60842.73800409 60842.74604596 11
METOB                60843.00753238 60843.01335987 5
METOB                60843.07379293 60843.08400384 35
METOB                60843.14321528 60843.15357678 35
METOB                60843.58458580 60843.59287925 11
METOB                60843.65340976 60843.66420572 82
METOB                60843.72338796 60843.73233243 16
METOB                60844.05978547 60844.06948809 24
METOB                60844.12859306 60844.13925642 53
METOB                60844.20103814 60844.20749026 6
METOB                60844.57071021 60844.57745802 6
METOB                60844.63903394 60844.64973540 55
METOB                60844.70882488 60844.71847212 23
METOB                60845.04590825 60845.05493082 17
METOB                60845.11410640 60845.12488587 79
METOB                60845.18556896 60845.19365376 10
METOB                60845.62470446 60845.63513046 37
METOB                60845.69430367 60845.70447844 33
METOB                60845.76502782 60845.77064113 4
METOB                60846.03217534 60846.04032195 12
METOB                60846.09974631 60846.11047340 71
METOB                60846.17039108 60846.17959709 17
METOB                60846.61043793 60846.62037590 25
METOB                60846.67981926 60846.69035891 48
METOB                60846.75019362 60846.75728802 8
METOB                60847.01861045 60847.02563981 8
METOB                60847.08550880 60847.09602359 47
METOB                60847.15546688 60847.16541185 25
METOB                60847.59625527 60847.60544528 16
METOB                60847.66537038 60847.67611658 72
METOB                60847.73551427 60847.74371541 12
METOB                60848.00526505 60848.01083389 4
METOB                60848.07139344 60848.08153767 33
METOB                60848.14071706 60848.15114282 37
METOB                60848.21437365 60848.21856341 2
METOB                60848.58219996 60848.59028963 10
