iss                  60832.95259316 60832.95855377 10
iss                  60833.01878164 60833.02613558 36
iss                  60833.08820906 60833.09189480 2
iss                  60833.29397919 60833.29838114 4
iss                  60833.35998399 60833.36745162 50
iss                  60833.42781079 60833.43329060 7
iss                  60833.91917697 60833.92323214 3
iss                  60833.98423236 60833.99173486 86
iss                  60834.05269372 60834.05801311 6
iss                  60834.32564814 60834.33275416 24
iss                  60834.39283096 60834.39954412 17
iss                  60834.94987836 60834.95718872 38
iss                  60835.01750698 60835.02389245 12
iss                  60835.29137178 60835.29781516 13
iss                  60835.35810495 60835.36543174 36
iss                  60835.91575229 60835.92245240 18
iss                  60835.98255104 60835.98962632 23
iss                  60836.25721569 60836.26260304 7
iss                  60836.32352831 60836.33104975 89
iss                  60836.39203799 60836.39599749 3
iss                  60836.88195122 60836.88742016 8
iss                  60836.94779406 60836.95523439 47
iss                  60837.01687265 60837.02118302 4
iss                  60837.22324693 60837.22701944 3
iss                  60837.28905616 60837.29642942 38
iss                  60837.35663608 60837.36260081 10
iss                  60837.91322880 60837.92071116 71
iss                  60837.98140299 60837.98712586 8
iss                  60838.25466771 60838.26157512 19
iss                  60838.32167867 60838.32863998 22
iss                  60838.87886749 60838.88603033 29
iss                  60838.94621781 60838.95287558 15
iss                  60839.22034590 60839.22646945 11
iss                  60839.28693111 60839.29435481 49
iss                  60839.84475764 60839.85113233 14
iss                  60839.91125112 60839.91848939 29
iss                  60840.18616145 60840.19106726 5
iss                  60840.25231510 60840.25981277 67
iss                  60840.32043009 60840.32524500 5
iss                  60840.81097952 60840.81586247 5
iss                  60840.87648070 60840.88397705 64
iss                  60840.94522432 60840.95009493 5
iss                  60841.21779632 60841.22503451 30
iss                  60841.28515104 60841.29152594 13
iss                  60841.84190503 60841.84932571 51
iss                  60841.90978461 60841.91588230 10
iss                  60842.18334038 60842.19001616 16
iss                  60842.25020066 60842.25736443 28
iss                  60842.80754670 60842.81450000 22
iss                  60842.87460010 60842.88150496 19
iss                  60843.14899573 60843.15473424 8
iss                  60843.21542693 60843.22290809 68
iss                  60843.77347527 60843.77941898 10
iss                  60843.83962505 60843.84699734 37
iss                  60843.90901006 60843.91275655 3
iss                  60844.11480152 60844.11911894 4
iss                  60844.18077038 60844.18820365 49
iss                  60844.24856203 60844.25405236 8
iss                  60844.73985372 60844.74383325 3
iss                  60844.80484542 60844.81236038 88
iss                  60844.87326003 60844.87863835 7
iss                  60845.14620568 60845.15326245 23
iss                  60845.21335161 60845.22006898 17
iss                  60845.77026720 60845.77757372 37
iss                  60845.83784137 60845.84428197 13
iss                  60846.11170306 60846.11807308 12
iss                  60846.17839699 60846.18571568 38
iss                  60846.73592573 60846.74258948 17
iss                  60846.80265750 60846.80977879 24
iss                  60847.07732695 60847.08260073 6
iss                  60847.14359304 60847.15108870 86
iss                  60847.21200895 60847.21611724 3
iss                  60847.70192810 60847.70729204 7
iss                  60847.76767714 60847.77514730 51
iss                  60847.83666410 60847.84112235 4
iss                  60848.04315843 60848.04673235 2
iss                  60848.10889532 60848.11621864 36
iss                  60848.17640860 60848.18244756 11
iss                  60848.73289408 60848.74038048 65
iss                  60848.80097894 60848.80681722 9
iss                  60849.07428326 60849.08110860 18
iss                  60849.14123502 60849.14823130 23
iss                  60849.69832286 60849.70544911 27
iss                  60849.76557602 60849.77232415 16
iss                  60850.03974162 60850.04573857 10
iss                  60850.10626752 60850.11369199 54
iss                  60850.66401802 60850.67028668 13
iss                  60850.73039396 60850.73769469 31
iss                  60851.00534907 60851.01005583 5
iss                  60851.07143058 60851.07889326 60
iss                  60851.13942198 60851.14445037 6
iss                  60851.63008282 60851.63471119 5
iss                  60851.69541248 60851.70293601 72
iss                  60851.76402343 60851.76910000 6
iss                  60852.03669151 60852.04385353 27
iss                  60852.10395689 60852.11044291 14
iss                  60852.66063237 60852.66803236 45
iss                  60852.72838193 60852.73463344 11
iss                  60853.00201701 60853.00856630 14
AO-07                60832.82936711 60832.84025352 10
AO-07                60832.90569878 60832.92123177 84
AO-07                60832.98502139 60832.99706645 16
AO-07                60833.28274276 60833.29154996 7
AO-07                60833.35664329 60833.37181437 58
AO-07                60833.43586775 60833.44938208 23
AO-07                60833.86452729 60833.87898163 32
AO-07                60833.94256621 60833.95739854 43
AO-07                60834.02369888 60834.02990332 3
AO-07                60834.31646915 60834.32958830 22
AO-07                60834.39315284 60834.40851030 64
AO-07                60834.47552354 60834.48379571 5
AO-07                60834.82476024 60834.83482967 8
AO-07                60834.90077616 60834.91628630 76
AO-07                60834.97993478 60834.99246250 18
AO-07                60835.27841613 60835.28628483 5
AO-07                60835.35180209 60835.36683753 51
AO-07                60835.43070246 60835.44459919 26
AO-07                60835.85971128 60835.87386252 28
AO-07                60835.93757534 60835.95258976 48
AO-07                60836.01830106 60836.02573638 4
AO-07                60836.31181605 60836.32452581 19
AO-07                60836.38817620 60836.40360131 72
AO-07                60836.46993770 60836.47937980 7
AO-07                60836.82027793 60836.82931442 6
AO-07                60836.89586136 60836.91132204 68
AO-07                60836.97486428 60836.98782733 20
AO-07                60837.27418638 60837.28094297 4
AO-07                60837.34698054 60837.36185198 46
AO-07                60837.42556628 60837.43979475 30
AO-07                60837.85491550 60837.86871598 24
AO-07                60837.93259369 60837.94776102 54
AO-07                60838.01300087 60838.02145370 6
AO-07                60838.30719298 60838.31944868 17
AO-07                60838.38321866 60838.39868204 80
AO-07                60838.46446146 60838.47486322 9
AO-07                60838.81592336 60838.82367122 4
AO-07                60838.89095757 60838.90633869 61
AO-07                60838.96980806 60838.98316321 23
AO-07                60839.27010566 60839.27547293 2
AO-07                60839.34217949 60839.35685749 41
AO-07                60839.42045676 60839.43497126 34
AO-07                60839.85014292 60839.86353911 21
AO-07                60839.92762112 60839.94291266 61
AO-07                60840.00776388 60840.01708957 7
AO-07                60840.30260268 60840.31435489 14
AO-07                60840.37827998 60840.39375300 89
AO-07                60840.45906510 60840.47027484 11
AO-07                60840.81176267 60840.81781566 2
AO-07                60840.88606561 60840.90133579 54
AO-07                60840.96476469 60840.97847254 26
AO-07                60841.33739976 60841.35185404 36
AO-07                60841.41537193 60841.43013074 38
AO-07                60841.84539706 60841.85832881 18
AO-07                60841.92265761 60841.93804518 68
AO-07                60842.00257210 60842.01266218 9
AO-07                60842.29804847 60842.30924161 12
AO-07                60842.37336004 60842.38881459 82
AO-07                60842.45373109 60842.46563210 14
AO-07                60842.88118397 60842.89631272 47
AO-07                60842.95973307 60842.97375651 30
AO-07                60843.33263556 60843.34684098 32
AO-07                60843.41031026 60843.42527501 43
AO-07                60843.84068949 60843.85308013 16
AO-07                60843.91770320 60843.93315887 76
AO-07                60843.99741443 60844.00818272 11
AO-07                60844.29353464 60844.30410508 10
AO-07                60844.36845886 60844.38386711 74
AO-07                60844.44844802 60844.46094593 16
AO-07                60844.87631727 60844.89126876 42
AO-07                60844.95471237 60844.96901669 33
AO-07                60845.32790077 60845.34181787 29
AO-07                60845.40527052 60845.42040509 49
AO-07                60845.83601245 60845.84778710 13
AO-07                60845.91275797 60845.92825393 85
AO-07                60845.99228433 60846.00365889 13
AO-07                60846.28906720 60846.29894008 9
AO-07                60846.36357653 60846.37891076 66
AO-07                60846.44320799 60846.45622425 19
AO-07                60846.87146500 60846.88620264 37
AO-07                60846.94970192 60846.96425424 37
AO-07                60847.32319030 60847.33678406 25
AO-07                60847.40025174 60847.41552244 56
AO-07                60847.48354775 60847.49002389 3
AO-07                60847.83138069 60847.84244106 11
AO-07                60847.90782255 60847.92333047 86
AO-07                60847.98717672 60847.99909607 15
AO-07                60848.28471499 60848.29374048 7
AO-07                60848.35871615 60848.37394567 59
AO-07                60848.43800526 60848.45147279 22
AO-07                60848.86662873 60848.88111338 33
AO-07                60848.94470123 60848.95947012 42
AO-07                60849.02593974 60849.03182455 3
AO-07                60849.31850557 60849.33173848 22
AO-07                60849.39525316 60849.41062788 63
AO-07                60849.47775245 60849.48580668 5
AO-07                60849.82680615 60849.83702980 9
AO-07                60849.90289672 60849.91838844 78
AO-07                60849.98208812 60849.99449834 17
LO-19                60832.86579310 60832.87450701 15
LO-19                60832.93403699 60832.94408970 41
LO-19                60833.33059802 60833.33803108 10
LO-19                60833.39764026 60833.40793239 66
LO-19                60833.84425572 60833.85002554 4
LO-19                60833.91109797 60833.92150285 85
LO-19                60833.98138653 60833.98799868 7
LO-19                60834.37491533 60834.38507707 52
LO-19                60834.44503388 60834.45297930 11
LO-19                60834.88843898 60834.89846720 36
LO-19                60834.95765652 60834.96658574 18
LO-19                60835.35265157 60835.36193936 23
LO-19                60835.42121734 60835.43087280 28
LO-19                60835.86615629 60835.87490246 16
LO-19                60835.93442143 60835.94448310 41
LO-19                60836.33098485 60836.33841651 10
LO-19                60836.39802855 60836.40831698 66
LO-19                60836.84463502 60836.85042316 4
LO-19                60836.91148125 60836.92189532 85
LO-19                60836.98176873 60836.98839118 7
LO-19                60837.37530165 60837.38546087 52
LO-19                60837.44542176 60837.45336167 11
LO-19                60837.88882092 60837.89885890 36
LO-19                60837.95803844 60837.96697653 18
LO-19                60838.35303593 60838.36232235 23
LO-19                60838.42160291 60838.43125488 28
LO-19                60838.86653647 60838.87529378 16
LO-19                60838.93480248 60838.94487270 41
LO-19                60839.33136713 60839.33879878 10
LO-19                60839.39841215 60839.40869838 66
LO-19                60839.84501156 60839.85081600 5
LO-19                60839.91186122 60839.92228385 85
LO-19                60839.98214746 60839.98878006 7
LO-19                60840.37568336 60840.38584147 52
LO-19                60840.44580458 60840.45374116 11
LO-19                60840.88919964 60840.89924652 36
LO-19                60840.95841697 60840.96736353 18
LO-19                60841.35341575 60841.36270216 23
LO-19                60841.42198368 60841.43163390 28
LO-19                60841.86691359 60841.87568082 16
LO-19                60841.93518022 60841.94525836 41
LO-19                60842.33174490 60842.33917794 10
LO-19                60842.39879108 60842.40907664 66
LO-19                60842.84538549 60842.85120409 5
LO-19                60842.91223796 60842.92266832 85
LO-19                60842.98252285 60842.98916516 7
LO-19                60843.37606050 60843.38621893 52
LO-19                60843.44618235 60843.45411784 11
LO-19                60843.88957522 60843.89962994 36
LO-19                60843.95879222 60843.96774660 18
LO-19                60844.35379106 60844.36307883 23
LO-19                60844.42235966 60844.43200990 28
LO-19                60844.86728772 60844.87606345 16
LO-19                60844.93555472 60844.94563997 41
LO-19                60845.33211818 60845.33955404 10
LO-19                60845.39916537 60845.40945182 66
LO-19                60845.84575690 60845.85158725 5
LO-19                60845.91261152 60845.92304860 85
LO-19                60845.98289500 60845.98954634 7
LO-19                60846.37643311 60846.38659328 53
LO-19                60846.44655512 60846.45449175 11
LO-19                60846.88994772 60846.90000903 36
LO-19                60846.95916425 60846.96812564 18
LO-19                60847.35416191 60847.36345240 23
LO-19                60847.42273091 60847.43238292 28
LO-19                60847.86765893 60847.87644156 16
LO-19                60847.93592606 60847.94601742 41
LO-19                60848.33248705 60848.33992709 10
LO-19                60848.39953507 60848.40982395 66
LO-19                60848.84612588 60848.85196534 5
LO-19                60848.91298197 60848.92342461 85
LO-19                60848.98326401 60848.98992344 7
LO-19                60849.37680123 60849.38696453 53
LO-19                60849.44692294 60849.45486290 11
LO-19                60849.89031718 60849.90038369 36
LO-19                60849.95953313 60849.96850051 18
LO-19                60850.35452838 60850.36382288 23
LO-19                60850.42309748 60850.43275298 28
LO-19                60850.86802726 60850.87681503 16
LO-19                60850.93629427 60850.94639060 41
LO-19                60851.33285159 60851.34029708 10
LO-19                60851.39990026 60851.41019302 66
LO-19                60851.84649250 60851.85233822 5
LO-19                60851.91334934 60851.92379623 85
LO-19                60851.98362995 60851.99029635 7
LO-19                60852.37716494 60852.38733270 53
LO-19                60852.44728590 60852.45523131 11
LO-19                60852.89068363 60852.90075384 36
LO-19                60852.95989890 60852.96887113 18
LO-19                60853.35489053 60853.36419024 23
LO-19                60853.42345946 60853.43312007 28
LO-19                60853.86839274 60853.87718376 16
LO-19                60853.93665937 60853.94675943 41
LO-19                60854.33321191 60854.34066399 10
LO-19                60854.40026100 60854.41055904 66
LO-19                60854.84685679 60854.85270578 5
LO-19                60854.91371364 60854.92416339 85
LO-19                60854.98399285 60854.99066495 7
LO-19                60855.37752435 60855.38769777 53
FO-29                60832.98465558 60832.99100113 4
FO-29                60833.05273394 60833.06648675 49
FO-29                60833.12615364 60833.13897060 25
FO-29                60833.52741824 60833.53214152 3
FO-29                60833.59780079 60833.60841932 79
FO-29                60833.67226535 60833.67887384 6
FO-29                60834.01598337 60834.02743404 18
FO-29                60834.08708328 60834.10118746 68
FO-29                60834.16318626 60834.17184251 7
FO-29                60834.55996771 60834.56936666 20
FO-29                60834.63267227 60834.64254402 29
FO-29                60834.98159655 60834.98687363 2
FO-29                60835.04919050 60835.06272183 45
FO-29                60835.12242526 60835.13531874 27
FO-29                60835.59409379 60835.60466262 72
FO-29                60835.66839903 60835.67536360 8
FO-29                60836.01256294 60836.02359038 16
FO-29                60836.08345714 60836.09746554 72
FO-29                60836.15927385 60836.16834211 8
FO-29                60836.55633634 60836.56549638 18
FO-29                60836.62890799 60836.63888027 32
FO-29                60837.04565979 60837.05894401 41
FO-29                60837.11871063 60837.13165173 29
FO-29                60837.59038033 60837.60090563 65
FO-29                60837.66450320 60837.67184575 9
FO-29                60838.00917004 60838.01972683 14
FO-29                60838.07984205 60838.09373135 76
FO-29                60838.15539241 60838.16480925 9
FO-29                60838.55270584 60838.56162108 16
FO-29                60838.62513904 60838.63521628 36
FO-29                60839.04214115 60839.05515332 38
FO-29                60839.11500861 60839.12797056 31
FO-29                60839.58666448 60839.59714911 57
FO-29                60839.66064169 60839.66831755 10
FO-29                60840.00579828 60840.01584187 12
FO-29                60840.07623758 60840.08998546 78
FO-29                60840.15153693 60840.16124858 10
FO-29                60840.54907698 60840.55774063 14
FO-29                60840.62136577 60840.63155253 40
FO-29                60841.03863443 60841.05134960 34
FO-29                60841.11131808 60841.12427599 33
FO-29                60841.58294493 60841.59339310 51
FO-29                60841.65678168 60841.66478273 11
FO-29                60842.00244939 60842.01193326 11
FO-29                60842.07264253 60842.08622821 78
FO-29                60842.14770411 60842.15766310 11
FO-29                60842.54545110 60842.55385437 12
FO-29                60842.61758850 60842.62788948 45
FO-29                60843.03513879 60843.04753323 31
FO-29                60843.10763795 60843.12056876 36
FO-29                60843.57922231 60843.58963775 46
FO-29                60843.65292261 60843.66124267 13
FO-29                60843.99912592 60844.00799776 9
FO-29                60844.06905638 60844.08246000 75
FO-29                60844.14389061 60844.15405575 12
FO-29                60844.54182966 60844.54996146 11
FO-29                60844.61380772 60844.62422721 50
FO-29                60845.03165448 60845.04370389 28
FO-29                60845.10396716 60845.11684963 38
FO-29                60845.57549722 60845.58588314 41
FO-29                60845.64906468 60845.65769830 15
FO-29                60845.99583189 60846.00403119 8
FO-29                60846.06547840 60846.07868128 70
FO-29                60846.14009378 60846.15042884 13
FO-29                60846.53821436 60846.54606089 10
FO-29                60846.61002399 60846.62056613 56
FO-29                60847.02818101 60847.03986160 25
FO-29                60847.10030467 60847.11311934 41
FO-29                60847.57177036 60847.58212926 37
FO-29                60847.64520776 60847.65415045 17
FO-29                60847.99257350 60848.00002691 6
FO-29                60848.06190785 60848.07489248 65
FO-29                60848.13631134 60848.14678437 14
FO-29                60848.53460745 60848.54215105 8
FO-29                60848.60623788 60848.61690646 63
FO-29                60849.02471818 60849.03600624 23
FO-29                60849.09664943 60849.10937862 44
FO-29                60849.56804242 60849.57837597 33
FO-29                60849.64135200 60849.65059986 19
FO-29                60849.98942819 60849.99597518 5
FO-29                60850.05834620 60850.07109407 60
FO-29                60850.13254128 60850.14312408 15
FO-29                60850.53101113 60850.53823010 7
FO-29                60850.60245000 60850.61324797 70
FO-29                60850.67769700 60850.68253976 3
FO-29                60851.02126600 60851.03213755 20
FO-29                60851.09300050 60851.10562822 47
FO-29                60851.56431420 60851.57462331 30
FO-29                60851.63749763 60851.64704681 21
FO-29                60851.98628392 60851.99185386 3
FO-29                60852.05478819 60852.06728633 55
FO-29                60852.12878179 60852.13944958 17
FO-29                60852.52742829 60852.53429542 6
FO-29                60852.59866101 60852.60959081 77
FO-29                60852.67362401 60852.67925448 4
FO-29                60853.01782439 60853.02825513 18
FO-29                60853.08935718 60853.10186867 51
FO-29                60853.56058656 60853.57087060 27
FO-29                60853.63364499 60853.64349186 24
SO-50                60832.90966675 60832.91357919 2
SO-50                60832.97707354 60832.98612858 55
SO-50                60833.04750769 60833.05385295 8
SO-50                60833.49415303 60833.50066264 7
SO-50                60833.56164660 60833.57125372 66
SO-50                60833.63365830 60833.63907062 4
SO-50                60833.92153205 60833.92856922 10
SO-50                60833.99015465 60833.99915613 52
SO-50                60834.50597004 60834.51460600 21
SO-50                60834.57506677 60834.58411693 27
SO-50                60834.93406134 60834.94256477 24
SO-50                60835.00355767 60835.01167615 19
SO-50                60835.51849488 60835.52800073 54
SO-50                60835.58902273 60835.59668647 12
SO-50                60835.87925225 60835.88380633 3
SO-50                60835.94690347 60835.95599540 64
SO-50                60836.01760126 60836.02344288 6
SO-50                60836.46375595 60836.47067879 9
SO-50                60836.53150995 60836.54107867 58
SO-50                60836.60383276 60836.60869086 3
SO-50                60836.89126816 60836.89857702 12
SO-50                60836.96001491 60836.96894753 45
SO-50                60837.47569392 60837.48450631 24
SO-50                60837.54498917 60837.55389625 24
SO-50                60837.90384103 60837.91247287 27
SO-50                60837.97346652 60837.98137725 17
SO-50                60838.48828498 60838.49784012 62
SO-50                60838.55902616 60838.56640487 10
SO-50                60838.84885837 60838.85395012 4
SO-50                60838.91671143 60838.92582589 74
SO-50                60838.98764570 60838.99297184 5
SO-50                60839.43335959 60839.44064407 10
SO-50                60839.50135506 60839.51087167 50
SO-50                60839.57412807 60839.57823925 2
SO-50                60839.86098754 60839.86854129 13
SO-50                60839.92985422 60839.93870245 39
SO-50                60840.44540356 60840.45437030 27
SO-50                60840.51489440 60840.52364293 21
SO-50                60840.87359944 60840.88234308 31
SO-50                60840.94335892 60840.95103773 15
SO-50                60841.39204138 60841.39589187 2
SO-50                60841.45805817 60841.46764662 71
SO-50                60841.52901775 60841.53608596 9
SO-50                60841.81847014 60841.82402629 5
SO-50                60841.88649742 60841.89562031 85
SO-50                60841.95770681 60841.96242780 4
SO-50                60842.40295957 60842.41056265 12
SO-50                60842.47118180 60842.48063283 44
SO-50                60842.83068881 60842.83846333 15
SO-50                60842.89967279 60842.90842062 34
SO-50                60843.41509800 60843.42419849 31
SO-50                60843.48478266 60843.49335715 19
SO-50                60843.84333627 60843.85217621 35
SO-50                60843.91323599 60843.92065679 13
SO-50                60844.36135239 60844.36603010 3
SO-50                60844.42781229 60844.43742055 81
SO-50                60844.49899888 60844.50572848 8
SO-50                60844.78807916 60844.79404352 6
SO-50                60844.85626147 60844.86537886 83
SO-50                60844.92780477 60844.93179038 2
SO-50                60845.37255263 60845.38043735 14
SO-50                60845.44099012 60845.45036223 39
SO-50                60845.80037105 60845.80834464 17
SO-50                60845.86947093 60845.87810228 30
SO-50                60846.38477644 60846.39399181 35
SO-50                60846.45465422 60846.46303841 17
SO-50                60846.81305118 60846.82197234 40
SO-50                60846.88309896 60846.89023263 11
SO-50                60847.33072615 60847.33606260 4
SO-50                60847.39754818 60847.40716222 87
SO-50                60847.46897144 60847.47533045 6
SO-50                60847.75768010 60847.76400733 7
SO-50                60847.82600332 60847.83510170 73
SO-50                60848.34213630 60848.35027076 16
SO-50                60848.41077977 60848.42005994 35
SO-50                60848.77003233 60848.77818615 19
SO-50                60848.83924881 60848.84774696 26
SO-50                60849.35443820 60849.36375091 40
SO-50                60849.42450942 60849.43268645 15
SO-50                60849.78274403 60849.79173208 46
SO-50                60849.85295004 60849.85976370 9
SO-50                60850.30013115 60850.30601651 6
SO-50                60850.36726543 60850.37687186 78
SO-50                60850.43893798 60850.44488920 5
SO-50                60850.72726937 60850.73392185 8
SO-50                60850.79572335 60850.80478897 63
SO-50                60851.31170866 60851.32006461 18
SO-50                60851.38055104 60851.38972597 31
SO-50                60851.73967415 60851.74798874 21
SO-50                60851.80900712 60851.81735442 23
SO-50                60852.32408270 60852.33347635 45
SO-50                60852.39434867 60852.40230085 13
SO-50                60852.75241482 60852.76145580 53
SO-50                60852.82279133 60852.82924746 8
SO-50                60853.26955141 60853.27590626 7
SO-50                60853.33696385 60853.34654970 69
SO-50                60853.40890208 60853.41440067 4
SO-50                60853.69684386 60853.70379253 10
SO-50                60853.76542263 60853.77444075 54
HO-68                60832.87083736 60832.87737333 4
HO-68                60833.15327731 60833.15946810 4
HO-68                60833.22338439 60833.23671571 51
HO-68                60833.29890681 60833.31089620 22
HO-68                60833.70825154 60833.71887508 14
HO-68                60833.78181377 60833.79534533 73
HO-68                60833.85822714 60833.86687427 8
HO-68                60834.21186518 60834.22477601 37
HO-68                60834.28665733 60834.29939410 31
HO-68                60834.69714959 60834.70614324 8
HO-68                60834.76999451 60834.78359066 84
HO-68                60834.84589915 60834.85602901 13
HO-68                60835.20046652 60835.21277526 27
HO-68                60835.27454911 60835.28779107 42
HO-68                60835.68647554 60835.69292856 4
HO-68                60835.75823429 60835.77173106 62
HO-68                60835.83371412 60835.84496137 18
HO-68                60836.18919739 60836.20070347 20
HO-68                60836.26256223 60836.27610802 59
HO-68                60836.34167306 60836.34761638 3
HO-68                60836.74653760 60836.75976232 45
HO-68                60836.82162605 60836.83372422 25
HO-68                60837.17809734 60837.18854079 14
HO-68                60837.25068571 60837.26435788 80
HO-68                60837.32832447 60837.33706212 8
HO-68                60837.73491915 60837.74767452 32
HO-68                60837.80961233 60837.82234662 35
HO-68                60838.16720582 60838.17624794 9
HO-68                60838.23891478 60838.25254827 77
HO-68                60838.31553647 60838.32600283 13
HO-68                60838.72339758 60838.73544960 23
HO-68                60838.79766116 60838.81084627 48
HO-68                60838.87513465 60838.88072125 3
HO-68                60839.15668545 60839.16373425 5
HO-68                60839.22725094 60839.24068292 56
HO-68                60839.30303593 60839.31469774 19
HO-68                60839.71200592 60839.72305497 16
HO-68                60839.78576692 60839.79923372 65
HO-68                60839.86239269 60839.87040496 7
HO-68                60840.21569311 60840.22876222 41
HO-68                60840.29073096 60840.30323715 27
HO-68                60840.70081257 60840.71042813 10
HO-68                60840.77392796 60840.78751496 87
HO-68                60840.84999483 60840.85965801 11
HO-68                60841.20425201 60841.21678268 30
HO-68                60841.27857721 60841.29166542 38
HO-68                60841.68994730 60841.69742229 5
HO-68                60841.76214649 60841.77569161 69
HO-68                60841.83776713 60841.84865899 16
HO-68                60842.19294098 60842.20473631 22
HO-68                60842.26655040 60842.28000757 53
HO-68                60842.75042614 60842.76376110 50
HO-68                60842.82564856 60842.83747620 23
HO-68                60843.18177508 60843.19260711 16
HO-68                60843.25463700 60843.26827893 72
HO-68                60843.33270220 60843.34064820 6
HO-68                60843.73877933 60843.75171579 36
HO-68                60843.81361057 60843.82614456 31
HO-68                60844.17080520 60844.18036463 10
HO-68                60844.24283029 60844.25648867 85
HO-68                60844.31977316 60844.32971437 11
HO-68                60844.72722144 60844.73954051 26
HO-68                60844.80163838 60844.81468498 43
HO-68                60845.16009921 60845.16794134 6
HO-68                60845.23112810 60845.24464176 63
HO-68                60845.30718825 60845.31847925 17
HO-68                60845.71577994 60845.72720898 18
HO-68                60845.78972462 60845.80311011 59
HO-68                60845.86659313 60845.87388875 5
HO-68                60846.14993381 60846.15513733 2
HO-68                60846.21953488 60846.23273972 46
HO-68                60846.29482264 60846.30706523 24
HO-68                60846.70450351 60846.71467178 12
HO-68                60846.77786616 60846.79142749 80
HO-68                60846.85410775 60846.86325838 9
HO-68                60847.20805280 60847.22078045 34
HO-68                60847.28262046 60847.29552782 34
HO-68                60847.69350386 60847.70182312 7
HO-68                60847.76606414 60847.77964018 76
HO-68                60847.84183069 60847.85233583 14
HO-68                60848.19669541 60848.20875773 25
HO-68                60848.27055208 60848.28389694 47
HO-68                60848.68309127 60848.68832681 2
HO-68                60848.75432290 60848.76774709 56
HO-68                60848.82967842 60848.84121130 20
HO-68                60849.18547452 60849.19665879 18
HO-68                60849.25860087 60849.27219090 65
HO-68                60849.33716120 60849.34415753 4
HO-68                60849.74264789 60849.75574245 40
HO-68                60849.81761449 60849.82992802 28
HO-68                60850.17443469 60850.18445916 12
HO-68                60850.24675789 60850.26042061 87
HO-68                60850.32404916 60850.33338972 9
HO-68                60850.73105675 60850.74361404 29
HO-68                60850.80562045 60850.81851080 38
HO-68                60851.16362631 60851.17210838 8
HO-68                60851.23502003 60851.24859236 70
HO-68                60851.31136624 60851.32223807 15
HO-68                60851.71957076 60851.73134019 20
AO-73                60833.24589904 60833.25427466 31
AO-73                60833.31236948 60833.31957599 13
AO-73                60833.73738039 60833.74306955 7
AO-73                60833.80206564 60833.81033220 46
AO-73                60834.24478731 60834.25311859 30
AO-73                60834.31117264 60834.31847943 14
AO-73                60834.73631306 60834.74181654 6
AO-73                60834.80091044 60834.80918838 49
AO-73                60835.24366087 60835.25194373 28
AO-73                60835.30996089 60835.31736384 14
AO-73                60835.73523463 60835.74053946 5
AO-73                60835.79973862 60835.80802644 52
AO-73                60836.24251982 60836.25074998 27
AO-73                60836.30873420 60836.31622905 15
AO-73                60836.73414593 60836.73923739 5
AO-73                60836.79855014 60836.80684635 56
AO-73                60837.24136447 60837.24953727 25
AO-73                60837.30749255 60837.31507545 16
AO-73                60837.73304832 60837.73790940 4
AO-73                60837.79734501 60837.80564808 60
AO-73                60838.24019427 60838.24830552 24
AO-73                60838.30623595 60838.31390288 17
AO-73                60838.73194267 60838.73655381 4
AO-73                60838.79612327 60838.80443159 64
AO-73                60839.23900995 60839.24705464 23
AO-73                60839.30496437 60839.31271137 18
AO-73                60839.73083112 60839.73516888 3
AO-73                60839.79488496 60839.80319686 68
AO-73                60840.23781142 60840.24578453 22
AO-73                60840.30367781 60840.31150087 19
AO-73                60840.72971597 60840.73375201 3
AO-73                60840.79363010 60840.80194385 73
AO-73                60841.23659879 60841.24449508 21
AO-73                60841.30238185 60841.31027811 20
AO-73                60841.72860121 60841.73229917 2
AO-73                60841.79235874 60841.80067252 78
AO-73                60842.23537218 60842.24318619 19
AO-73                60842.30106534 60842.30902970 21
AO-73                60842.79107101 60842.79938282 82
AO-73                60843.23413176 60843.24185774 18
AO-73                60843.29973384 60843.30776237 22
AO-73                60843.78976669 60843.79807472 85
AO-73                60843.85757916 60843.86108643 2
AO-73                60844.23287765 60844.24050953 17
AO-73                60844.29838734 60844.30647612 24
AO-73                60844.78844611 60844.79674816 83
AO-73                60844.85612231 60844.85992797 3
AO-73                60845.23161000 60845.23914173 16
AO-73                60845.29702584 60845.30517096 25
AO-73                60845.78710679 60845.79540309 78
AO-73                60845.85465944 60845.85874074 3
AO-73                60846.23032901 60846.23775375 15
AO-73                60846.29564935 60846.30384689 26
AO-73                60846.78575350 60846.79403946 73
AO-73                60846.85318846 60846.85752672 4
AO-73                60847.22903485 60847.23634561 14
AO-73                60847.29425786 60847.30250392 28
AO-73                60847.78438391 60847.79265720 68
AO-73                60847.85170789 60847.85628757 4
AO-73                60848.22772774 60848.23491711 14
AO-73                60848.29285140 60848.30114206 30
AO-73                60848.78299820 60848.79125625 63
AO-73                60848.85021662 60848.85502433 5
AO-73                60849.22640793 60849.23346807 13
AO-73                60849.29142995 60849.29976130 32
AO-73                60849.78159640 60849.78983654 58
AO-73                60849.84871380 60849.85373789 5
AO-73                60850.22507568 60850.23199822 12
AO-73                60850.28999354 60850.29836166 34
AO-73                60850.78017861 60850.78839800 53
AO-73                60850.84719888 60850.85242874 6
AO-73                60851.22373130 60851.23050729 11
AO-73                60851.28854218 60851.29694312 36
AO-73                60851.77874491 60851.78694053 49
AO-73                60851.84567111 60851.85109758 6
AO-73                60852.22237514 60852.22899494 10
AO-73                60852.28707587 60852.29550569 39
AO-73                60852.77729538 60852.78546405 46
AO-73                60852.84413024 60852.84974476 7
AO-73                60853.22100760 60853.22746080 9
AO-73                60853.28555103 60853.29404607 41
AO-73                60853.77583013 60853.78396848 42
AO-73                60853.84257591 60853.84837061 8
AO-73                60854.21962916 60854.22590444 9
AO-73                60854.28405477 60854.29257091 45
AO-73                60854.77434926 60854.78245369 39
AO-73                60854.84100783 60854.84697541 8
AO-73                60855.21824038 60855.22432532 8
AO-73                60855.28254363 60855.29107686 48
AO-73                60855.77285287 60855.78091959 36
AO-73                60855.83942577 60855.84555956 9
AO-73                60856.21684174 60856.22272292 7
AO-73                60856.28101765 60856.28956392 52
AO-73                60856.77134110 60856.77936605 33
AO-73                60856.83782954 60856.84412296 10
AO-73                60857.21543444 60857.22109615 6
AO-73                60857.27947684 60857.28803207 56
AO-73                60857.76981406 60857.77779294 31
AO-73                60857.83621898 60857.84266594 11
TITA                 60833.08168933 60833.08984807 81
TITA                 60833.52249262 60833.52984424 16
TITA                 60833.58761481 60833.59545111 23
TITA                 60834.07504438 60834.08318483 68
TITA                 60834.14202354 60834.14642486 4
TITA                 60834.51614381 60834.52298310 12
TITA                 60834.58079645 60834.58891426 31
TITA                 60835.06842092 60835.07646512 47
TITA                 60835.13493532 60835.14032804 6
TITA                 60835.50986251 60835.51605064 9
TITA                 60835.57397485 60835.58232442 43
TITA                 60836.06181971 60836.06968659 33
TITA                 60836.12794951 60836.13408548 10
TITA                 60836.50367468 60836.50902158 6
TITA                 60836.56723180 60836.57569244 61
TITA                 60837.05524528 60837.06284510 24
TITA                 60837.12103088 60837.12774601 13
TITA                 60837.49763765 60837.50183884 3
TITA                 60837.56052281 60837.56901750 86
TITA                 60838.04870373 60838.05593427 17
TITA                 60838.11414917 60838.12131583 18
TITA                 60838.55384687 60838.56230089 67
TITA                 60838.62136092 60838.62609685 4
TITA                 60839.04220627 60839.04894315 13
TITA                 60839.10729892 60839.11481353 24
TITA                 60839.54720435 60839.55554280 47
TITA                 60839.61406212 60839.61986561 7
TITA                 60840.03577025 60840.04185388 9
TITA                 60840.10043114 60840.10824367 33
TITA                 60840.54059688 60840.54874227 34
TITA                 60840.60690381 60840.61348392 10
TITA                 60841.02942967 60841.03463211 5
TITA                 60841.09362750 60841.10161635 47
TITA                 60841.53402795 60841.54189702 25
TITA                 60841.59984087 60841.60700880 14
TITA                 60842.02326503 60842.02719500 3
TITA                 60842.08684383 60842.09493100 69
TITA                 60842.52750177 60842.53500307 19
TITA                 60842.59283905 60842.60045043 20
TITA                 60843.08007755 60843.08818862 81
TITA                 60843.14735230 60843.15104130 3
TITA                 60843.52102631 60843.52805336 14
TITA                 60843.58588953 60843.59382990 27
TITA                 60844.07333263 60844.08138892 55
TITA                 60844.14005236 60844.14496074 5
TITA                 60844.51461393 60844.52103674 10
TITA                 60844.57898423 60844.58715543 37
TITA                 60845.06660979 60845.07453019 38
TITA                 60845.13290420 60845.13868405 8
TITA                 60845.50828612 60845.51393250 7
TITA                 60845.57207449 60845.58042942 52
TITA                 60846.05991261 60846.06760908 27
TITA                 60846.12583721 60846.13228311 11
TITA                 60846.50208695 60846.50669730 4
TITA                 60846.56524401 60846.57366158 75
TITA                 60847.05324704 60847.06062009 20
TITA                 60847.11882810 60847.12579467 16
TITA                 60847.55844830 60847.56685055 77
TITA                 60847.62631223 60847.63034956 3
TITA                 60848.04662160 60848.05355394 14
TITA                 60848.11185107 60848.11922047 22
TITA                 60848.55168712 60848.55999698 54
TITA                 60848.61879366 60848.62411058 6
TITA                 60849.04005149 60849.04639581 10
TITA                 60849.10490305 60849.11257670 30
TITA                 60849.54496181 60849.55310030 38
TITA                 60849.61147443 60849.61768670 9
TITA                 60850.03356362 60850.03911836 7
TITA                 60850.09793652 60850.10586661 42
TITA                 60850.53827544 60850.54615858 27
TITA                 60850.60426123 60850.61113512 13
TITA                 60851.02721560 60851.03166227 4
TITA                 60851.09103410 60851.09909915 61
TITA                 60851.53163182 60851.53916809 20
TITA                 60851.59712474 60851.60449716 17
TITA                 60852.08415224 60852.09227301 87
TITA                 60852.52503836 60852.53212286 15
TITA                 60852.59004748 60852.59779037 24
TITA                 60853.07728864 60853.08538839 63
TITA                 60853.14415594 60853.14874505 4
TITA                 60853.51850658 60853.52501209 11
TITA                 60853.58301853 60853.59102565 33
TITA                 60854.07044919 60854.07844408 43
TITA                 60854.13685558 60854.14242321 7
TITA                 60854.51205617 60854.51781701 7
TITA                 60854.57598891 60854.58420652 46
TITA                 60855.06363517 60855.07143723 30
TITA                 60855.12965466 60855.13595796 10
TITA                 60855.50572661 60855.51049913 4
TITA                 60855.56904042 60855.57734342 67
TITA                 60856.05685192 60856.06436282 22
TITA                 60856.12252030 60856.12939582 15
TITA                 60856.56212861 60856.57043557 84
TITA                 60857.05010707 60857.05721302 16
TITA                 60857.11542311 60857.12274213 20
TITA                 60857.55525271 60857.56348398 58
TITA                 60857.62255333 60857.62743726 5
TITA                 60858.04341416 60858.04997427 11
TITA                 60858.10835814 60858.11601503 28
NOAA-15              60832.92719796 60832.93671077 22
NOAA-15              60832.99622989 60833.00604897 29
NOAA-15              60833.39380044 60833.40257108 16
NOAA-15              60833.46194163 60833.47235013 45
NOAA-15              60833.90972231 60833.91773504 11
NOAA-15              60833.97791033 60833.98830278 56
NOAA-15              60834.37686448 60834.38372375 7
NOAA-15              60834.44370069 60834.45433554 87
NOAA-15              60834.51553173 60834.52157171 5
NOAA-15              60834.89293725 60834.89796490 3
NOAA-15              60834.95976080 60834.97027420 75
NOAA-15              60835.03018481 60835.03741645 8
NOAA-15              60835.42573586 60835.43614927 49
NOAA-15              60835.49600524 60835.50454696 13
NOAA-15              60835.94178486 60835.95196653 38
NOAA-15              60836.01141444 60836.02036197 18
NOAA-15              60836.40805570 60836.41779085 26
NOAA-15              60836.47714085 60836.48697812 26
NOAA-15              60836.92403224 60836.93333968 20
NOAA-15              60836.99293026 60837.00287979 33
NOAA-15              60837.39072025 60837.39921749 14
NOAA-15              60837.45865183 60837.46912732 50
NOAA-15              60837.90663106 60837.91426655 9
NOAA-15              60837.97463883 60837.98508050 64
NOAA-15              60838.04608017 60838.05080951 3
NOAA-15              60838.37389611 60838.38028123 6
NOAA-15              60838.44045773 60838.45107882 84
NOAA-15              60838.51196869 60838.51857158 6
NOAA-15              60838.95651628 60838.96700212 67
NOAA-15              60839.02678500 60839.03438281 10
NOAA-15              60839.42253923 60839.43286079 44
NOAA-15              60839.49258911 60839.50141082 15
NOAA-15              60839.93857163 60839.94864094 34
NOAA-15              60840.00807489 60840.01723778 20
NOAA-15              60840.40491184 60840.41446657 23
NOAA-15              60840.47379837 60840.48377999 29
NOAA-15              60840.92086488 60840.92994717 18
NOAA-15              60840.98962577 60840.99969327 37
NOAA-15              60841.38764721 60841.39584244 12
NOAA-15              60841.45536234 60841.46588837 56
NOAA-15              60841.90355142 60841.91076462 8
NOAA-15              60841.97136173 60841.98184181 72
NOAA-15              60842.04253879 60842.04792953 4
NOAA-15              60842.37094540 60842.37679917 5
NOAA-15              60842.43721475 60842.44780649 76
NOAA-15              60842.50843544 60842.51552556 7
NOAA-15              60842.95326457 60842.96371323 59
NOAA-15              60843.02338879 60843.03132245 11
NOAA-15              60843.41934295 60843.42955628 39
NOAA-15              60843.48917983 60843.49825151 17
NOAA-15              60843.93535504 60843.94529728 30
NOAA-15              60844.00473208 60844.01409405 22
NOAA-15              60844.40177069 60844.41112469 21
NOAA-15              60844.47045763 60844.48056389 33
NOAA-15              60844.91769897 60844.92653200 16
NOAA-15              60844.98631599 60844.99648977 41
NOAA-15              60845.38458277 60845.39244460 11
NOAA-15              60845.45207297 60845.46263318 64
NOAA-15              60845.90048827 60845.90722447 6
NOAA-15              60845.96807916 60845.97858704 80
NOAA-15              60846.03903014 60846.04499291 5
NOAA-15              60846.36810210 60846.37326820 4
NOAA-15              60846.43397253 60846.44451871 67
NOAA-15              60846.50492391 60846.51244141 9
NOAA-15              60846.95001012 60846.96040784 52
NOAA-15              60847.01999413 60847.02823755 13
NOAA-15              60847.41614744 60847.42623597 35
NOAA-15              60847.48577609 60847.49507029 19
NOAA-15              60847.93213574 60847.94193504 27
NOAA-15              60848.00138567 60848.01093157 24
NOAA-15              60848.39863271 60848.40776480 19
NOAA-15              60848.46711794 60848.47733051 36
NOAA-15              60848.91453523 60848.92309307 14
NOAA-15              60848.98300115 60848.99326944 46
NOAA-15              60849.38152879 60849.38902187 9
NOAA-15              60849.44878305 60849.45936227 72
NOAA-15              60849.52128869 60849.52603208 3
NOAA-15              60849.89744861 60849.90363894 5
NOAA-15              60849.96479155 60849.97531579 88
NOAA-15              60850.03554275 60850.04201135 6
NOAA-15              60850.36525129 60850.36966938 3
NOAA-15              60850.43072887 60850.44121539 60
NOAA-15              60850.50142872 60850.50932432 10
NOAA-15              60850.94675105 60850.95708553 46
NOAA-15              60851.01659987 60851.02512954 15
NOAA-15              60851.41295260 60851.42289951 31
NOAA-15              60851.48237636 60851.49186864 21
NOAA-15              60851.92891445 60851.93855363 24
NOAA-15              60851.99803545 60852.00775080 27
NOAA-15              60852.39549849 60852.40438620 17
NOAA-15              60852.46377869 60852.47408016 41
NOAA-15              60852.91137592 60852.91962853 12
NOAA-15              60852.97968129 60852.99003253 52
NOAA-15              60853.37848779 60853.38557211 8
NOAA-15              60853.44549246 60853.45607595 80
NOAA-15              60853.51758541 60853.52309468 4
NOAA-15              60853.89444385 60853.89999670 4
NOAA-15              60853.96149891 60853.97202823 81
NOAA-15              60854.03203696 60854.03899504 8
NOAA-18              60833.06491316 60833.07395943 15
NOAA-18              60833.13399714 60833.14476616 49
NOAA-18              60833.53598850 60833.54434644 12
NOAA-18              60833.60421628 60833.61506469 61
NOAA-18              60834.05636682 60834.06446473 10
NOAA-18              60834.12498498 60834.13592676 67
NOAA-18              60834.19684843 60834.20245275 4
NOAA-18              60834.52765414 60834.53500965 8
NOAA-18              60834.59522241 60834.60614429 83
NOAA-18              60834.66779894 60834.67391169 5
NOAA-18              60835.04799005 60835.05477492 6
NOAA-18              60835.11601174 60835.12702055 88
NOAA-18              60835.18727643 60835.19438238 7
NOAA-18              60835.51956318 60835.52552439 5
NOAA-18              60835.58629579 60835.59718281 73
NOAA-18              60835.65801861 60835.66562097 9
NOAA-18              60836.03994166 60836.04472672 3
NOAA-18              60836.10707836 60836.11804809 67
NOAA-18              60836.17790632 60836.18609333 11
NOAA-18              60836.57743327 60836.58818154 53
NOAA-18              60836.64843627 60836.65712506 13
NOAA-18              60837.09818491 60837.10900786 49
NOAA-18              60837.16864026 60837.17766019 16
NOAA-18              60837.56863822 60837.57913992 39
NOAA-18              60837.63903233 60837.64849969 18
NOAA-18              60838.08933980 60838.09989605 35
NOAA-18              60838.15944736 60838.16911647 21
NOAA-18              60838.55991527 60838.57005570 29
NOAA-18              60838.62974039 60838.63978453 25
NOAA-18              60839.08054897 60839.09070550 26
NOAA-18              60839.15031128 60839.16048073 28
NOAA-18              60839.55127133 60839.56092356 21
NOAA-18              60839.62053974 60839.63100034 34
NOAA-18              60840.07182444 60840.08142473 19
NOAA-18              60840.14122273 60840.15176449 38
NOAA-18              60840.54271763 60840.55173452 16
NOAA-18              60840.61141804 60840.62215979 47
NOAA-18              60841.06318622 60841.07203423 14
NOAA-18              60841.13217631 60841.14297531 52
NOAA-18              60841.53427234 60841.54247302 11
NOAA-18              60841.60236788 60841.61327080 65
NOAA-18              60841.67586331 60841.68025923 2
NOAA-18              60842.05466782 60842.06249923 9
NOAA-18              60842.12316968 60842.13411732 71
NOAA-18              60842.19489774 60842.20083865 5
NOAA-18              60842.52596756 60842.53310932 7
NOAA-18              60842.59338517 60842.60433838 88
NOAA-18              60842.66575047 60842.67227705 6
NOAA-18              60843.04634073 60843.05274667 5
NOAA-18              60843.11420189 60843.12519275 84
NOAA-18              60843.18536721 60843.19270918 8
NOAA-18              60843.51792590 60843.52357877 4
NOAA-18              60843.58446959 60843.59536531 68
NOAA-18              60843.65600101 60843.66392723 10
NOAA-18              60844.10527455 60844.11620172 62
NOAA-18              60844.17601943 60844.18438186 12
NOAA-18              60844.57561829 60844.58635253 50
NOAA-18              60844.64648236 60844.65539250 14
NOAA-18              60845.09638778 60845.10714223 45
NOAA-18              60845.16676742 60845.17591934 17
NOAA-18              60845.56683522 60845.57729910 36
NOAA-18              60845.63710265 60845.64674156 20
NOAA-18              60846.08755067 60846.09800973 33
NOAA-18              60846.15758438 60846.16735064 22
NOAA-18              60846.55812552 60846.56820220 27
NOAA-18              60846.62782928 60846.63800651 27
NOAA-18              60847.07877028 60847.08879650 24
NOAA-18              60847.14845580 60847.15869293 30
NOAA-18              60847.54949679 60847.55905595 20
NOAA-18              60847.61864390 60847.62920569 37
NOAA-18              60848.07006024 60848.07948934 18
NOAA-18              60848.13937339 60848.14995662 41
NOAA-18              60848.54096141 60848.54985031 15
NOAA-18              60848.60953549 60848.62035077 51
NOAA-18              60849.06144205 60849.07006618 12
NOAA-18              60849.13033255 60849.14114817 55
NOAA-18              60849.20266424 60849.20704801 2
NOAA-18              60849.53253959 60849.54056754 10
NOAA-18              60849.60049747 60849.61144866 70
NOAA-18              60849.67368487 60849.67870531 3
NOAA-18              60850.05295540 60850.06048651 8
NOAA-18              60850.12133097 60850.13227163 76
NOAA-18              60850.19290448 60850.19917985 5
NOAA-18              60850.52426806 60850.53117351 7
NOAA-18              60850.59152633 60850.60250390 86
NOAA-18              60850.66369346 60850.67060034 6
NOAA-18              60851.04468902 60851.05066013 4
NOAA-18              60851.11236865 60851.12332864 80
NOAA-18              60851.18343907 60851.19099530 9
NOAA-18              60851.51628466 60851.52158915 4
NOAA-18              60851.58262226 60851.59351885 64
NOAA-18              60851.65399600 60851.66219636 11
NOAA-18              60852.10344719 60852.11431887 58
NOAA-18              60852.17411086 60852.18263224 13
NOAA-18              60852.57378267 60852.58449404 46
NOAA-18              60852.64450987 60852.65362801 15
NOAA-18              60853.09456693 60853.10523979 42
NOAA-18              60853.16487142 60853.17414148 18
NOAA-18              60853.56501252 60853.57542817 34
NOAA-19              60833.00202736 60833.00743047 4
NOAA-19              60833.06949067 60833.08035453 75
NOAA-19              60833.14047777 60833.14815828 9
NOAA-19              60833.47360626 60833.47867135 3
NOAA-19              60833.53979166 60833.55070143 61
NOAA-19              60833.61104918 60833.61946132 11
NOAA-19              60834.06073870 60834.07149633 54
NOAA-19              60834.13133528 60834.13992595 13
NOAA-19              60834.53112824 60834.54183442 45
NOAA-19              60834.60176152 60834.61103014 16
NOAA-19              60835.05203161 60835.06256972 39
NOAA-19              60835.12227436 60835.13157451 18
NOAA-19              60835.52253279 60835.53292694 33
NOAA-19              60835.59259398 60835.60250025 22
NOAA-19              60836.04337445 60836.05356889 29
NOAA-19              60836.11327453 60836.12312660 25
NOAA-19              60836.51401069 60836.52397533 25
NOAA-19              60836.58352184 60836.59389624 30
NOAA-19              60837.03477720 60837.04448455 21
NOAA-19              60837.10432435 60837.11459591 33
NOAA-19              60837.50557065 60837.51497290 18
NOAA-19              60837.57453064 60837.58523270 41
NOAA-19              60838.02625600 60838.03530096 15
NOAA-19              60838.09541718 60838.10599134 45
NOAA-19              60838.49722650 60838.50590804 13
NOAA-19              60838.56561159 60838.57651886 56
NOAA-19              60839.01783689 60839.02599145 11
NOAA-19              60839.08654957 60839.09731777 62
NOAA-19              60839.15861233 60839.16358884 3
NOAA-19              60839.48900124 60839.49676025 9
NOAA-19              60839.55675948 60839.56776065 77
NOAA-19              60839.62958131 60839.63532505 4
NOAA-19              60840.00957116 60840.01650356 7
NOAA-19              60840.07771998 60840.08857846 84
NOAA-19              60840.14912323 60840.15574755 6
NOAA-19              60840.48093027 60840.48748841 6
NOAA-19              60840.54797172 60840.55896161 80
NOAA-19              60840.61989357 60840.62724738 8
NOAA-19              60841.00158698 60841.00670605 3
NOAA-19              60841.06892894 60841.07977431 72
NOAA-19              60841.13986896 60841.14765301 10
NOAA-19              60841.47320146 60841.47798936 3
NOAA-19              60841.53924914 60841.55012345 58
NOAA-19              60841.61043014 60841.61893820 12
NOAA-19              60842.06017636 60842.07090430 52
NOAA-19              60842.13073125 60842.13940215 14
NOAA-19              60842.53058983 60842.54124619 43
NOAA-19              60842.60115362 60842.61048887 17
NOAA-19              60843.05146957 60843.06196514 38
NOAA-19              60843.12167238 60843.13103522 19
NOAA-19              60843.52199908 60843.53232801 32
NOAA-19              60843.59199381 60843.60194426 23
NOAA-19              60844.04281374 60844.05295108 28
NOAA-19              60844.11267315 60844.12257358 26
NOAA-19              60844.51348270 60844.52336493 24
NOAA-19              60844.58292747 60844.59332749 31
NOAA-19              60845.03421934 60845.04385180 20
NOAA-19              60845.10372275 60845.11403029 34
NOAA-19              60845.50504997 60845.51434973 18
NOAA-19              60845.57394092 60845.58465239 42
NOAA-19              60846.02570358 60846.03465074 15
NOAA-19              60846.09481487 60846.10541363 47
NOAA-19              60846.49671560 60846.50526980 13
NOAA-19              60846.56502584 60846.57592775 58
NOAA-19              60847.01729444 60847.02531903 10
NOAA-19              60847.08594643 60847.09672847 64
NOAA-19              60847.15792026 60847.16312042 4
NOAA-19              60847.48850463 60847.49610278 9
NOAA-19              60847.55617733 60847.56715919 80
NOAA-19              60847.62888051 60847.63482137 4
NOAA-19              60848.00904825 60848.01579922 6
NOAA-19              60848.07711608 60848.08797768 87
NOAA-19              60848.14845807 60848.15523764 7
NOAA-19              60848.48045695 60848.48680270 5
NOAA-19              60848.54739309 60848.55835001 77
NOAA-19              60848.61922516 60848.62670426 8
NOAA-19              60849.00111288 60849.00593951 3
NOAA-19              60849.06832451 60849.07916195 69
NOAA-19              60849.13921499 60849.14711792 10
NOAA-19              60849.47278154 60849.47724680 2
NOAA-19              60849.53867421 60849.54950172 56
NOAA-19              60849.60977795 60849.61837122 12
NOAA-19              60850.05957167 60850.07028004 50
NOAA-19              60850.13008263 60850.13884839 15
NOAA-19              60850.53001901 60850.54061411 41
NOAA-19              60850.60051218 60850.60990428 17
NOAA-19              60851.05086544 60851.06132837 36
NOAA-19              60851.12102632 60851.13046569 20
NOAA-19              60851.52143312 60851.53168497 31
NOAA-19              60851.59135975 60851.60134527 24
NOAA-19              60852.04221124 60852.05230072 27
NOAA-19              60852.11202812 60852.12199009 27
NOAA-19              60852.51292266 60852.52271025 23
NOAA-19              60852.58229895 60852.59271593 32
NOAA-19              60853.03362014 60853.04318624 20
NOAA-19              60853.10307789 60853.11343397 36
NOAA-19              60853.50449757 60853.51368189 17
NOAA-19              60853.57331686 60853.58402942 44
NOAA-19              60854.02511042 60854.03396727 14
METOA                60833.10017352 60833.10872398 15
METOA                60833.16661082 60833.17651835 42
METOA                60833.61871658 60833.62698009 62
METOA                60833.68796521 60833.69229959 3
METOA                60834.11770194 60834.12738142 29
METOA                60834.18488699 60834.19404437 22
METOA                60834.57139624 60834.57675746 6
METOA                60834.63670907 60834.64495905 52
METOA                60835.13548524 60835.14568558 58
METOA                60835.20339757 60835.21120089 11
METOA                60835.58834616 60835.59546926 15
METOA                60835.65505224 60835.66271430 22
METOA                60836.08772217 60836.09493091 8
METOA                60836.15345026 60836.16370074 72
METOA                60836.22238096 60836.22775801 4
METOA                60836.60577052 60836.61382201 32
METOA                60836.67375970 60836.68014072 10
METOA                60837.10494862 60837.11393884 18
METOA                60837.17158216 60837.18143831 36
METOA                60837.62352446 60837.63194628 76
METOA                60837.69329757 60837.69681378 2
METOA                60838.12254648 60838.13247561 35
METOA                60838.18989717 60838.19886968 19
METOA                60838.57587274 60838.58195584 8
METOA                60838.64157299 60838.64986624 42
METOA                60839.07575025 60839.08054543 3
METOA                60839.14037224 60839.15068586 70
METOA                60839.20847171 60839.21590288 10
METOA                60839.59296550 60839.60053131 18
METOA                60839.65997968 60839.66755262 19
METOA                60840.09238426 60840.10019988 10
METOA                60840.15837099 60840.16861596 60
METOA                60840.22763398 60840.23221584 3
METOA                60840.61046843 60840.61880801 40
METOA                60840.67878347 60840.68486464 8
METOA                60841.10972348 60841.11904262 22
METOA                60841.17653586 60841.18626703 31
METOA                60841.56375693 60841.56811001 3
METOA                60841.62828104 60841.63687249 78
METOA                60842.12737872 60842.13747113 42
METOA                60842.19489411 60842.20359892 17
METOA                60842.58033998 60842.58707792 11
METOA                60842.64642472 60842.65473709 35
METOA                60843.08017769 60843.08599136 5
METOA                60843.14524229 60843.15559222 82
METOA                60843.21354759 60843.22049342 8
METOA                60843.59754866 60843.60554260 23
METOA                60843.66485240 60843.67234219 16
METOA                60844.09706473 60844.10533557 13
METOA                60844.16327306 60844.17343850 51
METOA                60844.61512182 60844.62375001 50
METOA                60844.68377322 60844.68954251 6
METOA                60845.11449160 60845.12403925 25
METOA                60845.18147246 60845.19100144 27
METOA                60845.56798538 60845.57338004 5
METOA                60845.63299080 60845.64175662 66
METOA                60846.13219521 60846.14236841 49
METOA                60846.19988009 60846.20822730 14
METOA                60846.58479230 60846.59213095 14
METOA                60846.65118937 60846.65956248 30
METOA                60847.08469488 60847.09122799 6
METOA                60847.15009323 60847.16040406 83
METOA                60847.21866903 60847.22495639 6
METOA                60847.60209781 60847.61050235 28
METOA                60847.66968634 60847.67709283 14
METOA                60848.10175039 60848.11034935 15
METOA                60848.16815540 60848.17816707 43
METOA                60848.61973576 60848.62864553 61
METOA                60848.68873423 60848.69416027 5
METOA                60849.11924701 60849.12893192 29
METOA                60849.18639159 60849.19563898 23
METOA                60849.57226056 60849.57852094 8
METOA                60849.63765851 60849.64659576 55
METOA                60850.13699461 60850.14716865 57
METOA                60850.20485758 60850.21274929 12
METOA                60850.58922752 60850.59711775 17
METOA                60850.65590736 60850.66433503 26
METOA                60851.08925161 60851.09630350 8
METOA                60851.15492206 60851.16512139 71
METOA                60851.22378619 60851.22927680 4
METOA                60851.60661627 60851.61540817 35
METOA                60851.67448307 60851.68179306 12
METOA                60852.10642993 60852.11524941 17
METOA                60852.17301575 60852.18280070 36
METOA                60852.56012153 60852.56455361 3
METOA                60852.62431352 60852.63349089 73
METOA                60852.69367969 60852.69870640 4
METOA                60853.12398378 60853.13372388 34
METOA                60853.19129260 60853.20017729 19
METOA                60853.57655440 60853.58356109 10
METOA                60853.64232979 60853.65138921 47
METOA                60854.07732979 60854.08155669 2
METOA                60854.14176752 60854.15187338 67
METOA                60854.20983045 60854.21715843 9
METOA                60854.59364491 60854.60203875 21
METOA                60854.66059488 60854.66906320 23
METOA                60855.09382196 60855.10124241 9
METOA                60855.15972548 60855.16974496 60
METOA                60855.22897068 60855.23341106 3
METOB                60832.99509000 60833.00383177 14
METOB                60833.06381000 60833.07428062 47
METOB                60833.46375316 60833.47158644 10
METOB                60833.53139199 60833.54209860 68
METOB                60833.60438176 60833.60884419 2
METOB                60833.98145490 60833.98848142 7
METOB                60834.04935159 60834.06005428 79
METOB                60834.12055249 60834.12670499 5
METOB                60834.45057866 60834.45641244 5
METOB                60834.51702225 60834.52772728 73
METOB                60834.58842282 60834.59577271 8
METOB                60835.03499760 60835.04565646 62
METOB                60835.10541031 60835.11345928 11
METOB                60835.50282493 60835.51325213 44
METOB                60835.57311611 60835.58207688 15
METOB                60836.02075431 60836.03108151 37
METOB                60836.09057658 60836.09983490 19
METOB                60836.48880849 60836.49866828 27
METOB                60836.55817471 60836.56810166 26
METOB                60837.00665277 60837.01630577 22
METOB                60837.07590612 60837.08595867 31
METOB                60837.47500452 60837.48395369 16
METOB                60837.54346662 60837.55395182 43
METOB                60837.99274879 60838.00127308 13
METOB                60838.06135691 60838.07188167 51
METOB                60838.46147821 60838.46905254 9
METOB                60838.52894901 60838.53967207 74
METOB                60838.60161194 60838.60669876 3
METOB                60838.97918302 60838.98584027 6
METOB                60839.04691323 60839.05762658 85
METOB                60839.11797420 60839.12448249 6
METOB                60839.44846167 60839.45379829 4
METOB                60839.51460608 60839.52528264 68
METOB                60839.58581685 60839.59347015 9
METOB                60840.03257498 60840.04320017 57
METOB                60840.10288781 60840.11116101 12
METOB                60840.50043345 60840.51078946 40
METOB                60840.57057274 60840.57971745 17
METOB                60841.01834961 60841.02859421 34
METOB                60841.08808293 60841.09749028 21
METOB                60841.48644685 60841.49618536 25
METOB                60841.55567124 60841.56570851 28
METOB                60842.00427279 60842.01378142 20
METOB                60842.07343193 60842.08357861 34
METOB                60842.47267983 60842.48144472 15
METOB                60842.54099379 60842.55153464 47
METOB                60842.99040792 60842.99869739 12
METOB                60843.05889846 60843.06947105 56
METOB                60843.13092186 60843.13500140 2
METOB                60843.45920718 60843.46650228 8
METOB                60843.52650282 60843.53723497 80
METOB                60843.59887985 60843.60450211 4
METOB                60843.97692232 60843.98317072 5
METOB                60844.04446968 60844.05518747 87
METOB                60844.11536801 60844.12224052 7
METOB                60844.44630456 60844.45114937 3
METOB                60844.51218540 60844.52282751 62
METOB                60844.58321615 60844.59114832 10
METOB                60845.03014491 60845.04073221 52
METOB                60845.10036294 60845.10884777 13
METOB                60845.49803959 60845.50831602 37
METOB                60845.56802925 60845.57734413 18
METOB                60846.01594072 60846.02609458 31
METOB                60846.08558492 60846.09513292 22
METOB                60846.48408356 60846.49369105 23
METOB                60846.55316574 60846.56330358 30
METOB                60847.00189021 60847.01124305 19
METOB                60847.07095262 60847.08118683 36
METOB                60847.47035535 60847.47892269 14
METOB                60847.53851811 60847.54910636 51
METOB                60847.98806804 60847.99610376 10
METOB                60848.05643466 60848.06704903 61
METOB                60848.12822014 60848.13288810 3
METOB                60848.45694120 60848.46393446 7
METOB                60848.52405353 60848.53478735 86
METOB                60848.59617317 60848.60226594 5
METOB                60848.97467770 60848.98046827 4
METOB                60849.04202077 60849.05273696 81
METOB                60849.11279618 60849.11997562 8
METOB                60849.44417865 60849.44845714 2
METOB                60849.50976183 60849.52036191 57
METOB                60849.58058805 60849.58881118 11
METOB                60850.02771205 60850.03825254 48
METOB                60850.09783531 60850.10652005 15
METOB                60850.49564320 60850.50583190 34
METOB                60850.56548516 60850.57495756 20
METOB                60851.01352788 60851.02358230 29
METOB                60851.08308242 60851.09276301 24
METOB                60851.48171876 60851.49118520 21
METOB                60851.55065795 60851.56088718 33
METOB                60851.99950551 60852.00869026 17
METOB                60852.06846815 60852.07878313 39
METOB                60852.46803152 60852.47638725 13
METOB                60852.53603945 60852.54666735 56
METOB                60852.98573060 60852.99349112 9
METOB                60853.05396558 60853.06461563 66
METOB                60853.12554790 60853.13072761 4
METOB                60853.45468176 60853.46134763 6
METOB                60853.52160101 60853.53232929 88
