iss                  54942.03923700 54942.04310616 3
iss                  54942.10498846 54942.11122745 17
iss                  54942.17101983 54942.17770100 35
iss                  54942.78940279 54942.79572399 20
iss                  54942.85540340 54942.86194935 24
iss                  54942.92327328 54942.92766789 5
iss                  54942.99129662 54942.99425469 2
iss                  54943.05735152 54943.06257853 8
iss                  54943.12312522 54943.12995398 54
iss                  54943.18981683 54943.19508549 8
iss                  54943.74272558 54943.74713125 5
iss                  54943.80731539 54943.81417555 82
iss                  54943.87442075 54943.88000794 10
iss                  54943.94274974 54943.94590847 2
iss                  54944.00965271 54944.01366027 4
iss                  54944.07539224 54944.08171953 18
iss                  54944.14146792 54944.14806631 29
iss                  54944.75972352 54944.76616793 24
iss                  54944.82585713 54944.83233096 21
iss                  54944.89380104 54944.89804744 4
iss                  54944.96172984 54944.96474923 2
iss                  54945.02772083 54945.03308179 8
iss                  54945.09351251 54945.10035565 64
AO-07                54942.01114213 54942.02600399 47
AO-07                54942.09086621 54942.10005601 7
AO-07                54942.31516293 54942.32232095 4
AO-07                54942.38804609 54942.40251071 36
AO-07                54942.46583043 54942.48103371 47
AO-07                54942.54961813 54942.55620870 3
AO-07                54942.89248811 54942.90365116 11
AO-07                54942.96941654 54942.98487559 76
AO-07                54943.04834159 54943.06144684 22
AO-07                54943.34855607 54943.36031618 14
AO-07                54943.42406724 54943.43956313 75
AO-07                54943.50394853 54943.51722236 20
AO-07                54943.92818582 54943.94254978 31
AO-07                54944.00632629 54944.02135808 52
AO-07                54944.08595848 54944.09572473 9
AO-07                54944.31101038 54944.31730177 3
AO-07                54944.38345740 54944.39770535 32
AO-07                54944.46099462 54944.47631340 52
AO-07                54944.54407916 54944.55201703 4
AO-07                54944.88798742 54944.89847090 9
AO-07                54944.96467243 54944.98009530 70
AO-07                54945.04351855 54945.05691819 24
AO-07                54945.12531711 54945.12740906 0
RS-22                54942.00204691 54942.01121006 34
RS-22                54942.07000434 54942.07854482 19
RS-22                54942.50247970 54942.50984119 11
RS-22                54942.56926863 54942.57873092 59
RS-22                54942.63851296 54942.64336357 4
RS-22                54942.96162351 54942.96806678 7
RS-22                54943.02710205 54943.03674228 89
RS-22                54943.09681772 54943.10300476 6
RS-22                54943.52724431 54943.53624742 28
RS-22                54943.59494991 54943.60360078 24
RS-22                54943.98569416 54943.99416203 20
RS-22                54944.05270968 54944.06200515 35
RS-22                54944.48659509 54944.49171102 4
RS-22                54944.55243676 54944.56198360 73
RS-22                54944.62093511 54944.62785199 9
RS-22                54944.94644686 54944.95026237 2
RS-22                54945.01043903 54945.01986890 47
RS-22                54945.07896236 54945.08689703 14
RS-22                54945.51077701 54945.51887157 15
RS-22                54945.57795032 54945.58720069 42
RS-22                54945.64786132 54945.65084582 1
RS-22                54945.96966316 54945.97695018 11
RS-22                54946.03575178 54946.04531344 66
fo-29                54942.02370404 54942.03572209 57
fo-29                54942.09783668 54942.10803637 17
fo-29                54942.49119642 54942.50216458 12
fo-29                54942.56291819 54942.57750267 78
fo-29                54942.63644262 54942.64877263 21
fo-29                54942.98645381 54942.99729155 22
fo-29                54943.05853646 54943.07057984 50
fo-29                54943.13570831 54943.14090695 3
fo-29                54943.52512352 54943.53879877 32
fo-29                54943.59789492 54943.61202765 49
fo-29                54943.67226063 54943.68116005 8
fo-29                54943.95051407 54943.95827749 7
fo-29                54944.02036579 54944.03254352 54
fo-29                54944.09435276 54944.10494681 19
fo-29                54944.48811319 54944.49872145 11
fo-29                54944.55971688 54944.57425429 74
fo-29                54944.63318512 54944.64567286 22
fo-29                54944.98321027 54944.99409337 21
fo-29                54945.05515567 54945.06743070 54
fo-29                54945.13190997 54945.13809409 4
fo-29                54945.52196396 54945.53546927 30
fo-29                54945.59467234 54945.60884044 52
fo-29                54945.66894822 54945.67817428 8
SO-50                54942.01637578 54942.02469094 15
SO-50                54942.08585888 54942.09565744 62
SO-50                54942.15759163 54942.16254046 4
SO-50                54942.61043266 54942.61674685 8
SO-50                54942.67839687 54942.68769733 77
SO-50                54942.75005850 54942.75691245 8
SO-50                54942.96764915 54942.97291204 4
SO-50                54943.03637708 54943.04592683 37
SO-50                54943.10648970 54943.11536010 21
SO-50                54943.62932827 54943.63791678 26
SO-50                54943.69909146 54943.70788401 26
SO-50                54943.77271631 54943.77622173 2
SO-50                54943.98725235 54943.99518108 12
SO-50                54944.05661978 54944.06648057 79
SO-50                54944.12788241 54944.13400561 6
SO-50                54944.58178139 54944.58714387 5
SO-50                54944.64918512 54944.65847358 82
SO-50                54944.72048355 54944.72782407 11
SO-50                54944.93869773 54944.94306793 3
SO-50                54945.00720733 54945.01656823 30
SO-50                54945.07715944 54945.08635599 27
SO-50                54945.60032841 54945.60857999 20
SO-50                54945.66973009 54945.67871750 33
AO-51                54942.00048425 54942.00753538 10
AO-51                54942.33001773 54942.33594716 5
AO-51                54942.39588337 54942.40599921 66
AO-51                54942.46598117 54942.47377597 11
AO-51                54942.90379663 54942.91301514 27
AO-51                54942.97249321 54942.98144979 25
AO-51                54943.36910990 54943.37842521 26
AO-51                54943.43753151 54943.44711887 29
AO-51                54943.87717025 54943.88455856 10
AO-51                54943.94491412 54943.95466618 65
AO-51                54944.01508515 54944.02047101 5
AO-51                54944.34301618 54944.35049246 10
AO-51                54944.40986591 54944.41999382 75
AO-51                54944.48111754 54944.48699853 5
AO-51                54944.85285189 54944.85353949 0
AO-51                54944.91762603 54944.92730034 46
AO-51                54944.98674473 54944.99492262 16
AO-51                54945.31831398 54945.32158882 1
AO-51                54945.38278739 54945.39256684 42
AO-51                54945.45203039 54945.46082338 18
AO-51                54945.89070040 54945.89929305 18
AO-51                54945.95902955 54945.96847392 39
AO-51                54946.03039156 54946.03259197 1
VO-52                54942.03805248 54942.04631182 20
VO-52                54942.10468822 54942.11330088 30
VO-52                54942.49158246 54942.49835058 10
VO-52                54942.55699101 54942.56587733 58
VO-52                54942.62729583 54942.63015485 1
VO-52                54943.05073435 54943.05957206 32
VO-52                54943.11779727 54943.12582012 19
VO-52                54943.50388126 54943.51159443 17
VO-52                54943.57006501 54943.57868798 34
VO-52                54943.99943366 54944.00217856 1
VO-52                54944.06353281 54944.07267211 54
VO-52                54944.13100739 54944.13816472 12
VO-52                54944.51636574 54944.52472579 26
VO-52                54944.58329121 54944.59139534 21
VO-52                54945.01099157 54945.01673698 5
VO-52                54945.07641194 54945.08563054 88
VO-52                54945.14437069 54945.15027767 7
VO-52                54945.46618979 54945.46854986 1
VO-52                54945.52900382 54945.53777230 43
VO-52                54945.59671768 54945.60397619 12
VO-52                54946.02328711 54946.03054325 11
VO-52                54946.08935992 54946.09845479 53
VO-52                54946.15805001 54946.16199073 2
noaa-15              54942.27840230 54942.28641102 11
noaa-15              54942.34597344 54942.35657697 78
noaa-15              54942.41783310 54942.42439212 6
noaa-15              54942.79223760 54942.79690092 3
noaa-15              54942.85924495 54942.86982881 55
noaa-15              54942.92911232 54942.93799776 16
noaa-15              54943.26298600 54943.26917433 6
noaa-15              54943.32943946 54943.33994548 61
noaa-15              54943.40002700 54943.40855995 13
noaa-15              54943.84278632 54943.85295161 32
noaa-15              54943.91221140 54943.92203006 27
noaa-15              54944.24850109 54944.25121343 1
noaa-15              54944.31311253 54944.32321744 36
noaa-15              54944.38270867 54944.39237783 23
noaa-15              54944.82648100 54944.83581826 19
noaa-15              54944.89542683 54944.90582491 45
noaa-15              54944.96672535 54944.97147241 3
noaa-15              54945.29700507 54945.30638542 22
noaa-15              54945.36568943 54945.37600310 40
noaa-15              54945.81041255 54945.81833915 10
noaa-15              54945.87874079 54945.88940826 78
noaa-15              54945.94920879 54945.95639258 8
noaa-15              54946.28115584 54946.28942020 13
NOAA-17              54942.00800834 54942.01599751 11
NOAA-17              54942.07639733 54942.08700074 74
NOAA-17              54942.14699255 54942.15389421 7
NOAA-17              54942.47886835 54942.48732093 14
NOAA-17              54942.54675098 54942.55738997 67
NOAA-17              54942.61909015 54942.62493806 4
NOAA-17              54942.99276458 54942.99851748 4
NOAA-17              54943.06027676 54943.07087653 66
NOAA-17              54943.13033863 54943.13878236 14
NOAA-17              54943.46376454 54943.47066473 7
NOAA-17              54943.53063247 54943.54125980 73
NOAA-17              54943.60163416 54943.60971112 11
NOAA-17              54944.04424843 54944.05455248 38
NOAA-17              54944.11387163 54944.12335729 23
NOAA-17              54944.44926851 54944.45359250 2
NOAA-17              54944.51470751 54944.52503852 43
NOAA-17              54944.58466495 54944.59407183 20
NOAA-17              54945.02834863 54945.03800286 23
NOAA-17              54945.09752627 54945.10769334 37
NOAA-17              54945.16947466 54945.17255753 1
NOAA-17              54945.49898191 54945.50872353 26
NOAA-17              54945.56804107 54945.57821787 33
NOAA-17              54946.01263336 54946.02116805 13
NOAA-18              54942.15479450 54942.16384135 16
NOAA-18              54942.22346728 54942.23437979 61
NOAA-18              54942.29674536 54942.30227520 4
NOAA-18              54942.67290022 54942.68033778 7
NOAA-18              54942.74150539 54942.75261390 82
NOAA-18              54942.81230699 54942.82072710 12
NOAA-18              54943.14785275 54943.15634096 13
NOAA-18              54943.21610471 54943.22708079 77
NOAA-18              54943.28864141 54943.29551479 6
NOAA-18              54943.66605875 54943.67232060 5
NOAA-18              54943.73419877 54943.74526851 65
NOAA-18              54943.80479570 54943.81380765 15
NOAA-18              54944.14097683 54944.14880206 10
NOAA-18              54944.20878221 54944.21976247 85
NOAA-18              54944.28072288 54944.28859303 9
NOAA-18              54944.65946389 54944.66403578 2
NOAA-18              54944.72691259 54944.73788231 52
NOAA-18              54944.79731700 54944.80682919 19
NOAA-18              54945.13418040 54945.14121172 7
NOAA-18              54945.20149924 54945.21242581 68
NOAA-18              54945.27289449 54945.28157500 13
NOAA-18              54945.71964610 54945.73045354 41
NOAA-18              54945.78986526 54945.79979805 24
NOAA-19              54942.12655603 54942.13029504 2
NOAA-19              54942.19204288 54942.20265567 37
NOAA-19              54942.26227015 54942.27248430 25
NOAA-19              54942.71037397 54942.72031018 22
NOAA-19              54942.78010850 54942.79072893 41
NOAA-19              54942.85225769 54942.85664196 2
NOAA-19              54943.18511286 54943.19546240 30
NOAA-19              54943.25495253 54943.26548259 31
NOAA-19              54943.70342394 54943.71291057 18
NOAA-19              54943.77294120 54943.78373915 51
NOAA-19              54943.84464122 54943.85034633 4
NOAA-19              54944.17822394 54944.18825016 25
NOAA-19              54944.24768147 54944.25845372 39
NOAA-19              54944.69651774 54944.70544683 14
NOAA-19              54944.76579071 54944.77671207 63
NOAA-19              54944.83713259 54944.84388267 6
NOAA-19              54945.17137917 54945.18101690 20
NOAA-19              54945.24045332 54945.25140104 49
NOAA-19              54945.31465964 54945.31862327 2
NOAA-19              54945.68966832 54945.69790531 10
NOAA-19              54945.75865671 54945.76964829 79
NOAA-19              54945.82973691 54945.83730772 9
NOAA-19              54946.16458199 54946.17375964 16
